164	121	27	24
164	119	26	24
164	119	26	24
163	120	26	24
163	119	26	24
164	119	26	24
164	118	26	24
165	120	26	24
165	119	26	24
165	120	26	25
166	119	26	24
166	120	26	24
166	119	26	24
167	120	26	25
167	121	26	24
167	120	26	24
167	120	26	24
167	119	26	24
168	120	26	24
168	119	27	24
169	119	26	25
169	120	26	24
169	120	27	24
169	120	27	24
169	120	27	24
170	120	27	24
169	120	27	24
170	119	27	24
170	119	27	24
170	118	27	23
170	118	27	24
169	119	27	24
169	120	27	24
169	121	27	24
169	120	26	25
169	121	27	24
168	121	27	24
168	120	27	24
169	121	26	24
169	119	27	24
168	120	27	24
168	120	27	24
168	119	27	24
168	122	27	24
168	122	27	24
167	123	27	24
168	123	27	24
167	124	27	24
167	124	27	24
167	123	28	23
168	123	27	25
167	122	27	24
167	122	27	24
167	122	27	24
167	122	27	24
166	122	28	24
167	122	27	24
167	122	27	23
167	123	27	24
167	123	28	25
167	123	28	25
167	123	27	24
167	124	27	24
167	123	28	24
167	122	27	24
167	121	28	24
167	122	27	24
167	121	27	24
167	121	27	24
166	121	28	24
167	121	27	24
167	121	27	24
166	122	27	24
167	123	27	25
166	123	27	24
166	123	27	24
166	122	27	24
167	123	27	24
167	122	27	24
167	122	27	24
167	121	27	24
167	121	27	24
167	122	27	24
168	122	27	24
168	121	27	24
168	120	27	24
168	121	27	24
168	123	27	24
168	122	27	24
169	122	27	24
168	122	27	24
169	122	27	24
168	122	28	24
169	121	27	24
169	121	27	25
170	121	27	24
170	122	28	24
170	122	28	24
171	122	28	24
171	123	27	25
170	121	28	24
170	122	28	24
171	122	27	24
171	122	28	24
171	121	28	25
171	121	29	26
172	121	29	25
172	122	29	25
172	121	30	24
173	120	29	25
173	120	29	25
173	121	29	25
173	121	29	25
173	121	28	25
174	121	28	25
173	121	28	26
174	121	28	25
173	122	28	26
174	122	28	25
173	122	28	26
174	122	28	24
173	120	29	26
172	120	28	25
172	120	28	25
172	122	29	25
172	122	28	24
172	121	29	25
172	123	28	25
172	123	29	24
172	124	28	24
172	124	29	24
171	125	29	24
172	125	29	24
172	124	29	24
172	123	29	24
171	123	29	24
172	122	28	24
173	123	28	24
171	122	29	24
172	122	28	24
172	123	28	24
172	122	28	24
172	122	28	23
171	121	28	24
171	121	28	24
171	120	28	24
172	120	28	24
171	120	28	25
171	120	28	24
171	119	28	24
172	120	28	25
170	120	29	25
171	120	28	25
171	121	28	24
170	121	29	24
171	121	28	24
171	123	29	25
170	123	29	25
170	123	29	25
170	123	28	25
171	121	29	25
171	122	29	24
170	122	29	25
170	122	29	24
171	121	29	25
169	123	29	24
170	122	29	24
170	123	29	25
169	123	30	25
168	124	30	24
170	123	29	24
169	123	30	25
168	122	30	25
169	122	29	25
168	123	30	25
168	122	30	25
167	120	31	25
168	120	30	26
168	120	30	25
169	120	29	25
168	119	30	26
168	119	30	25
168	119	30	25
168	118	30	26
167	118	30	26
167	118	30	26
167	118	30	26
167	119	30	25
166	118	30	25
166	118	30	26
166	118	30	25
166	117	29	25
166	117	29	25
165	115	30	25
165	115	30	25
164	116	30	26
164	115	31	26
164	116	30	26
164	116	30	25
163	115	30	25
163	115	30	26
163	113	30	25
162	113	31	26
162	112	31	26
162	113	31	25
162	113	30	26
162	113	30	26
162	114	30	25
161	114	31	25
161	116	31	25
161	115	31	25
161	116	31	26
161	116	31	25
160	117	30	26
160	119	31	25
161	120	30	26
159	120	31	26
160	122	31	25
160	121	31	26
159	121	31	26
159	121	31	25
159	120	31	26
159	119	31	26
159	119	31	26
158	120	31	26
158	119	31	26
157	119	31	26
157	119	31	26
157	118	31	26
157	119	32	26
157	118	31	26
157	117	31	26
157	116	31	26
157	116	31	26
158	117	31	26
158	117	31	27
157	117	32	27
157	116	32	26
157	116	31	26
158	115	31	26
157	114	32	26
158	114	31	27
158	115	32	26
158	114	31	26
158	114	32	26
159	114	31	27
158	115	32	27
158	113	32	27
159	112	32	26
159	112	32	26
158	112	32	27
159	112	32	27
159	112	32	27
159	112	32	27
159	111	33	27
159	111	33	27
160	113	32	27
161	114	32	27
160	114	32	27
160	113	32	27
160	113	32	27
161	112	32	27
160	113	32	27
161	113	32	27
162	112	32	27
162	113	32	27
161	112	32	27
162	113	32	27
162	113	32	27
163	113	32	27
163	113	32	27
163	113	32	27
163	112	32	28
163	113	32	27
163	113	32	28
164	114	33	28
164	113	32	28
164	114	33	28
165	113	32	28
165	114	33	28
165	115	32	27
166	114	33	28
166	113	33	28
167	114	32	28
167	114	32	28
166	114	32	28
167	115	32	28
167	115	32	28
168	115	33	28
167	114	33	28
168	114	33	27
168	115	33	28
169	115	33	28
169	114	33	28
169	115	32	28
169	114	32	29
169	115	33	28
170	115	33	28
170	115	33	28
170	114	33	28
170	113	33	28
170	114	33	28
170	114	33	28
170	115	33	28
170	115	33	28
170	115	33	28
170	115	33	28
170	116	33	28
170	117	33	28
170	116	33	28
170	116	33	28
170	114	33	29
170	115	33	29
170	115	33	29
170	116	33	29
170	116	33	29
170	117	33	28
170	117	34	28
170	117	33	29
170	117	33	28
170	118	33	29
169	116	33	29
170	117	34	29
170	117	33	29
170	116	33	28
169	118	34	28
169	118	34	28
169	116	34	29
169	115	34	28
169	115	33	29
169	116	33	29
169	116	33	29
169	115	34	29
169	116	34	28
169	115	33	29
169	117	34	28
169	116	33	28
167	116	33	29
167	117	34	29
167	118	34	29
167	117	34	28
167	116	33	29
167	118	33	29
166	117	34	29
165	118	34	28
165	117	33	29
165	117	33	29
164	116	33	29
164	118	34	29
163	117	34	29
162	117	33	29
162	118	34	29
161	117	34	29
160	118	35	29
160	117	34	29
160	116	34	29
159	117	34	29
159	116	34	29
158	117	35	29
159	118	34	29
159	118	34	29
159	116	35	29
159	116	34	29
159	116	34	29
159	118	34	29
158	117	34	29
159	116	34	29
158	115	35	29
159	117	34	28
159	117	34	28
159	117	34	28
159	116	34	29
159	116	34	29
159	116	34	29
159	115	34	29
160	115	34	29
159	117	34	28
160	117	34	28
160	116	34	29
160	115	34	29
160	114	34	29
160	116	34	29
160	115	34	29
161	115	33	29
160	115	34	29
160	116	33	29
160	117	35	29
160	117	35	29
160	116	35	30
161	116	34	29
161	115	34	29
161	115	34	29
160	115	35	29
162	116	34	30
161	116	34	29
161	117	35	29
161	116	35	30
162	116	34	29
161	118	35	29
161	118	34	29
161	117	35	29
161	117	35	30
162	119	35	30
161	118	35	29
161	118	35	29
161	117	35	29
161	117	34	29
161	117	35	29
161	117	35	29
162	118	34	30
161	118	35	29
160	118	36	30
161	119	35	29
161	118	36	29
161	117	35	29
161	118	35	29
161	117	36	29
161	117	36	29
161	117	36	30
161	117	35	30
162	117	35	30
162	116	36	30
162	117	36	30
162	118	36	30
162	117	35	30
163	118	36	30
163	117	35	30
162	118	37	30
162	117	36	30
163	115	36	30
162	116	36	31
162	118	36	31
162	118	36	31
162	117	37	31
161	117	37	30
161	117	37	31
162	117	36	31
162	118	36	30
161	116	37	31
160	117	37	31
161	118	37	31
160	117	38	30
161	119	36	31
160	118	37	31
161	118	37	31
160	117	37	31
160	116	37	31
160	118	37	32
160	118	37	31
158	118	38	32
159	116	37	32
159	117	37	32
157	118	38	32
157	118	38	32
156	118	38	32
157	118	38	32
156	117	38	32
155	118	38	33
156	118	38	32
155	119	38	32
155	119	38	32
153	119	39	32
153	118	38	32
154	117	37	32
152	118	39	32
153	119	38	32
152	119	38	32
152	118	37	32
150	119	38	33
150	119	38	32
149	119	39	32
149	117	39	33
148	118	39	33
147	117	39	33
147	118	39	33
146	117	39	33
145	116	40	33
145	116	38	33
144	117	39	33
143	115	40	34
141	117	41	33
139	118	42	33
141	116	40	33
140	114	40	34
139	115	40	34
140	116	39	34
139	116	40	34
138	116	41	34
138	115	40	34
137	114	40	35
138	115	39	35
136	115	40	35
136	115	39	35
136	115	39	35
136	114	39	35
135	114	40	35
135	115	40	36
135	115	39	36
134	116	40	35
134	114	40	35
133	113	40	35
133	114	41	35
132	115	42	34
131	115	43	34
131	116	43	34
131	116	42	33
131	115	42	34
129	116	42	33
130	117	41	34
129	116	41	34
129	117	42	34
129	116	41	34
128	116	42	34
128	116	41	34
128	116	41	34
127	116	41	34
125	115	42	34
126	115	40	34
127	117	40	34
125	116	41	34
125	116	41	34
124	116	40	34
125	116	40	34
124	116	40	33
124	115	39	34
123	115	40	34
124	115	39	34
123	116	39	34
122	114	40	35
122	116	39	35
121	116	39	35
121	116	39	34
121	116	39	35
120	115	39	35
119	115	41	35
119	114	40	35
119	115	40	35
118	114	41	35
117	114	41	35
116	115	41	35
115	115	41	35
114	114	42	34
114	115	41	35
114	114	43	35
113	114	42	35
113	113	41	35
113	113	41	35
112	116	42	35
111	114	42	35
111	116	41	35
109	114	42	35
109	117	43	34
108	115	42	36
107	117	44	35
106	115	44	35
107	115	43	35
107	115	43	35
106	115	42	34
106	115	42	35
106	117	42	35
105	116	43	35
105	115	43	35
104	116	42	33
104	115	41	35
104	114	41	35
103	116	42	35
103	113	42	36
103	114	41	36
103	116	42	35
102	116	42	35
102	115	41	36
101	115	42	36
101	116	42	36
101	116	42	35
100	114	43	36
100	114	42	36
101	114	42	36
101	115	41	36
100	114	41	37
99	113	42	37
96	114	45	37
95	113	46	38
95	115	46	37
96	114	44	38
95	113	45	38
95	113	45	38
96	113	43	38
96	113	45	38
96	113	45	38
96	113	44	38
95	113	45	38
96	112	44	38
95	112	45	38
96	113	44	38
94	112	46	39
95	112	44	38
95	110	44	38
95	111	43	38
96	112	43	38
95	112	44	39
95	112	44	38
95	112	44	39
95	113	43	38
96	113	43	38
95	112	44	38
95	112	43	39
95	111	43	39
96	113	43	38
96	113	43	38
96	113	43	39
96	113	43	39
96	112	42	39
95	112	43	38
95	111	43	38
96	110	43	40
96	112	42	39
96	111	42	39
95	111	43	39
96	113	42	39
95	111	43	39
94	112	42	39
96	112	42	39
94	110	42	39
95	111	42	39
94	110	43	39
94	111	43	39
95	111	42	39
95	111	42	39
94	111	42	39
95	111	42	39
95	112	42	38
94	112	43	39
94	111	43	39
95	110	42	39
94	111	42	38
94	110	43	39
94	111	42	39
93	110	43	39
94	111	42	39
94	110	42	39
93	111	42	39
94	111	41	39
93	111	43	39
94	112	42	39
94	111	41	39
93	111	42	39
93	110	42	39
93	112	42	39
93	111	41	39
93	110	42	39
93	111	42	39
92	111	42	39
93	111	42	39
92	109	42	40
92	111	42	39
92	112	41	39
92	112	41	39
92	112	41	39
92	111	40	39
92	112	40	39
92	112	41	39
92	112	41	40
92	114	41	39
91	112	41	39
92	114	41	39
92	112	42	40
90	114	41	39
91	112	41	40
91	114	41	39
90	113	41	40
90	113	41	40
90	112	41	39
89	112	41	39
90	113	41	40
90	113	41	39
89	112	41	40
89	113	41	39
89	113	41	39
88	112	41	39
88	113	41	39
88	112	41	40
88	114	41	40
87	113	41	39
87	114	41	39
87	112	41	40
87	115	41	39
88	113	41	40
87	115	41	39
87	113	41	41
87	115	40	39
86	116	41	39
87	116	40	38
86	115	40	39
86	113	41	40
86	112	41	39
86	115	41	39
86	114	41	39
86	114	41	39
86	114	40	39
87	113	41	40
86	115	41	38
86	115	40	39
86	115	41	39
86	115	41	38
86	112	41	39
85	111	42	39
86	111	40	39
85	114	41	38
86	113	41	38
86	112	41	39
85	112	41	39
86	114	40	38
86	111	42	39
85	112	41	39
85	111	41	38
86	112	40	38
86	112	41	38
86	112	41	38
86	113	40	38
86	113	41	38
86	112	42	38
87	113	41	37
87	113	40	38
87	112	41	38
87	113	41	37
87	113	41	38
87	114	40	37
87	113	41	37
87	112	41	38
87	112	41	37
88	113	41	38
88	112	41	37
88	112	41	37
88	112	41	37
88	113	40	37
88	112	41	38
89	114	39	38
89	114	42	37
90	114	41	37
90	114	40	37
90	112	41	37
90	112	41	37
90	113	41	38
90	113	41	37
90	113	41	36
90	114	41	37
90	114	41	36
91	114	40	38
90	114	41	36
91	114	40	37
91	113	40	36
92	113	40	37
92	114	40	37
92	114	40	36
92	113	40	37
93	115	39	37
91	113	41	35
92	114	40	37
92	114	40	37
93	115	40	36
93	115	40	36
93	115	40	36
92	114	41	36
93	114	40	36
93	114	40	37
94	114	40	37
94	114	40	36
94	114	40	36
94	114	39	36
93	115	40	36
93	114	40	36
93	114	40	36
94	114	40	36
95	115	39	37
94	115	41	36
95	114	40	36
95	114	39	37
95	116	39	37
95	115	40	36
95	115	39	36
95	114	41	36
95	113	40	37
96	113	39	37
96	114	39	37
96	113	40	37
96	114	39	37
96	114	39	37
96	114	40	37
97	114	39	37
97	114	40	37
97	115	39	37
97	114	39	37
97	114	39	37
98	114	39	38
98	116	40	37
99	115	40	37
99	115	40	37
99	113	40	37
99	112	41	37
98	115	41	36
99	115	40	37
98	114	40	37
99	115	40	37
98	114	40	37
99	114	40	37
98	113	40	37
99	114	40	37
98	115	39	37
98	114	40	37
98	114	40	37
97	114	40	37
98	114	39	37
98	115	40	37
97	115	40	36
98	113	40	37
97	114	41	37
97	115	41	37
97	115	40	36
98	116	40	36
97	114	40	37
97	115	41	36
97	115	40	37
96	116	41	36
96	115	40	37
97	115	40	37
97	114	40	37
97	116	40	36
97	116	39	36
96	116	39	37
96	117	40	37
96	116	39	37
97	115	39	37
96	116	40	37
97	116	40	38
96	115	40	37
96	116	40	38
97	115	40	37
96	115	40	37
97	117	40	37
97	116	40	37
96	116	40	37
97	118	40	37
96	117	40	37
97	115	40	37
97	117	40	37
96	116	40	37
96	117	40	36
97	116	40	37
97	116	40	37
97	117	40	37
96	117	40	37
98	117	39	37
97	116	40	37
96	116	40	37
96	117	39	37
96	115	40	37
96	117	40	37
95	116	40	37
96	116	40	37
95	117	40	37
96	117	39	37
95	116	40	37
96	116	39	37
96	118	39	37
96	116	40	37
96	115	39	38
95	115	40	37
97	115	39	37
95	117	39	37
95	114	40	37
96	115	39	37
95	116	40	37
96	115	40	37
95	116	40	37
96	115	40	37
96	114	39	38
96	117	39	37
95	116	40	37
95	115	39	37
96	116	39	37
96	115	40	37
96	116	40	37
96	114	40	38
95	114	41	38
96	115	40	38
96	116	40	37
96	116	40	38
94	115	41	37
96	117	40	37
95	115	41	38
95	116	40	37
96	117	40	38
96	116	40	37
94	116	42	38
96	117	41	38
95	116	41	38
95	116	41	38
95	120	41	37
95	118	40	38
95	117	41	39
94	116	41	38
95	115	41	38
95	116	40	38
94	115	41	38
94	116	41	38
94	116	41	38
94	117	41	38
95	117	41	38
94	118	41	38
94	117	42	38
94	116	42	38
94	115	41	39
95	115	41	39
93	115	42	39
93	115	41	39
93	115	42	39
93	115	42	39
93	115	42	39
93	116	42	39
93	115	43	39
93	115	42	39
93	114	43	39
93	115	43	38
93	115	42	39
93	114	42	39
93	114	43	39
93	114	42	39
93	114	42	39
93	114	42	39
93	114	43	39
93	115	42	39
94	115	42	39
94	114	42	39
93	114	42	40
93	114	43	39
94	113	42	39
94	114	43	39
94	113	43	39
94	113	42	39
94	114	43	39
94	113	43	39
95	113	43	39
95	113	42	39
95	113	43	39
96	114	42	39
95	114	42	39
95	112	43	39
96	113	43	39
96	114	43	39
96	113	43	39
97	114	43	39
97	114	43	39
97	114	42	39
97	116	43	39
98	115	43	39
98	114	43	39
98	115	43	40
98	114	43	40
98	115	43	40
99	115	43	39
99	116	43	39
99	115	43	39
99	116	42	40
99	115	43	40
99	114	43	40
99	115	42	40
99	116	43	40
99	113	43	40
100	114	43	40
99	114	43	40
99	114	43	40
99	114	43	40
100	113	44	40
100	114	43	40
100	113	43	40
100	114	43	40
100	113	44	40
100	113	43	40
100	113	44	40
101	114	43	40
100	112	44	40
101	113	43	40
100	112	43	40
101	113	43	40
100	112	44	40
100	111	44	41
100	112	43	41
100	113	43	41
100	114	43	41
100	115	43	41
100	115	43	41
100	115	43	40
99	117	44	40
99	115	45	40
99	117	43	40
98	115	44	40
98	115	44	41
98	116	43	41
97	117	44	41
96	117	44	40
96	118	44	40
95	116	44	41
95	115	44	41
93	118	45	41
93	117	44	41
93	118	44	41
92	117	44	41
90	118	45	41
92	117	44	41
92	118	44	41
91	116	45	41
90	117	45	41
90	116	45	41
89	116	45	42
89	117	44	41
88	116	45	41
89	118	44	41
89	117	44	40
88	118	44	41
88	116	44	41
88	116	44	41
87	116	44	41
87	116	44	41
87	117	44	41
86	116	44	41
86	116	44	41
86	116	44	41
86	115	45	41
86	116	44	41
86	115	45	41
86	116	44	41
85	116	45	41
86	115	44	41
86	116	44	41
85	114	44	41
84	115	44	41
84	114	44	41
84	115	44	41
84	116	45	41
84	116	45	41
84	115	45	41
84	115	44	41
85	115	44	41
84	114	44	42
84	115	44	41
84	117	44	41
84	116	45	42
84	116	44	42
84	115	44	41
84	114	45	41
84	115	45	41
84	117	44	41
84	116	45	41
84	116	44	41
84	116	45	41
85	118	44	41
84	118	44	41
84	119	44	41
84	118	44	42
85	119	44	42
84	118	45	41
85	118	44	42
85	117	45	42
85	119	44	41
85	118	45	42
85	119	45	42
85	117	45	42
85	119	44	41
85	119	45	42
85	120	45	42
85	118	45	41
85	117	44	42
85	115	45	42
85	118	45	42
85	116	45	42
85	118	44	41
85	116	45	42
85	116	44	42
85	118	44	42
85	116	45	41
85	117	45	42
85	116	45	42
85	118	45	42
84	116	45	42
84	115	45	43
84	117	45	42
84	117	45	42
83	115	45	42
84	115	45	42
83	114	45	42
83	116	45	42
83	116	45	42
83	115	44	42
83	115	45	42
83	115	45	42
83	115	45	42
82	116	46	42
82	116	45	42
83	116	45	42
82	115	45	43
83	115	45	42
82	115	46	42
82	116	45	43
82	116	45	43
81	115	46	42
82	114	45	43
82	115	45	42
82	115	45	42
82	115	45	42
81	116	45	42
81	115	45	42
81	115	45	43
81	114	45	43
81	114	45	42
80	114	46	42
81	115	45	43
81	115	46	43
80	115	46	42
80	113	46	43
80	114	45	43
80	115	45	43
80	114	46	43
80	115	46	43
79	115	46	43
80	114	46	43
79	116	46	42
79	115	46	43
80	115	45	43
79	114	46	43
79	116	46	43
79	115	46	43
79	114	46	43
80	115	45	43
79	115	46	42
79	116	46	42
79	116	46	43
79	115	46	43
79	117	46	43
79	115	46	43
79	115	46	43
79	114	46	43
80	114	46	43
79	117	46	42
79	116	46	43
80	116	46	43
79	116	46	43
79	116	46	42
80	115	46	43
80	117	46	42
80	115	46	43
80	116	45	43
80	118	45	43
80	116	45	42
80	116	46	42
80	114	46	42
81	115	45	43
81	115	46	42
80	115	46	43
81	115	45	43
80	115	46	43
81	115	46	43
81	116	46	43
80	116	46	43
81	116	46	43
81	115	46	43
80	115	46	43
81	115	46	43
81	116	46	43
81	116	46	43
81	117	46	43
81	117	46	43
81	117	46	43
81	118	46	43
81	117	46	43
81	117	47	43
81	115	46	43
80	116	46	43
81	116	46	43
81	116	46	43
81	116	46	43
81	116	46	43
81	116	46	43
81	117	46	42
80	117	46	43
80	117	46	43
80	117	46	43
79	117	46	43
80	117	46	43
80	116	46	43
80	118	46	43
80	117	46	42
80	116	46	43
80	115	46	43
79	115	46	43
79	116	46	43
80	116	46	43
79	115	47	43
80	118	46	42
79	115	46	43
80	117	46	43
79	116	47	43
79	117	46	43
80	118	46	43
80	117	46	43
80	116	46	43
79	116	47	43
79	118	46	43
80	117	46	43
79	119	47	43
79	117	47	43
79	118	46	43
80	116	46	43
81	119	46	43
79	118	48	43
80	119	46	43
80	118	47	43
80	119	46	43
80	118	46	43
80	117	47	43
80	117	46	43
82	118	45	43
81	117	46	43
81	117	46	43
80	117	46	43
82	119	45	43
81	118	46	43
81	117	47	43
82	116	46	43
82	115	47	43
83	115	46	44
82	117	46	43
82	117	46	43
82	116	46	43
83	118	45	43
83	117	46	43
83	117	46	43
84	116	46	43
84	116	46	43
84	116	46	43
83	115	46	43
83	114	46	44
83	116	46	44
84	116	45	43
84	117	45	43
84	117	45	43
84	116	46	43
83	116	45	43
84	118	45	43
84	117	46	44
84	117	45	44
84	118	45	43
85	118	46	43
85	118	46	43
84	118	46	44
85	118	46	43
85	117	46	43
86	117	46	44
85	117	46	43
86	119	46	43
85	118	46	44
86	118	46	44
86	118	46	43
85	117	46	43
86	117	46	43
87	117	45	43
86	117	45	43
86	118	45	42
86	117	46	43
86	117	46	43
86	117	46	43
86	116	46	43
87	117	46	42
87	117	45	43
87	117	45	43
87	116	46	43
87	116	46	44
87	115	46	43
87	118	46	42
86	116	46	42
87	115	46	43
87	118	46	42
87	117	45	43
87	118	45	43
87	118	46	43
86	117	46	43
86	117	46	43
86	118	46	42
86	116	46	43
86	117	46	42
86	117	46	42
87	117	45	41
86	117	45	42
86	117	46	42
85	116	46	42
86	119	46	41
86	117	45	42
86	117	45	42
86	117	45	42
85	117	45	42
85	116	45	43
85	117	45	42
85	117	45	42
85	117	45	42
85	118	45	42
85	117	45	42
86	119	44	42
85	118	45	42
84	118	45	42
84	117	45	42
85	117	45	42
84	117	45	42
85	117	45	42
85	119	45	42
85	118	45	42
85	117	45	42
85	118	45	42
85	117	45	42
85	120	45	42
84	118	45	42
84	118	45	42
85	119	45	41
85	118	45	42
85	119	45	41
85	118	45	42
84	119	45	42
84	118	45	42
84	118	45	42
85	117	45	42
84	118	45	41
84	121	45	41
85	119	45	42
85	120	45	41
84	119	45	41
84	118	45	42
85	119	45	41
84	118	45	42
84	118	45	41
84	117	45	42
84	118	44	41
84	118	45	41
85	118	45	41
85	117	44	42
84	119	45	41
84	119	45	41
84	118	45	41
84	117	45	41
84	118	45	41
84	117	45	41
84	116	45	41
85	116	44	42
84	118	45	41
85	116	45	41
85	119	45	41
85	118	44	41
84	116	45	42
85	116	45	42
85	118	44	40
85	117	45	41
85	118	45	41
84	117	45	41
84	117	44	41
84	116	44	41
84	115	45	41
84	115	44	40
84	115	44	41
84	115	44	41
83	117	45	41
83	115	45	42
84	117	45	41
83	117	45	41
83	117	45	42
83	118	45	41
83	117	45	42
83	117	45	42
82	117	46	41
82	116	46	41
82	117	45	41
82	116	46	41
82	118	45	42
81	116	46	42
79	118	46	41
81	117	45	42
80	117	46	41
80	118	46	41
79	117	46	41
79	116	46	41
80	117	46	41
80	116	46	41
80	116	45	41
80	115	45	41
80	117	45	40
79	117	45	41
80	116	45	41
79	117	44	40
79	117	45	40
78	116	46	41
78	114	46	42
78	117	46	40
77	118	45	38
77	119	45	40
77	119	46	40
77	119	45	40
76	117	46	40
76	117	45	40
75	117	44	40
74	116	45	40
74	116	45	40
74	117	45	40
73	117	45	40
73	117	45	40
73	118	44	40
73	118	45	40
72	119	45	39
72	118	44	40
72	118	44	40
71	118	45	40
71	120	44	40
71	118	45	40
70	117	45	40
70	116	44	40
69	116	45	40
69	117	44	40
69	117	44	39
69	116	44	40
68	116	44	39
67	115	45	40
67	116	45	40
66	114	45	40
66	115	45	40
65	114	45	40
64	115	45	40
65	115	44	40
64	114	46	40
64	114	45	41
64	114	45	41
63	114	45	40
63	112	46	41
62	112	47	40
63	112	45	40
61	113	46	40
62	114	44	40
61	112	46	41
61	113	46	40
61	114	46	40
61	113	45	40
60	112	46	40
59	113	47	40
60	113	45	40
59	112	46	40
60	112	45	40
59	113	46	40
58	114	46	40
60	113	44	40
59	113	46	40
58	111	46	40
58	112	46	40
57	113	47	39
58	112	45	40
57	112	46	40
57	113	46	40
57	112	46	40
57	112	45	40
56	111	46	40
57	113	45	39
57	111	45	40
57	111	45	40
57	110	45	40
57	111	45	40
56	112	45	39
57	112	45	39
56	112	45	40
56	112	45	39
56	112	45	39
56	113	44	39
55	112	46	39
56	113	45	39
55	113	45	39
56	112	44	40
55	113	44	39
55	113	45	39
55	113	44	39
55	113	44	39
54	113	45	39
54	111	44	39
54	111	44	39
54	112	45	39
53	112	45	39
53	113	44	39
53	113	44	38
52	112	44	38
53	112	44	38
52	113	44	38
53	113	44	38
52	112	45	38
52	112	44	38
52	113	43	39
52	113	44	38
51	112	44	38
52	112	43	38
51	112	44	38
51	113	44	38
51	113	44	38
51	114	44	38
51	115	44	38
51	115	44	38
51	113	43	38
51	115	43	38
51	114	43	38
51	114	43	39
52	115	43	38
51	114	43	38
50	115	43	38
51	114	42	38
50	114	44	38
50	113	43	38
50	114	44	39
50	114	43	38
49	114	44	38
51	113	43	38
50	113	43	38
49	113	44	38
50	114	43	38
49	113	44	38
49	114	43	38
50	113	42	38
50	113	43	38
51	112	43	38
50	112	43	38
50	111	43	38
50	112	43	38
50	111	42	38
50	111	43	38
51	113	43	38
51	111	42	37
51	111	43	38
52	111	42	38
50	111	43	38
51	111	42	37
50	113	43	37
52	113	42	38
52	112	42	37
51	112	42	37
51	112	43	37
53	112	41	37
52	112	42	37
52	112	42	38
52	113	43	37
52	113	42	37
52	114	42	37
52	113	42	37
52	114	42	37
53	113	41	37
53	113	42	37
52	114	42	37
52	113	42	37
51	116	43	37
53	115	41	37
52	114	43	37
52	115	43	37
51	114	43	37
53	115	42	36
52	114	42	37
53	115	41	36
52	116	42	36
53	115	42	36
52	115	42	36
53	113	41	37
53	114	41	37
52	114	43	37
52	114	42	37
53	113	41	37
53	112	41	37
52	113	42	36
53	113	42	37
52	113	43	37
54	114	41	37
53	114	42	36
54	114	41	37
54	115	42	36
54	114	42	36
53	114	42	37
55	114	41	36
54	115	42	36
54	114	41	36
54	114	42	36
54	114	41	36
55	115	41	36
55	114	40	36
55	114	42	36
55	114	41	36
56	115	40	36
56	114	41	36
56	115	40	36
56	115	41	36
57	114	40	35
56	112	41	36
56	112	40	36
57	112	40	36
57	114	39	36
57	113	40	36
57	112	40	36
58	114	39	36
57	113	41	36
58	113	40	37
58	113	40	36
57	114	41	36
58	114	40	35
58	111	40	36
59	113	39	36
59	112	39	36
59	113	39	36
60	114	39	35
60	114	39	35
60	113	39	36
58	114	41	36
60	114	38	35
60	115	40	35
60	114	40	36
60	114	39	36
61	114	40	36
61	115	39	36
61	114	40	36
61	115	39	36
61	114	40	36
62	114	39	37
61	114	40	36
61	114	39	35
61	115	39	35
61	115	40	35
61	114	39	35
61	114	39	35
61	114	40	35
61	113	40	35
61	113	40	36
60	113	41	35
60	112	39	35
60	112	38	36
60	113	39	36
59	113	40	35
60	112	38	36
61	113	38	36
59	112	40	35
60	113	38	35
60	113	38	35
59	115	39	35
60	115	37	35
59	115	39	35
60	116	38	35
60	114	39	35
60	116	39	35
60	115	39	35
60	114	38	35
59	114	38	35
59	113	38	35
59	113	38	35
59	114	39	36
59	113	39	35
59	112	39	36
59	111	39	35
59	112	38	35
59	112	38	35
60	113	39	35
59	114	39	34
60	113	39	35
60	115	39	34
59	114	40	35
59	115	38	35
59	115	39	36
60	115	39	35
60	115	40	36
59	115	38	36
59	116	39	36
60	116	39	36
60	116	40	35
60	116	39	35
59	118	39	34
60	116	38	35
60	115	40	35
60	116	38	35
60	118	38	34
60	116	39	35
60	119	39	32
59	116	39	34
60	117	38	33
59	116	40	34
59	115	46	34
59	117	39	33
59	116	40	34
60	115	38	35
60	116	38	34
60	117	38	34
60	117	38	34
59	117	39	34
60	115	38	34
60	119	38	33
60	116	39	34
61	120	37	32
61	116	39	35
61	117	38	34
61	116	38	34
61	117	40	33
61	115	38	34
61	117	39	33
60	114	39	35
61	115	38	35
61	114	39	35
61	116	40	34
60	118	42	31
61	117	40	33
61	116	40	34
61	118	39	32
62	117	41	34
62	117	38	33
62	115	39	34
62	116	39	33
61	114	42	36
62	115	39	35
62	115	39	36
62	114	39	35
62	116	39	35
62	114	39	36
62	116	38	35
61	114	39	36
62	118	39	33
61	114	40	36
62	115	39	35
62	115	40	34
62	116	39	34
62	116	39	34
62	116	38	34
62	116	39	36
61	115	40	36
62	115	38	35
61	113	39	36
61	114	39	36
61	116	38	35
61	118	40	34
60	114	41	36
62	116	39	37
61	116	39	37
61	115	39	37
60	115	40	37
61	116	39	36
61	116	40	37
61	115	40	36
60	117	39	37
60	116	40	36
59	117	41	37
59	115	41	36
60	114	40	37
60	114	40	36
60	114	39	36
60	114	39	36
60	113	40	37
60	112	39	37
60	112	41	36
60	111	41	37
60	112	40	37
60	112	40	37
60	112	39	37
59	113	40	38
59	114	40	37
59	114	41	37
59	113	41	36
60	114	39	37
59	113	41	37
60	113	40	37
59	113	40	37
59	113	40	37
59	113	41	37
60	112	41	37
59	112	40	37
59	112	41	38
59	111	41	38
58	111	41	37
59	111	40	38
58	111	41	38
58	112	41	38
58	111	42	38
59	111	41	39
59	111	41	38
58	115	40	37
58	113	42	37
59	114	41	37
59	113	41	37
59	113	41	38
58	114	42	38
58	114	42	38
58	114	42	38
59	115	42	37
59	115	41	38
58	113	42	38
59	112	41	38
59	111	41	38
59	112	41	38
58	113	42	38
58	113	42	37
59	114	41	38
59	115	41	39
59	115	41	37
60	116	41	37
60	115	41	38
60	116	41	38
61	116	42	37
60	113	42	38
60	112	43	38
61	111	43	37
62	110	41	38
62	110	42	38
62	110	42	38
63	109	41	39
62	112	42	38
62	110	42	39
63	111	42	38
62	110	43	38
63	112	42	38
63	110	43	39
65	111	41	39
64	111	42	39
65	110	42	39
64	111	42	38
64	114	41	35
64	111	41	39
64	110	43	39
64	112	42	37
64	111	43	39
64	111	43	39
64	110	43	40
65	111	41	39
64	110	42	39
65	111	42	38
65	110	43	39
64	113	43	37
64	111	44	38
65	114	42	36
65	111	42	38
65	111	43	39
65	110	42	39
65	112	42	38
66	112	43	38
66	112	43	39
66	113	44	39
66	115	43	35
66	112	43	38
67	111	43	38
67	111	43	39
67	111	42	39
68	112	42	39
67	114	42	39
68	113	42	39
68	115	42	36
69	113	42	40
69	113	42	39
69	114	41	39
68	113	43	39
69	113	42	39
68	112	43	39
67	113	43	40
67	112	43	39
67	114	43	40
67	113	43	39
67	113	43	40
67	112	43	40
66	114	45	39
64	113	54	40
64	114	58	39
66	114	54	39
65	115	51	38
65	115	48	38
63	115	53	37
64	114	48	38
62	115	54	37
64	115	48	37
64	115	51	38
64	115	57	38
64	116	48	38
64	115	48	38
65	115	45	38
66	113	43	39
67	113	42	39
66	112	43	39
66	114	44	39
68	113	42	40
68	114	42	40
68	114	42	40
67	115	43	39
67	113	43	40
67	114	44	40
67	114	43	40
67	113	43	40
68	114	43	40
67	112	43	40
68	111	43	40
68	112	43	40
69	113	43	39
69	112	42	40
68	113	42	39
68	113	43	39
68	112	43	40
68	113	43	40
68	113	43	39
69	113	42	39
68	112	43	39
68	112	43	40
68	111	43	39
68	111	42	40
68	113	43	40
67	112	44	39
67	113	43	39
67	112	43	39
68	113	43	39
67	114	43	40
67	113	43	39
68	116	42	40
67	113	43	39
67	112	42	39
66	112	43	39
67	112	42	40
66	113	42	39
66	113	43	40
65	112	42	40
66	112	42	39
65	112	43	40
65	112	42	40
64	112	43	40
65	112	42	40
65	112	42	40
65	111	43	40
64	113	42	40
65	113	42	40
65	112	43	40
65	113	43	39
65	114	42	39
66	114	42	40
67	116	42	39
66	113	43	39
67	114	42	40
67	112	42	39
67	112	42	40
67	113	43	39
68	112	44	39
68	113	42	40
69	113	43	39
68	114	43	40
69	113	43	39
70	112	43	39
70	115	42	39
70	112	44	40
70	114	43	40
70	112	43	39
71	112	42	40
71	113	43	40
72	113	43	40
72	115	43	40
71	112	44	40
72	112	43	40
72	114	44	39
71	113	44	39
72	113	44	39
72	113	43	40
72	114	43	40
72	114	45	39
72	113	43	39
72	114	43	40
72	116	43	40
72	116	44	39
73	116	43	40
72	116	44	40
73	115	44	40
72	113	44	41
72	112	44	41
72	111	44	41
72	110	43	41
71	109	44	40
71	110	43	40
71	109	43	40
70	110	44	40
70	108	44	40
70	109	44	40
70	108	44	40
71	108	43	40
69	109	44	40
69	108	44	40
70	110	43	40
69	109	43	40
69	109	43	40
70	110	43	40
69	109	44	40
69	110	44	40
69	108	44	41
69	110	43	40
68	107	43	41
68	109	44	40
68	109	44	41
68	108	44	41
69	109	44	41
68	108	44	40
68	109	44	40
68	109	44	41
69	109	43	41
68	109	44	41
68	108	44	41
68	107	43	41
68	109	44	41
68	108	44	40
68	109	44	41
67	108	44	41
68	109	43	41
67	107	44	41
67	109	44	40
67	107	44	41
67	112	43	38
66	108	43	41
67	110	43	41
67	108	43	41
67	107	43	41
66	108	43	41
66	107	43	41
66	108	43	40
66	106	43	41
65	107	42	41
65	107	43	41
65	109	43	41
65	107	43	41
65	109	43	41
64	109	43	40
64	108	43	41
65	109	43	40
64	109	43	40
64	109	43	40
63	109	43	40
63	109	43	40
63	109	42	41
63	108	43	40
62	110	43	40
62	110	43	40
63	111	43	39
63	109	43	40
62	110	43	40
62	111	44	40
62	110	43	40
63	111	42	39
62	115	41	37
61	111	42	40
62	116	41	35
60	110	43	40
61	116	41	36
61	110	42	40
61	110	41	40
61	113	41	38
61	112	40	38
61	111	41	38
60	114	40	37
60	111	40	40
61	112	40	39
60	110	40	39
60	113	40	38
60	111	40	39
59	112	40	38
60	114	40	37
59	112	40	38
59	115	39	36
59	111	41	38
59	112	39	37
60	114	39	37
60	111	39	38
59	114	39	38
59	112	40	38
59	113	39	37
59	112	39	37
60	112	39	38
59	113	39	37
59	112	39	37
60	113	38	36
59	111	39	38
60	114	38	36
59	112	39	38
59	113	39	38
59	116	39	35
60	114	38	37
60	115	38	36
60	114	39	38
60	114	39	37
60	114	39	38
60	114	39	37
60	114	39	37
60	119	39	32
60	114	39	36
61	114	38	36
61	116	39	37
61	115	38	36
61	117	39	35
61	115	39	36
60	115	39	36
61	116	39	36
61	117	39	35
60	116	39	36
60	115	40	36
60	115	39	36
60	117	40	36
60	115	40	36
59	116	40	35
59	117	40	35
58	116	43	35
60	118	40	34
59	116	43	35
59	118	40	34
59	117	40	35
59	117	41	35
57	118	41	34
57	117	44	34
58	116	41	35
58	117	41	35
58	117	41	35
59	116	40	35
60	117	39	35
59	116	39	35
59	116	39	35
59	117	39	34
60	117	39	35
60	116	39	36
61	117	38	35
60	118	39	34
61	117	39	35
60	116	39	35
62	118	39	35
62	118	39	35
62	119	39	34
61	118	40	34
62	118	38	34
61	116	40	34
63	118	38	34
64	117	38	35
64	119	38	34
64	118	39	34
65	118	38	35
65	118	38	35
66	120	38	34
65	118	38	34
67	118	38	34
67	117	38	34
68	116	37	34
68	116	38	35
70	118	38	34
69	118	38	34
69	117	38	34
70	116	37	35
70	115	38	34
71	118	38	34
72	119	38	34
72	119	38	34
73	120	37	33
74	120	37	33
74	119	38	33
75	120	37	33
75	121	38	32
75	119	38	33
76	120	38	30
77	119	37	32
77	117	37	33
78	117	37	33
79	118	37	33
79	118	37	33
80	117	37	34
80	120	37	32
81	118	37	34
82	120	37	33
82	119	37	33
83	120	37	34
83	120	36	32
83	119	37	33
85	119	37	32
85	118	36	33
86	118	37	33
87	119	37	33
87	119	36	33
88	119	36	33
89	119	36	33
89	119	37	32
91	120	37	32
91	118	36	34
92	119	37	33
93	118	37	32
93	116	37	32
94	115	36	32
94	117	37	32
95	117	36	33
96	118	36	33
97	118	36	33
97	119	37	33
98	119	36	32
98	121	36	32
99	120	36	32
99	119	36	33
100	119	36	33
99	118	36	33
100	119	36	32
101	121	37	31
101	122	37	32
100	120	37	34
101	119	36	33
102	120	36	33
101	120	37	34
102	121	36	33
101	119	36	33
101	119	36	33
102	117	36	34
102	117	36	33
102	118	36	32
102	117	36	33
101	116	36	33
101	116	35	33
102	119	36	32
101	117	36	33
100	118	36	33
101	120	36	32
100	119	36	33
101	118	36	32
100	120	37	33
99	127	38	33
99	124	37	33
99	124	37	33
98	122	36	33
98	118	37	33
98	116	37	33
97	118	36	33
98	118	36	33
98	117	36	33
97	117	36	33
97	117	36	33
97	115	36	33
98	117	36	32
97	117	36	32
97	116	36	33
97	116	36	33
97	117	36	32
97	116	36	32
96	116	36	32
96	117	36	31
97	117	36	31
96	115	36	33
96	118	36	32
95	117	36	32
96	117	36	33
95	117	36	32
95	116	36	33
95	117	36	32
95	117	36	33
95	117	36	33
95	117	36	33
95	117	36	33
94	118	36	32
95	119	37	33
94	117	36	34
94	118	36	33
94	117	37	33
95	118	36	33
95	118	36	33
94	118	36	33
95	118	37	33
95	119	36	33
95	118	36	33
95	118	36	34
96	119	36	33
95	117	36	34
95	118	36	34
95	116	36	34
96	116	36	34
96	117	36	33
96	117	36	33
96	116	36	34
96	117	36	33
96	117	36	33
96	118	37	32
96	117	37	33
96	119	37	33
97	119	37	32
97	118	37	32
97	118	37	33
97	118	36	32
97	116	37	34
98	115	37	34
98	117	38	33
98	117	37	33
98	116	37	34
98	116	38	34
99	117	38	34
99	117	37	34
100	117	38	34
99	116	38	34
100	116	37	34
100	116	38	34
100	117	37	34
100	116	37	34
100	115	37	34
100	116	38	34
101	115	37	34
101	115	37	34
101	116	37	35
101	116	37	35
101	115	37	35
100	117	38	34
101	117	37	34
101	117	37	35
101	117	37	34
101	118	38	33
101	117	37	33
101	118	37	34
101	118	37	34
101	118	38	34
101	118	38	33
102	118	38	34
101	117	38	34
101	116	38	34
101	116	38	35
102	116	38	35
102	116	38	35
103	116	38	35
102	117	38	35
103	116	39	36
103	118	39	36
103	117	38	35
102	117	39	36
103	116	39	36
103	117	39	36
104	118	39	36
104	117	39	35
104	117	40	36
103	117	39	36
104	117	39	36
103	117	39	37
103	118	40	36
104	117	39	36
104	118	40	36
104	117	40	36
104	116	40	37
104	116	40	37
104	118	39	36
104	117	40	37
104	116	40	36
104	116	40	37
104	116	40	37
104	116	40	37
103	116	40	37
103	116	40	37
103	116	40	38
103	115	40	38
103	117	40	38
102	116	40	37
102	115	41	38
102	115	40	38
102	115	40	38
101	115	40	38
101	115	41	38
101	117	41	38
101	116	42	38
101	115	41	38
102	115	42	38
102	115	41	38
101	115	41	39
101	115	41	39
101	114	41	39
101	115	41	38
100	114	42	39
100	114	41	39
101	114	42	39
100	116	42	39
100	114	42	39
100	115	41	39
99	113	42	39
100	114	42	39
100	114	42	40
100	113	42	40
99	114	42	39
99	113	42	40
99	114	42	40
100	114	42	40
99	115	42	39
99	113	42	40
99	116	43	39
99	113	43	40
100	115	42	40
100	114	42	40
100	117	43	40
99	116	43	40
99	116	43	40
99	116	43	40
99	117	43	40
99	117	43	41
99	116	44	41
99	115	43	41
99	116	44	40
98	116	44	41
98	118	44	41
98	118	43	41
98	116	43	40
98	118	44	41
97	117	44	42
98	116	44	42
98	116	45	41
97	115	44	41
97	116	44	41
97	114	44	42
97	116	44	41
97	115	44	42
97	118	45	41
96	116	45	43
96	117	44	41
96	115	45	42
96	117	44	41
96	117	45	42
95	117	45	42
96	116	45	42
96	117	45	42
95	116	45	42
96	117	45	42
96	117	44	42
95	116	45	43
95	118	45	42
94	115	46	44
94	115	46	43
95	115	45	43
94	117	45	42
94	115	46	44
94	116	46	42
94	116	46	42
94	115	46	43
94	117	46	42
94	116	46	43
94	114	46	44
94	115	46	43
93	115	46	44
93	113	46	45
93	115	46	43
93	115	46	43
93	115	46	44
92	117	46	43
92	114	47	44
92	115	46	44
92	115	47	43
92	115	46	44
92	114	47	44
91	116	47	43
91	114	47	44
90	117	48	44
91	115	47	45
90	115	47	45
90	114	47	44
89	116	48	44
90	115	47	44
90	115	47	45
90	118	48	44
90	117	48	43
90	116	48	44
90	115	48	45
91	116	48	45
91	116	48	45
91	116	49	45
91	115	48	45
91	115	49	45
91	114	49	45
92	116	49	45
92	116	49	45
93	116	48	45
93	117	49	45
93	116	49	45
94	117	49	45
94	116	50	45
94	116	49	45
94	115	50	45
96	116	48	45
95	115	49	45
97	116	49	45
96	115	49	46
97	116	49	45
97	115	49	45
98	115	49	46
99	117	48	46
99	116	49	46
99	115	49	46
100	115	49	46
100	116	49	46
100	115	49	45
101	117	50	46
101	115	50	46
101	116	50	47
102	116	50	47
102	114	51	47
101	114	50	47
102	115	51	47
103	116	51	47
103	115	51	47
103	114	51	47
103	114	51	47
103	115	51	48
104	115	51	47
104	116	51	48
104	115	51	47
104	115	52	48
104	115	51	47
105	115	50	47
106	114	51	48
106	114	51	48
106	115	52	49
106	114	52	50
106	113	52	49
106	116	52	49
107	116	52	49
107	116	52	51
107	114	52	52
108	117	52	51
107	114	53	52
108	116	53	51
107	115	53	51
108	113	53	52
108	113	53	52
108	115	53	50
108	111	54	52
108	111	53	52
108	111	53	52
108	110	53	53
108	112	53	52
107	109	54	53
107	113	53	52
108	111	53	52
108	112	53	51
107	111	53	51
107	114	53	49
107	115	53	49
106	116	53	50
107	114	53	51
105	115	53	50
105	114	53	51
105	114	53	51
104	113	53	51
104	113	54	50
104	113	54	51
104	113	54	51
103	113	53	51
103	114	54	51
103	113	54	51
104	115	54	51
103	114	54	52
103	115	54	51
102	112	54	51
103	112	55	51
103	112	54	51
103	112	54	52
103	112	55	52
103	112	55	51
103	112	54	51
103	112	55	52
104	112	54	51
104	111	54	52
105	113	54	51
105	111	54	51
106	114	55	51
105	112	55	52
106	110	54	52
106	112	55	52
107	113	54	53
107	114	54	52
108	116	54	53
108	114	55	53
108	114	54	52
108	114	55	52
108	111	55	53
108	111	55	52
109	110	55	52
109	108	54	52
109	110	54	52
109	109	54	52
109	109	55	53
109	110	54	51
109	109	54	52
110	111	54	52
109	109	55	52
109	110	55	52
110	111	54	52
110	110	55	53
110	114	54	50
110	112	54	52
110	114	55	52
110	113	55	52
109	112	55	52
110	111	54	52
110	110	54	52
110	111	54	52
110	110	54	52
109	109	54	51
109	109	54	51
109	111	54	51
108	109	54	51
108	109	54	52
107	109	55	51
107	109	54	52
107	109	54	51
106	112	55	51
106	110	54	52
106	111	53	52
105	115	54	50
105	113	54	52
104	113	54	53
104	113	54	52
104	112	54	53
104	111	54	52
104	113	54	51
103	113	53	51
102	110	53	52
102	112	53	51
103	112	53	51
103	111	52	52
102	111	53	52
102	114	54	51
102	113	53	51
102	115	53	52
102	114	53	51
102	117	53	50
102	115	53	51
102	114	53	51
102	114	52	50
102	114	52	51
102	112	53	50
102	113	52	50
102	114	52	50
101	116	53	50
102	116	53	50
102	116	52	50
102	115	53	51
102	118	52	49
103	116	52	50
103	116	51	49
103	117	51	49
103	115	52	49
103	116	52	49
102	115	52	50
103	115	52	50
103	117	52	49
102	115	52	51
102	115	51	50
102	114	52	50
102	116	51	49
103	117	52	49
102	118	52	49
102	118	51	49
102	117	51	49
102	116	51	49
103	118	51	48
102	117	51	49
102	118	51	49
102	117	52	48
102	116	51	49
102	117	51	48
102	115	52	48
102	117	51	47
102	116	51	48
102	118	51	48
102	116	51	48
102	116	51	48
101	116	51	48
101	117	51	48
101	116	51	47
101	116	50	48
101	116	50	47
101	116	50	48
101	116	51	47
101	116	50	48
101	116	50	48
101	117	50	48
100	116	50	48
100	116	50	48
99	117	50	47
99	117	51	48
100	118	50	47
100	117	50	48
99	116	50	48
98	116	51	47
99	117	49	47
99	115	50	48
99	118	50	47
99	115	50	48
99	116	50	48
99	116	49	48
98	116	50	47
99	116	50	47
98	115	50	48
99	118	50	46
100	115	50	47
99	116	49	48
99	115	50	48
100	117	49	47
100	118	49	46
99	116	50	47
100	116	50	47
101	116	49	46
101	116	49	46
101	116	49	46
102	116	49	47
101	117	49	47
102	116	49	47
101	116	49	47
102	116	49	47
102	116	49	47
102	115	49	47
102	115	49	47
103	115	49	47
103	115	49	46
104	116	50	47
104	115	49	47
104	114	50	47
105	114	49	47
105	113	49	47
106	115	49	46
105	115	49	46
106	114	50	46
106	115	49	46
108	115	49	46
107	116	49	45
107	115	49	45
108	116	49	45
108	116	50	45
109	115	49	46
109	115	49	46
109	113	49	47
110	115	49	45
110	116	49	46
110	115	49	46
110	115	49	46
110	117	49	45
110	117	48	46
110	117	48	46
110	116	48	46
110	118	48	45
111	118	48	45
111	117	48	46
111	118	48	45
111	117	48	46
111	116	48	45
111	117	48	46
111	117	48	46
111	117	48	45
110	119	49	45
111	118	48	45
111	117	48	46
111	119	48	45
111	117	48	46
111	117	49	46
111	116	49	46
110	118	48	46
111	117	49	46
111	119	48	45
110	117	48	45
110	117	49	46
110	118	48	44
110	117	48	45
109	117	48	45
110	118	48	45
110	118	48	45
109	118	48	45
109	118	48	46
109	117	48	46
108	117	48	44
108	116	48	45
109	116	48	45
109	117	48	44
108	115	48	45
108	115	48	45
108	116	48	44
108	115	48	46
107	115	48	44
108	115	48	44
107	115	48	44
107	115	48	44
107	114	48	44
107	115	48	45
107	115	48	45
106	115	48	45
106	114	49	45
105	112	49	46
106	112	48	46
106	112	49	46
106	112	48	46
105	112	49	45
105	112	48	46
105	111	49	46
106	111	49	46
105	110	49	47
105	110	49	46
105	111	49	47
104	109	50	47
105	110	50	47
104	110	49	47
104	111	49	47
104	112	49	46
103	111	50	46
104	111	50	47
104	110	50	47
104	111	49	46
104	111	50	46
103	110	50	47
103	109	50	46
104	109	50	46
104	109	49	46
103	108	50	46
103	109	49	46
102	109	49	46
102	109	50	46
101	107	50	47
101	110	50	47
101	109	50	47
101	109	50	46
100	108	50	47
101	109	49	46
99	110	50	46
100	110	49	46
99	112	50	46
99	111	50	46
98	112	50	46
99	113	49	45
98	113	49	46
98	114	50	46
97	116	50	46
96	115	50	46
97	115	50	46
96	116	49	46
96	116	50	46
95	117	50	47
95	117	49	47
94	115	50	47
94	116	49	47
94	117	49	47
93	117	50	46
93	116	50	47
92	116	50	46
92	116	50	47
91	115	50	46
91	117	49	46
91	116	50	47
91	115	50	46
90	115	51	46
90	114	50	46
90	113	50	47
89	114	50	45
89	113	50	46
89	112	50	47
88	111	50	46
89	111	50	46
88	113	50	46
88	111	50	47
88	110	50	47
87	112	50	46
86	109	51	47
87	111	50	47
86	111	51	47
87	111	50	47
86	111	50	47
86	111	50	47
86	111	50	47
86	110	50	47
86	111	50	48
86	111	50	48
85	111	50	47
85	109	50	48
85	111	50	47
84	110	50	49
84	111	50	48
83	109	51	48
84	110	50	48
83	108	51	48
84	109	49	48
83	108	49	48
84	109	49	48
84	109	49	47
84	109	50	47
84	109	49	47
83	110	49	47
83	109	49	47
83	111	49	47
83	110	49	47
83	109	49	47
83	110	49	47
83	110	48	48
83	111	49	48
83	110	49	48
83	110	49	48
83	110	49	47
82	111	49	48
82	110	49	48
83	110	49	47
83	111	49	47
83	111	49	48
83	112	49	47
84	113	49	46
83	114	49	47
84	116	49	46
84	113	49	47
84	112	49	47
84	113	49	47
84	114	48	46
85	113	48	47
84	114	49	47
84	113	49	47
84	115	49	47
84	114	49	48
85	113	49	47
84	113	49	47
84	114	49	47
84	115	49	47
83	112	49	47
83	114	49	47
83	114	48	48
84	115	48	47
83	113	48	48
83	113	49	48
84	114	48	46
83	113	49	47
83	114	49	47
84	115	48	47
83	114	48	47
83	114	48	48
83	115	48	47
84	115	48	46
83	115	48	46
83	116	48	46
82	113	49	47
83	113	48	48
83	113	48	47
83	112	49	47
83	114	48	48
83	113	48	47
83	113	48	47
83	113	48	48
83	114	48	48
83	114	48	47
83	113	49	48
83	113	49	48
83	112	49	48
82	111	49	48
82	111	49	48
82	110	49	48
81	112	49	49
81	111	50	48
82	112	50	49
81	110	50	48
82	109	50	49
82	112	49	49
81	110	50	49
82	111	50	49
81	109	50	50
82	110	50	49
82	109	50	50
81	112	50	49
82	111	50	48
82	112	49	48
82	111	50	48
82	112	49	48
83	111	50	48
82	110	50	49
83	111	49	48
82	110	50	48
82	109	50	49
82	111	50	48
82	109	50	49
82	110	50	48
82	110	50	48
81	110	50	47
81	109	50	48
82	109	49	47
81	111	50	48
80	109	50	49
81	109	50	49
80	109	50	49
80	110	50	48
79	110	49	49
79	109	50	49
79	109	50	49
79	110	50	49
78	108	51	49
77	111	50	48
77	108	51	49
77	110	50	49
76	108	51	49
76	110	51	49
76	110	50	49
76	109	50	50
75	110	51	48
75	111	50	49
74	109	51	50
74	110	50	49
74	111	51	49
74	110	51	49
73	111	51	49
73	110	51	49
73	111	50	48
72	109	51	48
73	110	51	49
72	109	51	50
71	110	51	48
70	111	51	49
69	109	52	49
69	109	51	49
69	110	51	48
68	110	51	49
68	111	51	49
67	110	51	49
66	110	51	49
66	111	51	48
65	111	51	48
65	110	51	49
63	110	51	49
63	111	51	49
62	112	52	47
62	111	51	48
61	112	51	48
61	112	51	49
59	113	52	48
59	112	52	49
58	112	52	49
58	114	51	48
57	113	52	48
56	113	52	48
55	111	52	49
53	113	53	48
53	112	52	48
52	112	52	49
50	111	53	49
50	111	52	49
49	111	52	48
48	112	52	49
47	111	52	49
46	111	52	48
45	113	52	48
44	112	52	49
43	112	52	48
42	111	53	49
41	113	52	48
40	112	52	49
38	111	53	49
37	111	53	49
37	110	53	50
35	114	52	48
33	112	53	49
33	111	53	50
31	113	53	49
31	112	54	49
29	112	53	50
28	112	53	49
27	112	54	49
25	111	54	49
23	110	55	50
23	110	54	49
21	111	54	49
20	111	54	50
19	111	54	50
19	110	54	50
17	112	53	49
15	113	54	50
14	112	54	50
14	111	55	50
