0.012617
0.058409
0.055633
0.059910
0.071725
0.055793
0.059872
0.054728
0.059697
0.064820
0.048154
0.046980
0.046872
0.059510
0.076124
0.059178
0.049680
0.051786
0.065715
0.048100
0.067640
0.062078
0.058781
0.045978
0.044951
0.059531
0.072981
0.056600
0.077305
0.059084
0.052704
0.054039
0.069864
0.077291
0.051410
0.059009
0.078393
0.083714
0.048238
0.055539
0.064021
0.075938
0.056819
0.044827
0.050934
0.058882
0.051097
0.050519
0.050144
0.044074
0.050308
0.051056
0.049308
0.051698
0.066246
0.059819
0.059329
0.049560
0.047927
0.048041
0.044462
0.051633
0.045217
0.054772
0.043566
0.051299
0.053540
0.058423
0.050071
0.058425
0.067145
0.053731
0.052200
0.056049
0.071913
0.054957
0.061009
0.063681
0.056500
0.056626
0.052205
0.032628
0.043640
0.044693
0.038703
0.034616
0.036361
0.045932
0.049702
0.032736
0.034958
0.045492
0.037030
0.034383
0.048765
0.054632
0.070750
0.047038
0.056979
0.057425
0.052843
0.043439
0.039888
0.062028
0.072006
0.051405
0.051454
0.065624
0.069519
0.038301
0.060357
0.056329
0.047211
0.068665
0.034942
0.077733
0.054000
0.074312
0.050745
0.044493
0.039400
0.035351
0.039370
0.043976
0.065419
0.046685
0.040391
0.034971
0.049443
0.036351
0.034746
0.053702
0.042908
0.062757
0.071044
0.051118
0.045087
0.048024
0.048303
0.048371
0.047115
0.060081
0.062960
0.068002
0.051969
0.042282
0.059471
0.068189
0.066799
0.061421
0.052794
0.052395
0.050579
0.045397
0.056990
0.050116
0.055472
0.051861
0.046938
0.052884
0.065040
0.069281
0.056714
0.088510
0.064337
0.052543
0.053262
0.056671
0.042209
0.057343
0.055548
0.055643
0.046371
0.048585
0.062089
0.045932
0.047937
0.066996
0.054444
0.052170
0.060577
0.064917
0.048720
0.049064
0.048784
0.066757
0.055241
0.060866
0.056114
0.054785
0.073669
0.068315
0.052516
0.048579
0.053847
0.060884
0.044661
0.043112
0.050433
0.058917
0.060277
0.063099
0.062582
0.062734
0.062343
0.056820
0.060236
0.082553
0.053749
0.059873
0.054935
0.050207
0.058100
0.047088
0.053187
0.064262
0.047186
0.050125
0.063246
0.054138
0.057930
0.055071
0.049020
0.064562
0.067667
0.074119
0.055529
0.048058
0.047108
0.064276
0.064657
0.049098
0.042703
0.053852
0.056098
0.065127
0.067583
0.070255
0.059773
0.066963
0.052878
0.061877
0.063606
0.062277
0.039946
0.055922
0.049105
0.061651
0.064477
0.044228
0.074243
0.068995
0.059012
0.041788
0.062553
0.049968
0.058075
0.036405
0.047655
0.057331
0.058443
0.047119
0.052829
0.076467
0.057723
0.055311
0.069826
0.043744
0.082600
0.036982
0.058532
0.054344
0.054510
0.048184
0.040061
0.050195
0.055673
0.053232
0.052865
0.063305
0.054321
0.038876
0.045516
0.042929
0.042014
0.053377
0.048680
0.048476
0.056686
0.055130
0.039355
0.044070
0.038558
0.058254
0.046675
0.047186
0.047609
0.043746
0.046644
0.049910
0.046852
0.047116
0.040461
0.038661
0.042929
0.053581
0.077386
0.073103
0.091845
0.072895
0.042380
0.045725
0.053883
0.032027
0.039713
0.047484
0.044124
0.061795
0.036466
0.064132
0.036145
0.068155
0.039453
0.051390
0.046543
0.055894
0.037812
