0.000633
0.047107
0.044792
0.037383
0.063356
0.046294
0.056027
0.073067
0.047864
0.058943
0.051332
0.054564
0.048524
0.049067
0.059896
0.053747
0.048645
0.075054
0.052619
0.066873
0.061288
0.052476
0.056173
0.072862
0.065974
0.057267
0.050694
0.041864
0.047574
0.062709
0.045396
0.040153
0.060174
0.055326
0.043461
0.062689
0.065061
0.056501
0.052394
0.039348
0.050884
0.057857
0.051364
0.044105
0.056270
0.070534
0.049032
0.055560
0.069937
0.052238
0.066925
0.058406
0.054158
0.041789
0.038883
0.035958
0.035781
0.036194
0.036034
0.035565
0.056091
0.072292
0.042199
0.063239
0.063953
0.063496
0.062660
0.049690
0.043604
0.050998
0.039623
0.066553
0.070396
0.074328
0.073580
0.075446
0.070154
0.086175
0.064193
0.070977
0.097579
0.075552
0.069714
0.049750
0.059479
0.063430
0.067455
0.065889
0.047134
0.064449
0.063462
0.069612
0.055244
0.037206
0.037287
0.063100
0.054145
0.063965
0.076535
0.096433
0.096931
0.090632
0.093905
0.070902
0.065928
0.067318
0.065958
0.065294
0.064696
0.071547
0.065481
0.043849
0.070000
0.066682
0.051261
0.037642
0.063379
0.062655
0.038508
0.059512
0.070187
0.059661
0.074032
0.066932
0.065252
0.048750
0.042852
0.041762
0.083095
0.055967
0.052252
0.046459
0.071576
0.063951
0.059718
0.054891
0.045123
0.038925
0.040896
0.047023
0.073290
0.048046
0.062614
0.044096
0.049764
0.040878
0.039505
0.055045
0.090323
0.068981
0.058643
0.058200
0.052639
0.051843
0.053982
0.051633
0.051911
0.042668
0.044935
0.067716
0.053129
0.051045
0.088424
0.091290
0.075860
0.053768
0.055591
0.057235
0.063907
0.075560
0.080160
0.045139
0.043671
0.044812
0.053049
0.060695
0.048662
0.076021
0.066561
0.097154
0.047763
0.054738
0.077673
0.055701
0.065378
0.057027
0.042192
0.069960
0.063381
0.054880
0.042037
0.052040
0.055004
0.051157
0.054235
0.057321
0.050895
0.042273
0.054411
0.042821
0.050344
0.080507
0.064054
0.056395
0.052458
0.052478
0.054559
0.042145
0.066216
0.066777
0.049340
0.057062
0.047618
0.049705
0.054880
0.053074
0.055256
0.064717
0.065480
0.044856
0.064968
0.063969
0.058659
0.070200
0.047306
