0.000630
0.040080
0.037443
0.057060
0.035279
0.035412
0.034950
0.038288
0.038888
0.041307
0.037420
0.036889
0.037033
0.037321
0.040392
0.037757
0.036180
0.034580
0.034126
0.034529
0.033397
0.037078
0.034282
0.040608
0.037455
0.035741
0.034725
0.034775
0.034742
0.047276
0.046123
0.035175
0.033987
0.036521
0.033904
0.034794
0.036244
0.035022
0.034516
0.034786
0.034754
0.034773
0.036118
0.038684
0.035173
0.036672
0.034381
0.033877
0.039457
0.034876
0.034214
0.035831
0.035460
0.033491
0.037563
0.035648
0.035308
0.035534
0.036557
0.035337
0.036860
0.034888
0.034257
0.035135
0.034209
0.034287
0.033700
0.033353
0.035963
0.034222
0.037483
0.034114
0.034539
0.034118
0.035433
0.038752
0.035736
0.034792
0.034735
0.035359
0.036449
0.035653
0.035128
0.034776
0.035295
0.035692
0.035862
0.035137
0.035666
0.034343
0.034656
0.034285
0.034455
0.034866
0.034532
0.035948
0.035993
0.034213
0.034463
0.034987
0.035832
0.034856
0.035165
0.034858
0.036311
0.035737
0.035475
0.035517
0.035684
0.035684
0.033676
0.033831
0.033798
0.033716
0.035963
0.034080
0.034603
0.035176
0.033612
0.034224
0.035103
0.035694
0.034845
0.034936
0.033461
0.033422
0.034917
0.039096
0.035700
0.038461
0.040226
0.034313
0.035872
0.035289
0.035764
0.035367
0.035049
0.034067
0.034632
0.035522
0.035295
0.035765
0.035328
0.034155
0.035154
0.035232
0.034473
0.034235
0.034966
0.034117
0.034625
0.034912
0.034002
0.033831
0.035585
0.035839
0.035542
0.035574
0.036032
0.034905
0.035686
0.034425
0.034333
0.034295
0.035721
0.035197
0.037129
0.034563
0.034767
0.034486
0.037461
0.036295
0.036916
0.034522
0.034712
0.035346
0.037223
0.034823
0.039298
0.034826
0.034749
0.035182
0.035136
0.034483
0.033970
0.033724
0.034467
0.037442
0.035064
0.033779
0.033932
0.033778
0.035914
0.033928
0.033851
0.033657
0.034067
0.038210
0.033669
0.036352
0.035078
0.036316
0.035452
0.038321
0.035278
0.035859
0.035282
0.035201
0.034006
0.036268
0.034374
0.035698
0.036092
0.034460
0.034620
0.036165
0.036923
0.035774
0.035296
0.034285
0.034860
0.034491
0.036970
0.033659
0.033636
0.035634
0.035267
0.034907
0.034978
0.033868
0.034635
0.033985
0.034264
0.039139
0.046300
0.048112
0.035412
0.039351
0.035041
0.035009
0.035859
0.034028
0.033713
0.034830
0.034192
0.034501
0.034249
0.034935
0.034482
0.033886
0.034058
0.034023
0.033896
0.034558
0.033710
0.034145
0.033889
0.033997
0.036970
0.035751
0.038138
0.035720
0.036109
0.035966
0.036513
0.034607
0.034990
0.036184
0.034016
0.033509
0.035165
0.038944
0.036243
0.036573
0.034457
0.034390
0.034445
0.035969
0.036185
0.034330
0.034595
0.034981
0.034420
0.035522
0.033927
0.034166
0.034516
0.034723
0.034852
0.037317
0.033880
0.033548
0.033922
0.035335
0.034746
0.036169
0.034230
0.034718
0.035139
0.034567
0.034608
0.033889
0.035056
0.033880
0.034938
0.033951
0.034325
0.034143
0.035062
0.035403
0.036928
0.036145
0.035393
0.036015
0.036707
0.035596
0.036846
0.034778
0.034582
0.034697
0.034689
0.036379
0.035415
0.035632
0.034774
0.034031
0.034959
0.034733
0.034651
0.034664
0.033552
0.034237
0.032969
0.035009
0.035784
0.036249
0.033816
0.033560
0.033913
0.035819
0.034380
0.036821
0.035513
0.034600
0.034586
0.038139
0.034415
0.035176
0.035238
0.035401
0.035047
0.034674
0.035367
0.034630
0.035322
0.034778
0.037390
0.035016
0.035090
0.034929
0.034526
0.035794
0.036719
0.034528
0.034723
0.034178
0.035087
0.036304
0.035625
0.036552
0.034006
0.034030
0.037721
0.035284
0.035980
0.033514
0.033898
0.034779
0.036071
0.034692
0.035135
0.034003
0.033874
0.033749
0.038347
0.034330
0.033397
0.033512
0.033595
0.033942
0.033841
0.034061
0.035506
0.034287
0.033707
0.034361
0.036567
0.034699
0.033950
0.035907
0.034217
0.034148
0.034501
0.034504
0.034213
0.034493
0.035191
0.034427
0.034592
0.035285
0.034700
0.034615
0.035427
0.034986
0.036384
0.036477
0.036120
0.039320
0.035422
0.034476
0.035918
0.034240
0.034678
0.036852
0.035548
0.038217
0.034253
0.033946
0.033889
0.033919
0.033879
0.033820
0.034707
0.035371
0.035108
0.033740
0.034546
0.034878
0.034962
0.034212
0.034097
0.034406
0.034605
0.033884
0.034023
0.035803
0.034413
0.034165
0.036474
0.034112
0.035471
0.035974
0.034734
0.035849
0.034709
0.034379
0.034267
0.036952
0.037401
0.035547
0.034325
0.034238
0.046875
0.038743
0.034735
0.033955
0.036822
0.034198
0.034072
0.034006
0.038867
0.036877
