0.003968
0.036445
0.034427
0.035291
0.033915
0.033823
0.034030
0.033782
0.034478
0.034194
0.034573
0.034438
0.033967
0.034314
0.034187
0.034069
0.033448
0.033347
0.034607
0.034854
0.034302
0.034332
0.034272
0.034366
0.034719
0.034790
0.034087
0.034387
0.034226
0.034141
0.033874
0.034145
0.034272
0.034058
0.034453
0.033866
0.034566
0.034814
0.033870
0.035489
0.033992
0.033798
0.034520
0.032917
0.033594
0.032955
0.033005
0.032879
0.033648
0.033252
0.034679
0.033968
0.035082
0.034371
0.038509
0.034532
0.034341
0.033831
0.034398
0.033431
0.034415
0.033770
0.032929
0.032931
0.033623
0.033704
0.035037
0.036534
0.035373
0.034997
0.034502
0.034554
0.034408
0.034547
0.034307
0.033704
0.033744
0.033708
0.033742
0.035039
0.034266
0.034028
0.034375
0.033103
0.034039
0.033766
0.033948
0.033967
0.033551
0.034163
0.034492
0.033939
0.034125
0.037067
0.033265
0.034309
0.034822
0.034323
0.033885
0.034306
0.033942
0.034430
0.033094
0.033262
0.033193
0.034758
0.033885
0.034977
0.034454
0.034161
0.034685
0.033916
0.034332
0.034661
0.034532
0.033730
0.033692
0.034365
0.034037
0.034394
0.034373
0.035275
0.034605
0.033497
0.034811
0.033691
0.033729
0.034189
0.033683
0.033851
0.033765
0.033953
0.033781
0.033975
0.034064
0.034315
0.033942
0.034033
0.034112
0.033401
0.033870
0.033803
0.034042
0.033913
0.033844
0.033679
0.033852
0.033856
0.033755
0.034969
0.033092
0.033204
0.033011
0.033398
0.034033
0.034340
0.034583
0.034023
0.036171
0.033929
0.034055
0.034111
0.034086
0.035206
0.033783
0.034775
0.034338
0.034098
0.034639
0.035777
0.036045
0.034838
0.034788
0.034387
0.034724
0.034189
0.034568
0.034939
0.035019
0.034503
0.034558
0.034252
0.034735
0.034127
0.034114
0.034006
0.033923
0.034458
0.035258
0.034545
0.034375
0.034186
0.034161
0.034098
0.034463
0.033994
0.034109
0.034039
0.034012
0.034337
0.033903
0.034357
0.033890
0.034136
0.034336
0.034286
0.034510
0.035218
0.034144
0.034129
0.034053
0.034311
0.034037
0.034132
0.033938
0.033849
0.034391
0.033843
0.034701
0.033805
0.033977
0.035431
0.034526
0.034031
0.033977
0.034736
0.034396
0.034113
0.034691
0.034253
0.034019
0.034303
0.034882
0.034130
0.034301
0.034718
0.034421
0.039970
0.040873
0.039395
0.036345
0.034539
0.034249
0.034653
0.034040
0.034725
0.034918
0.034177
0.034731
0.034262
0.034652
0.034484
0.033980
0.034629
0.034068
0.034784
0.034277
0.034408
0.034560
0.034553
0.034345
0.034813
0.034097
0.034461
0.034393
0.034563
0.034631
0.034267
0.034605
0.033250
0.034678
0.034590
0.033746
0.035431
0.032943
0.034459
0.034302
0.034405
0.034348
0.034587
0.034481
0.034111
0.034651
0.034818
0.033921
0.033915
0.033708
0.034953
0.034137
0.034330
0.033971
0.033718
0.034246
0.034466
0.034193
0.034195
0.034108
0.035011
0.033850
0.034630
0.034575
0.035025
0.034373
0.034273
0.034863
0.034376
0.033978
0.034637
0.034243
0.034620
0.034624
0.034105
0.034647
0.034082
0.034782
0.035127
0.034855
0.034324
0.033896
0.033912
0.033939
0.036213
0.033798
0.032731
0.034299
0.034542
0.033986
0.034259
0.034380
0.035172
0.034734
0.034053
0.034539
0.034302
0.034224
0.035054
0.034574
0.034636
0.034353
0.034752
0.034441
0.034066
0.034607
0.036063
0.034448
0.034247
0.033679
0.034085
0.033907
0.034382
0.034454
0.033908
0.034074
0.033809
0.034344
0.033748
0.034201
0.034833
0.033890
0.034154
0.033939
0.033778
0.033965
0.033875
0.033807
0.033499
0.034535
0.033132
0.033661
0.034049
0.034680
0.034758
0.034796
0.034780
0.034022
0.034570
0.034360
0.033986
0.034605
0.034150
0.036936
0.034055
0.034050
0.034103
0.034799
0.034404
0.035987
0.034019
0.034562
0.034555
0.034308
0.034508
0.033950
0.034469
0.034188
0.034543
0.034710
0.033280
0.036714
0.034933
0.033833
0.035718
0.035754
0.033782
0.033754
0.033566
0.033692
0.033467
0.034219
0.034128
0.034441
0.034447
