0.009372
0.097819
0.097582
0.099717
0.106638
0.119183
0.096720
0.107048
0.106018
0.113959
0.107478
0.136212
0.095794
0.135186
0.117995
0.131053
0.150004
0.110328
0.121334
0.106148
0.113760
0.150054
0.095392
0.105151
0.107201
0.105405
0.109644
0.111982
0.097315
0.109411
0.117770
0.114707
0.114986
0.139664
0.119979
0.110194
0.112906
0.120465
0.105765
0.101873
0.117768
0.150146
0.139049
0.140884
0.128778
0.111637
0.106502
0.130145
0.109122
0.115049
0.120595
0.128332
0.114334
0.114601
0.109021
0.117347
0.104899
0.104563
0.100163
0.108237
0.113663
0.120387
0.102318
0.122467
0.110350
0.104510
0.106551
0.098589
0.107307
0.110887
0.113826
0.112447
0.101989
0.105502
0.105655
0.105538
0.108003
0.106154
0.097749
0.099457
0.108763
0.103581
0.120315
0.109933
0.106655
0.105116
0.104048
0.106225
0.120067
0.104710
0.098097
0.113480
0.100292
0.106007
0.104607
0.098208
0.103566
0.102323
0.100199
0.100246
0.115111
0.110249
0.118878
0.111057
0.114453
0.111134
0.127490
0.143085
0.124151
0.132539
0.098469
0.103490
0.100066
0.097077
0.114422
0.106008
0.123019
0.106401
0.100535
0.126101
0.132095
0.108207
0.114476
0.115019
0.107285
0.138986
0.108250
0.106567
0.103030
0.102798
0.100061
0.102115
0.110557
0.103697
0.158115
0.134720
0.120725
0.102705
0.111035
0.103843
0.110656
0.134392
0.123072
0.138482
0.133109
0.117263
0.098376
0.116253
0.113240
0.154597
0.108317
0.106662
0.106370
0.106738
0.109657
0.142971
0.123444
0.126408
0.124625
0.107041
0.114643
0.095063
0.090977
0.092404
0.087460
0.088613
0.082687
0.085126
0.085539
0.115435
0.120553
0.109796
0.115511
0.116622
0.091618
0.109213
0.133501
0.115639
0.105538
0.107104
0.121927
0.120833
0.106554
0.114076
0.112652
0.102263
0.097990
0.120235
0.095876
0.091837
0.086500
0.114440
0.086513
0.089200
0.093127
0.134469
0.097032
0.096022
0.096903
0.097209
0.097731
0.094929
0.090355
0.127356
0.142510
0.097290
0.096243
0.098366
0.098220
0.099111
0.105144
0.110121
0.119560
0.111872
0.109432
0.140683
0.124368
0.107068
0.108408
0.153682
0.112526
0.112731
0.142260
0.112172
0.131669
0.105811
0.117507
0.105456
0.110466
0.107384
0.102318
0.106933
0.106800
0.114697
0.124284
0.109953
0.113776
0.115842
0.096803
0.096716
0.093219
0.096546
0.095954
0.093783
0.119667
0.105459
0.108850
0.105200
0.110929
0.111815
0.135124
0.105170
0.114336
0.108610
0.103783
0.110129
0.110318
0.160274
0.153649
0.105188
0.155129
0.108615
0.103765
0.108553
0.103246
0.106926
0.119184
0.106850
0.106230
0.115299
0.109910
0.126492
0.131223
0.104377
0.119927
0.129420
0.114096
0.110853
0.118587
0.113863
0.133567
0.112763
0.167673
0.115796
0.120548
0.110856
0.105625
0.101647
0.124831
0.104655
0.111425
0.105467
0.103683
0.101739
0.104360
0.108734
0.123786
0.112251
0.107502
0.108854
0.116212
0.105604
0.107024
0.107079
0.100253
0.100724
0.128685
0.106856
0.114020
0.115088
0.101906
0.098302
0.132881
0.105732
0.151293
0.143407
0.108140
0.093184
0.097567
0.092614
0.090478
0.092503
0.093807
0.093481
0.119272
0.097136
0.097222
0.106030
0.108595
0.104728
0.121297
0.103070
0.143790
0.121427
0.093051
0.099090
0.090577
0.090453
0.096766
0.098434
0.105036
0.105145
0.093577
0.124480
0.109981
0.113868
0.116815
0.109005
0.118802
0.109173
0.110513
0.105387
0.113254
0.111351
0.112015
0.134138
0.097266
0.092747
0.100227
0.131144
0.100993
0.143049
0.105371
0.104047
0.143406
0.107430
0.102190
0.104754
0.105524
0.109423
0.110716
0.099949
0.102329
0.121731
0.146171
0.101978
0.100946
0.100599
0.111832
0.112517
0.109774
0.104804
0.100422
0.111046
0.129721
0.107305
0.101279
0.114263
0.121480
0.109299
0.119869
0.102889
0.104461
0.149778
0.103155
0.118310
0.132447
0.108727
0.105488
0.103236
0.135130
0.099564
0.100354
0.097986
0.103973
0.098222
0.099640
0.103202
0.092190
0.082531
0.089502
0.085451
0.088654
0.086741
0.136630
0.103809
0.100954
0.102947
0.108365
0.107261
0.092623
0.097354
0.125797
0.113034
0.108867
0.105721
0.108253
0.110977
0.104723
0.105569
0.114305
0.105821
0.102908
0.113956
0.111616
0.112579
0.109059
0.113672
0.108936
0.096394
0.104909
0.137908
0.102445
0.090440
0.095692
0.101626
0.094736
0.131768
0.107594
0.105246
0.112226
0.104717
0.128563
0.105039
0.125340
0.126913
0.126833
0.134989
0.127636
0.094063
0.103709
0.095245
0.113131
0.119318
0.114476
0.152436
0.126464
0.110788
0.106644
0.113021
0.126122
0.099826
0.110766
0.098136
0.110265
0.118834
0.127070
0.129992
0.116924
0.110941
0.122304
0.123324
0.155952
0.122392
0.172557
0.135542
0.158830
0.113701
0.111218
0.110591
0.120224
0.105230
0.151731
0.118493
0.108421
0.111127
0.109710
0.119087
0.113524
0.108982
0.100075
0.117413
0.096132
0.138341
0.141762
0.128363
0.115617
0.124719
0.098282
0.111081
0.101163
0.097466
0.095345
0.141742
0.122257
0.112641
0.096059
0.094090
0.094927
0.106688
0.092067
0.088577
0.126327
0.102715
0.108860
0.128283
0.102627
0.151876
0.103797
0.103940
0.111826
0.130195
0.092108
0.118024
0.140870
0.148203
0.106927
0.111174
0.100919
0.110326
0.100697
0.143983
0.105606
0.107987
0.098732
0.105100
0.104906
0.104024
0.103711
0.095884
0.091817
0.088191
0.088750
0.099159
0.094048
0.096520
0.096548
0.116119
0.168849
0.103299
0.104923
0.107710
0.117996
0.115663
0.111413
0.111301
0.112583
0.108071
0.103936
0.101541
0.102149
0.103663
0.102675
0.108540
0.107397
0.111755
0.148484
0.105456
0.119764
0.112570
0.117298
0.165004
0.097952
0.101042
0.166613
0.099630
0.109850
0.134451
0.119633
0.132640
0.123773
0.124704
0.144199
0.107437
0.097926
0.116285
0.112243
0.103741
0.110192
0.146825
0.102671
0.101985
0.102880
0.110074
0.115915
0.114027
0.114072
0.124542
0.116596
0.105394
0.100481
0.103834
0.096477
0.105910
0.101773
0.097203
0.096859
0.104661
0.106248
0.111664
0.104543
0.110741
0.106156
0.150698
0.120077
0.104016
0.106448
0.105977
0.107051
0.117837
0.163374
