0.010610
0.105668
0.101170
0.109833
0.104367
0.107760
0.154006
0.105302
0.109579
0.109606
0.130111
0.151412
0.150563
0.099937
0.105708
0.122887
0.146424
0.140579
0.099016
0.103393
0.101086
0.098899
0.098141
0.104340
0.102678
0.109814
0.137074
0.105967
0.111453
0.096400
0.139018
0.135126
0.095398
0.102175
0.107855
0.100977
0.105195
0.101216
0.097453
0.102673
0.098307
0.110677
0.100960
0.141465
0.102537
0.108024
0.102095
0.097169
0.100513
0.106848
0.097289
0.101810
0.129292
0.147862
0.157665
0.116434
0.134969
0.104915
0.103268
0.138272
0.110181
0.112277
0.101835
0.121731
0.141374
0.091754
0.113327
0.111111
0.099365
0.162645
0.103469
0.096154
0.093208
0.090494
0.091967
0.104300
0.117851
0.112908
0.110002
0.140191
0.104906
0.132632
0.108635
0.103355
0.096524
0.098930
0.099817
0.098691
0.093360
0.089450
0.091262
0.082641
0.131738
0.103055
0.103559
0.099730
0.110672
0.099525
0.101283
0.106388
0.101778
0.109921
0.115073
0.106011
0.109430
0.107819
0.109998
0.124633
0.103468
0.100353
0.106766
0.103208
0.105912
0.103844
0.107382
0.104114
0.092341
0.090875
0.087686
0.115444
0.104582
0.107824
0.107265
0.119574
0.104284
0.098923
0.108950
0.119714
0.126631
0.096957
0.128827
0.115401
0.097168
0.101457
0.107660
0.101487
0.095562
0.111841
0.095419
0.115109
0.095621
0.094420
0.107895
0.112878
0.138394
0.136802
0.133364
0.104979
0.127309
0.145667
0.100102
0.140959
0.127005
0.117327
0.122797
0.104579
0.102853
0.099603
0.111357
0.117958
0.106277
0.103569
0.124844
0.133991
0.115183
0.131921
0.119117
0.100209
0.137213
0.131642
0.105826
0.109190
0.113814
0.105976
0.106081
0.118791
0.132445
0.117485
0.096765
0.122474
0.099848
0.104555
0.104645
0.110293
0.105649
0.109717
0.104117
0.099990
0.100760
0.102136
0.117003
0.108465
0.139650
0.096912
0.099298
0.093122
0.122265
0.094557
0.087332
0.109553
0.105422
0.103843
0.128567
0.104616
0.103565
0.141202
0.112363
0.104657
0.101408
0.098846
0.112221
0.104548
0.103716
0.100994
0.092542
0.103044
0.145988
0.092373
0.092522
0.096215
0.107473
0.119580
0.100525
0.100298
0.101672
0.134709
0.111665
0.130216
0.119736
0.100828
0.110306
0.105645
0.102449
0.105285
0.109653
0.112481
0.147738
0.127186
0.104944
0.135277
0.101875
0.100861
0.100279
0.110625
0.106461
0.102809
0.131053
0.108088
0.108253
0.106586
0.106649
0.124813
0.109425
0.102474
0.105815
0.098301
0.130615
0.098256
0.102782
0.114229
0.132605
0.109822
0.101564
0.101187
0.095071
0.101153
0.113754
0.135817
0.102598
0.097358
0.105162
0.106552
0.093076
0.103846
0.106017
0.131654
0.132162
0.118820
0.152350
0.101685
0.119527
0.111507
0.114323
0.113964
0.157984
0.101292
0.107395
0.116841
0.105323
0.100218
0.105116
0.102261
0.113257
0.119961
0.143351
0.109290
0.150132
0.120224
0.110298
0.110090
0.106184
0.122149
0.109644
0.106361
0.105854
0.109993
0.090620
0.089432
0.105771
0.102297
0.145442
0.146139
0.087015
0.117787
0.124199
0.127533
0.131148
0.109681
0.112307
0.105135
0.099814
0.102394
0.102726
0.136190
0.105935
0.094975
0.122883
0.100038
0.119800
0.109087
0.102458
0.106714
0.096208
0.093135
0.088106
0.139095
0.112831
0.104404
0.099689
0.108970
0.101263
0.106356
0.109187
0.097272
0.110536
0.107232
0.114151
0.139369
0.097525
0.102058
0.112731
0.104938
0.106751
0.095278
0.090428
0.095496
0.097504
0.089396
0.100466
0.094623
0.101585
0.117000
0.099115
0.106197
0.130138
0.087789
0.112549
0.101436
0.128469
0.093094
0.120206
0.109540
0.107445
0.113619
0.113641
0.100444
0.103641
0.093791
0.092558
0.104408
0.110132
0.093694
0.085236
0.102894
0.090221
0.091942
0.091544
0.103538
0.087720
0.087147
0.093896
0.093819
0.093273
0.095847
0.093592
0.108605
0.134444
0.112577
0.136967
0.103638
0.104293
0.100379
0.099366
0.103959
0.101460
0.101716
0.095711
0.089606
0.091988
0.082011
0.085840
0.097141
0.101663
0.113468
0.111885
0.101881
0.099775
0.128035
0.116409
0.101875
0.102623
0.114694
0.148077
0.102921
0.124878
0.097068
0.125804
0.123797
0.104641
0.133998
0.146509
0.104923
0.101588
0.108301
0.103637
0.139045
0.101247
0.095758
0.098627
0.094055
0.092902
0.098056
0.126369
0.107131
0.089945
0.103431
0.102969
0.099200
0.118077
0.150056
0.136811
0.131173
0.110817
0.118506
0.097152
0.105725
0.126081
0.114028
0.125385
0.107315
0.116023
0.111279
0.101864
0.114352
0.099433
0.106276
0.131717
0.108141
0.107226
0.108336
0.105892
0.109675
0.136662
0.113657
0.136960
0.110837
0.110294
0.109237
0.111537
0.150703
0.120621
0.138681
0.120188
0.102061
0.107402
0.137969
0.119887
0.109223
0.110161
0.108422
0.113603
0.107745
0.106648
0.108850
0.104661
0.101115
0.134191
0.114552
0.105551
0.109254
0.129197
0.125924
0.102945
0.105063
0.143827
0.151099
0.146466
0.147851
0.103233
0.106419
0.102878
0.147357
0.121215
0.092398
0.098969
0.103997
0.091500
0.104881
0.141361
0.107767
0.133800
0.104992
0.100213
0.111657
0.098725
0.100079
0.100323
0.105843
0.099199
0.124155
0.100196
0.093399
0.106468
0.120287
0.136199
0.112562
0.110174
0.152176
0.109575
0.115217
0.113392
0.103784
0.112630
0.101529
0.106771
0.110226
0.134441
0.142341
0.096626
0.098749
0.149767
0.134198
0.138521
0.094453
0.100640
0.102486
0.107298
0.100718
0.129578
0.125580
0.111925
0.106713
0.096728
0.104350
0.118680
0.087006
0.153955
0.107677
0.098240
0.095909
0.089386
0.095592
0.098417
0.108645
0.111305
0.112432
0.149641
0.121453
0.106501
0.117520
0.105253
0.134928
0.103999
0.098376
0.098104
0.123479
0.106976
0.105179
0.125905
0.137197
0.100863
0.146476
0.140258
0.099444
0.100204
0.106008
0.121292
0.095018
0.092692
0.138300
0.110296
0.117331
0.131439
0.135310
0.093548
0.093723
0.107449
0.090934
0.097324
0.114338
0.106205
0.100604
0.115657
0.120444
0.091756
0.096225
0.106995
0.106743
0.113178
0.121143
0.104348
0.130149
0.095816
0.119077
0.112015
0.111953
0.098963
0.092368
0.092849
0.095935
0.093356
0.090106
0.095275
0.115792
0.126535
0.103435
0.111529
0.115801
0.107421
0.114110
0.107465
0.104025
0.116712
0.105705
0.122025
0.114062
0.106037
0.099466
0.132212
0.109837
0.132140
0.122010
0.116536
0.112075
0.110620
0.107416
0.129551
0.107546
0.144746
0.113912
0.113599
0.099850
0.098005
0.109615
0.106286
0.108912
0.112190
0.111358
0.110964
0.101263
0.103841
0.103422
0.132875
0.111541
0.107527
0.145276
0.128119
0.114480
0.110592
0.104002
0.115015
0.119462
0.108763
0.126944
0.110760
0.088753
0.107121
0.133185
0.084665
0.113645
0.118850
0.109176
0.116783
0.142630
0.105481
0.114123
0.128575
0.127242
0.101772
0.100414
0.101196
0.103839
0.108920
0.100605
0.120223
0.103956
0.105006
0.094452
0.104006
0.106124
0.105413
0.103870
0.103420
0.111690
0.115347
0.105857
0.118585
0.112764
0.100267
0.088352
0.090871
0.103046
0.107680
0.096445
0.099386
0.122931
0.116016
0.104229
0.097629
0.101121
0.102651
0.109165
0.139434
0.105567
0.123004
0.106544
0.138628
0.126186
0.107043
0.102781
0.112679
0.118660
0.097193
0.157521
0.134966
0.113104
0.138893
0.151636
0.132821
0.099336
0.108413
0.174953
0.089768
0.102137
0.107624
0.097773
0.142160
0.129017
0.134291
0.109432
0.106553
0.108631
0.085737
0.095138
0.114013
0.109010
0.120922
0.111473
0.126130
0.106811
0.112450
0.113547
0.112748
0.137437
0.103243
0.102040
0.108744
0.103659
0.107709
0.110024
0.104963
0.103369
0.123476
0.110332
0.109771
0.104753
0.101341
0.112297
0.103137
0.103845
0.099439
0.122595
0.124826
0.101263
0.110552
0.109599
0.168527
0.111693
0.108918
0.126420
0.104577
0.119379
0.128730
0.114690
0.107483
0.104855
0.102767
0.103004
0.101835
0.106400
0.138180
0.131216
0.126479
0.116856
0.117133
0.104437
0.103678
0.103711
0.111229
0.107644
0.114136
0.111487
0.101732
0.102592
0.114557
0.109123
0.120768
0.116184
0.105717
0.126592
0.108742
0.098058
0.093993
0.100419
0.142560
0.088478
0.091603
0.094281
0.099061
0.096118
0.093251
0.104666
0.143851
0.134374
0.127783
0.101479
0.151536
0.117000
0.106831
0.103107
0.101276
0.118826
0.113395
0.108507
0.151074
0.107476
0.118312
0.132325
0.148545
0.100493
0.104153
0.144841
0.130936
0.113125
0.101854
0.115650
0.129535
0.126945
0.125975
0.121907
0.119703
0.101128
0.109284
0.090689
0.097320
0.120790
0.105540
0.104956
0.133770
0.134873
0.121068
0.135429
0.110947
0.108760
0.101031
0.099279
0.097702
0.098382
0.105795
0.099218
0.103262
0.103361
0.106637
0.104366
0.143515
0.105561
0.104401
0.119324
0.127844
0.099132
0.113917
0.097486
0.097971
0.100791
0.099538
0.101856
0.116174
0.118992
0.122133
0.111529
0.114882
0.108710
0.106080
0.108886
0.111462
0.114687
0.103185
0.097177
0.117340
0.120356
0.100035
0.101774
0.110136
0.105997
0.107626
0.098897
0.104014
0.099803
0.112120
0.116526
0.109735
0.121011
0.100359
0.132946
0.114274
0.119836
0.104316
0.100635
0.106333
0.117471
0.116147
0.151232
0.109927
0.101606
0.103506
0.116638
0.149337
0.092520
0.116126
0.103297
0.108305
0.098498
0.100567
0.103303
0.108182
0.096453
0.100848
0.099174
0.106702
0.097368
0.093110
0.098926
0.116877
0.095330
0.147763
0.108132
0.109742
0.122276
0.141168
0.141197
0.103350
0.107488
0.109502
0.094396
0.086602
0.093168
0.107208
0.132518
0.098791
0.086414
0.096232
0.131117
0.119140
0.104917
0.096698
0.100455
0.129954
0.126035
0.118644
0.098042
0.112220
0.133711
0.093154
0.100103
0.099315
0.152414
0.097216
0.099879
0.103877
0.100108
0.108056
0.101773
0.104418
0.107050
0.121304
0.109227
0.104667
0.098724
0.102211
0.127382
0.119231
0.165277
0.120198
0.115805
0.124624
0.123740
0.111785
0.116044
0.160548
0.103999
0.114425
0.112256
0.147354
0.119257
0.111527
0.098502
0.098856
0.101641
0.100761
0.152348
0.105660
0.102981
0.104890
0.107408
0.106187
0.131373
0.108538
0.106675
0.114190
0.153529
0.142513
0.149328
0.097589
0.129030
0.133324
0.137131
0.127368
0.105376
0.108876
0.109204
0.098369
0.095992
0.149234
0.128202
0.110319
0.134074
0.110512
0.113027
0.118788
0.113466
0.099947
0.102837
0.135674
0.105414
0.139677
0.141708
0.125315
0.116276
0.120885
0.105646
0.097766
0.131021
0.112499
0.111768
0.129376
0.130506
0.112718
0.096795
0.099880
0.100805
0.104368
0.099743
0.128719
0.121019
0.117691
0.132585
0.097870
0.116660
0.136373
0.116039
0.139840
0.101655
0.106531
0.108657
0.102962
0.148527
0.108151
0.098151
0.101758
0.103004
0.097199
0.103700
0.112620
0.110273
0.103876
0.111443
0.100553
0.095593
0.097501
0.106287
0.107882
0.120212
0.112603
0.105584
0.107396
0.111623
0.107811
0.116731
0.113915
0.119179
0.105656
0.100840
0.127816
0.135347
0.103848
0.099916
0.098386
0.108697
0.107563
0.127734
0.126108
0.132491
0.106746
0.113375
0.104662
0.108155
0.110816
0.090461
0.100384
0.158740
0.133458
0.092974
0.088580
0.097047
0.111208
0.139551
0.153397
0.110972
0.130198
0.100844
0.136212
0.098470
0.099281
0.154538
0.105187
0.109995
0.107358
0.106137
0.106981
0.102184
0.109398
