23	88	66	55
21	87	70	55
22	86	68	55
21	87	68	54
22	87	67	54
22	88	68	54
23	88	67	54
23	90	66	53
23	88	66	53
23	87	66	52
24	87	65	52
24	88	65	52
24	87	65	52
24	85	65	51
26	86	64	51
25	84	63	51
26	83	63	51
27	83	62	50
27	82	62	50
28	84	62	50
28	84	62	49
28	83	62	49
29	84	61	48
30	84	61	49
30	85	61	48
31	85	60	48
32	84	59	47
32	84	60	47
33	85	59	47
33	85	58	47
34	85	58	47
35	85	58	46
36	86	57	46
37	85	57	45
37	85	57	45
38	86	57	44
39	85	56	45
39	84	56	44
40	83	55	44
40	82	55	44
41	81	54	43
42	81	54	43
43	81	53	42
44	81	53	42
44	82	52	42
45	83	52	42
45	85	52	42
46	86	52	41
46	87	51	41
46	87	51	41
46	87	51	41
47	88	51	40
47	87	51	40
47	86	50	40
48	87	49	39
48	87	49	39
48	87	48	39
49	88	48	39
49	88	48	38
49	90	48	38
49	89	48	38
49	90	47	38
50	90	47	38
49	90	47	38
50	91	46	38
50	91	46	37
50	89	46	37
50	89	46	37
50	88	46	37
50	88	46	37
51	88	45	37
50	86	45	36
51	87	45	36
52	88	44	36
51	86	45	35
52	86	44	36
53	87	43	35
53	87	44	35
53	86	44	35
53	86	44	35
54	86	43	35
55	86	43	35
54	84	42	34
56	83	42	34
56	84	42	34
55	84	41	34
56	84	41	34
56	85	41	34
56	85	41	34
56	85	40	33
56	86	41	33
57	85	40	33
57	85	40	33
57	84	40	33
57	84	40	33
57	83	40	33
57	84	39	32
58	84	39	32
57	84	39	32
57	84	39	32
57	84	39	32
57	84	39	32
57	85	39	32
56	84	39	32
57	84	38	32
57	83	38	32
56	81	38	31
57	80	38	31
56	78	38	31
56	77	38	31
56	76	37	31
56	76	37	31
57	76	37	30
57	76	37	30
56	76	37	30
56	78	37	31
56	79	37	30
55	80	37	30
55	81	37	30
55	83	37	30
55	83	37	30
54	84	36	30
54	84	36	29
54	84	36	29
54	83	36	29
54	82	36	29
54	81	36	29
53	80	35	29
53	80	36	29
52	79	36	28
52	80	36	29
52	80	36	28
52	80	36	28
52	81	35	28
51	81	35	28
50	81	36	28
49	81	36	28
50	81	36	28
50	81	34	28
50	81	34	28
49	80	35	28
49	80	34	27
48	80	34	27
48	80	34	27
47	81	35	27
48	81	33	27
46	80	35	27
46	81	34	27
45	80	35	27
45	80	34	27
44	81	34	27
44	82	34	27
44	83	34	26
44	83	33	26
43	81	33	26
43	80	33	26
43	80	33	26
41	78	33	26
42	78	32	26
41	79	32	26
41	78	32	26
40	79	32	26
40	80	32	26
39	81	32	25
39	81	32	25
39	81	31	25
39	81	31	25
38	82	32	25
37	82	32	25
36	81	32	25
36	81	31	25
36	81	32	25
36	81	31	25
36	81	31	25
34	81	31	25
35	81	31	25
33	81	32	24
32	83	31	24
33	82	31	24
32	82	31	24
32	83	31	24
31	83	31	24
30	82	32	24
29	83	32	25
29	83	32	25
29	83	32	25
29	83	31	25
28	83	31	25
27	83	32	25
27	83	32	25
26	83	32	26
26	84	32	26
26	85	31	26
26	85	31	25
25	86	31	26
25	85	31	26
25	85	30	26
25	87	30	24
23	86	31	27
24	86	30	24
23	87	30	24
22	87	31	24
23	87	29	23
21	86	31	23
21	87	31	24
19	86	33	24
20	86	32	23
19	86	31	24
19	85	31	24
19	83	32	24
19	83	32	24
19	82	33	24
19	80	32	24
19	80	30	24
18	81	32	24
19	81	31	23
18	82	32	24
18	82	32	25
19	83	29	23
19	83	30	23
19	84	31	23
18	82	31	22
19	83	30	23
19	84	30	23
19	83	29	22
18	83	29	23
18	82	29	23
18	82	30	23
18	82	29	23
18	81	29	22
17	81	29	22
18	81	30	22
18	82	30	22
18	82	29	23
18	82	31	23
18	84	30	23
17	84	31	23
18	86	30	22
18	85	29	22
17	85	31	22
18	85	28	22
18	84	29	22
18	84	28	21
19	83	28	22
18	83	29	21
18	84	29	21
17	85	31	21
17	86	31	21
18	85	29	22
18	87	28	22
18	87	29	22
18	86	28	22
18	85	28	22
18	84	29	22
18	84	28	22
18	84	29	22
19	84	29	22
19	83	28	22
18	85	29	22
19	86	29	22
19	85	28	22
19	87	29	22
20	87	28	22
20	86	28	21
20	86	29	23
20	86	28	21
20	86	28	22
20	85	28	21
21	85	28	22
21	85	28	21
20	85	29	21
21	85	29	21
20	86	29	21
21	85	28	21
22	86	28	21
21	85	28	21
22	84	28	21
22	83	28	21
22	84	27	20
24	82	27	20
24	81	27	21
23	80	26	20
24	82	26	20
23	81	27	21
23	82	27	20
24	83	28	20
24	84	28	20
24	84	28	20
24	84	28	21
23	84	28	20
25	83	27	20
25	83	27	20
24	84	28	21
26	83	27	21
26	84	26	21
25	84	26	21
25	84	27	21
25	85	27	20
25	85	28	20
26	84	27	20
26	85	27	20
26	85	27	20
27	85	27	20
25	84	28	20
27	84	27	21
27	84	26	20
28	84	25	20
27	86	27	19
26	85	28	20
25	85	28	20
26	85	28	20
25	85	27	20
25	84	28	20
27	83	27	20
26	84	27	20
26	83	28	20
27	83	27	20
27	84	28	20
27	84	28	20
27	84	28	21
26	85	27	21
27	86	26	20
27	86	26	20
27	86	27	20
26	86	28	21
26	86	26	21
28	86	27	21
28	86	26	20
27	87	27	20
28	86	27	20
28	86	27	20
27	87	27	20
26	86	28	21
27	85	27	19
27	85	27	20
28	85	26	20
28	86	26	20
29	86	25	20
30	86	24	19
29	86	26	19
29	87	26	19
30	87	24	19
30	87	24	19
30	88	25	18
29	88	25	18
29	88	25	18
29	88	26	19
29	87	25	19
29	87	25	19
28	87	25	19
29	87	25	19
30	88	25	19
30	87	24	18
30	87	25	18
30	87	25	19
31	88	24	19
30	88	25	19
32	87	24	19
30	88	26	19
31	87	25	19
32	87	26	19
32	86	24	18
32	85	23	19
33	87	24	18
34	86	24	19
34	85	23	19
35	86	22	19
35	86	23	18
36	85	23	18
36	85	23	18
36	85	22	18
37	85	23	17
37	85	23	17
37	85	23	18
39	85	23	18
39	85	23	18
40	85	23	17
40	85	23	17
41	85	23	18
41	85	23	18
43	84	23	18
43	84	23	18
44	85	23	18
44	85	23	18
45	85	23	19
45	84	23	19
47	84	23	19
47	84	22	19
48	85	23	19
49	84	23	18
50	83	22	19
51	83	23	19
52	83	23	18
53	83	23	18
53	84	23	18
55	84	22	20
55	85	23	19
56	87	23	19
57	88	23	19
58	88	22	19
59	88	22	18
59	88	23	19
61	88	22	18
62	86	22	19
63	86	22	18
65	85	22	18
66	87	22	18
67	88	22	18
67	87	22	18
69	89	22	18
70	89	22	18
71	89	21	17
72	88	21	17
73	86	22	18
74	86	22	18
75	85	21	17
76	85	21	18
77	85	22	18
78	85	22	17
80	85	21	17
81	85	21	17
82	85	21	17
83	86	21	17
84	86	21	17
85	86	21	17
86	86	21	17
87	86	21	17
87	86	21	17
89	86	21	17
89	86	21	17
90	86	21	17
91	86	21	17
92	86	21	17
93	86	20	16
93	86	21	17
93	86	21	16
95	86	21	17
95	86	21	16
96	86	21	17
96	85	20	16
97	85	21	17
98	85	21	16
99	86	21	16
99	86	21	15
100	85	21	16
100	85	21	16
100	85	21	16
101	85	21	16
101	85	20	17
102	85	21	17
103	85	20	17
103	86	21	17
103	86	21	17
103	86	20	17
103	87	21	17
104	86	20	17
104	86	20	17
105	87	20	17
105	86	20	17
105	87	20	18
106	87	20	17
105	87	21	17
105	87	20	17
106	87	20	16
106	86	20	17
105	86	20	17
106	85	20	16
106	86	20	16
106	85	20	16
106	86	20	16
106	86	20	17
106	86	20	16
106	85	20	16
106	85	20	17
106	86	20	17
106	87	20	17
105	87	20	17
104	87	21	17
105	87	20	17
105	88	21	17
105	88	20	17
105	88	20	16
105	87	20	16
105	88	20	16
106	88	20	15
105	88	20	16
106	88	20	16
106	88	20	16
105	89	20	16
105	89	20	16
105	89	20	16
105	89	20	16
105	89	20	16
104	89	20	16
104	88	20	16
104	88	20	16
103	86	20	16
104	87	21	16
103	86	20	16
103	86	20	16
103	86	20	16
103	86	20	17
102	87	21	17
102	87	21	17
102	88	20	17
102	88	20	16
102	88	20	16
101	88	20	16
100	87	20	16
100	88	20	16
100	88	20	16
100	88	20	16
100	89	20	16
100	89	19	15
100	88	20	15
100	87	20	15
100	85	19	15
100	86	19	16
100	86	20	15
100	86	20	16
101	86	20	15
101	85	19	16
101	85	19	16
101	86	20	16
101	85	20	15
102	84	19	15
102	84	19	15
102	84	20	16
103	84	19	15
103	84	19	15
104	84	19	15
104	84	19	15
104	85	19	16
104	85	20	16
105	85	20	16
104	85	20	16
105	85	19	16
106	86	20	16
106	85	19	15
106	84	20	16
106	84	19	15
107	83	19	16
107	84	20	16
107	83	20	17
107	84	20	16
107	84	20	16
108	85	19	16
108	85	19	16
109	85	19	16
109	85	19	16
109	84	19	15
110	84	20	16
109	85	19	16
110	85	19	16
110	85	19	16
110	85	19	16
110	85	20	15
110	85	20	15
111	85	19	16
111	84	20	16
111	84	20	16
110	84	20	15
110	84	20	15
111	84	19	15
111	84	20	15
111	84	20	15
110	83	20	15
110	83	20	15
111	84	19	15
111	83	19	16
110	84	20	15
111	85	20	15
109	85	20	15
110	84	19	15
110	85	19	15
110	83	19	15
110	84	19	15
110	84	20	15
110	84	20	15
110	85	19	15
109	85	20	15
109	86	20	16
109	86	19	16
110	87	19	16
109	86	20	16
109	85	20	16
109	86	20	16
109	85	20	16
109	86	20	16
109	86	20	16
109	86	20	16
108	86	21	16
108	85	21	15
108	86	20	16
109	86	19	16
109	85	20	15
108	85	20	16
108	85	20	17
109	84	20	16
108	85	20	15
108	85	19	16
108	85	20	15
108	85	19	15
108	86	19	15
108	86	19	16
108	86	20	15
108	86	20	15
108	85	19	15
108	86	19	15
108	85	20	15
108	86	20	15
107	85	21	16
108	86	20	16
107	86	20	16
107	87	20	16
108	87	19	15
107	87	19	16
107	87	19	16
106	87	20	16
107	86	19	15
106	86	20	17
106	86	20	16
107	85	19	15
105	86	22	17
106	86	20	15
105	85	20	16
105	85	21	17
105	85	20	16
105	85	19	14
105	84	20	16
105	84	20	17
105	85	21	16
104	85	21	17
104	85	21	17
104	87	20	16
105	87	20	16
105	87	19	16
105	87	19	15
104	85	20	16
104	85	20	16
104	85	20	16
103	84	20	16
103	84	21	16
103	84	21	16
104	85	20	16
104	85	20	17
104	86	20	16
104	86	20	16
103	85	20	15
104	85	20	17
103	84	20	16
104	84	19	16
103	85	19	16
103	84	20	16
103	84	20	15
104	84	20	16
104	83	20	16
104	83	20	15
103	83	20	16
103	84	20	16
103	85	21	16
104	85	20	16
103	86	20	16
103	87	20	16
103	88	20	16
104	87	20	16
104	88	20	15
104	87	20	16
104	87	19	15
105	87	19	15
105	87	20	16
105	86	19	16
105	86	19	15
105	85	21	16
105	85	20	16
105	85	20	16
106	84	20	16
106	84	20	16
106	84	20	16
106	83	20	16
106	83	20	16
106	82	20	16
107	81	20	16
107	82	22	16
108	81	20	16
108	82	21	16
108	82	20	17
108	83	21	17
108	83	20	16
109	83	21	16
110	83	20	16
110	83	20	16
110	83	20	15
110	83	21	16
111	85	21	17
111	84	20	16
110	85	22	17
110	84	22	17
111	84	22	17
112	83	20	17
112	84	21	16
111	84	22	17
113	84	21	16
112	85	22	17
113	85	21	16
115	86	21	16
115	85	20	17
115	84	20	16
115	84	21	17
116	84	21	16
116	84	21	17
117	83	21	16
117	83	21	16
117	84	22	16
116	84	23	17
117	84	22	16
118	84	21	16
118	83	21	16
117	82	22	16
118	82	23	17
118	82	22	17
118	82	22	17
118	82	22	16
119	82	22	16
119	82	22	16
119	82	22	16
120	82	22	16
120	83	21	16
119	83	23	16
121	83	21	16
120	83	22	16
122	82	22	16
122	84	21	15
123	83	21	16
123	83	22	15
123	83	22	16
124	83	22	16
125	82	22	16
125	82	22	17
126	83	21	17
125	83	23	17
127	84	22	16
128	83	20	17
129	84	21	17
129	84	21	17
130	84	21	17
131	85	21	17
131	84	22	18
132	83	22	17
132	83	22	18
133	82	23	18
134	82	23	18
135	82	22	17
136	81	22	17
137	82	22	17
138	81	22	16
138	82	23	16
140	82	22	16
140	83	22	15
141	82	22	16
143	83	22	16
145	82	22	16
145	82	22	17
146	83	21	16
148	82	22	17
148	82	22	16
149	82	23	17
150	82	23	17
151	82	22	16
152	82	22	17
152	83	23	17
154	83	23	17
154	83	22	17
155	83	23	17
156	83	23	18
156	83	24	18
158	84	24	18
159	83	23	17
160	84	23	18
161	82	23	17
162	81	23	17
161	81	24	18
163	80	23	18
164	80	24	18
164	79	23	19
164	79	23	19
165	79	23	19
165	80	23	18
166	81	23	18
166	80	23	16
167	80	22	18
167	81	23	18
167	81	23	18
168	81	24	18
167	81	25	19
167	81	26	20
167	82	27	18
167	82	26	18
169	83	26	18
170	83	24	18
164	76	30	26
145	61	44	44
210	79	47	40
210	80	49	39
212	80	47	39
212	80	48	39
212	80	47	39
212	79	47	40
213	81	47	38
213	83	48	36
213	83	49	36
213	82	48	36
214	78	48	39
215	83	48	35
215	78	48	40
214	77	49	40
215	79	48	39
215	79	49	39
216	80	49	39
217	81	46	40
177	84	22	18
177	85	23	17
176	84	25	18
176	84	24	17
176	83	24	17
177	83	23	18
177	83	24	18
176	84	24	18
177	83	23	17
177	83	24	18
177	83	23	18
177	84	24	17
176	84	24	18
177	84	21	16
177	84	23	17
176	85	24	18
177	83	24	18
176	84	24	17
175	84	24	18
175	84	24	17
176	85	22	16
176	84	23	17
175	84	23	17
176	84	23	18
175	83	23	18
176	83	22	17
175	83	23	17
174	83	23	17
174	82	24	17
174	83	23	17
173	84	24	17
173	83	23	17
173	84	23	17
172	84	23	18
172	83	24	18
172	84	23	17
172	83	24	18
172	83	23	17
172	82	23	17
170	82	25	18
170	81	24	17
171	81	24	17
171	81	24	17
169	81	24	18
170	81	24	17
170	81	23	17
168	81	24	17
169	82	24	17
169	82	25	17
169	83	24	17
168	82	24	17
168	82	24	17
168	83	24	18
168	84	24	18
169	84	24	18
168	85	25	18
168	84	25	18
168	85	25	18
169	85	24	18
168	84	24	18
168	84	25	18
168	85	25	18
169	83	24	18
170	81	24	18
170	80	24	18
170	80	24	18
169	80	25	18
169	80	25	19
170	80	24	17
169	79	30	20
168	80	27	19
169	79	26	18
169	80	26	19
170	80	24	18
169	80	26	20
170	80	25	20
170	80	25	19
170	82	25	19
169	81	26	19
170	81	25	19
170	83	25	18
171	81	24	18
170	81	25	19
170	81	25	18
170	81	25	19
171	81	24	19
171	81	25	18
171	80	25	19
172	82	26	18
171	80	26	18
171	79	26	19
171	78	27	19
171	76	27	20
172	77	26	19
171	77	27	20
172	77	25	19
171	78	26	19
171	78	26	19
172	78	25	19
171	79	26	19
171	79	26	19
171	79	26	19
170	79	26	19
171	79	25	19
171	78	26	20
171	78	26	20
171	78	26	19
171	77	25	19
171	77	25	19
170	77	26	19
169	77	26	19
170	76	26	19
169	77	26	19
169	76	26	19
168	77	27	19
168	75	26	20
167	76	27	20
168	75	26	20
168	77	26	19
168	75	26	19
167	75	27	20
167	75	27	20
166	75	27	20
166	74	26	20
166	73	26	21
165	74	26	20
165	73	26	20
165	73	27	20
165	73	27	21
164	72	26	21
164	72	26	21
163	73	27	21
163	70	27	23
163	72	27	22
162	72	27	23
163	75	26	21
161	74	27	22
162	74	27	21
161	76	27	21
162	74	26	21
161	74	27	21
161	74	26	21
161	74	26	21
159	74	27	21
160	74	26	21
160	75	27	21
159	75	28	21
159	74	26	21
159	75	26	21
159	74	26	21
158	75	27	21
157	74	27	21
158	74	26	21
158	72	27	21
157	70	27	21
157	69	26	22
157	69	27	22
157	68	27	22
156	68	28	22
156	68	28	22
154	68	28	22
155	69	28	22
155	70	28	22
155	70	28	22
155	70	29	22
154	69	28	22
154	69	28	22
154	69	28	22
154	70	28	22
155	70	28	22
154	69	29	22
153	70	29	23
154	71	29	23
153	70	28	22
153	70	29	23
153	70	29	23
152	70	29	23
153	69	28	23
152	69	29	23
152	70	29	23
152	71	29	23
152	71	29	23
152	71	28	23
152	70	29	23
152	71	29	23
152	70	29	23
152	69	29	23
152	68	29	23
151	69	30	23
151	68	29	23
151	68	30	24
152	69	30	24
151	68	30	24
151	68	30	24
151	69	30	24
151	69	30	24
150	67	30	24
151	67	30	24
150	66	30	24
150	66	31	25
