0.072105
0.575647
0.105870
0.103358
0.125024
0.103047
0.109068
0.109532
0.138654
0.109750
0.098975
0.113183
0.129179
0.118377
0.118442
0.121341
0.115991
0.159143
0.115992
0.104120
0.131309
0.121438
0.128639
0.146961
0.120115
0.120577
0.111936
0.099328
0.098078
0.100211
0.103297
0.107435
0.098768
0.096372
0.094448
0.097264
0.101889
0.107959
0.097796
0.096185
0.104667
0.099109
0.106514
0.103156
0.099344
0.099815
0.125064
0.108338
0.103843
0.118330
0.106617
0.122926
0.105042
0.102776
0.101605
0.099963
0.100566
0.135719
0.094268
0.090763
0.088592
0.093026
0.091310
0.141010
0.100433
0.106563
0.106978
0.114516
0.106927
0.110052
0.107589
0.114470
0.089219
0.090960
0.094002
0.090100
0.089595
0.138292
0.104136
0.111694
0.100706
0.107291
0.104914
0.114156
0.122275
0.112765
0.146265
0.108731
0.106595
0.099546
0.097374
0.113662
0.140236
0.104741
0.103376
0.100528
0.102234
0.098953
0.099155
0.103371
0.130858
0.100626
0.106799
0.108649
0.106869
0.137235
0.105461
0.103147
0.128636
0.147551
0.109335
0.103781
0.106964
0.107427
0.100106
0.102056
0.111324
0.103610
0.108195
0.092103
0.086071
0.105463
0.104749
0.104988
0.104813
0.135534
0.106821
0.105137
0.107179
0.106357
0.099144
0.101310
0.102446
0.128948
0.141797
0.137559
0.146244
0.102672
0.108209
0.136004
0.137388
0.156226
0.106125
0.151287
0.102710
0.103751
0.105984
0.111052
0.117224
0.154925
0.108317
0.113404
0.109800
0.142181
0.099967
0.104797
0.109774
0.099872
0.128608
0.100594
0.100993
0.100623
0.103960
0.136074
0.119317
0.097112
0.105818
0.146889
0.134899
0.107462
0.105072
0.102343
0.124305
0.131139
0.106947
0.127433
0.102676
0.100811
0.102422
0.102190
0.089431
0.088513
0.094252
0.152750
0.096156
0.103156
0.091826
0.103211
0.121026
0.127821
0.092863
0.087821
0.106141
0.112396
0.103755
0.122440
0.094824
0.092122
0.090185
0.099105
0.097172
0.101700
0.095389
0.108260
0.123183
0.158403
0.132932
0.140870
0.115954
0.115695
0.124937
0.115559
0.126477
0.121472
0.116953
0.118737
0.112726
0.106653
0.118112
0.114449
0.102251
0.102501
0.099155
0.097824
0.105935
0.107355
0.105227
0.122662
0.097673
0.101476
0.112349
0.103611
0.134609
0.111629
0.105970
0.115492
0.103496
0.111232
0.114053
0.099323
0.106514
0.101365
0.106688
0.118176
0.087308
0.133835
0.103544
0.098417
0.095399
0.103950
0.103945
0.134344
0.098405
0.104325
0.105381
0.097075
0.102478
0.100617
0.145990
0.116026
0.100633
0.112374
0.102988
0.101331
0.100437
0.115733
0.145899
0.151676
0.150101
0.102760
0.115605
0.127353
0.118008
0.101852
0.136806
0.099083
0.106620
0.111752
0.115760
0.104970
0.107025
0.098030
0.102023
0.102148
0.104435
0.113039
0.102144
0.100215
0.088329
0.117780
0.122039
0.118101
0.118719
0.167175
0.157979
0.096311
0.094307
0.104594
0.102523
0.100690
0.100408
0.103332
0.103763
0.114508
0.124727
0.120059
0.120538
0.116753
0.118541
0.118658
0.126425
0.127898
0.089493
0.153754
0.144896
0.099919
0.113685
0.112693
0.108601
0.139404
0.104531
0.091210
0.095245
0.145493
0.138527
0.121913
0.105782
0.099949
0.106343
0.097064
0.097146
0.102640
0.100955
0.096224
0.100555
0.100737
0.143092
0.112982
0.100368
0.097009
0.098745
0.092421
0.082370
0.084358
0.082330
0.088388
0.095504
0.107763
0.110066
0.108897
0.113396
0.106815
0.111599
0.106807
0.130159
0.094758
0.098030
0.102363
0.093958
0.103298
0.120403
0.098437
0.099357
0.101539
0.098906
0.093831
0.102759
0.107299
0.117355
0.109770
0.104818
0.125047
0.120236
0.109143
0.110567
0.107332
0.174998
0.134918
0.126366
0.130815
0.124065
0.118544
0.113176
0.110528
0.116925
0.111077
0.132691
0.098487
0.129670
0.106288
0.087729
0.085979
0.086596
0.090917
0.086108
0.087844
0.093314
0.099887
0.098456
0.105046
0.113669
0.107579
0.105953
0.122342
0.125399
0.167368
0.138346
0.149660
0.093341
0.093753
0.118388
0.096584
0.090475
0.090813
0.130505
0.098634
0.103961
0.113041
0.123963
0.119740
0.127831
0.114757
0.109424
0.111640
0.108225
0.095913
0.086076
0.123371
0.086408
0.091651
0.087539
0.124222
0.091350
0.098247
0.100522
0.098367
0.115741
0.123688
0.103428
0.131338
0.125648
0.132916
0.138429
0.099290
0.099822
0.102308
0.104214
0.107005
0.131224
0.090198
0.090330
0.098332
0.095707
0.134015
0.099534
0.103286
0.111153
0.104790
0.102268
0.100232
0.096708
0.098587
0.114821
0.125228
0.110510
0.106155
0.109737
0.108474
0.105302
0.109193
0.099780
0.101338
0.100028
0.101590
0.103828
0.114213
0.108731
0.116649
0.117209
0.111520
0.119491
0.131362
0.119091
0.117201
0.101031
0.097967
0.100260
0.130672
0.108788
0.127138
0.138010
0.166154
0.105049
0.121233
0.119089
0.116435
0.113410
0.108053
0.106188
0.095384
0.099740
0.111772
0.155329
0.102119
0.108844
0.104865
0.103647
0.108726
0.101792
0.098319
0.100203
0.112949
0.125209
0.121378
0.122478
0.119153
0.128367
0.109306
0.121061
0.104248
0.107752
0.119914
0.130557
0.131599
0.115282
0.126301
0.097958
0.106708
0.134129
0.103799
0.101569
0.108292
0.097374
0.124602
0.102178
0.100204
0.153982
0.116273
0.108749
0.101049
0.098915
0.128852
0.109648
0.113682
0.115359
0.101192
0.104334
0.098472
0.097807
0.087886
0.090559
0.095919
0.083323
0.135569
0.120924
0.103472
0.096651
0.095263
0.098017
0.099304
0.114179
0.104509
0.104480
0.103522
0.101546
0.096915
0.100244
0.100514
0.104128
0.100472
0.100830
0.094793
0.092000
0.091117
0.092734
0.093932
0.088514
0.090093
0.087426
0.083586
0.108546
0.102356
0.100289
0.104079
0.106130
0.111177
0.107157
0.114811
0.121874
0.103666
0.110409
0.106454
0.106380
0.099036
0.099119
0.106981
0.111428
0.136171
0.108676
0.109740
0.102668
0.122140
0.098502
0.111258
0.111328
0.100897
0.109250
0.103267
0.097658
0.096445
0.096323
0.101980
0.098983
0.103723
0.098261
0.099111
0.097877
0.098551
0.101994
0.100411
0.102733
0.088948
0.091268
0.097185
0.097017
0.102983
0.087265
0.105247
0.109010
0.102226
0.108296
0.106293
0.100894
0.098227
0.099002
0.095537
0.094866
0.100074
0.100777
0.106755
0.102498
0.097960
0.099826
0.101767
0.101375
0.105551
0.100390
0.096906
0.092125
0.102729
0.095559
0.094043
0.096768
0.086105
0.083735
0.085223
0.100027
0.108655
0.106788
0.114107
0.121601
0.108296
0.119372
0.105176
0.112738
0.107382
0.111845
0.138039
0.111556
0.101177
0.155048
0.111875
0.098025
0.099443
0.098391
0.101228
0.101843
0.098408
0.087613
0.085185
0.088006
0.089760
0.098766
0.103931
0.093547
0.091415
0.105633
0.104151
0.102616
0.124291
0.128715
0.097214
0.097445
0.096168
0.098216
0.097989
0.097954
0.096585
0.096823
0.108160
0.110216
0.109577
0.119057
0.091379
0.092551
0.093535
0.091714
0.100294
0.102503
0.097361
0.101432
0.104413
0.098619
0.089260
0.095671
0.097064
0.084890
0.086423
0.084780
0.085828
0.107727
0.141944
0.164892
0.137764
0.108814
0.109038
0.103217
0.129977
0.115033
0.116492
0.100717
0.096888
0.110745
0.108960
0.088734
0.089585
0.085408
0.093651
0.086560
0.082881
0.088457
0.093514
0.105960
0.135741
0.093900
0.096289
0.093122
0.085638
0.144849
0.105028
0.122077
0.115040
0.112347
0.137787
0.114695
0.114023
0.112047
0.107533
0.108262
0.097171
0.108109
0.108063
0.092247
0.099077
0.112678
0.141982
0.113200
0.115137
0.111492
0.103588
0.106609
0.099306
0.147160
0.137316
0.112012
0.121892
0.107421
0.111686
0.131927
0.095848
0.107132
0.144632
0.104127
0.104851
0.136280
0.107299
0.123155
0.088328
0.108064
0.089171
0.092548
0.098236
0.106122
0.105282
0.101527
0.100319
0.108702
0.103477
0.100894
0.103790
0.102051
0.136340
0.091860
0.091120
0.103930
0.097888
0.100505
0.090245
0.115289
0.107599
0.120993
0.097365
0.097515
0.115964
0.101073
0.096911
0.105520
0.101546
0.098698
0.100318
0.101987
0.104707
0.088161
0.115887
0.103792
0.096746
0.098015
0.109449
0.113171
0.113381
0.104908
0.099015
0.095841
0.105183
0.120623
0.134729
0.118433
0.100132
0.154195
0.094285
0.092731
0.091982
0.089444
0.096496
0.095150
0.092127
0.093066
0.138228
0.119905
0.102643
0.099006
0.092814
0.106743
0.089880
0.092268
0.104380
0.100947
0.098839
0.114309
0.100476
0.100255
0.102642
0.100717
0.113643
0.103014
0.154108
0.142669
0.098145
0.118882
0.123761
0.109171
0.150015
0.104145
0.099163
0.108342
0.114831
0.097697
0.103774
0.154372
0.104442
0.119746
0.119064
0.101459
0.124166
0.103275
0.102973
0.105376
0.097554
0.110095
0.103557
0.098641
0.109046
0.100227
0.104146
0.100948
0.129665
0.111874
0.095554
0.095438
0.096389
0.132626
0.084136
0.085695
0.086239
0.091493
0.131967
0.087241
0.090214
0.087252
0.082573
0.091335
0.089250
0.131239
0.135570
0.085034
0.137392
0.106061
0.112477
0.100605
0.099114
0.107857
0.092573
0.092530
0.092772
0.090421
0.089047
0.108716
0.122352
0.088958
0.085330
0.096694
0.118435
0.097702
0.099815
0.091950
0.095519
0.099432
0.091162
0.105114
0.108783
0.114854
0.111805
0.118033
0.155380
0.145865
0.149618
0.139716
0.101195
0.099476
0.096693
0.094857
0.093568
0.091082
0.090203
0.096842
0.087771
0.111561
0.110293
0.124555
0.108327
0.112331
0.107764
0.106567
0.138242
0.105030
0.100432
0.106824
0.144799
0.105812
0.094152
0.105904
0.105646
0.107376
0.114753
0.109385
0.110075
0.123893
0.107463
0.108194
0.107323
0.117519
0.107523
0.089555
0.091621
0.113250
0.114895
0.098788
0.105238
0.126253
0.141320
0.101990
0.099382
0.099647
0.109190
0.111277
0.135730
0.104015
0.098179
0.098641
0.134662
0.104746
0.100681
0.103492
0.100120
0.121491
0.103290
0.102693
0.104900
0.100350
0.098511
0.106756
0.103212
0.106062
0.101351
0.118474
0.140756
0.094837
0.107495
0.097592
0.103057
