0.080564
0.499663
0.093522
0.106244
0.080541
0.084885
0.090117
0.102126
0.103286
0.109931
0.098455
0.096621
0.103992
0.094416
0.109815
0.104621
0.114534
0.122285
0.126815
0.125775
0.136256
0.131523
0.134453
0.122251
0.110677
0.111541
0.101423
0.092281
0.085689
0.091455
0.103047
0.121065
0.106673
0.123613
0.107145
0.103675
0.105170
0.124583
0.120247
0.128214
0.109376
0.110148
0.118315
0.102955
0.101072
0.140889
0.125394
0.093273
0.113251
0.103622
0.108893
0.116785
0.146574
0.131678
0.126180
0.102699
0.101381
0.098510
0.090545
0.134102
0.105466
0.096274
0.152514
0.116538
0.098530
0.098858
0.102056
0.100394
0.100408
0.094649
0.138445
0.103779
0.101472
0.095066
0.107025
0.089155
0.092023
0.090141
0.092645
0.090540
0.091721
0.108843
0.096446
0.106591
0.141540
0.101594
0.105658
0.112896
0.093937
0.104590
0.151431
0.127141
0.108633
0.102369
0.108317
0.104108
0.111207
0.105924
0.107176
0.096233
0.090161
0.093926
0.102222
0.098360
0.107718
0.096145
0.151198
0.096492
0.096858
0.099017
0.107441
0.096211
0.131577
0.110070
0.100884
0.099663
0.103630
0.101236
0.119578
0.100155
0.097952
0.099745
0.110065
0.114064
0.093059
0.088142
0.092545
0.092880
0.113740
0.110959
0.148188
0.096721
0.104401
0.089347
0.104299
0.112100
0.132125
0.102097
0.100734
0.104356
