0.007671
0.102217
0.103963
0.098135
0.098491
0.129275
0.112309
0.105479
0.096362
0.133071
0.146508
0.101032
0.107737
0.111494
0.109375
0.111225
0.111129
0.127158
0.102840
0.105485
0.109949
0.104373
0.105803
0.099415
0.100239
0.120505
0.104115
0.097894
0.102915
0.106346
0.103623
0.099118
0.103103
0.098398
0.096091
0.098091
0.101132
0.111907
0.112280
0.100409
0.100778
0.098204
0.106606
0.097352
0.118377
0.102193
0.159988
0.105843
0.108320
0.099594
0.103925
0.098242
0.100637
0.100491
0.100033
0.091921
0.093704
0.097745
0.094553
0.097040
0.084927
0.087187
0.093647
0.140104
0.099330
0.097352
0.094383
0.106409
0.105589
0.096641
0.106191
0.098715
0.099170
0.097871
0.106263
0.100050
0.097294
0.097114
0.103039
0.106862
0.096924
0.105957
0.133427
0.098426
0.099073
0.093917
0.110215
0.153519
0.099070
0.145053
0.101146
0.101781
0.101344
0.101760
0.126602
0.118985
0.102456
0.105381
0.101482
0.106249
0.106621
0.136170
0.107939
0.107529
0.102834
0.098806
0.118094
0.150794
0.100263
0.097259
0.096427
0.104440
0.102039
0.144233
0.105775
0.098877
0.105804
0.108249
0.145044
0.088831
0.093840
0.090031
0.098642
0.094995
0.108103
0.104538
0.152434
0.099831
0.103671
0.099326
0.099101
0.123294
0.120777
0.102597
0.103474
0.109202
0.093388
0.107909
0.114137
0.085821
0.094944
0.090837
0.128771
0.100430
0.102676
0.103603
0.103878
0.102603
0.105270
0.102729
0.113782
0.098629
0.098077
0.101899
0.110165
0.142847
0.108951
0.107289
0.116139
0.143245
0.104186
0.108078
0.131099
0.110249
0.131581
0.095527
0.100903
0.098123
0.093077
0.095799
0.139718
0.101792
0.097434
0.099855
0.096618
0.101296
0.115097
0.112612
0.107316
0.101964
0.104694
0.104774
0.143781
0.112834
0.142572
0.101288
0.109093
0.094696
0.118670
0.135334
0.129383
0.129092
0.138404
0.136099
0.103082
0.138130
0.095503
0.085475
0.090168
0.093892
0.093027
0.096866
0.099992
0.099025
0.106650
0.104052
0.105403
0.107454
0.139389
0.108895
0.109973
0.099002
0.109171
0.101057
0.101439
0.098289
0.101875
0.100770
0.098125
0.105600
0.145784
0.109828
0.100269
0.139038
0.110938
0.098267
0.106757
0.117325
0.103224
0.098329
0.097197
0.097845
0.102821
0.098018
0.098392
0.099870
0.109249
0.098836
0.099509
0.099727
0.112945
0.111743
0.110763
0.106058
0.102212
0.102036
0.131627
0.102569
0.099373
0.099945
0.099262
0.101808
0.097627
0.101404
0.122596
0.100872
0.103255
0.137100
0.099265
0.097430
0.098469
0.103876
0.106886
0.111898
0.100204
0.100231
0.104236
0.096637
0.106795
0.100857
0.091987
