0.118434
0.345559
0.183382
0.222059
0.273877
0.204597
0.337555
0.389930
0.267524
0.253154
0.319999
0.263207
0.273039
0.347125
0.293326
0.301269
0.323311
0.248925
0.311939
0.343707
0.279801
0.277301
0.281898
0.308519
0.201606
0.332132
0.231544
0.330724
0.199923
0.208172
0.186252
0.283352
0.241596
0.185818
0.319328
0.214008
0.210426
0.263991
0.283113
0.227477
0.189776
0.201700
0.275976
0.228073
0.242275
0.221726
0.180410
0.238229
0.219365
0.178582
0.195685
0.195868
0.196223
0.262272
0.219701
0.217407
0.224162
0.226523
0.210475
0.179585
0.232395
0.344798
0.187857
0.256623
0.189797
0.192837
0.295450
0.164473
0.223588
0.241947
0.206821
0.223541
0.223042
0.304994
0.226031
0.209043
0.247290
0.263591
0.202630
0.259242
0.175475
0.256716
0.197473
0.241778
0.203068
0.221700
0.245139
0.224154
0.175524
0.204199
0.196692
0.239327
0.217548
0.214645
0.276265
0.159223
0.239693
0.207582
0.251302
0.180927
0.160382
0.234248
0.275661
0.331064
0.285627
0.266473
0.296184
0.214859
0.280573
0.238948
0.164127
0.275525
0.236215
0.261274
0.189797
0.241117
0.202705
0.166938
0.225333
0.189448
0.195448
0.199182
0.257973
0.196732
0.233759
0.227733
0.276548
0.254792
0.183395
0.290102
0.223343
0.276572
0.269303
0.329246
0.203553
0.179062
0.213344
0.201486
0.232218
0.178857
0.234061
0.252655
0.253181
0.326052
0.198441
0.235265
0.189560
0.191260
0.246000
0.202775
0.233700
0.239504
0.223308
0.231535
0.198089
0.241217
0.253500
0.243461
0.273298
0.191149
0.230476
0.211133
0.230384
0.255625
0.194023
0.291950
0.270203
0.207500
0.229288
0.220860
0.327262
0.229361
0.207643
0.191573
0.206317
0.310484
0.172960
0.237423
0.207029
0.173783
0.183482
0.192327
0.216646
0.202226
0.192407
0.166823
0.240260
0.297172
0.264521
0.188391
0.248149
0.184054
0.260910
0.207179
0.173460
0.168360
0.174282
0.161547
0.152401
0.251452
0.194981
0.269254
0.254860
0.239045
0.221642
0.173477
0.201779
0.260030
0.164548
0.208117
0.265867
0.191377
0.341818
0.186440
0.197365
0.189839
0.293386
0.218665
0.242736
0.212615
0.146662
0.205700
0.225675
0.205251
0.238149
0.168185
0.185080
0.291460
0.209183
0.217530
0.233477
0.213104
0.183391
0.147025
0.281856
0.223397
0.185310
0.185977
0.197293
0.235130
0.231688
0.222662
0.240186
0.165310
0.259375
0.232693
0.204868
0.220981
0.242644
0.219743
0.169440
0.199909
0.240728
0.269873
0.226798
0.244698
0.183024
0.208981
0.217065
0.197257
0.223507
0.228297
0.243116
0.180529
0.217640
0.252084
0.174038
0.295368
0.293345
0.219965
0.274081
0.239976
0.242224
0.253011
0.207128
0.215213
0.313035
0.236460
0.266681
0.210001
0.202874
0.249369
0.215308
0.246254
0.195447
0.198146
0.205617
0.201890
0.220849
0.296051
0.230270
0.311705
0.328979
0.205733
0.192314
0.299540
0.197866
0.207403
0.236884
0.230160
0.267397
0.191303
0.259571
0.259066
0.232174
0.235221
0.218117
0.216804
0.208232
0.232260
0.231975
0.174741
0.263148
0.214810
0.242166
0.235410
0.300181
0.379746
0.360351
0.244777
0.230977
0.231560
0.267831
0.277620
0.261976
0.334293
0.288206
0.305609
0.331532
0.254471
0.286007
0.232677
0.286929
0.256384
0.327775
0.250924
0.352223
0.303261
0.188375
0.336024
0.299303
0.247323
0.269736
0.466255
0.383216
0.305412
0.305228
0.298092
0.400414
0.313324
0.378287
0.374131
0.375288
0.417243
0.403119
0.308049
0.227832
0.308424
0.322368
0.406694
0.296088
0.412647
0.407425
0.280405
0.298083
0.370450
0.312139
0.283099
0.318300
0.374085
0.261008
0.432417
0.290208
0.435488
0.223197
0.254810
0.324655
0.308140
0.328547
0.335137
0.349119
0.344923
0.351348
0.315851
0.321422
0.253644
0.328219
0.334734
0.276320
0.339022
0.206369
0.324815
0.205716
0.311129
0.338453
0.379866
0.328192
0.317420
0.273602
0.253085
0.474356
0.259522
0.267078
0.222724
0.375127
0.315844
0.305527
0.332770
0.281354
0.337375
0.281566
0.316059
0.213985
0.409346
0.328565
0.491675
0.412864
0.234788
0.298502
0.270796
0.229686
0.230784
0.290027
0.244581
0.248082
0.298211
0.251502
0.238054
0.308520
0.268817
0.359553
0.277130
0.397614
0.383853
0.409923
0.189734
0.302054
0.281085
0.350341
0.318905
0.401381
0.289457
0.300856
0.328604
0.293786
0.199093
0.284892
0.208472
0.225029
0.239448
0.254784
0.232769
0.218287
0.204565
0.264070
0.233238
0.215181
0.348241
0.192586
0.215276
0.257730
0.256556
0.193710
0.270040
0.181334
0.361801
0.232197
0.237662
0.204695
0.233856
0.223487
0.317652
0.230522
0.243964
0.237530
0.219580
0.165249
0.229431
0.184064
0.215098
0.161651
0.198415
0.200508
0.245240
0.240089
0.221658
0.220862
0.242033
0.212784
0.258639
0.294682
0.281493
0.205850
0.239336
0.280482
0.299107
0.281572
0.271736
0.154609
0.360647
0.242105
0.281898
0.262493
0.348551
0.278244
0.265581
0.253422
0.300572
0.266645
0.323374
0.237603
0.276499
0.216655
0.267428
0.243756
0.208409
0.240310
0.267854
0.270798
0.223470
0.283602
0.238575
0.248303
0.197908
0.363901
0.220448
0.285295
0.235972
0.248174
0.247310
0.228366
0.201029
0.252034
0.262810
0.200020
0.265875
0.294239
0.272201
0.247032
0.206513
0.204292
0.205174
0.432619
0.280523
0.290984
0.201530
0.217319
0.291100
0.184772
0.267226
0.166057
0.300445
0.328501
0.277625
0.321386
0.270474
0.208888
0.184084
0.244705
0.283726
0.230411
0.274761
0.226902
0.267517
0.318228
0.261603
0.301423
0.293696
0.216645
0.237620
0.249518
0.189401
0.256797
0.319649
0.198298
0.199834
0.193823
0.200573
0.230108
0.270421
0.212293
0.218193
0.227089
0.210462
0.252768
0.196346
0.244585
0.228577
0.255559
0.272032
0.176620
0.174095
0.240201
0.357291
0.240353
0.225055
0.169372
0.216317
0.189032
0.150550
0.199060
0.182178
0.193632
0.185134
0.185851
0.221965
0.246475
0.281645
0.172528
0.228622
0.246469
0.235180
0.251246
0.198339
0.243837
0.277176
0.310194
0.248921
0.302187
0.264504
0.238364
0.203327
0.230070
0.222347
0.373106
0.325496
0.236832
0.183201
0.229794
0.158655
0.218462
0.182397
0.223391
0.239408
0.309426
0.382996
0.275016
0.326103
0.375197
0.257628
0.327086
0.283875
0.304634
0.260354
0.345510
0.339955
0.363098
0.333435
0.264643
0.255361
0.313084
0.311906
0.293792
0.380560
0.361570
0.321048
0.306880
0.370962
0.220068
0.274340
0.352388
0.283653
0.317927
0.287618
0.292101
0.269507
0.278693
0.243110
0.265486
0.290686
0.315394
0.273440
0.277174
0.301581
0.322641
0.271687
0.311491
0.305373
0.270600
0.202887
0.303030
0.238336
0.385105
0.345900
0.306351
0.353043
0.270554
0.253799
0.255377
0.196522
0.248665
0.334129
0.204725
0.308341
0.333781
0.174359
0.208623
0.358239
0.294021
0.188891
0.303231
0.377530
0.285804
0.229078
0.325737
0.339128
0.330256
0.259994
0.240700
0.272437
0.202490
0.340509
0.279429
0.291785
0.219871
0.270830
0.226991
0.209660
0.203558
0.265159
0.286860
0.225671
0.249806
0.294226
0.352200
0.345022
0.308125
0.308525
0.316996
0.230249
0.233600
0.441172
0.395505
0.256576
0.273837
0.302052
0.287997
0.369073
0.277077
0.295511
0.362206
0.275992
0.319843
0.220718
0.268982
0.260281
0.195274
0.243796
0.250173
0.253927
0.239685
0.227551
0.244130
0.180424
0.242321
0.224100
0.230225
0.265369
0.215552
0.194875
0.240376
0.240179
0.225391
0.207368
0.186648
0.206529
0.182408
0.159747
0.164580
0.286707
0.177670
0.304061
0.337312
0.253062
0.194183
0.235474
0.212395
0.202114
0.195084
0.193978
0.229755
0.226247
0.182845
0.214570
0.330791
0.225312
0.255012
0.232166
0.283144
0.290484
0.229372
0.231902
0.224887
0.204040
0.267862
0.196614
0.163583
0.241430
0.179498
0.193602
0.164433
0.218215
0.151597
0.133309
0.170559
0.214893
0.155201
0.144739
0.125511
0.174677
0.179991
0.159322
0.173033
0.250455
0.251729
0.198728
0.273367
0.165974
0.156736
0.216840
0.229046
0.210806
0.291170
0.191641
0.144209
0.341732
0.294813
0.240753
0.271175
0.274113
0.272483
0.249803
0.242342
0.253941
0.268686
0.242676
0.309297
0.317926
0.218100
0.186569
0.214143
0.177660
0.324283
0.167638
0.293721
0.259435
0.258747
0.231726
0.234363
0.224991
0.234121
0.181257
0.302083
0.251325
0.248019
0.305758
0.221409
0.363015
0.224676
0.272238
0.266869
0.307779
0.213626
0.299412
0.239120
0.250598
0.207077
0.371385
0.331998
0.285634
0.333561
0.250204
0.282725
0.311795
0.210342
0.226383
0.222640
0.280627
0.243194
0.303442
0.215921
0.294548
0.261223
0.292357
0.235414
0.171984
0.198927
0.178392
0.172853
0.184433
0.270611
0.171590
0.351176
0.329677
0.240659
0.286967
0.358402
0.319674
0.345496
0.320973
0.276904
0.336527
0.249615
0.375256
0.320755
0.348976
0.291323
0.374697
0.436916
0.214849
0.249776
0.328289
0.194738
0.255337
0.198807
0.246211
0.314344
0.385384
0.338369
0.293093
0.414957
0.355891
0.297024
0.377439
0.443718
0.402482
0.442334
0.349833
0.312376
0.345724
0.430494
0.438581
0.475709
0.353310
0.341805
0.410150
0.276446
0.341830
0.378410
0.274570
0.498636
0.423807
0.303015
0.336459
0.427599
0.320522
0.289202
0.251020
0.477355
0.413394
0.397011
0.323966
0.419340
0.401361
0.340132
0.378958
0.523430
0.468376
0.404505
0.335219
0.335885
0.400269
0.325949
0.304202
0.274582
0.280074
0.433949
0.258218
0.394474
0.327823
0.371445
0.281204
0.372005
0.381391
0.375505
0.230666
0.369093
0.300760
0.317867
0.428108
0.361558
0.361005
0.211161
0.225656
0.290150
0.250547
0.351341
0.330021
0.230621
0.272235
0.299085
0.354993
0.368423
0.279752
0.230806
0.268328
0.255881
0.256155
0.283472
0.219993
0.251486
0.231869
0.256704
0.260459
0.230879
0.234381
0.326336
0.420564
0.246140
0.274844
0.309291
0.333268
0.251375
0.325979
0.284718
0.286625
0.254928
0.261346
0.326324
0.219390
0.250981
0.255132
0.369412
0.223172
0.243631
0.246044
0.268797
0.176783
0.286147
0.351524
0.325692
0.236779
0.212299
0.191532
0.282709
0.279796
0.292892
0.247945
0.230215
0.219291
0.353731
0.322354
0.378842
0.206910
0.311261
0.295393
0.308826
0.296520
0.273987
0.219820
0.263465
0.247749
0.243575
0.246994
0.206059
0.201995
0.289727
0.284846
0.287793
0.174128
0.267806
0.196691
0.288428
0.269520
0.243318
0.188404
0.249752
0.265490
0.182945
0.206508
0.207661
0.274327
0.306411
0.310677
0.289004
0.260484
0.212678
0.207693
0.237432
0.190312
0.231836
0.263463
0.194324
0.239901
0.226609
0.227074
0.227946
0.204164
0.246353
0.255729
0.248339
0.241716
0.216789
0.306338
0.238446
0.205570
0.230815
0.271772
0.251422
0.255657
0.190364
0.231411
0.280342
0.328024
0.263030
0.286643
0.157056
0.252186
0.237575
0.246418
0.222294
0.182989
0.220448
0.191829
0.212317
0.354647
0.271731
0.266350
0.309540
0.217397
0.254066
0.232366
0.230088
0.215597
0.209292
0.161627
0.221207
0.242758
0.226408
0.234118
0.193195
0.263170
0.204597
0.263965
0.182598
0.273520
0.215199
0.240657
0.237615
0.232663
0.193445
0.293370
0.222061
0.215311
0.211942
0.190291
0.255988
0.279596
0.205326
0.251409
0.218722
0.201305
0.170977
0.197454
0.219477
0.182250
0.244287
0.221701
0.191637
0.202760
0.176906
0.195163
0.222637
0.176574
0.217798
0.149661
0.218664
0.282340
0.197279
0.151341
0.292698
0.273922
0.241029
0.201308
0.162505
0.214345
0.225353
0.169430
0.235101
0.223803
0.245092
0.264631
0.213589
0.166839
0.177211
0.196154
0.172525
0.239207
0.305276
0.229482
0.165347
0.259682
0.262375
0.228954
0.264419
0.260543
0.233920
0.251675
0.313810
0.303756
0.193867
0.222689
0.216100
0.193553
0.178361
0.147902
0.167643
0.200873
0.276359
0.184852
0.144536
0.130106
0.141803
0.154803
0.198323
0.214338
0.194549
0.148517
0.235480
0.120173
0.197110
0.166136
0.182536
0.203462
0.221060
0.197572
0.180729
0.111363
0.205397
0.168046
0.139020
0.172616
0.148654
0.265241
0.193348
0.248012
0.168186
0.187860
0.189520
0.206472
0.231759
0.163565
0.124605
0.213533
0.154164
0.208359
0.150175
0.171151
0.137353
0.172919
0.186889
0.172513
0.138491
0.209365
0.213565
0.147534
0.214700
0.147318
0.172910
0.136410
0.221232
0.208274
0.165556
0.208431
0.138309
0.218019
0.229886
0.136910
0.194511
0.204631
0.202556
0.146730
0.200400
0.207543
0.207179
0.189008
0.274248
0.196124
0.217369
0.180638
0.144976
0.139369
0.271017
0.161222
0.208439
0.268520
0.213516
0.214144
0.225912
0.177449
0.221372
0.267488
0.220004
0.199138
0.246290
0.205194
0.259766
0.288349
0.240033
0.201164
0.212954
0.192083
0.205954
0.197039
0.212049
0.211642
0.203185
0.168777
0.174425
0.189791
0.206788
0.226733
0.270688
0.251954
0.156710
0.238393
0.242971
0.228163
0.193166
0.196092
0.213327
0.140467
0.156332
0.217627
0.178237
0.174133
0.264968
0.267851
0.248406
0.258493
0.234282
0.243565
0.159376
0.208673
0.236017
0.246639
0.206046
0.165910
0.150722
0.282552
0.190841
0.258150
0.287697
0.250724
0.254259
0.152935
0.272966
0.236374
0.190150
0.281997
0.244656
0.240853
0.334890
0.289493
0.232549
0.217075
0.306741
0.182658
0.254842
0.268593
0.198659
0.192179
0.319908
0.326838
0.217275
0.274239
0.255493
0.359467
0.356784
0.231514
0.394078
0.449005
0.372281
0.237412
0.482006
0.251946
0.263108
0.305726
0.305603
0.255870
0.373915
0.251318
0.293539
0.392148
0.308330
0.283606
0.293705
0.318295
0.373726
0.248445
0.298442
0.287716
0.340600
0.308642
0.360940
0.374514
0.382978
0.292314
0.212692
0.204688
0.326409
0.289243
0.428716
0.284344
0.315902
0.233812
0.308123
0.354216
0.280417
0.208805
0.266953
0.380646
0.279461
0.250168
0.277971
0.365070
0.396630
0.292259
0.245100
0.266190
0.205316
0.234762
0.184705
0.374743
0.316015
0.350452
0.218960
0.315272
0.213808
0.227331
0.283760
0.322340
0.302418
0.248442
0.298199
0.220684
0.305831
0.238533
0.280740
0.213533
0.171235
0.351171
0.215302
0.221704
0.259256
0.327400
0.282473
0.272375
0.348625
0.273322
0.272993
0.248406
0.392804
0.308197
0.251757
0.263579
0.261309
0.269909
0.282261
0.242328
0.218030
0.280698
0.308925
0.275066
0.267372
0.232166
0.264788
0.319571
0.308957
0.340058
0.307756
0.282520
0.260479
0.319054
0.358399
0.355273
0.267204
0.282711
0.505288
0.346146
0.485731
0.307193
0.382550
0.383730
0.387746
0.261118
0.279488
0.267594
0.272393
0.331012
0.234411
0.268062
0.272794
0.321607
0.320591
0.217748
0.231320
0.266893
0.287905
0.276566
0.280355
0.274130
0.248772
0.350805
0.328007
0.254346
0.417065
0.329421
0.286011
0.273222
0.275401
0.245478
0.220874
0.189147
0.233677
0.185308
0.336806
0.230603
0.285148
0.269627
0.332926
0.323967
0.245334
0.269460
0.275205
0.278915
0.260674
0.246426
0.252544
0.189045
0.184209
0.252113
0.259272
0.276868
0.174612
0.236808
0.158877
0.190558
0.261687
0.177824
0.316261
0.293744
0.394724
0.342617
0.303296
0.239007
0.345687
0.280335
0.250085
0.262999
0.339593
0.218316
0.219501
0.189624
0.316154
0.249284
0.274557
0.261797
0.338475
0.225648
0.315165
0.226733
0.394406
0.304225
0.317893
0.209427
0.218449
0.207632
0.229832
0.175707
0.257706
0.278141
0.217064
0.192373
0.233624
0.294033
0.236522
0.202578
0.241059
0.236499
0.218144
0.232654
0.272446
0.298884
0.271128
0.253269
0.240219
0.198287
0.282665
0.203654
0.227761
0.295461
0.286428
0.217592
0.339085
0.270187
0.249064
0.222601
0.197187
0.173627
0.323013
0.176400
0.319875
0.314930
0.309110
0.189774
0.303553
0.196715
0.241849
0.311189
0.284625
0.261447
0.244442
0.135108
0.203017
0.223945
0.228108
0.159762
0.251665
0.368968
0.223143
0.308074
0.302457
0.226282
0.182453
0.332318
0.346671
0.292518
0.144648
0.217156
0.348251
0.311836
0.223773
0.287564
0.338977
0.380441
0.215087
0.334441
0.431705
0.259225
0.322422
0.215246
0.176872
0.272917
0.307258
0.307918
0.247761
0.330858
0.234656
0.370544
0.241674
0.372820
0.240883
0.212442
0.302757
0.228777
0.203955
0.290489
0.248108
0.236379
0.190900
0.159997
0.222941
0.241000
0.197894
0.262700
0.283730
0.173679
0.213808
0.271938
0.156487
0.285824
0.295103
0.279652
0.276108
0.299919
0.315337
0.376341
0.422876
0.265283
0.280444
0.296189
0.300172
0.319870
0.248618
0.344672
0.228114
0.244809
0.327671
0.398202
0.316709
0.354144
0.213014
0.330571
0.287540
0.287921
0.300738
0.330691
0.281978
0.403855
0.208519
0.284659
0.215155
0.179093
0.221079
0.222765
0.173970
0.180058
0.220800
0.209427
0.248642
0.229482
0.236996
0.250322
0.237561
0.209884
0.308693
0.412874
0.375846
0.312358
0.359945
0.229001
0.406213
0.255824
0.394514
0.216423
0.256786
0.332030
0.197508
0.217145
0.181150
0.309475
0.256049
0.214246
0.293124
0.236507
0.305857
0.311424
0.211578
0.263601
0.318761
0.231403
0.230813
0.260979
0.257020
0.252821
0.365226
0.286148
0.394872
0.282194
0.257004
0.242067
0.386692
0.285016
0.254798
0.309263
0.295976
0.232210
0.383556
0.207545
0.316325
0.179570
0.197833
0.228647
0.275336
0.330919
0.246587
0.289561
0.226859
0.243500
0.347606
0.408177
0.392641
0.251908
0.225794
0.345818
0.280901
0.321604
0.188773
0.328298
0.320535
0.328422
0.354704
0.346365
0.261602
0.280427
0.265202
0.321720
0.307338
0.438106
0.281179
0.305797
0.402397
0.296565
0.368403
0.400106
0.257281
0.243703
0.340373
0.245041
