647	484	17	11
647	484	17	11
648	483	17	11
649	484	17	11
650	485	17	11
650	483	17	12
651	484	17	11
651	485	17	11
652	483	17	11
651	484	17	11
652	484	17	11
652	484	17	11
653	483	17	11
653	483	17	11
653	483	17	11
653	483	17	11
652	482	17	11
653	483	17	11
652	482	17	12
651	482	17	12
651	480	17	12
651	480	17	13
650	480	18	12
650	481	18	12
650	481	18	12
651	480	17	13
651	482	18	12
651	482	18	12
650	480	18	12
650	481	18	12
650	482	18	12
650	482	18	12
651	481	18	12
651	481	18	13
651	482	19	12
652	482	18	12
653	480	18	12
653	480	18	13
653	480	18	12
653	479	18	13
654	479	18	12
654	479	18	12
655	479	18	12
655	478	18	12
655	479	18	12
655	479	18	12
654	479	18	12
655	479	18	12
655	479	19	13
655	480	19	12
655	480	19	12
655	479	19	12
655	480	19	12
655	479	19	12
654	480	19	13
654	480	19	13
654	481	20	12
653	479	19	13
654	479	20	13
653	480	20	13
654	478	20	13
653	478	20	13
653	477	20	13
654	478	20	13
654	479	20	13
654	478	20	13
653	478	20	13
653	478	20	12
654	478	20	13
654	478	20	13
654	478	20	14
653	478	21	15
653	479	21	14
654	478	21	14
654	477	21	14
654	476	21	14
655	476	21	15
656	474	21	14
656	473	21	15
657	471	21	15
657	473	21	16
657	472	21	16
657	473	21	15
658	474	21	15
658	473	21	16
658	475	21	15
659	475	21	15
659	474	21	16
659	474	22	16
659	473	22	16
660	474	22	16
660	474	22	17
660	474	22	16
661	476	22	17
661	477	22	16
662	476	22	16
662	477	22	16
662	478	22	16
662	479	22	16
663	477	23	17
663	477	22	17
663	476	22	17
663	475	23	17
663	474	23	17
663	474	23	17
663	474	23	17
663	473	23	17
663	476	23	17
662	475	24	18
662	475	23	17
662	476	23	18
662	475	24	18
663	477	23	17
662	476	24	18
662	477	24	18
662	478	24	17
661	477	24	17
662	477	24	17
662	476	24	18
662	475	24	17
662	477	24	17
662	476	24	18
662	476	25	18
662	475	25	18
661	475	26	18
663	475	25	19
662	473	25	20
662	474	26	20
661	473	26	19
662	475	26	18
662	475	26	19
662	475	26	20
662	474	26	20
662	475	26	20
662	474	26	20
662	474	26	20
662	474	26	20
662	473	27	21
662	473	27	21
662	474	27	20
661	474	27	21
662	472	28	22
661	473	28	22
662	473	28	22
661	473	28	22
661	474	28	22
659	473	29	23
661	475	28	22
660	475	28	23
660	475	28	23
659	475	29	23
659	475	29	23
659	474	29	23
659	474	29	24
659	473	29	24
658	473	29	24
657	472	30	24
657	470	30	24
657	470	30	25
656	468	31	25
656	470	30	25
656	470	30	25
655	470	30	25
655	470	31	25
653	471	32	26
652	471	33	26
649	471	35	26
650	471	34	27
648	469	34	27
649	469	35	28
648	468	35	27
647	467	34	28
646	467	34	27
646	465	34	28
645	466	35	28
644	465	35	28
644	465	35	28
643	465	35	28
644	464	35	28
643	463	35	28
644	463	34	28
642	463	37	29
642	463	37	29
642	463	37	29
641	464	37	29
641	462	37	29
641	461	38	29
641	459	39	30
644	459	37	30
641	459	39	30
642	460	38	30
641	459	39	30
642	461	38	30
640	461	40	30
641	462	39	31
640	461	39	31
640	463	39	31
640	464	40	32
641	464	40	32
640	464	40	32
638	464	41	32
640	463	40	32
638	462	41	32
639	462	40	32
638	462	41	32
637	461	42	33
638	460	41	33
637	461	41	33
639	461	41	33
638	460	42	33
637	460	42	34
637	460	41	33
636	459	41	34
636	458	42	35
636	457	43	34
636	457	43	35
636	456	43	35
637	457	43	35
636	456	44	35
637	458	45	36
637	457	45	36
637	458	45	36
638	461	44	36
637	459	46	36
638	460	46	37
638	461	45	37
638	461	46	37
639	463	46	38
639	463	46	38
639	463	46	37
639	463	46	38
638	460	47	39
638	458	47	39
638	457	47	39
638	456	48	39
637	456	47	39
637	457	47	40
637	459	47	39
636	460	49	40
636	463	48	39
636	463	49	41
635	464	49	40
635	464	50	40
635	464	49	41
635	462	49	41
634	462	49	41
634	462	50	41
633	461	51	41
633	461	50	41
633	461	51	42
631	461	51	42
631	461	51	42
631	461	51	42
630	459	51	42
628	459	52	43
628	459	51	44
627	460	52	44
627	462	52	44
626	462	53	44
625	463	52	45
624	464	53	45
624	465	53	45
624	466	53	45
624	465	54	45
623	464	54	45
623	464	54	45
623	465	54	45
623	464	54	45
622	464	55	46
622	462	55	46
622	462	55	47
622	461	56	47
622	461	56	48
622	462	56	47
622	462	57	48
622	463	57	48
622	463	57	48
622	465	56	48
621	463	57	49
622	463	57	48
622	462	57	48
620	462	57	49
620	462	58	49
620	461	58	50
621	461	58	50
620	461	58	50
620	460	59	51
620	459	59	51
620	459	59	51
620	459	59	51
619	460	60	51
619	460	60	52
619	460	60	52
618	461	60	52
618	462	61	52
618	462	61	53
618	463	61	52
618	463	62	53
618	462	62	53
617	462	62	53
617	462	63	54
617	462	62	54
617	463	63	54
617	462	63	55
616	462	64	55
616	463	64	55
615	462	64	55
615	461	64	55
615	461	65	56
615	460	65	56
615	460	66	57
615	458	66	57
614	458	66	57
615	459	67	57
614	459	67	58
614	460	67	58
614	460	67	58
614	461	68	59
614	462	68	59
614	461	69	59
613	460	69	60
613	461	69	60
612	460	70	60
612	460	70	61
611	460	70	61
612	460	71	61
611	459	71	61
610	460	72	62
610	458	72	62
610	458	72	63
609	458	72	63
608	457	73	63
607	457	73	64
607	457	74	64
607	457	73	64
606	456	75	64
606	457	75	64
605	456	75	65
605	457	75	66
604	456	76	66
604	457	76	66
604	459	76	66
603	457	77	67
602	458	77	67
602	458	78	67
602	458	78	68
601	456	79	68
602	458	78	68
602	456	79	69
601	455	80	70
602	455	79	69
600	454	81	70
600	454	81	70
599	454	82	71
599	453	82	71
598	454	83	72
598	453	83	72
598	453	84	72
598	454	84	72
598	454	84	73
598	453	85	74
598	453	86	74
598	453	86	74
598	454	86	74
598	453	86	76
597	453	87	75
598	454	87	75
598	453	88	76
598	453	88	76
598	451	88	77
598	451	89	77
598	451	89	77
597	450	90	78
597	450	90	78
597	451	90	78
596	451	91	79
596	451	92	79
596	452	92	79
595	452	92	80
595	453	93	81
594	453	94	81
594	453	94	81
594	454	93	81
593	454	95	82
593	454	95	83
593	454	95	83
592	455	96	83
592	455	96	82
592	454	96	83
591	454	97	84
591	455	97	84
591	455	97	85
591	456	98	85
591	455	98	85
590	454	98	86
590	454	98	86
589	454	100	86
589	454	100	87
589	453	100	86
590	453	101	88
590	452	101	89
589	453	102	88
589	452	102	89
590	452	102	90
590	451	103	89
589	451	104	90
589	451	104	91
589	450	105	91
589	450	105	91
589	449	105	92
589	448	106	92
589	449	105	92
589	449	106	93
589	447	107	94
589	448	107	93
588	447	108	95
588	447	109	94
588	449	109	94
588	448	109	96
588	448	110	95
587	448	110	97
588	448	111	96
588	448	112	97
588	449	112	98
587	448	113	98
588	449	113	98
588	450	113	99
587	450	114	99
587	449	114	99
587	449	114	99
587	449	115	99
587	448	115	100
586	448	116	101
586	448	116	101
586	448	117	101
586	448	117	102
586	446	118	103
587	448	118	102
585	446	118	103
586	446	119	103
586	446	120	103
586	446	120	104
585	446	121	105
586	445	121	105
586	446	120	105
586	446	121	106
586	446	121	106
586	447	121	105
586	448	122	106
586	447	122	106
586	448	122	106
587	448	122	107
587	448	122	107
586	447	123	108
587	448	124	108
586	449	124	108
587	448	125	109
587	448	125	109
587	447	126	110
588	448	126	110
587	447	126	110
587	446	127	110
587	446	127	111
587	446	127	110
587	445	128	111
588	444	128	112
587	445	128	112
587	445	128	112
587	444	129	113
586	445	129	113
587	444	130	113
587	445	130	113
587	444	131	114
587	443	131	114
587	443	131	114
588	443	132	115
588	442	132	115
588	444	132	114
588	444	132	116
588	444	132	116
588	445	132	116
589	445	133	117
589	445	133	117
589	446	134	117
590	446	134	117
590	446	135	117
591	444	135	118
591	444	135	118
592	444	136	118
591	443	136	119
592	444	136	119
591	445	136	118
591	445	137	119
591	445	137	119
591	446	137	118
590	445	137	120
590	445	138	120
590	444	138	119
591	445	138	120
590	445	139	121
590	443	139	122
590	444	140	121
588	445	142	121
588	444	142	122
588	445	143	122
587	446	142	122
586	446	143	123
586	445	143	123
586	446	142	123
586	446	143	123
585	446	142	124
584	445	143	126
583	444	143	126
582	445	143	124
581	443	143	126
580	445	143	125
580	443	144	127
579	445	143	126
578	444	144	127
578	443	144	127
576	444	144	127
574	443	145	128
574	444	145	128
573	442	146	129
572	443	146	129
572	443	147	129
571	442	147	131
570	441	148	130
569	442	148	130
568	440	149	132
567	439	150	132
566	440	150	131
566	441	150	131
564	441	150	132
564	440	150	133
564	441	150	132
563	440	151	133
563	440	151	133
562	440	153	134
561	442	152	133
561	440	153	134
561	440	153	134
560	438	154	135
560	439	153	134
559	438	154	135
558	436	154	136
558	437	155	135
558	438	154	135
557	436	155	137
556	438	155	136
555	437	156	137
555	438	155	137
555	438	156	137
554	439	156	138
553	438	156	139
553	439	156	137
552	437	156	138
551	437	157	139
551	436	157	139
550	437	157	139
549	436	158	139
549	437	158	139
548	437	158	138
546	436	159	139
546	437	159	139
546	436	159	140
545	437	160	140
544	436	159	141
544	437	161	141
543	437	160	140
544	437	161	139
543	437	161	140
543	437	160	140
543	439	160	139
543	440	161	140
543	439	161	141
543	440	161	140
543	440	161	139
543	441	160	140
542	439	160	141
543	441	161	138
542	441	161	138
543	439	161	140
543	438	161	140
543	439	161	138
544	439	160	138
545	438	160	139
546	440	159	138
545	439	159	138
546	440	158	138
547	439	159	139
548	439	158	138
548	438	159	138
548	440	158	137
549	441	158	137
550	440	157	138
550	443	157	136
550	442	157	137
550	444	155	136
550	444	156	136
551	443	156	136
550	444	156	136
550	443	156	136
550	443	156	136
551	444	155	135
550	443	156	135
550	444	154	135
549	443	155	135
549	445	154	133
550	444	154	135
549	445	153	135
549	446	153	134
549	445	153	133
549	444	153	134
548	443	152	134
548	443	153	134
547	443	153	133
547	442	153	134
546	443	153	133
546	442	152	134
546	444	151	132
546	444	151	132
545	444	150	132
545	444	150	132
545	446	150	131
545	445	150	131
545	446	150	131
544	445	150	131
545	445	150	130
545	446	149	130
545	445	149	130
545	444	148	130
545	444	149	130
545	445	148	130
545	445	148	130
545	445	147	129
546	443	148	130
546	445	147	128
545	443	147	129
546	445	147	129
546	446	146	128
546	446	146	128
545	444	146	129
546	447	146	128
545	446	146	128
546	446	145	127
546	445	145	127
545	445	145	127
545	445	145	127
545	444	145	127
545	444	145	127
545	444	145	126
545	444	146	126
545	445	145	126
545	444	145	127
546	445	144	126
545	447	143	125
546	447	143	126
546	447	143	125
546	447	143	125
546	448	142	125
546	449	142	124
546	449	142	125
546	449	143	124
546	449	142	124
547	448	142	125
547	447	142	125
547	447	142	124
547	447	141	124
547	446	142	124
547	444	142	125
547	444	142	123
546	446	141	123
547	445	141	124
547	444	141	123
547	445	141	122
547	446	141	122
547	445	140	123
548	446	140	122
548	447	140	122
548	447	140	121
549	447	139	122
550	446	140	122
550	446	139	121
551	445	139	121
553	445	139	121
553	445	139	121
554	445	139	120
555	444	138	121
557	444	138	120
558	445	138	120
560	445	138	119
561	446	138	120
563	446	137	119
564	446	137	119
566	447	136	119
568	449	135	118
570	450	135	118
571	451	135	117
574	452	135	116
576	451	135	117
576	451	135	116
579	451	134	116
580	452	134	116
581	451	134	115
582	451	133	115
583	451	133	114
584	449	133	115
585	449	132	114
586	448	132	115
587	448	131	114
587	448	130	113
588	447	130	114
589	448	130	113
588	447	130	113
589	448	129	112
589	448	129	112
589	450	128	111
589	449	128	111
589	450	128	110
589	449	127	111
588	450	127	110
588	449	126	110
588	450	126	109
588	451	125	108
588	452	124	108
588	452	124	108
587	454	124	107
586	456	124	107
586	457	123	106
586	459	123	106
585	460	122	106
585	460	122	106
586	461	122	105
585	461	122	105
585	460	121	105
585	461	121	104
585	462	120	104
585	461	120	104
585	460	120	104
585	461	119	103
585	461	119	103
585	460	118	103
585	461	118	103
585	461	118	103
584	462	117	103
584	461	118	102
585	461	117	102
584	461	118	102
585	461	117	102
584	460	117	102
584	458	117	102
585	459	117	101
584	458	117	102
584	458	116	101
584	458	116	101
583	459	116	101
583	459	116	101
583	459	116	101
583	459	116	101
583	460	116	100
584	460	116	101
583	460	116	101
583	459	116	101
583	460	116	101
583	460	115	101
582	460	115	100
582	460	115	100
582	460	115	100
582	460	115	100
581	460	115	100
580	460	115	100
580	459	115	100
579	460	115	100
579	459	115	101
578	459	116	101
577	460	115	100
577	460	115	100
577	458	115	100
575	457	116	100
575	456	116	100
575	456	115	99
575	454	116	100
575	454	116	100
575	454	115	100
574	453	115	100
575	452	115	100
575	450	115	100
576	452	114	99
575	452	115	100
575	451	115	100
576	452	115	100
576	454	115	99
576	454	114	99
576	455	114	100
577	456	114	99
577	456	114	100
577	456	114	100
577	456	114	99
578	455	114	99
578	453	114	99
579	452	114	99
579	451	114	99
580	452	113	99
580	450	114	99
580	450	114	100
580	452	114	99
581	453	113	99
583	453	113	99
583	454	113	98
583	453	113	98
583	454	113	99
584	453	113	98
585	453	113	98
585	453	113	98
585	454	113	98
585	454	113	98
586	454	112	98
586	455	112	98
587	455	112	98
586	455	113	98
587	456	113	98
587	457	113	97
588	456	113	98
588	456	113	98
588	456	112	97
589	456	112	97
589	457	113	97
589	456	113	97
590	457	112	97
590	457	112	97
591	457	112	98
591	458	112	97
592	457	112	97
593	457	112	97
594	456	112	98
594	455	113	98
594	455	113	97
595	454	113	97
596	455	112	97
597	454	112	98
598	454	112	98
598	453	112	98
598	454	112	98
599	453	112	98
600	452	112	98
600	452	112	98
600	452	112	98
601	453	111	98
602	454	111	98
603	455	111	98
602	456	110	97
602	459	111	96
602	458	111	97
603	459	111	97
603	459	111	97
604	459	111	97
604	459	110	96
603	458	111	97
603	459	111	97
603	458	111	97
603	459	111	97
602	458	111	97
602	458	111	97
601	457	111	97
601	458	110	97
600	458	111	97
599	457	112	97
599	458	111	96
599	458	111	97
597	458	111	96
596	458	111	97
595	457	112	97
594	457	111	97
594	458	111	96
593	458	111	96
591	458	112	97
590	458	112	98
590	458	112	97
589	459	112	97
588	458	113	97
588	459	112	97
586	457	113	97
585	457	113	97
585	457	113	98
585	456	113	98
584	455	113	99
583	456	113	99
583	455	113	98
583	456	113	99
581	456	114	99
582	456	114	100
581	457	114	98
581	458	114	99
580	456	115	99
581	456	115	100
581	455	114	100
582	457	114	99
582	456	114	101
582	455	115	100
582	454	115	100
582	454	115	100
583	454	116	101
582	453	116	101
583	454	116	101
582	453	117	103
583	454	117	102
584	454	116	102
583	453	116	103
584	454	116	103
584	453	117	103
584	453	117	102
584	453	117	103
585	453	117	103
585	454	118	102
584	454	118	102
584	454	117	103
585	453	117	103
585	453	117	103
585	453	117	102
585	452	117	103
584	452	119	103
584	451	119	103
584	452	119	103
583	451	119	103
583	450	119	103
583	450	119	103
582	450	119	104
581	450	120	104
581	449	120	104
581	450	120	105
580	450	120	105
578	450	120	105
577	450	120	105
577	450	121	106
576	451	121	105
575	451	121	105
574	450	121	105
574	451	121	106
573	452	121	105
572	452	121	106
572	452	121	105
572	452	122	105
572	451	122	106
572	451	122	106
572	451	123	106
573	451	123	106
573	450	124	107
574	449	124	108
575	449	125	107
576	449	125	107
577	449	126	107
579	448	127	108
580	447	127	108
581	448	128	107
583	447	129	108
584	447	129	108
587	446	130	108
589	447	130	108
592	447	130	109
594	446	130	109
598	446	129	109
602	445	128	110
605	443	129	109
609	441	128	110
613	442	127	109
618	440	126	109
622	438	126	109
626	438	125	109
633	438	124	108
638	438	123	107
644	437	123	107
649	437	123	106
654	437	123	107
659	438	123	106
664	437	122	107
669	438	121	105
674	439	121	105
679	438	121	104
684	439	120	104
689	439	120	104
695	439	118	103
700	438	117	101
705	439	116	102
709	439	115	100
713	440	115	100
717	440	115	100
721	441	114	98
725	442	113	99
729	442	112	98
733	444	111	97
737	446	111	97
741	447	110	96
744	448	110	96
747	449	110	96
751	449	110	95
754	451	110	94
758	451	109	93
762	451	109	93
765	451	108	91
769	451	108	91
772	451	107	90
775	452	106	90
778	452	106	89
782	453	106	88
786	453	105	87
789	453	104	87
791	453	105	87
795	453	104	86
798	454	104	85
802	454	103	85
805	454	102	85
808	454	102	84
811	455	102	83
815	455	101	82
817	456	101	82
820	456	101	81
824	456	100	81
826	457	99	80
829	457	100	79
831	456	99	79
833	456	100	79
835	456	100	78
837	456	100	78
838	457	100	78
840	458	99	78
841	459	99	77
842	459	98	77
843	459	99	76
844	460	99	76
846	461	98	75
846	462	98	74
847	464	98	74
847	466	98	73
847	467	97	73
848	469	97	72
849	470	97	72
849	472	96	71
849	471	96	71
850	472	96	71
849	472	97	70
849	472	96	70
848	473	96	69
848	472	96	69
848	472	96	69
846	472	96	68
845	473	96	68
843	473	96	68
840	474	96	67
837	475	96	67
835	475	95	67
831	476	96	67
832	476	95	66
824	477	95	65
820	477	94	65
816	475	95	65
813	475	94	65
810	475	94	64
807	475	95	63
803	474	93	63
800	474	93	63
797	475	92	63
793	474	93	62
790	474	92	62
788	474	92	62
785	474	92	62
782	473	92	61
780	472	91	61
777	471	91	60
775	470	91	60
771	467	92	61
769	466	89	61
766	466	89	60
764	466	89	60
760	466	88	61
757	466	89	60
755	467	87	59
752	467	87	59
749	468	86	60
748	468	85	60
744	468	85	59
743	468	85	60
741	468	84	60
738	468	84	59
736	468	83	58
735	467	83	58
733	468	83	57
732	467	82	59
728	465	82	58
726	467	82	58
723	465	82	58
720	463	81	58
719	463	80	58
715	464	80	57
711	466	79	57
709	465	78	57
705	465	79	56
702	467	78	55
700	468	77	55
695	466	79	56
694	467	77	55
690	468	77	55
688	467	77	56
685	466	76	56
682	465	76	56
680	466	75	56
678	465	74	56
676	465	74	56
673	465	74	56
671	466	72	56
669	466	73	56
666	467	72	55
665	467	71	55
662	469	71	54
660	469	71	55
658	469	71	55
657	469	72	54
655	470	70	53
655	470	69	53
653	469	69	53
653	471	68	53
652	472	68	53
651	472	68	53
650	473	67	53
649	474	68	53
647	474	68	53
647	476	66	53
646	477	66	53
644	476	66	54
642	477	66	53
641	477	66	53
640	477	66	53
639	475	66	54
639	474	66	54
638	474	65	53
637	473	65	53
636	473	64	53
637	472	64	53
636	473	64	52
636	474	64	52
635	473	64	52
634	474	64	52
634	475	64	52
634	475	64	51
633	475	64	52
633	473	63	53
633	472	63	53
633	471	63	53
633	470	62	52
633	469	62	53
635	469	61	54
633	468	61	55
634	469	61	54
634	469	60	54
635	469	61	54
634	470	60	54
635	470	60	54
634	470	60	54
633	469	61	53
634	470	61	53
633	470	61	53
633	469	61	54
633	470	61	53
633	470	60	54
633	469	61	53
632	469	60	53
632	469	61	53
632	470	60	53
633	469	60	52
632	471	60	51
632	471	60	51
632	471	60	52
632	472	60	51
632	472	59	51
632	472	59	52
632	472	60	51
632	471	59	52
632	471	59	52
631	470	60	51
631	470	60	52
629	469	60	52
629	468	60	52
628	467	61	52
628	466	61	51
626	465	62	52
625	465	62	52
624	464	62	52
623	463	63	52
622	462	63	52
620	460	63	52
619	460	64	52
617	459	64	52
616	458	64	52
615	460	64	50
612	461	65	50
611	462	64	51
610	462	64	51
608	462	64	51
608	464	63	50
607	464	63	50
607	464	62	51
608	462	63	51
607	463	63	50
608	463	63	51
609	463	62	50
611	461	62	51
612	460	62	51
615	460	61	52
616	461	61	52
618	462	59	52
620	464	59	52
621	464	59	53
621	464	59	53
621	464	59	52
622	463	58	52
621	463	59	51
621	461	58	51
622	460	58	51
621	459	58	50
621	459	57	51
619	458	57	51
620	459	57	50
619	461	57	50
619	460	57	51
618	460	58	51
618	461	57	50
618	462	57	50
617	462	57	51
616	462	57	50
616	463	57	50
616	465	57	50
616	466	58	50
618	468	57	50
619	468	58	50
619	469	57	49
619	468	58	49
619	468	58	49
620	468	58	49
620	468	58	49
621	468	58	48
621	468	58	49
623	468	57	48
623	470	57	48
625	471	56	49
625	470	56	49
626	471	56	48
627	471	56	50
627	471	56	50
629	470	56	49
630	470	56	49
632	471	56	50
633	471	55	49
635	472	55	49
636	471	56	50
637	470	56	50
639	470	56	49
641	469	56	50
642	469	56	49
642	469	56	49
645	468	56	49
646	469	56	50
647	469	56	51
649	470	56	50
649	470	56	49
649	469	56	49
649	466	56	49
649	465	56	50
650	465	56	50
649	464	56	50
651	466	55	50
650	469	55	49
650	468	56	50
651	469	55	49
650	470	55	49
651	471	55	49
650	470	55	49
652	469	55	49
652	469	55	49
654	471	56	49
654	470	55	50
655	470	55	49
656	470	55	49
657	470	55	48
658	470	55	48
657	467	56	50
659	467	55	49
660	467	55	50
660	467	55	50
661	467	55	49
660	468	55	50
660	468	55	49
658	466	55	50
658	464	55	50
657	463	55	49
656	463	55	50
656	462	55	49
655	462	55	49
654	463	55	49
653	464	55	49
652	463	55	49
651	463	55	49
651	463	54	48
651	463	55	48
649	462	55	49
649	463	54	48
649	463	55	48
648	464	54	48
647	463	55	48
647	464	55	48
647	466	54	48
646	466	55	49
646	467	54	49
646	468	54	48
646	469	54	48
646	470	54	48
646	468	54	48
646	468	54	48
646	469	53	48
645	469	53	48
646	469	54	48
646	469	53	48
646	468	54	48
646	469	53	48
646	468	53	48
647	466	53	48
646	465	53	48
647	464	53	47
647	464	53	48
647	463	53	48
647	462	53	47
647	461	53	48
648	461	53	47
648	460	53	47
647	460	53	47
648	460	52	47
648	461	52	47
647	461	52	47
647	463	52	47
647	464	52	47
647	464	53	47
647	464	53	46
646	464	53	46
647	464	53	46
647	464	53	46
646	464	53	45
646	463	53	46
645	464	52	46
645	467	53	46
644	467	53	46
644	468	52	46
643	469	53	46
642	469	53	46
641	469	53	46
641	469	53	46
640	469	52	46
640	470	52	46
639	471	53	45
637	469	53	46
636	469	53	46
634	469	53	46
633	468	53	46
632	468	53	45
631	467	53	46
630	467	53	46
629	468	53	45
627	468	53	46
626	469	53	45
625	470	53	45
623	471	53	45
621	471	54	46
620	472	54	45
618	474	54	45
617	475	54	46
615	474	55	46
613	476	54	46
612	476	54	45
610	476	54	45
609	477	54	45
608	476	53	45
606	475	54	46
603	475	54	46
602	474	53	45
602	475	52	46
600	475	52	46
598	474	53	45
597	474	52	45
596	474	52	46
592	472	52	46
591	471	52	45
589	470	52	45
588	471	51	45
587	470	51	45
584	470	51	44
583	470	51	44
581	470	51	44
579	470	51	44
576	468	51	45
575	469	51	44
573	469	51	44
572	469	51	44
572	468	50	44
570	466	50	45
568	466	50	45
567	466	49	45
565	467	49	45
564	467	49	46
562	468	50	45
561	469	49	45
560	471	49	45
559	472	49	45
557	472	49	45
556	473	49	45
554	474	49	45
553	473	49	45
552	473	49	45
552	473	49	45
550	472	49	45
549	472	49	44
549	472	49	44
547	473	49	44
547	473	49	44
545	473	49	44
544	473	50	43
543	472	49	44
542	473	49	43
541	473	49	44
540	471	49	45
538	471	50	44
538	472	49	45
537	471	50	45
535	472	50	45
534	474	51	45
532	474	51	44
532	474	51	44
531	473	52	44
530	472	52	44
531	472	53	44
531	474	52	44
530	472	54	44
531	472	53	43
531	473	53	43
532	472	52	44
532	472	53	44
534	472	53	44
533	471	53	44
535	472	53	44
536	472	54	45
536	472	54	44
539	471	53	45
539	470	54	44
541	468	55	46
543	468	54	44
544	466	54	45
547	468	54	44
549	468	54	45
551	468	54	46
553	468	54	45
555	468	55	45
556	468	55	45
558	466	55	46
559	466	55	45
560	466	55	45
562	466	55	44
564	467	55	44
566	467	55	44
568	465	55	45
570	466	55	45
571	464	56	45
574	463	55	45
576	464	55	44
578	464	55	45
579	465	56	45
581	466	56	45
582	466	56	46
582	467	56	46
584	467	55	45
585	466	56	45
586	466	56	46
587	466	55	45
588	466	56	46
590	467	55	46
591	468	55	45
593	469	55	45
594	465	56	46
597	463	55	45
598	465	55	44
601	464	55	47
602	464	55	45
603	466	56	45
604	465	56	47
605	465	55	45
607	468	56	46
607	468	54	46
609	468	54	45
611	469	55	46
612	469	54	45
614	471	54	45
615	471	54	46
617	469	54	46
620	470	53	44
622	469	53	45
623	468	54	45
624	467	54	45
625	466	54	45
626	465	53	45
627	467	54	45
627	466	54	46
627	466	53	46
627	468	53	46
628	470	53	46
628	468	53	46
629	470	53	45
630	471	53	46
631	470	53	45
632	471	53	46
633	471	53	45
634	469	53	46
633	470	52	46
635	471	53	46
636	468	52	47
638	469	52	47
639	468	52	47
641	468	51	47
642	467	52	47
643	465	52	47
644	466	51	47
646	464	52	47
646	465	51	47
647	465	51	46
647	465	51	46
647	469	51	46
648	469	51	46
647	470	52	46
649	469	52	46
649	468	51	45
649	464	52	47
649	464	52	47
649	465	52	45
648	463	53	47
647	463	52	46
648	464	52	46
648	466	51	45
647	469	50	46
647	470	50	47
647	471	50	46
647	473	50	46
647	472	50	47
647	472	51	46
648	471	51	45
650	471	51	46
649	470	51	46
650	469	51	45
649	470	50	45
649	470	51	45
649	469	51	45
648	469	51	45
647	470	51	45
646	469	51	46
646	469	51	46
646	470	51	46
646	471	51	46
646	471	51	46
647	471	51	47
648	471	51	46
648	471	51	46
648	471	51	46
648	470	51	47
649	468	51	46
649	469	51	46
649	466	51	47
650	465	51	46
650	465	51	46
650	463	51	47
650	463	51	46
650	465	51	46
650	465	51	46
649	466	51	47
649	465	51	47
649	467	52	46
649	466	52	47
648	466	52	47
649	467	51	47
648	467	52	47
648	467	51	47
647	466	52	47
647	467	52	47
645	467	52	46
645	467	52	46
644	466	52	46
644	466	52	46
643	467	52	46
642	466	52	46
642	467	52	46
641	467	52	47
641	468	52	47
639	468	52	47
638	468	52	47
637	467	52	47
636	468	52	48
634	467	53	48
634	468	53	47
632	468	53	48
631	470	52	48
629	469	53	48
628	470	53	47
626	468	53	47
625	467	53	47
624	466	53	47
623	464	53	47
621	463	55	47
619	461	56	47
618	461	54	47
618	460	54	48
618	461	54	48
617	461	54	48
616	463	54	48
616	464	53	48
614	465	54	48
614	466	54	48
613	466	54	48
612	465	55	48
611	466	55	48
611	466	54	48
609	466	55	49
609	464	55	48
608	463	55	48
607	463	54	49
606	463	55	49
605	463	55	48
604	464	55	48
603	463	55	50
602	464	54	49
601	466	55	48
599	465	56	50
599	465	55	49
598	466	56	49
596	465	56	49
596	465	56	48
595	465	56	49
594	465	57	49
593	464	56	49
593	466	55	48
592	464	55	49
592	465	54	49
593	467	54	48
592	467	54	48
591	466	54	49
592	465	54	48
592	465	53	48
591	465	54	48
591	464	54	48
591	463	54	48
591	464	54	48
590	465	54	48
589	465	54	49
589	465	54	49
589	466	54	49
588	465	54	49
588	465	54	48
586	465	55	48
586	466	54	48
585	465	54	49
584	465	54	49
584	466	54	48
584	467	54	49
583	465	54	49
583	465	55	49
582	465	55	49
582	466	54	49
581	465	55	49
582	465	54	49
582	466	55	48
581	466	55	49
581	467	55	49
581	467	56	48
581	467	56	48
580	468	55	49
580	468	56	48
579	468	56	48
579	468	57	48
579	468	57	48
579	468	55	48
578	467	56	48
578	466	57	47
578	467	56	48
577	467	57	48
576	466	57	48
577	467	56	48
576	466	57	48
575	467	57	48
575	466	57	48
575	466	57	48
574	466	57	48
574	466	57	48
573	464	58	49
573	464	58	48
573	465	58	48
573	465	59	49
572	464	58	49
572	464	59	49
571	467	59	48
571	465	60	49
571	465	60	49
571	466	60	48
570	468	60	48
570	467	61	49
570	466	61	49
570	467	61	48
571	466	62	49
571	466	61	50
572	464	62	49
573	466	61	49
574	466	61	49
575	464	62	49
576	466	61	49
576	465	62	50
577	463	62	50
578	464	61	49
581	463	61	49
582	463	61	50
583	463	60	50
585	463	61	49
586	463	60	49
587	464	60	50
589	463	60	49
590	464	58	49
591	463	59	50
592	463	58	50
592	461	58	50
593	461	58	50
594	460	58	50
594	462	58	50
594	462	57	50
595	461	57	50
595	462	57	49
595	463	57	49
596	463	58	49
596	463	56	49
596	463	57	49
596	464	57	49
596	463	57	49
597	465	57	48
597	463	57	49
597	463	57	49
597	464	57	48
597	463	58	48
597	463	58	48
598	463	58	47
598	463	58	48
598	464	57	48
598	464	58	48
599	465	57	49
599	465	57	49
600	464	57	49
600	463	57	49
601	462	57	50
601	462	56	49
601	461	57	49
602	463	57	50
601	460	57	50
602	463	57	49
602	461	56	50
602	461	56	49
602	460	56	49
603	460	56	49
601	460	55	48
602	460	56	49
601	460	55	48
601	462	56	48
601	461	56	49
602	463	55	49
601	463	55	49
601	463	55	49
601	464	56	49
602	463	56	49
602	463	56	49
603	462	56	49
602	462	56	49
602	462	56	49
602	461	56	49
602	460	56	49
602	462	56	49
602	460	56	49
602	461	56	49
603	461	56	48
602	462	56	49
602	461	56	49
603	462	56	49
603	463	56	48
604	462	56	49
604	462	57	49
604	462	56	49
604	462	56	49
604	461	56	49
606	462	56	48
606	463	56	49
606	462	56	49
606	464	55	48
607	463	56	49
607	462	55	50
607	462	55	49
608	462	55	49
608	461	55	49
608	460	55	49
609	460	55	49
609	461	55	48
609	460	55	49
610	460	55	49
611	461	55	49
611	460	55	49
611	460	55	49
612	461	55	49
612	460	55	49
614	460	55	49
614	461	55	49
615	461	54	49
615	461	55	49
616	462	54	49
616	461	55	49
617	462	54	48
617	463	54	49
616	461	55	49
618	461	55	49
617	460	56	49
618	460	55	49
618	459	56	49
619	461	55	49
620	462	55	48
619	462	55	48
621	462	55	48
621	462	55	48
622	463	55	48
622	463	55	48
623	462	54	48
623	462	54	47
624	462	54	48
624	462	54	48
624	462	55	48
625	462	55	48
626	463	55	49
626	463	56	48
628	464	56	49
628	463	55	49
629	463	56	49
630	463	55	49
631	463	56	49
632	464	56	49
633	465	56	48
633	464	57	49
636	465	57	48
636	464	58	49
639	465	57	48
641	465	57	48
643	464	59	48
646	465	57	47
649	464	57	47
652	463	57	47
654	464	56	47
658	463	57	47
661	462	57	48
664	462	57	47
668	461	57	47
670	459	57	48
675	459	55	48
679	459	55	47
683	458	54	47
686	456	54	48
688	457	55	46
694	456	54	47
697	455	52	46
701	455	53	47
704	455	52	47
708	455	52	47
710	456	53	46
714	454	53	47
718	455	52	45
721	456	52	46
723	455	52	45
726	456	52	45
727	456	52	46
730	456	52	45
731	456	52	45
734	457	51	45
737	456	51	45
739	457	51	45
741	458	51	44
743	457	51	45
745	456	51	45
746	457	51	44
748	456	52	45
751	455	51	45
754	456	50	45
756	456	50	45
759	458	49	44
761	458	49	44
764	459	49	44
761	459	51	44
769	462	49	44
771	463	49	43
773	464	48	42
776	464	48	43
779	463	48	42
781	463	48	42
784	463	48	42
787	462	48	42
790	464	48	42
794	464	47	42
797	464	47	42
800	464	47	42
804	464	47	42
808	465	47	42
810	464	47	42
814	464	47	42
817	466	46	41
821	465	47	41
825	464	47	42
828	465	47	41
832	464	47	40
835	465	47	41
838	464	48	41
841	464	49	40
845	465	49	41
850	466	50	40
853	466	50	41
855	467	50	40
859	469	50	40
861	468	50	40
864	468	51	40
866	468	51	40
868	468	51	40
871	467	51	40
874	465	51	39
876	465	52	39
879	465	52	39
881	463	51	39
882	463	52	39
885	463	51	39
887	463	51	39
889	464	51	38
890	464	51	38
893	463	51	38
895	465	51	38
897	464	51	38
899	465	50	38
900	467	51	38
903	468	50	38
905	468	51	37
907	469	51	37
909	469	50	37
910	469	51	37
912	468	51	36
914	468	52	36
915	468	52	36
917	467	52	36
918	466	52	36
920	467	51	35
920	466	52	36
921	466	52	36
922	466	52	35
923	466	52	36
923	466	52	36
924	465	53	36
924	466	53	36
926	465	53	36
925	464	53	36
926	463	54	36
926	463	54	36
925	462	53	35
924	463	54	35
924	463	53	35
924	462	53	35
923	462	54	34
923	460	53	34
921	460	54	34
920	460	54	34
920	461	53	33
919	462	53	33
919	464	53	34
919	464	53	34
919	466	53	34
919	467	53	34
919	469	53	33
919	468	53	34
920	468	52	34
921	468	52	33
921	468	52	33
921	467	52	33
922	467	52	33
921	467	51	33
922	466	51	34
922	466	50	33
920	468	52	33
921	466	51	33
921	466	50	33
923	468	47	32
920	466	48	33
923	465	45	33
924	465	42	32
925	467	41	32
928	469	36	29
930	469	33	30
930	470	31	29
935	470	25	29
934	467	24	33
938	468	20	32
896	459	60	59
865	460	89	59
867	461	90	60
868	462	92	60
871	463	92	61
873	464	94	61
873	465	96	63
876	466	97	64
878	465	98	65
881	464	100	65
883	464	102	66
884	463	104	67
887	462	104	68
890	460	106	69
891	460	110	70
892	459	111	72
896	459	113	73
896	459	117	74
898	458	121	76
902	458	122	78
906	459	123	79
911	459	125	79
915	458	127	81
920	458	130	82
924	456	133	84
931	456	134	85
936	455	139	87
943	456	141	89
949	456	144	91
953	454	149	93
960	454	152	94
967	453	155	97
973	452	159	99
980	451	164	101
987	449	168	104
994	447	173	106
998	447	181	108
1008	447	184	110
1016	445	190	114
1024	444	196	118
1033	443	203	122
1042	444	209	123
1051	442	217	127
1061	441	216	131
1074	437	203	136
1084	437	195	139
1095	433	183	143
1108	432	169	145
1120	432	158	152
1132	432	141	155
1147	430	131	160
1163	431	115	149
1179	436	100	147
1197	448	82	139
1216	464	63	125
1234	482	44	110
1255	491	23	104
1264	515	13	116
1266	522	13	120
1266	521	11	117
1265	523	14	111
1265	522	12	119
1266	521	12	132
1267	526	11	134
1263	529	16	141
1265	523	12	159
1264	522	14	156
1265	514	12	151
1266	515	13	141
1266	510	12	146
1266	512	12	140
1267	519	11	132
1266	525	12	120
1268	530	10	114
1268	540	10	98
1269	537	10	98
1269	546	10	86
1265	562	11	68
1266	550	13	78
1264	530	13	95
1266	531	12	92
1268	524	11	102
1267	529	12	91
1262	547	15	71
1258	523	21	93
1180	480	57	56
1150	466	96	73
1073	425	206	155
866	429	290	192
876	429	307	200
885	427	329	212
898	423	345	225
909	420	370	238
922	413	357	258
936	404	343	277
951	394	328	304
971	390	308	322
990	386	286	331
1013	379	264	338
1036	367	243	348
1061	373	216	327
1094	385	185	320
1129	407	150	309
1166	456	113	263
1206	488	73	230
1254	542	24	137
1256	491	23	137
1256	473	23	143
1262	489	16	129
1266	485	13	139
1265	490	13	128
1267	485	12	143
1265	486	13	133
1268	495	10	130
1268	499	10	122
1270	497	10	130
1269	500	10	121
1269	498	10	118
1268	494	11	128
1268	497	10	118
1270	497	10	132
1269	497	10	128
1266	494	13	128
1267	497	10	126
1269	491	10	133
1269	496	10	122
1270	498	10	121
1270	501	10	114
1270	498	10	121
1269	499	10	120
1269	498	10	122
1270	498	10	121
1270	501	10	119
1269	501	10	116
1270	497	10	125
1270	494	10	121
1270	496	10	124
1268	497	11	124
1269	493	10	133
1269	491	10	132
1265	497	14	126
1267	495	12	125
1268	498	10	127
1270	512	10	111
1270	507	10	115
1270	506	10	121
1270	501	10	128
1270	503	10	128
1269	505	10	128
1269	506	10	129
1269	514	10	121
1268	523	10	109
1269	517	10	115
1270	524	10	102
1270	551	10	74
1270	543	10	84
1270	536	10	90
1270	530	10	97
1269	519	10	106
1268	522	10	107
1268	519	10	114
1270	518	10	114
1269	514	10	118
1268	512	10	123
1269	510	10	131
1269	511	10	129
1268	509	10	128
1268	516	10	125
1270	523	10	113
1269	530	10	101
1268	538	10	93
1268	535	10	98
1266	529	12	101
1267	533	12	99
1267	539	11	96
1267	527	12	105
1266	529	11	108
1269	524	10	121
1268	525	10	117
1268	530	10	113
1269	524	10	122
1268	528	10	118
1269	524	10	131
1269	527	10	127
1269	528	10	129
1267	533	12	121
1267	526	12	120
1267	528	11	117
1265	527	13	128
1262	526	17	124
1260	530	18	121
1259	536	20	109
1258	540	21	106
1225	547	54	89
1141	458	137	75
1147	461	132	72
1154	460	124	74
1162	458	117	78
1169	457	109	80
1178	456	100	83
1185	454	93	84
1192	456	84	82
1201	456	76	80
1211	457	67	81
1220	456	58	82
1230	463	47	75
1241	476	38	63
1252	478	26	62
1262	481	15	59
1267	482	10	48
1267	479	11	63
1267	471	12	70
1263	463	14	71
1263	457	14	81
1264	450	14	93
1261	461	18	99
1254	442	23	99
1254	439	25	88
1224	452	53	102
1082	450	172	167
893	475	71	47
870	472	92	44
794	476	37	26
795	474	36	26
794	473	36	26
796	473	35	26
796	472	35	27
795	471	35	26
797	470	36	26
796	471	35	26
797	470	36	26
798	472	35	26
797	472	36	27
797	472	35	27
798	473	35	27
797	473	35	26
797	473	35	26
797	473	36	26
797	473	36	26
797	472	36	26
797	472	36	26
798	472	36	26
797	472	36	26
797	471	36	26
798	472	35	26
797	471	36	26
