0.093922
0.439634
0.258657
0.278964
0.194194
0.371732
0.257254
0.278116
0.328023
0.300217
0.267277
0.242293
0.266030
0.276572
0.270937
0.191483
0.252146
0.327398
0.358852
0.247734
0.356705
0.338057
0.251328
0.282490
0.263316
0.338342
0.329539
0.284460
0.198335
0.279415
0.200878
0.237869
0.443087
0.282624
0.314318
0.263666
0.402805
0.277762
0.151766
0.207377
0.211276
0.296997
0.362667
0.296976
0.314178
0.459087
0.271481
0.300018
0.253439
0.250570
0.237398
0.365010
0.213833
0.247177
0.231876
0.281183
0.326588
0.249604
0.308200
0.270850
0.277633
0.413295
0.346115
0.424710
0.374486
0.360498
0.276665
0.350953
0.277653
0.353548
0.317029
0.310909
0.273107
0.217226
0.277960
0.221609
0.327574
0.276132
0.248115
0.240328
0.273253
0.374256
0.305059
0.222896
0.314971
0.335398
0.240321
0.355761
0.175095
0.292792
0.263775
0.250160
0.311639
0.242283
0.241340
0.307166
0.240306
0.252117
0.213959
0.170005
0.315762
0.229264
0.223125
0.259026
0.310374
0.261950
0.265818
0.241571
0.264396
0.303826
0.258531
0.341436
0.311246
0.269052
0.317698
0.362909
0.354584
0.313628
0.177618
0.312902
0.355839
0.305647
0.256150
0.237582
0.308971
0.327942
0.162828
0.222233
0.283534
0.205919
0.213078
0.313528
0.279828
0.227735
0.310304
0.241251
0.306403
0.358051
0.263591
0.203819
0.221737
0.185997
0.135608
0.160081
0.192438
0.175629
0.195003
0.189993
0.170700
0.203118
0.152717
0.212592
0.261442
0.286167
0.192407
0.193962
0.243055
0.246850
0.349297
0.358663
0.227212
0.266373
0.301585
0.272430
0.272858
0.302473
0.336993
0.367473
0.311472
0.255560
0.242754
0.382056
0.422867
0.285458
0.224081
0.373127
0.246188
0.178309
0.237535
0.309991
0.175655
0.159443
0.139644
0.360444
0.170411
0.249964
0.252307
0.201679
0.260925
0.246542
0.242958
0.218871
0.242210
0.221786
0.276472
0.260930
0.219117
0.224238
0.258736
0.255328
0.311281
0.204970
0.252415
0.247280
0.239125
0.295369
0.246570
0.263921
0.169238
0.271342
0.241211
0.257059
0.276359
0.251693
0.314502
0.212670
0.262215
0.224757
0.287259
0.206949
0.243267
0.161857
0.240932
0.195732
0.186593
0.288527
0.212092
0.264199
0.330525
0.273441
0.212173
0.228461
0.237631
0.229647
0.227736
0.237980
0.209900
0.256234
0.177754
0.198014
0.235759
0.198175
0.241194
0.221406
0.253930
0.198523
0.235404
0.237064
0.237092
0.277363
0.236619
0.210591
0.279209
0.266532
0.264612
0.281945
0.233479
0.298036
0.308486
0.227290
0.219361
0.219012
0.295972
0.277072
0.181636
0.254164
0.202317
0.245852
0.259493
0.261074
0.223087
0.289832
0.249763
0.272242
0.128278
0.161826
0.186773
0.221200
0.223766
0.262492
0.289639
0.260854
0.206291
0.223739
0.272461
0.213845
0.295589
0.217940
0.164408
0.249789
0.257370
0.358138
0.240695
0.168149
0.214069
0.237068
0.192327
0.234365
0.233899
0.312524
0.170776
0.305645
0.334372
0.273631
0.260912
0.287572
0.215234
0.245420
0.235958
0.175573
0.128165
0.173204
0.311627
0.168407
0.245844
0.263680
0.155716
0.227322
0.178378
0.276708
0.197696
0.193363
0.187745
0.173568
0.131294
0.166895
0.207937
0.246190
0.268774
0.236534
0.356087
0.273193
0.210669
0.165267
0.222747
0.234281
0.282954
0.364065
0.346272
0.245779
0.226322
0.242737
0.208675
0.274687
0.257510
0.243756
0.216925
0.182651
0.134748
0.157001
0.222343
0.218113
0.180795
0.201199
0.181483
0.167927
0.182396
0.183704
0.172946
0.167207
0.139137
0.211672
0.234490
0.268293
0.321795
0.127234
0.215808
0.243826
0.180415
0.208767
0.224955
0.138711
0.242565
0.254144
0.183369
0.230327
0.168567
0.207801
0.198751
0.285225
0.238772
0.297184
0.249329
0.147251
0.228666
0.195722
0.281295
0.173542
0.212363
0.271864
0.216470
0.277381
0.196917
0.110699
0.196776
0.159187
0.185810
0.244931
0.258029
0.178581
0.212115
0.234015
0.258705
0.196773
0.193715
0.201446
0.137565
0.240625
0.185622
0.263198
0.242080
0.286111
0.305339
0.247729
0.212551
0.168729
0.221731
0.173609
0.199696
0.135954
0.196217
0.218976
0.166820
0.245105
0.304027
0.236046
0.185466
0.194374
0.296922
0.294828
0.241988
0.231199
0.215492
0.247962
0.183760
0.196833
0.235003
0.180764
0.218512
0.210317
0.143777
0.211397
0.233440
0.250338
0.208444
0.225842
0.180092
0.218688
0.227210
0.297602
0.272199
0.232795
0.126397
0.130622
0.124517
0.234610
0.191180
0.171998
0.298050
0.209873
0.349559
0.220126
0.238061
0.198449
0.213905
0.287246
0.209692
0.107317
0.231249
0.197022
0.235990
0.266495
0.325294
0.446286
0.211101
0.262568
0.281317
0.280314
0.269528
0.208190
0.372733
0.313355
0.276991
0.236548
0.331221
0.230652
0.286712
0.318334
0.266293
0.324057
0.282117
0.278329
0.259814
0.394951
0.282531
0.239579
0.363340
0.272122
0.261764
0.234245
0.305490
0.449913
0.255210
0.328211
0.421166
0.272778
0.267450
0.304869
0.354089
0.363165
0.276032
0.300987
0.211669
0.215502
0.328810
0.294010
0.292259
0.338263
0.453977
0.293788
0.257216
0.299324
0.378153
0.307386
0.248909
0.343034
0.258873
0.373920
0.367398
0.415472
0.267439
0.278407
0.357657
0.240839
0.282656
0.365602
0.321141
0.361871
0.268709
0.266768
0.242929
0.289678
0.314801
0.384294
0.279210
0.361740
0.269761
0.293389
0.338088
0.191063
0.169618
0.154288
0.299427
0.225108
0.225007
0.236963
0.444030
0.251037
0.262959
0.336105
0.429756
0.252866
0.329420
0.323174
0.208640
0.337413
0.232491
0.247443
0.329227
0.495550
0.287733
0.254012
0.335722
0.320599
0.379426
0.346950
0.239661
0.281421
0.158469
0.277931
0.207217
0.188785
0.314198
0.325091
0.353474
0.170452
0.262164
0.191434
0.243644
0.234367
0.198006
0.300301
0.326074
0.231431
0.269700
0.272821
0.408020
0.295122
0.240274
0.286220
0.280070
0.335370
0.233237
0.227995
0.225521
0.314664
0.316527
0.265974
0.219629
0.282011
0.194853
0.258608
0.415956
0.185759
0.234127
0.233381
0.271624
0.297909
0.298175
0.346867
0.254954
0.271914
0.304636
0.337230
0.309618
0.250734
0.268069
0.384870
0.250373
0.285792
0.267184
0.234978
0.394325
0.280990
0.278288
0.302805
0.296332
0.257395
0.293370
0.259315
0.247595
0.365087
0.323785
0.351606
0.297712
0.302998
0.323679
0.248729
0.327295
0.244517
0.326183
0.230056
0.339109
0.347990
0.228513
0.248946
0.200404
0.169758
0.171886
0.248203
0.280756
0.208388
0.264739
0.253390
0.249387
0.214618
0.306463
0.286720
0.311490
0.322294
0.319979
0.368221
0.269343
0.344739
0.233473
0.448285
0.290247
0.244232
0.243579
0.181496
0.150342
0.201280
0.227931
0.220416
0.295082
0.272689
0.257752
0.330046
0.233453
0.327435
0.341918
0.336339
0.289364
0.253353
0.238146
0.276942
0.264264
0.253624
0.222068
0.303644
0.236615
0.252451
0.282967
0.241364
0.238576
0.307954
0.267292
0.207518
0.212399
0.168469
0.230205
0.218070
0.321093
0.200639
0.179675
0.264277
0.256028
0.242115
0.203018
0.210005
0.221685
0.222384
0.272594
0.193739
0.207297
0.217230
0.279178
0.188497
0.233954
0.191168
0.188957
0.252706
0.272763
0.211022
0.190673
0.222035
0.211091
0.188929
0.279566
0.263377
0.260758
0.268237
0.216845
0.347411
0.178592
0.190606
0.339435
0.239544
0.177491
0.219581
0.213124
0.301967
0.238641
0.204180
0.227754
0.183872
0.219409
0.210321
0.252579
0.305618
0.195926
0.220385
0.257291
0.317328
0.172966
0.280510
0.227639
0.175601
0.235016
0.231484
0.221371
0.207568
0.256007
0.186205
0.170276
0.290542
0.170651
0.172322
0.229091
0.168722
0.251683
0.201156
0.213272
0.250983
0.178415
0.161068
0.325467
0.299149
0.244775
0.199068
0.261107
0.347504
0.262143
0.253196
0.219804
0.157581
0.258833
0.251141
0.205946
0.264075
0.220948
0.213925
0.203115
0.206815
0.295303
0.193070
0.281230
0.246437
0.194327
0.276674
0.248930
0.223893
0.173995
0.182211
0.211245
0.212312
0.198755
0.300036
0.207446
0.259066
0.282849
0.280214
0.312572
0.265132
0.144549
0.236579
0.266965
0.320168
0.375084
0.239260
0.225500
0.217272
0.241386
0.240349
0.199112
0.271230
0.298478
0.212783
0.225749
0.230880
0.221603
0.266485
0.169036
0.255816
0.218007
0.224969
0.221879
0.212537
0.203386
0.231864
0.259481
0.221833
0.284490
0.238797
0.211658
0.186552
0.218409
0.260858
0.255302
0.240563
0.252738
0.283783
0.196083
0.175240
0.284539
0.214928
0.256645
0.190960
0.307292
0.311204
0.223398
0.211244
0.201819
0.172597
0.193743
0.188927
0.171202
0.240792
0.202122
0.225125
0.227965
0.268393
0.251151
0.164399
0.200609
0.335413
0.238428
0.294539
0.223349
0.345710
0.243470
0.211709
0.221686
0.169647
0.125943
0.178960
0.225775
0.303685
0.234386
0.249174
0.258579
0.159813
0.124886
0.188484
0.252603
0.175519
0.169839
0.265851
0.255264
0.178205
0.190446
0.222892
0.311810
0.261176
0.208353
0.214598
0.227184
0.203786
0.233483
0.200655
0.245962
0.261610
0.276095
0.208447
0.195497
0.242160
0.266338
0.256290
0.221678
0.249455
0.237271
0.218518
0.254333
0.204269
0.267880
0.201332
0.171777
0.236370
0.203893
0.220714
0.240718
0.214961
0.247540
0.257077
0.273638
0.228647
0.294002
0.185559
0.241442
0.176154
0.228558
0.184942
0.248235
0.222182
0.247535
0.160695
0.159467
0.178712
0.248956
0.172442
0.239725
0.219092
0.213580
0.223550
0.168693
0.159699
0.166079
0.311716
0.239791
0.159193
0.213744
0.294967
0.371938
0.151055
0.259747
0.199778
0.175138
0.168410
0.146226
0.235497
0.190776
0.264153
0.190551
0.320922
0.245456
0.287608
0.236757
0.262110
0.262244
0.262658
0.239871
0.355149
0.340303
0.307399
0.245101
0.330812
0.238573
0.215233
0.271756
0.225992
0.278702
0.228741
0.242082
0.284376
0.287553
0.296565
0.277043
0.283773
0.246297
0.246384
0.269505
0.300188
0.193076
0.278946
0.221873
0.226984
0.268445
0.231720
0.291812
0.276293
0.240830
0.275431
0.262717
0.235527
0.374409
0.241063
0.235190
0.274925
0.275402
0.354718
0.297838
0.178715
0.353155
0.298727
0.267560
0.261873
0.210160
0.405505
0.223061
0.352783
0.256718
0.273581
0.212173
0.261205
0.272801
0.219843
0.267078
0.337723
0.263509
0.187595
0.307397
0.198043
0.213076
0.249188
0.274913
0.314403
0.222824
0.336160
0.280407
0.343663
0.272538
0.293408
0.370683
0.280200
0.239491
0.338679
0.310031
0.356174
0.352663
0.396009
0.276510
0.284859
0.258749
0.261718
0.296263
0.212652
0.316319
0.244832
0.269852
0.320308
0.288484
0.296751
0.251353
0.341294
0.299450
0.340279
0.281350
0.210728
0.448418
0.263936
0.193050
0.299324
0.295120
0.221796
0.269733
0.337657
0.303809
0.249387
0.243345
0.360960
0.241388
0.306546
0.327896
0.286658
0.321390
0.219051
0.286847
0.223753
0.294916
0.414401
0.379783
0.255657
0.269209
0.424380
0.309682
0.389831
0.395165
0.306060
0.299310
0.259973
0.370313
0.233726
0.487995
0.262615
0.316212
0.263911
0.233541
0.224339
0.268538
0.336391
0.367767
0.334082
0.307300
0.296277
0.251299
0.321224
0.282817
0.318019
0.323271
0.330053
0.383646
0.350447
0.291470
0.354830
0.259943
0.271525
0.325613
0.253947
0.313119
0.315638
0.314082
0.330203
0.388600
0.382218
0.349780
0.428443
0.327443
0.322811
0.311584
0.404384
0.376054
0.281723
0.389029
0.378168
0.308546
0.404337
0.293643
0.233799
0.290795
0.301581
0.196389
0.281353
0.288174
0.445843
0.220718
0.240256
0.252379
0.195511
0.212953
0.231418
0.226574
0.251559
0.164172
0.239597
0.196879
0.249956
0.210143
0.288716
0.290467
0.228685
0.345161
0.260944
0.247912
0.323864
0.266231
0.343206
0.257966
0.283379
0.213396
0.315269
0.234807
0.202061
0.257866
0.329466
0.249637
0.287055
0.261543
0.238762
0.284760
0.209230
0.280389
0.258415
0.233532
0.218862
0.155041
0.276217
0.234219
0.268353
0.205042
0.309249
0.290129
0.252038
0.231705
0.183199
0.187129
0.250894
0.323359
0.240728
0.256048
0.170978
0.260544
0.207899
0.177622
0.283453
0.200361
0.253980
0.202235
0.192592
0.258971
0.254069
0.174844
0.176028
0.246248
0.166803
0.257710
0.190557
0.198113
0.211353
0.224097
0.198059
0.249565
0.250200
0.264397
0.181725
0.237268
0.223446
0.243263
0.270637
0.210976
0.241562
0.234474
0.275943
0.244929
0.289022
0.231155
0.272542
0.232036
0.222431
0.314775
0.186635
0.173194
0.249725
0.215174
0.255558
0.248333
0.219961
0.210047
0.263443
0.302460
0.207584
0.282552
0.197174
0.185855
0.257417
0.223128
0.239387
0.181883
0.289692
0.192512
0.122304
0.213271
0.201782
0.122766
0.205707
0.235714
0.247651
0.329720
0.224470
0.190664
0.185312
0.230612
0.279345
0.217325
0.226980
0.311610
0.267397
0.220256
0.240834
0.254279
0.187815
0.273906
0.186279
0.212892
0.230072
0.278850
0.262258
0.268284
0.185296
0.134113
0.198305
0.157166
0.203380
0.199602
0.201894
0.239061
0.197175
0.334299
0.183682
0.201686
0.300422
0.216654
0.196653
0.280798
0.237333
0.291392
0.165828
0.392356
0.245885
0.432044
0.460494
0.322901
0.319880
0.329354
0.323780
0.344107
0.281242
0.234467
0.285779
0.279010
0.285622
0.350550
0.323485
0.332987
0.203348
0.325760
0.260893
0.332250
0.297832
0.254602
0.270844
0.297853
0.304811
0.275483
0.320637
0.285028
0.290039
0.274149
0.143667
0.184466
0.202892
0.215859
0.366556
0.271719
0.400560
0.278632
0.292577
0.427971
0.390942
0.337454
0.281757
0.291620
0.264333
0.209654
0.390913
0.381133
0.419816
0.303139
0.272972
0.270194
0.296727
0.368287
0.533752
0.285651
0.337061
0.344068
0.341466
0.383649
0.313951
0.272358
0.302965
0.262021
0.318877
0.430880
0.296017
0.230696
0.243325
0.235043
0.458184
0.237464
0.305379
0.279506
0.192703
0.264143
0.352715
0.324419
0.299738
0.238040
0.231551
0.358377
0.179851
0.261719
0.354799
0.346969
0.303407
0.207072
0.191837
0.260021
0.258879
0.225775
0.289532
0.204052
0.462400
0.372958
0.309113
0.237046
0.365495
0.189877
0.299500
0.217345
0.446552
0.319584
0.302032
0.289681
0.347681
0.266681
0.301206
0.300089
0.350860
0.253648
0.397438
0.376285
0.284440
0.263666
0.250430
0.212947
0.269415
0.251883
0.248238
0.306457
0.311102
0.285036
0.385957
0.284079
0.232887
0.306381
0.285385
0.348886
0.271428
0.373776
0.220962
0.203967
0.309893
0.308250
0.276721
0.163909
0.223052
0.229662
0.248231
0.269577
0.224056
0.310287
0.303150
0.244845
0.246863
0.245218
0.214217
0.309963
0.218422
0.111325
0.135458
0.230551
0.232102
0.221393
0.215162
0.272594
0.212962
0.297056
0.218195
0.285867
0.251657
0.276157
0.233824
0.227370
0.240333
0.199001
0.284327
0.239897
0.268749
0.220846
0.193287
0.236148
0.203240
0.276073
0.225905
0.183594
0.209262
0.257116
0.263509
0.196788
0.285941
0.191781
0.201438
0.291881
0.257029
0.278834
0.164355
0.223298
0.223075
0.254030
0.114765
0.196966
0.261287
0.223819
0.158202
0.186446
0.190045
0.209612
0.178764
0.202978
0.251808
0.130329
0.201085
0.189018
0.178783
0.192309
0.267684
0.231489
0.237792
0.273521
0.195971
0.235107
0.191504
0.204695
0.232565
0.180409
0.217484
0.203708
0.235196
0.216233
0.222881
0.244971
0.230113
0.212994
0.251208
0.253631
0.344231
0.266992
0.240665
0.285860
0.249616
0.163916
0.224279
0.263494
0.195677
0.242810
0.273784
0.290827
0.256579
0.236282
0.241368
0.234435
0.228108
0.247706
0.211018
0.232951
0.280601
0.205603
0.185265
0.212992
0.225999
0.229714
0.244729
0.233368
0.210854
0.241295
0.188767
0.321559
0.254059
0.243822
0.206126
0.209489
0.254055
0.206509
0.273913
0.238240
0.306603
0.190925
0.124139
0.199291
0.163077
0.213407
0.261026
0.144154
0.171922
0.232374
0.169313
0.149842
0.231335
0.188011
0.169734
0.213820
0.190457
0.189085
0.124817
0.156706
0.168691
0.217051
0.236585
0.170044
0.203960
0.259104
0.206141
0.180218
0.202804
0.181916
0.144023
0.150053
0.213305
0.181076
0.193925
0.186847
0.221813
0.187470
0.183943
0.189493
0.200032
0.228010
0.324557
0.211860
0.202366
0.244681
0.201421
0.189898
0.258835
0.139520
0.157810
0.254784
0.203829
0.145454
0.169259
0.242296
0.243873
0.259019
0.203160
0.225223
0.223979
0.235572
0.189682
0.221532
0.191615
0.165844
0.178050
0.200412
0.213237
0.184405
0.284730
0.193816
0.294804
0.189732
0.209957
0.223966
0.201957
0.317142
0.198843
0.173179
0.246452
0.204215
0.217828
0.158605
0.186240
0.176547
0.163052
0.210327
0.172540
0.376126
0.231723
0.212444
0.301332
0.207124
0.260328
0.222830
0.261592
0.304152
0.331883
0.240071
0.200804
0.288614
0.296500
0.330962
0.245119
0.236467
0.418632
0.367831
0.407997
0.272352
0.258810
0.370055
0.435830
0.303380
0.357313
0.323269
0.207783
0.314752
0.231411
0.289070
0.318030
0.228346
0.304056
0.455349
0.298648
0.486975
0.351738
0.318445
0.145098
0.323153
0.196849
0.333450
0.201173
0.267319
0.205481
0.203750
0.411500
0.337271
0.255126
0.282582
0.254636
0.277245
0.402164
0.278404
0.285624
0.310221
0.257972
0.317915
0.417493
0.370739
0.262841
0.340514
0.351567
0.319814
0.442110
0.290555
0.407156
0.339412
0.425431
0.335749
0.359407
0.392920
0.382863
0.265559
0.288090
0.297730
0.265093
0.306614
0.354071
0.387166
0.355481
0.270787
0.407418
0.369324
0.409343
0.423264
0.434294
0.380264
0.292566
0.222555
0.220165
0.302794
0.284497
0.202384
0.255039
0.216850
0.213213
0.317451
0.204123
0.182214
0.195051
0.283231
0.279448
0.173730
0.314986
0.263547
0.350017
0.297284
0.234780
0.344935
0.290435
0.339772
0.351305
0.271455
0.328649
0.365496
0.261065
0.307670
0.300228
0.314190
0.321073
0.361681
0.298834
0.351426
0.308703
0.310286
0.381758
0.292011
0.304042
0.276951
0.385807
0.222516
0.210110
0.265184
0.270536
0.298528
0.397174
0.282247
0.303593
0.237732
0.397311
0.471410
0.278794
0.256051
0.349756
0.284093
0.303848
0.329189
0.213848
0.327833
0.271066
0.361717
0.227433
0.235525
0.416519
0.352064
0.206819
0.208470
0.259051
0.303935
0.263777
0.232532
0.391335
0.348322
0.245364
0.377862
0.358589
0.394772
0.353815
0.224977
0.321173
0.327066
0.172224
0.319857
0.317927
0.226960
0.198730
0.308964
0.342294
0.259190
0.261417
0.299936
0.352763
0.278170
0.266030
0.414982
0.293218
0.246436
0.327760
0.332938
0.374022
0.363438
0.188204
0.227271
0.184175
0.221097
0.195681
0.187270
0.176798
0.157479
0.204833
0.194670
0.278260
0.183665
0.230677
0.255625
0.312276
0.236054
0.288415
0.368458
0.291490
0.267011
0.285525
0.352251
0.329438
0.242374
0.352874
0.355567
0.355183
0.343678
0.289108
0.300772
0.228987
0.309741
0.290591
0.268322
0.330000
0.235977
0.305755
0.194721
0.288217
0.223699
0.193493
0.257359
0.253860
0.189998
0.417270
0.163988
0.193235
0.255770
0.198625
0.258106
0.224364
0.271257
0.264563
0.209769
0.199900
0.347400
0.187174
0.259562
0.243424
0.264890
0.204721
0.248971
0.249311
0.255186
0.324708
0.308416
0.335366
0.194622
0.178352
0.301186
0.241300
0.202364
0.164932
0.205302
0.227469
0.291660
0.247829
0.214953
0.236413
0.218469
0.257674
0.251586
0.174680
0.241293
0.269317
0.288366
0.292144
0.250485
0.215485
0.281986
0.177847
0.218913
0.240615
0.204178
0.233521
0.283529
0.184191
0.237036
0.193641
0.221360
0.213204
0.342980
0.196744
0.243986
0.208207
0.293896
0.240226
0.257347
0.248614
0.218574
0.218857
0.251701
0.261250
0.191477
0.174405
0.200848
0.188603
0.184859
0.215294
0.275422
0.236906
0.213340
0.258096
0.328271
0.246527
0.245823
0.263996
0.210640
0.278526
0.272940
0.288038
0.254476
0.160364
0.166202
0.267175
0.186606
0.265067
0.171850
0.341301
0.217541
0.366549
0.245450
0.301380
0.286445
0.275261
0.420464
0.302518
0.308202
0.403093
0.247224
0.275993
0.275725
0.288693
0.223385
0.293830
0.221494
0.319277
0.227604
0.282997
0.288861
0.342079
0.250630
0.250303
0.378683
