0.048882
0.180371
0.166306
0.140732
0.159117
0.186563
0.151775
0.153809
0.166486
0.165004
0.162055
0.171865
0.188376
0.180013
0.142272
0.205619
0.159923
0.240897
0.142479
0.195132
0.138435
0.163707
0.205457
0.112146
0.212759
0.138049
0.130188
0.146779
0.172172
0.188890
0.173298
0.128297
0.150760
0.205499
0.133151
0.176258
0.164001
0.185442
0.212940
0.154123
0.174392
0.234380
0.219168
0.156727
0.201409
0.196276
0.198452
0.155572
0.231153
0.186029
0.180753
0.195829
0.165795
0.195328
0.175076
0.166557
0.157964
0.172810
0.157681
0.190847
0.206695
0.202138
0.177728
0.160344
0.162627
0.133674
0.177747
0.194587
0.120945
0.194298
0.190099
0.175174
0.133864
0.137415
0.189808
0.171506
0.161545
0.131615
0.156409
0.192139
0.194536
0.170881
0.170269
0.187300
0.206580
0.183735
0.164027
0.223339
0.144627
0.170645
0.185607
0.203905
0.202049
0.185452
0.230785
0.228250
0.238699
0.242775
0.296389
0.201108
0.290830
0.280206
0.388642
0.350453
0.387623
0.337079
0.303318
0.260160
0.195658
0.237163
0.233130
0.182595
0.168883
0.188213
0.167338
0.200000
0.107453
0.197777
0.165754
0.173763
0.165049
0.255218
0.233758
0.169936
0.194811
0.151206
0.167799
0.157460
0.188284
0.178634
0.167584
0.144160
0.175060
0.124609
0.152721
0.135393
0.127904
0.178547
0.155506
0.191343
0.153289
0.165268
0.261938
0.177871
0.180242
0.125710
0.200346
0.224190
0.219622
0.188011
0.155084
0.220776
0.198490
0.167215
0.138032
0.168547
0.218007
0.203973
0.216122
0.167706
0.205208
0.147242
0.217456
0.209065
0.177696
0.179706
0.209746
0.165060
0.149132
0.190205
0.161747
0.208178
0.217003
0.188153
0.151451
0.149546
0.216353
0.144032
0.227031
0.210821
0.197583
0.184091
0.222014
0.199259
0.207465
0.208337
0.166818
0.154855
0.234306
0.182450
0.176255
0.199503
0.169473
0.223154
0.207111
0.215811
0.196563
0.143614
0.237979
0.315264
0.416198
0.147799
0.167688
0.183084
0.173749
0.132334
0.151408
0.142061
0.173060
0.214018
0.205814
0.169314
0.268183
0.272392
0.209678
0.192503
0.222016
0.184797
0.201621
0.206032
0.200480
0.196752
0.163794
0.190871
0.155178
0.147943
0.155523
0.178227
0.205893
0.157012
0.160456
0.125400
0.196994
0.193201
0.166151
0.175383
0.217883
0.135761
0.165299
0.181937
0.165943
0.150398
0.175329
0.160213
0.143113
0.243799
0.193894
0.174534
0.187263
0.231262
0.177390
0.184896
0.163754
0.166280
0.194316
0.254637
0.198218
0.179999
0.204174
0.202939
0.207894
0.229888
0.238086
0.323551
0.230812
0.197776
0.192894
0.343909
0.233327
0.228636
0.193250
0.164885
0.226219
0.217981
0.166165
0.203903
0.178136
0.236685
0.206622
0.179699
0.159647
0.230525
0.189222
0.228384
0.237712
0.210992
0.257546
0.195909
0.230611
0.173976
0.242000
0.233645
0.180827
0.194368
0.237098
0.172267
0.223049
0.241644
0.250602
0.193588
0.156740
0.202251
0.218332
0.223867
0.226930
0.216623
0.148731
0.282478
0.212869
0.194012
0.204786
0.175130
0.175750
0.201474
0.170345
0.275288
0.189409
0.221198
0.200584
0.201980
0.220854
0.205376
0.183826
0.189546
0.239137
0.220900
0.164843
0.138203
0.204119
0.188514
0.221155
0.208873
0.189918
0.186903
0.152082
0.194352
0.177558
0.227644
0.168459
0.200089
0.179606
0.207150
0.223002
0.228464
0.224794
0.187941
0.251092
0.177647
0.200698
0.224861
0.252742
0.198023
0.217137
0.189388
0.205850
0.145823
0.207756
0.174887
0.249303
0.178187
0.200364
0.159253
0.190145
0.213603
0.273844
0.183910
0.191263
0.261609
0.168899
0.293471
0.269072
0.188677
0.244085
0.275504
0.193399
0.253504
0.221478
0.212735
0.160488
0.221708
0.183412
0.223691
0.223626
0.189273
0.233881
0.201730
0.235295
0.268472
0.175307
0.188715
0.252723
0.298564
0.186657
0.185071
0.277364
0.233423
0.196118
0.291737
0.241148
0.227150
0.260837
0.287604
0.161731
0.150639
0.175466
0.133146
0.158265
0.218954
0.214524
0.182247
0.172211
0.178886
0.191523
0.155628
0.148836
0.178975
0.252560
0.180442
0.154310
0.168643
0.180495
0.182248
0.172332
0.181956
0.143868
0.189723
0.201415
0.174816
0.148412
0.168252
0.174922
0.212518
0.202837
0.191777
0.217883
0.165913
0.153405
0.178736
0.239698
0.156961
0.189536
0.199368
0.166033
0.233863
0.189165
0.201418
0.220578
0.210638
0.250525
0.133473
0.178040
0.272417
0.204083
0.192488
0.191563
0.220081
0.169097
0.219271
0.234464
0.175530
0.239955
0.176342
0.154570
0.206516
0.124084
0.165560
0.170017
0.180975
0.154276
0.233546
0.166405
0.193087
0.160482
0.106631
0.134608
0.150595
0.125641
0.135849
0.155638
0.131333
0.228770
0.154319
0.202796
0.173479
0.207020
0.215875
0.162856
0.198218
0.193815
0.207589
0.219701
0.148277
0.193185
0.190054
0.198824
0.197092
0.152773
0.179491
0.172892
0.173397
0.186502
0.217478
0.189641
0.216318
0.209349
0.174822
0.170939
0.179169
0.189775
0.197210
0.192664
0.195148
0.228661
0.149013
0.167185
0.157265
0.158485
0.283505
0.160521
0.133628
0.160467
0.131439
0.188882
0.158653
0.155136
0.149758
0.178519
0.172479
0.186723
0.143497
0.175092
0.154623
0.225132
0.204350
0.157276
0.168199
0.228521
0.197419
0.140543
0.146764
0.131899
0.144337
0.157029
0.172119
0.134074
0.155435
0.150181
0.160857
0.149373
0.168182
0.147763
0.201170
0.179960
0.191648
0.193519
0.196220
0.207075
0.137224
0.152953
0.231727
0.249080
0.186670
0.218191
0.202829
0.210655
0.223621
0.230676
0.254396
0.415073
0.222946
0.245425
0.260813
0.179935
0.155376
0.277455
0.212781
0.137472
0.214280
0.176613
0.144518
0.165139
0.161712
0.160156
0.133913
0.131651
0.138827
0.132016
0.157696
0.129398
0.163872
0.160093
0.139060
0.179676
0.156290
0.150174
0.157852
0.165552
0.177051
0.213052
0.164321
0.192417
0.153407
0.137113
0.139708
0.131453
0.140092
0.206618
0.227586
0.145300
0.135919
0.161269
0.099689
0.151108
0.165674
0.143231
0.158423
0.143141
0.205331
0.131568
0.155412
0.216974
0.154406
0.198048
0.196003
0.159393
0.134093
0.146344
0.151638
0.166914
0.117338
0.168638
0.134975
0.099044
0.165620
0.111060
0.163091
0.178422
0.142658
0.124341
0.129376
0.117188
0.138928
0.122747
0.207687
0.181945
0.116135
0.181133
0.136521
0.191991
0.212870
0.123908
0.145111
0.140756
0.112262
0.113698
0.152724
0.121032
0.160152
0.128172
0.159079
0.119591
0.118491
0.135050
0.174012
0.139048
0.106037
0.158199
0.112976
0.126022
0.147949
0.183125
0.126692
0.121153
0.101398
0.140043
0.096723
0.077503
0.089077
0.095331
0.109043
0.108267
0.139242
0.121091
0.123124
0.104959
0.119155
0.097656
0.162940
0.160344
0.122394
0.137439
0.155232
0.168465
0.166015
0.198563
0.121435
0.121927
0.129854
0.149003
0.141119
0.134415
0.123727
0.097105
0.126415
0.143268
0.209922
0.176846
0.366147
0.243288
0.280789
0.364702
0.222681
0.297311
0.270259
0.240469
0.235473
0.231086
0.271949
0.188517
0.150878
0.169194
0.129477
0.142482
0.155652
0.164580
0.154739
0.135631
0.177682
0.138030
0.202185
0.157579
0.142850
0.152560
0.199381
0.174020
0.210952
0.147192
0.149059
0.159835
0.127488
0.184963
0.179697
0.206166
0.159811
0.168728
0.158915
0.206152
0.189349
0.176793
0.173722
0.192571
0.168906
0.197707
0.258926
0.150047
0.219787
0.141329
0.161626
0.176754
0.179379
0.214333
0.172980
0.169840
0.177732
0.160509
0.217775
0.137727
0.159243
0.173816
0.180871
0.140765
0.177939
0.168065
0.136650
0.138055
0.175467
0.175870
0.212684
0.151709
0.182791
0.153851
0.119497
0.165979
0.154491
0.174900
0.164435
0.175275
0.128409
0.170417
0.234852
0.193221
0.152807
0.190537
0.202167
0.222360
0.176025
0.170681
0.157110
0.210443
0.163515
0.172574
0.267470
0.159129
0.191145
0.182486
0.185135
0.177567
0.201131
0.199630
0.230258
0.186622
0.229133
0.232507
0.172519
0.209892
0.196450
0.322240
0.242238
0.206609
0.248053
0.234239
0.215217
0.178068
0.247028
0.134179
0.191992
0.198839
0.141785
0.202579
0.225601
0.139472
0.169354
0.164788
0.184166
0.214298
0.332095
0.198116
0.181250
0.215161
0.179323
0.254541
0.219817
0.206029
0.201027
0.233324
0.210574
0.286845
0.264943
0.286778
0.217838
0.235984
0.234661
0.201825
0.232815
0.199111
0.199632
0.236731
0.194680
0.218806
0.218432
0.209522
0.159669
0.165899
0.158005
0.156582
0.198658
0.205148
0.102384
0.175338
0.171405
0.244585
0.185621
0.214167
0.267242
0.255952
0.214445
0.208344
0.141669
0.231415
0.180142
0.191182
0.151830
0.170960
0.200470
0.294557
0.168134
0.186193
0.214963
0.293499
0.288016
0.196886
0.116675
0.174751
0.183103
0.193378
0.165669
0.163211
0.133143
0.181390
0.154868
0.203346
0.185342
0.210418
0.188891
0.217679
0.225571
0.185130
0.159388
0.134851
0.177791
0.189711
0.203874
0.224526
0.204773
0.243598
0.192399
0.222461
0.193663
0.170309
0.175035
0.145622
0.128072
0.193337
0.130204
0.181835
0.151269
0.132009
0.133358
0.158408
0.120790
0.223489
0.140724
0.112985
0.170304
0.218306
0.159973
0.182612
0.146905
0.259387
0.145684
0.181042
0.172143
0.167145
0.180732
0.183353
0.182548
0.167252
0.241133
0.233367
0.240439
0.240577
0.203321
0.211808
0.335768
0.262537
0.219567
0.201496
0.251286
0.317724
0.216685
0.149301
0.203151
0.164793
0.190329
0.162819
0.175972
0.247590
0.196266
0.166350
0.190407
0.162787
0.165372
0.164966
0.334161
0.265111
0.242987
0.232457
0.236093
0.277527
0.184796
0.179697
0.183928
0.208168
0.218376
0.198354
0.183483
0.139556
0.126426
0.166229
0.194929
0.152822
0.156791
0.129838
0.132347
0.166915
0.213142
0.198390
0.130456
0.167899
0.146269
0.192876
0.189630
0.190178
0.181587
0.224358
0.220290
0.179354
0.252303
0.251920
0.269069
0.248369
0.221123
0.170716
0.277403
0.216045
0.195849
0.248666
0.200710
0.211877
0.208035
0.206702
0.196576
0.192338
0.166449
0.157609
0.231437
0.163191
0.243815
0.231887
0.190026
0.203369
0.206404
0.207824
0.160498
0.197993
0.227863
0.168631
0.192264
0.268681
0.171874
0.271236
0.210146
0.191257
0.196324
0.189373
0.243445
0.203704
0.186300
0.211914
0.261128
0.208202
0.213423
0.203560
0.160878
0.207142
0.176682
0.182946
0.226824
0.210198
0.202485
0.182349
0.197579
0.175975
0.136034
0.240337
0.121102
0.202088
0.168846
0.170569
0.175769
0.217979
0.156167
0.210445
0.144563
0.245128
0.218752
0.239636
0.214501
0.192280
0.183657
0.214755
0.273120
0.201762
0.194273
0.273398
0.178391
0.264706
0.225316
0.191414
0.236256
0.146682
0.184749
0.168615
0.172834
0.211888
0.214988
0.249083
0.235200
0.220660
0.281757
0.141070
0.201515
0.184262
0.159699
0.152445
0.271350
0.270980
0.169706
0.150306
0.173750
0.124523
0.214451
0.151924
0.197349
0.152342
0.157908
0.162588
0.183235
0.144269
0.230288
0.310898
0.177003
0.152959
0.174175
0.205766
0.194362
0.160604
0.198670
0.127748
0.159295
0.176603
0.141458
0.140685
0.211179
0.193813
0.184044
0.181843
0.227040
0.166211
0.165321
0.205282
0.166817
0.175667
0.168062
0.154281
0.196597
0.168637
0.307783
0.220907
0.176837
0.177472
0.186919
0.218938
0.264562
0.226435
0.195162
0.149405
0.162498
0.236382
0.203880
0.299474
0.222284
0.199200
0.170342
0.216270
0.166438
0.179038
0.195323
0.169380
0.165283
0.168533
0.235432
0.228725
0.181161
0.229652
0.173643
0.214368
0.222039
0.199718
0.139721
0.128259
0.274945
0.206600
0.163786
0.255183
0.209909
0.220314
0.174911
0.235901
0.333297
0.182992
0.175957
0.157654
0.170809
0.196118
0.167150
0.165635
0.187742
0.246338
0.229078
0.169601
0.143824
0.190435
0.176308
0.160843
0.159868
0.158688
0.165807
0.134684
0.182482
0.131883
0.176256
0.161992
0.208554
0.197389
0.208986
0.136239
0.151553
0.149849
0.172326
0.165287
0.193761
0.172110
0.179551
0.193131
0.190754
0.177516
0.165101
0.175695
0.124511
0.136482
0.155844
0.170236
0.134572
0.155342
0.165818
0.191746
0.180720
0.170215
0.229954
0.135117
0.120776
0.146427
0.145318
0.156662
0.159368
0.159906
0.140915
0.105344
0.154909
0.131763
0.154566
0.147745
0.178383
0.211294
0.122870
0.192032
0.172580
0.164566
0.125365
0.146488
0.189383
0.095073
0.143800
0.143150
0.112445
0.108075
0.099127
0.105666
0.144088
0.160536
0.126038
0.144350
0.146698
0.133484
0.096445
0.141802
0.197336
0.123807
0.128690
0.125727
0.161357
0.135424
0.159794
0.209992
0.200907
0.135859
0.196294
0.171141
0.137521
0.192257
0.131585
0.162350
0.148734
0.141432
0.106085
0.127382
0.136114
0.147541
0.136348
0.145176
0.117945
0.156473
0.136476
0.108530
0.151045
0.165340
0.156152
0.112550
0.120692
0.125777
0.142311
0.123915
0.164227
0.204441
0.166254
0.168180
0.168795
0.142613
0.171765
0.126577
0.142275
0.162606
0.210871
0.172216
0.223341
0.215661
0.238822
0.229542
0.233358
0.108876
0.140593
0.224740
0.239456
0.216342
0.139670
0.181446
0.184873
0.131004
0.188766
0.130840
0.126254
0.166924
0.182142
0.220777
0.166640
0.176098
0.210854
0.155148
0.177380
0.188593
0.187155
0.193193
0.194523
0.148580
0.150353
0.157751
0.167473
0.162624
0.159804
0.166544
0.202630
0.182515
0.171140
0.158933
0.160129
0.224436
0.149313
0.202477
0.166132
0.199959
0.154937
0.124679
0.149754
0.115562
0.170799
0.257810
0.194767
0.207031
0.238450
0.163713
0.143955
0.138854
0.147115
0.167464
0.280365
0.226985
0.170681
0.217615
0.111170
0.180668
0.160038
0.174814
0.158139
0.165554
0.133380
0.177070
0.176852
0.188737
0.234546
0.241663
0.174139
0.213623
0.233298
0.213912
0.260452
0.183357
0.220838
0.250469
0.264068
0.227482
0.240270
0.224418
0.237619
0.224499
0.189993
0.195153
0.137967
0.201147
0.211721
0.222868
0.190375
0.228098
0.237297
0.222887
0.261538
0.196450
0.263956
0.173817
0.146308
0.273906
0.205541
0.194282
0.282245
0.236661
0.285301
0.211037
0.259244
0.193427
0.205363
0.197541
0.178926
0.188150
0.189148
0.165010
0.195381
0.188518
0.187466
0.226773
0.207103
0.210122
0.158049
0.172498
0.197554
0.169783
0.144846
0.152399
0.146616
0.192331
0.240150
0.217676
0.222262
0.191547
0.154245
0.175757
0.166533
0.220717
0.234179
0.201685
0.258829
0.216274
0.228774
0.232042
0.205942
0.213970
0.178830
0.203987
0.203854
0.210855
0.255473
0.256531
0.185452
0.296319
0.246506
0.260206
0.184021
0.168313
0.195150
0.176196
0.157721
0.230864
0.184753
0.174971
0.163776
0.223853
0.196733
0.194654
0.234502
0.156115
0.224466
0.254084
0.257531
0.217774
0.212781
0.151165
0.193436
0.245285
0.152108
0.199627
0.208238
0.194589
0.183501
0.190502
0.166756
0.167846
0.201470
0.162574
0.153087
0.209078
0.235446
0.295917
0.219603
0.154888
0.195511
0.172927
0.178814
0.152698
0.186812
0.191080
0.264881
0.169913
0.172176
0.237259
0.164282
0.191211
0.198902
0.232434
0.175843
0.216439
0.100224
0.172916
0.168458
0.180088
0.100443
0.187709
0.150696
0.210809
0.202706
0.162137
0.181433
0.146634
0.160069
0.211099
0.178141
0.155122
0.151452
0.204798
0.119371
0.210434
0.155233
0.142629
0.151709
0.143598
0.171376
0.135811
0.153436
0.117168
0.163599
0.172281
0.195357
0.177758
0.194753
0.176061
0.191588
0.211699
0.205771
0.178366
0.198002
0.198421
0.230085
0.238521
0.195291
0.236718
0.178414
0.232234
0.194816
0.194256
0.185691
0.193652
0.140921
0.203132
0.204345
0.238001
0.205432
0.219918
0.221606
0.224392
0.221289
0.256780
0.192780
0.185061
0.157974
0.210848
0.259970
0.173831
0.198597
0.172003
0.194777
0.206667
0.212265
0.179251
0.184811
0.222921
0.217335
0.235944
0.186207
0.184469
0.216524
0.238204
0.140014
0.132468
0.186965
0.202994
0.233420
0.216506
0.215841
0.157204
0.198345
0.186667
0.250603
0.226938
0.235173
0.200782
0.218043
0.182337
0.204976
0.264065
0.199602
0.215970
0.183586
0.188825
0.213848
0.158973
0.175179
0.168687
0.170244
0.176830
0.218568
0.246619
0.183440
0.191827
0.229270
0.211375
0.192329
0.191485
0.196022
0.144287
0.184960
0.210996
0.177992
0.190489
0.162100
0.245998
0.244427
0.183062
0.200322
0.277394
0.247002
0.191322
0.206690
0.222035
0.220467
0.215940
0.202909
0.241994
0.287802
0.246650
0.198394
0.201516
0.154617
0.213347
0.218120
0.202213
0.181789
0.195902
0.193375
0.129630
0.167172
0.190461
0.110470
0.128541
0.152891
0.146490
0.115512
0.117775
0.131848
0.125795
0.163849
0.209468
0.161042
0.181313
0.185111
0.176715
0.162452
0.137890
0.210064
0.163815
0.213068
0.184092
0.179205
0.180015
0.172140
0.167598
0.124357
0.182209
0.138995
0.162932
0.166193
0.189873
0.202794
0.291308
0.199978
0.270239
0.218604
0.192959
0.204671
0.248390
0.196934
0.248625
0.193180
0.179631
0.210811
0.217288
0.221919
0.262985
0.300932
0.223376
0.148519
0.298556
0.262059
0.221908
0.259570
0.218849
0.253426
0.267706
0.154313
0.237929
0.133440
0.174753
0.215946
0.225353
0.185825
0.244642
0.214983
0.277974
0.243269
0.245426
0.233155
0.170417
0.153304
0.168183
0.221872
0.124901
0.139423
0.259948
0.224187
0.210486
0.223460
0.205746
0.253426
0.183138
0.161193
0.216702
0.290463
0.151916
0.153857
0.179570
0.243373
0.196204
0.264564
0.148763
0.247272
0.246663
0.226661
0.266922
0.221083
0.193931
0.159206
0.247483
0.319640
0.254875
0.226697
0.216149
0.220086
0.203192
0.186128
0.191851
0.222696
0.257150
0.167828
0.309361
0.174689
0.214751
0.211570
0.203220
0.238824
0.256888
0.277911
0.217188
0.237094
0.214796
0.181157
0.189139
0.143209
0.185687
0.207291
0.210614
0.145329
0.243253
0.224869
0.235099
0.218537
0.221817
0.208847
0.223093
0.198957
0.348309
0.194460
0.222440
0.174280
0.233756
0.260138
0.260593
0.265277
0.249853
0.209755
0.252894
0.132006
0.160664
0.197060
0.184471
0.170897
0.256441
0.253706
0.266903
0.196682
0.210293
0.252489
0.196508
0.273268
0.197726
0.225859
0.173897
0.256059
0.184871
0.149974
0.158931
0.177936
0.151906
0.272140
0.221101
0.250724
0.268165
0.209937
0.163000
0.181740
0.212196
0.186243
0.196573
0.183497
0.178106
0.205432
0.156323
0.177243
0.187459
0.215847
0.273746
0.202675
0.197211
0.211790
0.228405
0.175453
0.297919
0.147631
0.183716
0.201000
0.167575
0.193285
0.204228
0.235577
0.192443
0.249865
0.229911
0.171562
0.225785
0.214379
0.166512
0.181355
0.162258
0.220564
0.185648
0.167401
0.218266
0.207514
0.229521
0.201496
0.177984
0.214146
0.202352
0.226276
0.214437
0.200629
0.161446
0.201230
0.206693
0.177676
0.233184
0.199638
0.155830
0.283047
0.191899
0.148019
0.165894
0.162535
0.159356
0.180515
0.160399
0.157535
0.223295
0.162645
0.161697
0.177404
0.235453
0.182781
0.188999
0.193627
0.328869
0.239062
0.207070
0.239969
0.191061
0.206295
0.187677
0.222405
0.211799
0.207313
0.171503
0.166553
0.206603
0.168873
0.146744
0.194693
0.170946
0.218480
0.195782
0.285750
0.162141
0.169796
0.208715
0.148340
0.149082
0.154370
0.189133
0.171394
0.146463
0.174567
0.168780
0.184251
0.102598
0.173429
0.168760
0.160692
0.149086
0.215905
0.208690
0.161121
0.171720
0.166792
0.208993
0.182297
0.193632
0.198769
0.134792
0.140182
0.162296
0.169789
0.136733
0.206625
0.170513
0.166123
0.161716
0.164753
0.146060
0.150518
0.189215
0.211701
0.168822
0.174493
0.184181
0.145646
0.261187
0.182375
0.184967
0.142712
0.255057
0.234510
0.216255
0.178896
0.241463
0.193145
0.229568
0.169879
0.171235
0.199805
0.164786
0.155618
0.143244
0.124095
0.211422
0.188273
0.189492
0.195079
0.181680
0.160602
0.146297
0.201752
0.194602
0.163745
0.181456
0.188570
0.244779
0.126527
0.208579
0.187381
0.176420
0.191750
0.190057
0.160286
0.332487
0.214957
0.187258
0.238810
0.139285
0.228838
0.185854
0.190455
0.187308
0.177901
0.313619
0.250362
0.213841
0.197711
0.230819
0.129825
0.230011
0.166182
0.205108
0.182429
0.164045
0.215305
0.198435
0.195326
0.215564
0.266973
0.181046
0.270081
0.169252
0.196125
0.184981
0.195660
0.202950
0.215852
0.171559
0.172391
0.235210
0.235277
0.120029
0.203497
0.210748
0.271502
0.217850
0.170817
0.164506
0.162105
0.172617
0.166729
0.186979
0.145337
0.180314
0.218044
0.230741
0.181662
0.192247
0.221017
0.201257
0.240017
0.231383
0.187857
0.191136
0.164754
0.222197
0.171317
0.180154
0.229533
0.178027
0.201721
0.152381
0.160387
0.259798
0.245555
0.222744
0.257401
0.177501
0.161252
0.185727
0.163863
0.156533
0.161990
0.152901
0.164894
0.181467
0.171576
0.130203
0.154940
0.187388
0.162544
0.181310
0.114797
0.188992
0.219011
0.196229
0.195494
0.210068
0.160243
0.126265
0.175211
0.208663
0.262415
0.157822
0.163122
0.179228
0.161484
0.156051
0.222548
0.246328
0.152220
0.201237
0.197909
0.174449
0.188175
0.171502
0.168935
0.156246
0.168839
0.162019
0.126986
0.146090
0.202929
0.163951
0.181557
0.137992
0.165032
0.114669
0.156187
0.177728
0.169196
0.212830
0.154353
0.185356
0.154524
0.161231
0.138832
0.161374
0.193634
0.105637
0.167302
0.181828
0.141803
0.146127
0.155109
0.164043
0.127208
0.172246
0.186066
0.192967
0.158800
0.201853
0.179806
0.186977
0.241322
0.171390
0.216227
0.152587
0.130329
0.169329
0.194176
0.141142
0.169558
0.162041
0.158061
0.124339
0.153481
0.139334
0.126179
0.139287
0.162832
0.144996
0.146837
0.146750
0.215192
0.227769
0.240500
0.200758
0.220802
0.231677
0.177563
0.151097
0.218467
0.175175
0.239815
0.199777
0.197392
0.198852
0.266865
0.343073
0.294046
0.271495
0.208288
0.158212
0.154465
0.122850
0.129764
0.132043
0.125320
0.155870
0.137067
0.141361
0.164973
0.186391
0.192292
0.175245
0.180994
0.174459
0.124871
0.184653
0.173607
0.200090
0.167470
0.159615
0.208025
0.186476
0.177478
0.192367
0.201483
0.264823
0.201456
0.199965
0.285068
0.253843
0.192005
0.204692
0.200460
0.245990
0.166373
0.198702
0.248521
0.237447
0.250422
0.193411
0.197646
0.188237
0.157389
0.164320
0.157181
0.170199
0.239079
0.175315
0.231945
0.172267
0.221408
0.163526
0.199574
0.151628
0.169773
0.181536
0.166446
0.257495
0.253866
0.253127
0.211098
0.221390
0.194147
0.153892
0.187757
0.241186
0.177213
0.238918
0.213730
0.240674
0.240596
0.184816
0.151690
0.260566
0.251683
0.198045
0.241734
0.194425
0.287155
0.178792
0.201440
0.244026
0.175162
0.241731
0.209507
0.148518
0.189655
0.282550
0.276550
0.210421
0.212411
0.167012
0.144673
0.164398
0.164074
0.170577
0.211514
0.195686
0.201945
0.147122
0.152123
0.154608
0.222750
0.176409
0.237916
0.245587
0.193567
0.159966
0.207245
0.174325
0.190912
0.241657
0.248095
0.230610
0.252320
0.226701
0.159311
0.187925
0.193359
0.179373
0.175051
0.179715
0.185811
0.209472
0.195976
0.186874
0.221688
0.189667
0.203210
0.197926
0.207095
0.188974
0.220555
0.261820
0.177904
0.229985
0.198680
0.200577
0.174944
0.200849
0.250818
0.206674
0.186684
0.215294
0.245287
0.173410
0.178346
0.240498
0.145736
0.181131
0.189293
0.134448
0.207040
0.164793
0.204671
0.177262
0.233630
0.321397
0.231081
0.262820
0.214165
0.214710
0.217745
0.234083
0.294321
0.282958
0.182275
0.249743
0.208282
0.268759
0.173806
0.174595
0.224231
0.236541
0.266373
0.203118
0.250703
0.222820
0.283635
0.269538
0.199454
0.251553
0.225696
0.126004
0.179344
0.277437
0.310565
0.250029
0.202036
0.212561
0.277747
0.184297
0.222353
0.214038
0.250324
0.152223
0.218755
0.196571
0.202127
0.233040
0.223478
0.239515
0.245335
0.285460
0.143383
0.196664
0.181720
0.234009
0.188169
0.210148
0.193184
0.171233
0.155317
0.239119
0.206975
0.196986
0.285838
0.258741
0.254950
0.219810
0.215101
0.201534
0.189382
0.296905
0.167633
0.287133
0.152056
0.287304
0.226556
0.197845
0.231617
0.192430
0.215640
0.265155
0.201541
0.155036
0.225583
0.224880
0.216750
0.123230
0.146000
0.174876
0.162424
0.140857
0.161868
0.234379
0.176980
0.165610
0.157845
0.171135
0.165410
0.129970
0.167006
0.177715
0.177284
0.152693
0.179663
0.187623
0.199387
0.170496
0.223275
0.211106
0.214153
0.194673
0.196365
0.245555
0.171387
0.236719
0.161444
0.140051
0.176198
0.187608
0.124551
0.165852
0.184791
0.187281
0.147854
0.181275
0.142481
0.159852
0.163028
0.187588
0.196825
0.185660
0.213644
0.209096
0.171439
0.205049
0.242867
0.176535
0.204571
0.186063
0.214043
0.206721
0.226817
0.152391
0.262076
0.183210
0.180047
0.151854
0.235335
0.179094
0.197921
0.158680
0.197203
0.197477
0.159432
0.218388
0.204526
0.156122
0.164575
0.177056
0.185195
0.160089
0.150895
0.186455
0.189870
0.150197
0.202160
0.162169
0.197819
0.198479
0.193824
0.169607
0.201310
0.191571
0.190999
0.185467
0.155950
0.195423
0.213228
0.137807
0.231911
0.174117
0.256068
0.168704
0.207066
0.194221
0.240916
0.163706
0.175005
0.169132
0.176227
0.199974
0.159848
0.132521
0.220142
0.147520
0.170683
0.165512
0.127854
0.167832
0.174938
0.130376
0.147019
0.160097
0.189491
0.154858
0.201628
0.158641
0.205379
0.161573
0.121696
0.199796
0.120456
0.182660
0.166904
0.147663
0.148703
0.185552
0.201551
0.183378
0.190239
0.165778
0.178565
0.201828
0.220940
0.160074
0.191459
0.151610
0.204830
0.188646
0.248210
0.206636
0.208759
0.146085
0.168249
0.195633
0.272584
0.140011
0.179182
0.181267
0.186735
0.228806
0.266540
0.245092
0.265265
0.245312
0.247438
0.238929
0.175545
0.257450
0.170648
0.182396
0.231400
0.229626
0.267047
0.164161
0.138267
0.185142
0.153704
0.166231
0.172110
0.125175
0.209890
0.142764
0.150062
0.154016
0.231827
0.164262
0.182235
0.281181
0.175689
0.196508
0.223647
0.156130
0.245169
0.237388
0.175453
0.193919
0.240127
0.212934
0.205678
0.223829
0.215628
0.216760
0.162879
0.199114
0.195713
0.178083
0.210625
0.219777
0.268923
0.188535
0.165135
0.248371
0.171549
0.173150
0.182367
0.157577
0.233129
0.206544
0.165722
0.278427
0.172491
0.202414
0.203035
0.213108
0.199846
0.229247
0.195778
0.163787
0.164797
0.147038
0.203272
0.147979
0.203737
0.235663
0.199112
0.227793
0.167897
0.166977
0.189560
0.218627
0.166826
0.206935
0.229480
0.204248
0.231855
0.175505
0.311072
0.228435
0.158504
0.181434
0.206450
0.186848
0.152368
0.188030
0.194979
0.194118
0.186205
0.213999
0.215714
0.162486
0.199843
0.242457
0.178913
0.236841
0.230781
0.216857
0.338137
0.231869
0.294024
0.337046
0.182526
0.202518
0.199725
0.169607
0.224582
0.146636
0.241314
0.323478
0.206804
0.240434
0.255594
0.264165
0.231490
0.209771
0.211253
0.225331
0.296729
0.230999
0.230909
0.194535
0.175443
0.243568
0.193811
0.271882
0.214715
0.286466
0.222372
0.186222
0.199501
0.248764
0.265463
0.197901
0.291461
0.240275
0.284566
0.208699
0.193016
0.301920
0.150469
0.227400
0.252992
0.214416
0.310833
0.241600
0.332930
0.315519
0.231916
0.243711
0.274683
0.206877
0.211091
0.195523
0.218993
0.209146
0.265198
0.229262
0.322589
0.261729
0.223436
0.238669
0.205636
0.285424
0.337091
0.210524
0.197080
0.225332
0.179164
0.219973
0.244269
0.240290
0.218004
0.214489
0.200536
0.245944
0.219689
0.170891
0.219811
0.203062
0.163357
0.177998
0.115469
0.227530
0.171916
0.251697
0.250582
0.228107
0.229002
0.270546
0.415460
0.271930
0.224770
0.234188
0.199297
0.247782
0.135252
0.182042
0.227227
0.187792
0.222561
0.214179
0.195967
0.229950
0.204561
0.243541
0.148649
0.147719
0.190558
0.161656
0.179311
0.226975
0.152575
0.186033
0.164648
0.162763
0.219415
0.182296
0.180846
0.167303
0.230156
0.189985
0.187150
0.187743
0.261178
0.228513
0.179594
0.205577
0.163159
0.229393
0.248786
0.141278
0.212127
0.147570
0.302559
0.348967
0.351326
0.379031
0.226271
0.255545
0.336151
0.314511
0.181105
0.220832
0.247478
0.201915
0.203745
0.275535
0.201401
0.187339
0.254839
0.222568
0.201350
0.304330
0.211615
0.219937
0.248788
0.166937
0.284313
0.212327
0.213426
0.177704
0.184279
0.261933
0.252089
0.261577
0.210581
0.231223
0.165343
0.299571
0.252564
0.204458
0.238404
0.201338
0.192399
0.212777
0.244005
0.246317
0.215466
0.216205
0.167476
0.159867
0.200224
0.161831
0.202267
0.200381
0.190403
0.234216
0.207421
0.187389
0.217780
0.220351
0.219132
0.192631
0.176223
0.197991
0.204263
0.216197
0.264844
0.166694
0.200831
0.208035
0.174618
0.314519
0.215591
0.270097
0.240281
0.263162
0.236553
0.290283
0.201538
0.230221
0.225689
0.248122
0.235192
0.215584
0.199544
0.182559
0.188015
0.180315
0.226896
0.246417
0.148167
0.186400
0.169707
0.183768
0.159924
0.202415
0.169261
0.199406
0.212700
0.188355
0.130133
0.181537
0.220143
0.262659
0.134104
0.201704
0.197469
0.154827
0.298932
0.219261
0.248796
0.208622
0.234499
0.267944
0.228997
0.237125
0.203503
0.224195
0.257117
0.242515
0.249753
0.289121
0.200427
0.288724
0.184998
0.245618
0.191484
0.187786
0.193415
0.179756
0.218126
0.251527
0.136582
0.213394
0.242486
0.218207
0.210693
0.227271
0.243534
0.156327
0.199239
0.238555
0.307653
0.233778
0.201119
0.206633
0.275340
0.295636
0.243832
0.211610
0.246026
0.262206
0.224157
0.223375
0.225701
0.187085
0.289795
0.226132
0.340778
0.240006
0.230447
0.265043
0.235202
0.295417
0.171564
0.168357
0.220968
0.287662
0.209264
0.232664
0.274191
0.231335
0.233039
0.184262
0.178077
0.229918
0.177210
0.208843
0.314177
0.208280
0.255751
0.242334
0.191426
0.302264
0.214341
0.221868
0.229040
0.246258
0.217266
0.261454
0.194050
0.175476
0.285550
0.333652
0.257222
0.194117
0.251267
0.180884
0.203334
0.220843
0.187273
0.243146
0.281182
0.204870
0.279240
0.217640
0.249475
0.167345
0.246015
0.235728
0.177383
0.157920
0.256325
0.192774
0.288702
0.212606
0.258804
0.196872
0.171534
0.149270
0.186088
0.211765
0.186979
0.178789
0.207613
0.196789
0.204490
0.208764
0.207392
0.188628
0.210737
0.180400
0.178674
0.208915
0.196651
0.223104
0.234516
0.216499
0.248432
0.193413
0.235047
0.287604
0.223197
0.142991
0.289055
0.228466
0.251716
0.210082
0.235389
0.214323
0.242145
0.185530
0.247633
0.206633
0.191917
0.191551
0.246227
0.246458
0.186513
0.241357
0.250993
0.222306
0.175987
0.201889
0.307991
0.168762
0.259066
0.207152
0.245738
0.232810
0.208382
0.130183
0.147520
0.216890
0.191136
0.188237
0.169201
0.175129
0.198999
0.157423
0.192938
0.213038
0.172940
0.270574
0.187233
0.203805
0.211367
0.252020
0.195940
0.247284
0.240025
0.207484
0.224483
0.260974
0.178182
0.275143
0.217330
0.234148
0.185893
0.246047
0.174329
0.255726
0.222178
0.149707
0.189735
0.163851
0.165627
0.165006
0.184883
0.214063
0.231293
0.200530
0.183174
0.163422
0.178131
0.158757
0.193568
0.140151
0.225960
0.124071
0.183949
0.250513
0.198480
0.210686
0.173151
0.156792
0.203341
0.284104
0.261039
0.217716
0.274257
0.180575
0.205130
0.212331
0.251399
0.142756
0.180470
0.174695
0.164236
0.138927
0.178614
0.155807
0.238939
0.264223
0.168798
0.228939
0.233227
0.275475
0.201309
0.191350
0.189405
0.304972
0.219594
0.200098
0.206218
0.181229
0.220103
0.205612
0.169461
0.239423
0.239067
0.198185
0.185939
0.222728
0.198965
0.177229
0.249943
0.181192
0.168376
0.263621
0.252866
0.196865
0.198891
0.209922
0.162494
0.148442
0.254815
0.197980
0.243985
0.126219
0.227938
0.166692
0.248196
0.171601
0.140454
0.213300
0.273067
0.182503
0.289036
0.185837
0.215696
0.180473
0.173898
0.209563
0.186601
0.217112
0.233748
0.241526
0.206809
0.231675
0.254818
0.188716
0.162402
0.154819
0.187234
0.212039
0.204285
0.308584
0.254287
0.198958
0.151151
0.174483
0.295962
0.210548
0.247856
0.191941
0.319345
0.188206
0.163309
0.133232
0.239881
0.180780
0.226754
0.270853
0.282650
0.264585
0.270637
0.246717
0.132761
0.179077
0.173001
0.181884
0.199435
0.187940
0.216737
0.223499
0.212789
0.191994
0.184184
0.154335
0.228129
0.264937
0.221572
0.189938
0.152095
0.210603
0.225230
0.167505
0.195920
0.184267
0.160797
0.147583
0.150627
0.181227
0.223110
0.222382
0.185247
0.186780
0.226592
0.224344
0.222977
0.197067
0.219499
0.208112
0.287164
0.185134
0.164087
0.237528
0.196950
0.191103
0.207679
0.217305
0.159921
0.198778
0.177768
0.172755
0.162275
0.176119
0.173716
0.145353
0.186304
0.260498
0.209363
0.172246
0.208418
0.205136
0.207255
0.146556
0.167612
0.167981
0.172190
0.158904
0.224245
0.161578
0.148496
0.188193
0.188316
0.172961
0.165335
0.162549
0.203231
0.146080
0.171024
0.141477
0.151803
0.227330
0.227126
0.252044
0.229795
0.269587
0.254345
0.204736
0.228946
0.136322
0.197300
0.204285
0.235462
0.240169
0.191451
0.227120
0.181897
0.156802
0.195056
0.165788
0.227265
0.170387
0.178896
0.202927
0.146858
0.150835
0.247533
0.196974
0.175966
0.175430
0.179200
0.191709
0.134076
0.220375
0.163119
0.171860
0.151449
0.191759
0.131011
0.161437
0.167765
0.212320
0.150634
0.205240
0.190826
0.167446
0.147680
0.193482
0.167784
0.170459
0.150565
0.173265
0.143901
0.190957
0.156377
0.169832
0.179625
0.151350
0.189819
0.156616
0.168097
0.142323
0.197891
0.212726
0.202844
0.153247
0.173719
0.146052
0.193623
0.252344
0.175970
0.165540
0.241198
0.184487
0.174142
0.170671
0.233637
0.195713
0.243396
0.234855
0.278352
0.156716
0.205732
0.178140
0.178772
0.123251
0.140272
0.143691
0.216192
0.196262
0.182440
0.224058
0.156229
0.157525
0.156873
0.207448
0.258172
0.154348
0.138228
0.146180
0.168910
0.144660
0.154526
0.154950
0.205478
0.143715
0.163729
0.217835
0.201133
0.210812
0.134960
0.156467
0.155091
0.212974
0.166344
0.205203
0.196012
0.177922
0.165731
0.176934
0.253822
0.179390
0.153917
0.211891
0.161903
0.218731
0.294914
0.244022
0.150312
0.230972
0.189417
0.194989
0.158727
0.186894
0.188230
0.181498
0.217226
0.141065
0.210732
0.208534
0.182991
0.176794
0.214803
0.200607
0.197582
0.182843
0.270263
0.180545
0.176217
0.203435
0.224104
0.315235
0.174666
0.231455
0.197572
0.184207
0.214472
0.148888
0.247644
0.135804
0.143398
0.203542
0.141158
0.278034
0.181407
0.153585
0.179758
0.225242
0.177998
0.162511
0.177306
0.230678
0.172431
0.225376
0.254466
0.213868
0.215274
0.209859
0.198186
0.250377
0.211411
0.249489
0.230732
0.201228
0.247717
0.226989
0.199161
0.280310
0.161728
0.232753
0.192450
0.170193
0.279068
0.216789
0.267912
0.188842
0.284250
0.189902
0.220172
0.167091
0.218421
0.209555
0.253721
0.227933
0.245189
0.212806
0.193496
0.233161
0.173460
0.186610
0.200031
0.190745
0.165513
0.264516
0.203497
0.176394
0.241559
0.206727
0.208161
0.157890
0.199589
0.196256
0.176484
0.269343
0.234895
0.229776
0.225585
0.219841
0.264456
0.258595
0.187712
0.196716
0.254810
0.255440
0.238909
0.295759
0.302578
0.229874
0.176660
0.194755
0.230175
0.182429
0.208499
0.211872
0.207203
0.193738
0.195757
0.188147
0.168797
0.199533
0.224420
0.205715
0.307105
0.170372
0.247842
0.215382
0.174428
0.201940
0.213493
0.226128
0.227558
0.277804
0.185033
0.273249
0.211757
0.148026
0.143556
0.304909
0.236031
0.227060
0.212286
0.212016
0.206367
0.178533
0.168169
0.315050
0.202642
0.266063
0.227774
0.235682
0.179755
0.201846
0.184863
0.216761
0.239187
0.289160
0.162892
0.183238
0.206020
0.216076
0.128392
0.171776
0.122108
0.233035
0.176066
0.266325
0.223122
0.278640
0.204922
0.207873
0.162091
0.276416
0.249505
0.161085
0.161908
0.176123
0.175235
0.142698
0.200159
0.242147
0.184238
0.196848
0.183582
0.253051
0.167401
0.209474
0.195630
0.177366
0.166038
0.187211
0.295447
0.231594
0.213275
0.215630
0.187692
0.164782
0.236117
0.206630
0.257842
0.248617
0.250208
0.226037
0.223349
0.253494
0.262079
0.259955
0.224715
0.229871
0.191202
0.139211
0.191133
0.245555
0.225073
0.190976
0.161229
0.169528
0.170804
0.221987
0.169348
0.172227
0.168179
0.142951
0.174750
0.139089
0.143715
0.180926
0.219746
0.196716
0.289434
0.154389
0.210352
0.220192
0.222578
0.206059
0.174829
0.178781
0.193113
0.218910
0.157843
0.206644
0.216855
0.284947
0.185355
0.210519
0.198857
0.213286
0.168222
0.209421
0.149702
0.212606
0.183018
0.224125
0.219491
0.176337
0.267161
0.211128
0.181944
0.190144
0.156352
0.186776
0.169552
0.175708
0.208170
0.205886
0.196589
0.182045
0.155700
0.202668
0.189144
0.220796
0.189846
0.280059
0.251845
0.180956
0.338095
0.211441
0.147301
0.219097
0.247049
0.127008
0.214525
0.166449
0.152903
0.169109
0.153600
0.203622
0.131986
0.230581
0.196749
0.187206
0.142536
0.174659
0.154726
0.156093
0.196772
0.163596
0.183555
0.183223
0.177718
0.215058
0.126896
0.154804
0.165700
0.199224
0.157919
0.130691
0.159674
0.170249
0.181065
0.136330
0.131979
0.128916
0.117297
0.117950
0.138600
0.165144
0.227359
0.193088
0.224165
0.148079
0.142733
0.158835
0.159674
0.193838
0.153300
0.136630
0.173035
0.114631
0.141874
0.120181
0.148485
0.134692
0.103753
0.090661
0.142570
0.175079
0.135712
0.169068
0.175336
0.142454
0.125666
0.110327
0.138278
0.124284
0.123164
0.111366
0.151030
0.187551
0.151188
0.115323
0.120795
0.162928
0.143617
0.167979
0.148915
0.124303
0.143966
0.161381
0.156032
0.167793
0.151059
0.158864
0.132124
0.120444
0.105330
0.092280
0.109088
0.106513
0.115531
0.131065
0.203588
0.194234
0.195860
0.216393
0.193120
0.134792
0.165012
0.172665
0.149546
0.191933
0.173797
0.148576
0.167522
0.175305
0.112703
0.149609
0.131482
0.160505
0.192138
0.161834
0.197296
0.211002
0.163628
0.297721
0.133217
0.115406
0.189603
0.162369
0.126877
0.132012
0.175691
0.174849
0.158478
0.170667
0.143909
0.167876
0.122568
0.146244
0.146541
0.206061
0.228409
0.215621
0.197973
0.171937
0.167700
0.187407
0.181846
0.222830
0.209446
0.183113
0.220371
0.203312
0.214225
0.203377
0.197665
0.249232
0.109462
0.106934
0.215757
0.229110
0.188875
0.192236
0.203343
0.135326
0.146252
0.184964
0.163227
0.149308
0.312440
0.215295
0.241466
0.291240
0.197933
0.220532
0.178785
0.245495
0.220575
0.206321
0.218282
0.264148
0.202362
0.223906
0.178473
0.166644
0.212831
0.311771
0.309631
0.279950
0.362466
0.274941
0.333853
0.322220
0.236715
0.230289
0.242732
0.169095
0.123549
0.248976
0.211299
0.165865
0.168909
0.180709
0.115211
0.191661
0.235385
0.228277
0.208090
0.219515
0.175913
0.253899
0.340317
0.208698
0.262988
0.261359
0.355391
0.285241
0.352238
0.303152
0.379602
0.257926
0.221055
0.292236
0.221913
0.287881
0.193268
0.244159
0.188822
0.183465
0.149444
0.182713
0.179547
0.216086
0.256608
0.211264
0.169139
0.233103
0.198862
0.218696
0.204016
0.187253
0.188566
0.157303
0.173370
0.237051
0.230167
0.188550
0.206997
0.165197
0.205417
0.222141
0.120130
0.147134
0.177179
0.278110
0.223124
0.161303
0.149953
0.135039
0.101451
0.129973
0.169157
0.178309
0.148450
0.173502
0.195005
0.192183
0.232991
0.174969
0.180407
0.246441
0.200486
0.237873
0.120770
0.168756
0.177510
0.187821
0.147149
0.162311
0.251490
0.209723
0.161473
0.231081
0.161408
0.206319
0.208776
0.186929
0.226667
0.221207
0.243071
0.193137
0.171654
0.136274
0.194289
0.170172
0.159867
0.122025
0.151864
0.104577
0.109658
0.187651
0.210589
0.133375
0.137542
0.227040
0.218563
0.215339
0.304587
0.197252
0.189786
0.241866
0.200029
0.134441
0.149914
0.194410
0.181778
0.220096
0.184660
0.151580
0.201108
0.197103
0.292898
0.214034
0.241432
0.214381
0.252196
0.226568
0.201564
0.267406
0.145182
0.254097
0.198698
0.218397
0.225589
0.177611
0.204447
0.166458
0.176249
0.182615
0.151734
0.117486
0.181909
0.200134
0.246820
0.162090
0.238240
0.185336
0.176033
0.212575
0.212948
0.216906
0.188773
0.294050
0.209098
0.194906
0.313500
0.221731
0.210497
0.157487
0.186585
0.126164
0.177233
0.181472
0.202744
0.225736
0.181656
0.153933
0.221656
0.209363
0.178435
0.239199
0.189374
0.209463
0.226067
0.192341
0.288577
0.176399
0.193568
0.212858
0.236009
0.150405
0.166682
0.166890
0.192937
0.222084
0.198625
0.165310
0.223840
0.145264
0.224500
0.256563
0.193234
0.259913
0.179451
0.254323
0.195191
0.200439
0.229159
0.245122
0.182711
0.203207
0.209864
0.186924
0.256197
0.219956
0.174189
0.167404
0.204384
0.131863
0.242647
0.238752
0.172658
0.277437
0.266698
0.225710
0.281637
0.235111
0.233449
0.266769
0.221841
0.170462
0.309252
0.201300
0.186110
0.222605
0.241132
0.256389
0.175380
0.217820
0.214643
0.166480
0.180114
0.180607
0.226279
0.215065
0.230028
0.175478
0.221819
0.185508
0.200230
0.131057
0.205283
0.195407
0.160393
0.187613
0.200324
0.231301
0.202889
0.247479
0.238086
0.189340
0.202626
0.213844
0.224521
0.346239
0.180774
0.231415
0.188982
0.200758
0.196163
0.188650
0.175169
0.168800
0.186052
0.216907
0.215575
0.242319
0.222855
0.222384
0.214452
0.204352
0.197910
0.207795
0.174383
0.234085
0.209408
0.290378
0.181272
0.144881
0.175964
0.206369
0.246725
0.245156
0.248001
0.204007
0.183113
0.221688
0.216577
0.157528
0.180658
0.261530
0.163731
0.159633
0.170562
0.168442
0.233501
0.193555
0.245206
0.192071
0.232706
0.157646
0.178609
0.158511
0.233979
0.138033
0.189268
0.164958
0.221292
0.229278
0.184172
0.193243
0.198080
0.145037
0.186976
0.190952
0.156187
0.191733
0.235362
0.205418
0.191340
0.162988
0.165385
0.212779
0.125586
0.202685
0.156919
0.167871
0.190054
0.167435
0.174516
0.149347
0.198331
0.150404
0.218303
0.164069
0.110977
0.171272
0.216424
0.222061
0.136737
0.156117
0.160927
0.205066
0.180105
0.192743
0.186913
0.170284
0.188132
0.183817
0.188906
0.208950
0.188965
0.161372
0.156460
0.122482
0.163740
0.163402
0.128212
0.152439
0.149770
0.176608
0.190899
0.192376
0.149746
0.152264
0.208743
0.174235
0.208097
0.207516
0.136772
0.137184
0.193723
0.230002
0.172291
0.183214
0.209835
0.193897
0.216692
0.211886
0.284708
0.179908
0.193980
0.197886
0.143531
0.168787
0.173259
0.150691
0.183418
0.256732
0.157251
0.186494
0.135498
0.176729
0.171948
0.239834
0.183808
0.195293
0.147882
0.203499
0.134999
0.145363
0.237965
0.175880
0.147264
0.204067
0.225277
0.161236
0.202573
0.155472
0.159007
0.164775
0.139549
0.148384
0.146329
0.156240
0.183770
0.239084
0.232370
0.181648
0.143422
0.156961
0.166452
0.147913
0.189801
0.186098
0.186651
0.157323
0.159729
0.218503
0.212656
0.141863
0.128775
0.175527
0.184649
0.177430
0.202565
0.153935
0.118326
0.166937
0.173422
0.220255
0.132011
0.171479
0.182441
0.176321
0.183409
0.197191
0.184966
0.191534
0.269154
0.189024
0.213438
0.223327
0.183203
0.179563
0.143931
0.156344
0.198382
0.181669
0.153513
0.192836
0.120489
0.152581
0.184297
0.167950
0.226509
0.171026
0.211935
0.133227
0.166756
0.220413
0.249684
0.171988
0.150785
0.192517
0.193675
0.187751
0.215860
0.139143
0.217898
0.214862
0.186747
0.171508
0.150362
0.201506
0.193416
0.173547
0.186445
0.194226
0.178450
0.154306
0.241450
0.173567
0.243828
0.161244
0.187064
0.220684
0.186734
0.173830
0.178656
0.158774
0.167562
0.220620
0.203782
0.211466
0.180261
0.236134
0.211223
0.234012
0.221498
0.230666
0.176007
0.242214
0.231523
0.201012
0.171883
0.183123
0.180769
0.171598
0.186848
0.227463
0.212885
0.271505
0.254457
0.274040
0.196302
0.203825
0.158633
0.191379
0.234583
0.217528
0.178453
0.246437
0.268657
0.238611
