0.068116
0.328026
0.218679
0.194355
0.261764
0.236204
0.205232
0.173582
0.289845
0.202245
0.206020
0.255225
0.206337
0.132782
0.172666
0.160469
0.195894
0.155828
0.223382
0.193552
0.239868
0.240777
0.184433
0.203217
0.204857
0.142442
0.130032
0.162105
0.164437
0.238795
0.148624
0.153101
0.181281
0.150902
0.169430
0.221493
0.244105
0.171198
0.187458
0.232520
0.210657
0.192358
0.176678
0.297565
0.196337
0.248494
0.262201
0.255406
0.270937
0.306688
0.249362
0.228771
0.252290
0.220828
0.172161
0.097155
0.160586
0.186979
0.165354
0.164914
0.100906
0.166603
0.255108
0.206188
0.237534
0.203847
0.157382
0.224093
0.126494
0.148135
0.258707
0.193002
0.194603
0.189766
0.188152
0.207546
0.167353
0.179712
0.191603
0.154231
0.247332
0.239617
0.213714
0.242476
0.210391
0.155342
0.307707
0.195222
0.155995
0.207624
0.212873
0.184365
0.135499
0.144221
0.108556
0.168012
0.192217
0.257659
0.151144
0.234092
0.144238
0.207958
0.207406
0.219258
0.174242
0.136209
0.168319
0.184648
0.212126
0.227332
0.204767
0.152838
0.176276
0.145359
0.170779
0.231516
0.157067
0.181973
0.176102
0.150482
0.231730
0.165964
0.172179
0.193647
0.136739
0.246649
0.221462
0.141275
0.122991
0.169841
0.180021
0.157332
0.172112
0.129965
0.119659
0.157583
0.103727
0.191987
0.200266
0.156521
0.137939
0.195143
0.191935
0.217402
0.218977
0.171376
0.193218
0.145862
0.176244
0.178380
0.199635
0.195717
0.207360
0.263154
0.190571
0.217058
0.292361
0.235529
0.224679
0.195767
0.227427
0.219803
0.204859
0.187367
0.206846
0.143888
0.176960
0.157720
0.192128
0.101844
0.231881
0.214743
0.184267
0.183542
0.189001
0.299433
0.231221
0.250466
0.164286
0.316227
0.160197
0.145671
0.139830
0.302660
0.180987
0.183382
0.223813
0.124273
0.137630
0.181665
0.182181
0.139539
0.198858
0.249116
0.215069
0.262691
0.259563
0.196526
0.218632
0.236735
0.228656
0.203425
0.169064
0.315568
0.265598
0.211543
0.220162
0.188433
0.242957
0.290118
0.191075
0.183707
0.195210
0.200201
0.170196
0.202810
0.215127
0.228781
0.180925
0.220804
0.158448
0.208090
0.302634
0.209007
0.257622
0.215012
0.258044
0.189174
0.256624
0.221155
0.208746
0.207624
0.161055
0.191884
0.220860
0.235489
0.246337
0.175770
0.198592
0.275675
0.153133
0.174733
0.180121
0.145416
0.192379
0.270388
0.177887
0.202927
0.250499
0.192214
0.212463
0.256999
0.228776
0.220326
0.159054
0.118123
0.244426
0.176857
0.155893
0.195917
0.166491
0.145604
0.202261
0.191681
0.146631
0.253628
0.132612
0.141599
0.196721
0.160717
0.243938
0.231688
0.293423
0.233432
0.135411
0.179919
0.187292
0.159122
0.177738
0.183623
0.138239
0.133609
0.136202
0.261489
0.140197
0.152315
0.137367
0.168861
0.160799
0.148203
0.131196
0.258404
0.142006
0.155466
0.133603
0.131356
0.199970
0.191447
0.154583
0.213656
0.189831
0.179363
0.228044
0.173923
0.260183
0.168191
0.234845
0.121107
0.147753
0.159231
0.117146
0.172850
0.241139
0.191550
0.251294
0.204745
0.162022
0.097443
0.176424
0.181069
0.157839
0.188555
0.277748
0.146036
0.116247
0.206894
0.258581
0.211678
0.212049
0.242444
0.217774
0.237162
0.236240
0.194172
0.207629
0.227529
0.103820
0.214591
0.225587
0.170459
0.228419
0.276254
0.330940
0.199150
0.263667
0.196142
0.224273
0.184055
0.221617
0.162932
0.229247
0.208524
0.166365
0.151698
0.205814
0.232795
0.191911
0.175894
0.166076
0.223372
0.199891
0.152845
0.262310
0.215491
0.188431
0.233488
0.223855
0.163713
0.194541
0.208422
0.215077
0.266954
0.225586
0.154398
0.114254
0.156032
0.165300
0.281875
0.209799
0.295762
0.174581
0.246765
0.295894
0.258562
0.228423
0.251377
0.216944
0.297993
0.168903
0.173384
0.243634
0.198060
0.166018
0.207687
0.181530
0.250786
0.174832
0.163430
0.229978
0.281400
0.176525
0.222806
0.218585
0.192362
0.251592
0.168646
0.173362
0.195861
0.159625
0.141048
0.157210
0.203125
0.247964
0.203551
0.253411
0.158802
0.164232
0.187283
0.139271
0.184680
0.160709
0.336696
0.139393
0.256976
0.221019
0.210246
0.220931
0.235343
0.266465
0.239444
0.160160
0.182775
0.152866
0.183983
0.194242
0.210382
0.315348
0.146848
0.196697
0.235560
0.247569
0.228388
0.189623
0.160678
0.191325
0.151593
0.128231
0.148937
0.150282
0.164692
0.176898
0.161665
0.168644
0.197797
0.228498
0.190332
0.187362
0.228233
0.264110
0.244471
0.189119
0.222036
0.261492
0.210083
0.243276
0.234251
0.215073
0.267415
0.206976
0.175315
0.201989
0.226397
0.156060
0.274718
0.193087
0.255414
0.163496
0.316577
0.170899
0.195783
0.187213
0.194312
0.162461
0.238365
0.284197
0.219963
0.239916
0.229199
0.238911
0.165743
0.252344
0.176413
0.200862
0.265054
0.189165
0.184792
0.250993
0.308413
0.314496
0.168625
0.125263
0.271665
0.173746
0.183279
0.189256
0.143650
0.164509
0.162796
0.279702
0.145492
0.240083
0.199087
0.232137
0.225045
0.165773
0.192597
0.190208
0.261881
0.173641
0.290361
0.157885
0.206545
0.126605
0.246611
0.282376
0.199208
0.192279
0.189254
0.170031
0.154440
0.176070
0.151618
0.148134
0.089143
0.140242
0.144229
0.142039
0.167136
0.152596
0.178582
0.212480
0.154377
0.185438
0.286085
0.211964
0.251424
0.201443
0.193330
0.235152
0.217559
0.246347
0.158662
0.188762
0.202101
0.203419
0.173739
0.195624
0.207562
0.283827
0.176537
0.196742
0.265112
0.238237
0.240506
0.246941
0.242076
0.252254
0.262845
0.255690
0.199608
0.222150
0.212612
0.284603
0.141999
0.197185
0.181501
0.252740
0.206131
0.249465
0.223900
0.191601
0.201818
0.215248
0.162782
0.131446
0.195818
0.146260
0.188868
0.241072
0.175865
0.230582
0.215996
0.185034
0.238386
0.214613
0.157079
0.111306
0.171353
0.188359
0.157999
0.246293
0.213322
0.217529
0.258220
0.176318
0.173599
0.177736
0.161680
0.182256
0.233032
0.267566
0.245248
0.211177
0.174287
0.202521
0.239626
0.148538
0.205871
0.182708
0.121682
0.128884
0.114192
0.158373
0.114513
0.200604
0.205726
0.153083
0.194504
0.241261
0.127689
0.278311
0.195794
0.205075
0.204603
0.198089
0.208411
0.172346
0.232684
0.207198
0.180642
0.197948
0.193942
0.190529
0.198764
0.201735
0.212198
0.163311
0.214688
0.245508
0.248138
0.180305
0.244047
0.217936
0.193141
0.131178
0.181279
0.194174
0.199712
0.248375
0.160596
0.168580
0.155753
0.158185
0.200047
0.179932
0.173410
0.126683
0.166240
0.153399
0.163521
0.157117
0.154833
0.168072
0.135199
0.181191
0.203390
0.194359
0.140367
0.224626
0.199257
0.172156
0.170446
0.202408
0.174577
0.140705
0.147151
0.217953
0.196788
0.204702
0.161894
0.133472
0.223048
0.220402
0.213385
0.229568
0.218360
0.254355
0.148292
0.139660
0.159169
0.247824
0.177926
0.184692
0.154512
0.250397
0.226640
0.188905
0.176973
0.191655
0.208130
0.198252
0.183950
0.199624
0.210225
0.152607
0.230232
0.167538
0.234888
0.188450
0.162211
0.232331
0.179173
0.255340
0.190126
0.206020
0.260584
0.126765
0.154947
0.214324
0.173831
0.161640
0.165698
0.148473
0.147052
0.204620
0.204253
0.246450
0.178195
0.171270
0.151414
0.215307
0.216753
0.124950
0.174756
0.196955
0.213345
0.162337
0.160233
0.141716
0.198918
0.172576
0.176032
0.137069
0.116864
0.122156
0.137967
0.149247
0.118898
0.162210
0.207722
0.176053
0.181273
0.222071
0.156321
0.177601
0.216252
0.238236
0.139475
0.176672
0.204804
0.142456
0.171747
0.188480
0.224226
0.158945
0.206079
0.240284
0.204821
0.162425
0.152236
0.174548
0.170953
0.204047
0.235731
0.178891
0.159256
0.162655
0.147891
0.182816
0.167799
0.170476
0.157690
0.142479
0.194062
0.165406
0.144145
0.151895
0.156117
0.208633
0.204140
0.200122
0.121233
0.092831
0.153832
0.217518
0.171156
0.127302
0.142965
0.142354
0.196400
0.145720
0.166372
0.157240
0.124996
0.182972
0.187042
0.178226
0.173012
0.138856
0.187451
0.144069
0.147785
0.187448
0.148418
0.147352
0.136910
0.151758
0.182009
0.150199
0.103721
0.136593
0.134511
0.189831
0.157160
0.124870
0.150762
0.128825
0.166152
0.199199
0.220550
0.156374
0.197214
0.190118
0.218355
0.106408
0.171115
0.165945
0.141556
0.120075
0.148161
0.187828
0.156647
0.151428
0.139947
0.194826
0.179195
0.136296
0.159761
0.156269
0.157174
0.223169
0.254377
0.191900
0.217436
0.264518
0.294967
0.276772
0.197123
0.171703
0.165175
0.228184
0.233039
0.218614
0.193410
0.197712
0.219352
0.219089
0.292620
0.218599
0.230152
0.221418
0.240046
0.147879
0.224672
0.185492
0.195742
0.224400
0.223329
0.246063
0.131946
0.257350
0.180311
0.215286
0.227354
0.201891
0.219187
0.224917
0.191247
0.087417
0.157454
0.171126
0.171881
0.191458
0.144894
0.147381
0.150670
0.123944
0.138511
0.133807
0.177406
0.144033
0.153956
0.238379
0.202861
0.208036
0.267304
0.150866
0.193176
0.176519
0.161246
0.114417
0.139905
0.139866
0.193518
0.153203
0.147051
0.208146
0.232852
0.164803
0.227546
0.127179
0.172081
0.234570
0.172336
0.140957
0.107622
0.165205
0.191122
0.128526
0.130653
0.170282
0.240501
0.184587
0.187529
0.155366
0.147979
0.218467
0.188725
0.200133
0.185487
0.201708
0.126111
0.353500
0.151413
0.221667
0.256855
0.212997
0.233664
0.184285
0.148235
0.207837
0.209352
0.161559
0.166406
0.229748
0.108270
0.308417
0.126748
0.293895
0.135582
0.126529
0.167835
0.135232
0.194567
0.189313
0.165150
0.210975
0.192161
0.240322
0.144403
0.204426
0.163249
0.213401
0.193653
0.230688
0.219027
0.270321
0.183116
0.196896
0.243867
0.180304
0.152965
0.192548
0.171807
0.184595
0.163634
0.219997
0.185621
0.216465
0.219542
0.246967
0.142016
0.217743
0.261353
0.256666
0.227078
0.263214
0.228388
0.230569
0.225220
0.175698
0.181161
0.295716
0.176283
0.202037
0.239488
0.203308
0.164382
0.199802
0.223964
0.252938
0.204296
0.220729
0.221048
0.186086
0.240105
0.197774
0.189625
0.160278
0.155117
0.152920
0.163995
0.261991
0.180671
0.177123
0.233081
0.273866
0.289343
0.217885
0.212930
0.284829
0.289522
0.190725
0.182258
0.243842
0.203930
0.194487
0.180486
0.208236
0.258047
0.166949
0.290248
0.210751
0.187770
0.243415
0.197751
0.186888
0.144415
0.176398
0.180446
0.177237
0.206408
0.261221
0.185430
0.292661
0.189808
0.171592
0.155935
0.182619
0.181229
0.213616
0.155132
0.138501
0.210437
0.153653
0.229635
0.215727
0.175266
0.207870
0.163725
0.240185
0.173388
0.261523
0.246030
0.161220
0.216562
0.234860
0.235461
0.254339
0.196044
0.212891
0.249094
0.221843
0.202549
0.223615
0.227300
0.186993
0.196000
0.252707
0.244047
0.251067
0.197415
0.235876
0.153187
0.167901
0.158996
0.240805
0.193265
0.199254
0.174822
0.308998
0.233020
0.166773
0.166197
0.195184
0.188209
0.201640
0.164839
0.169703
0.235241
0.194331
0.189561
0.231674
0.187390
0.259877
0.206788
0.180822
0.239522
0.180197
0.189628
0.177147
0.214443
0.252856
0.149611
0.191705
0.187816
0.193575
0.161657
0.187185
0.203423
0.203072
0.190833
0.198061
0.217115
0.239285
0.183550
0.174105
0.195623
0.158391
0.157679
0.162566
0.172323
0.147894
0.173082
0.142578
0.139235
0.195597
0.117163
0.182338
0.189336
0.152802
0.207296
0.195665
0.256866
0.190031
0.161126
0.173324
0.151138
0.170834
0.139920
0.167196
0.173574
0.155145
0.194265
0.156653
0.179573
0.138290
0.142432
0.141865
0.150654
0.163462
0.156706
0.244353
0.199674
0.219971
0.223022
0.175762
0.141068
0.172928
0.183150
0.220729
0.216820
0.194048
0.149974
0.204278
0.162814
0.172436
0.149277
0.169763
0.169323
0.150218
0.212250
0.172980
0.197083
0.170066
0.174443
0.177071
0.191718
0.133533
0.180881
0.174814
0.193169
0.147104
0.121280
0.175133
0.218521
0.216498
0.341686
0.295213
0.251513
0.379416
0.242725
0.252218
0.259836
0.180272
0.285418
0.230058
0.210189
0.289144
0.258089
0.203994
0.137308
0.210151
0.167732
0.240675
0.173913
0.132811
0.158341
0.160661
0.148265
0.187867
0.127066
0.175176
0.154433
0.141624
0.190955
0.192559
0.217548
0.160220
0.167128
0.206725
0.184969
0.174489
0.154184
0.217942
0.208770
0.191731
0.187764
0.184141
0.186300
0.186415
0.145226
0.176065
0.154922
0.132893
0.175929
0.138803
0.113119
0.135248
0.143853
0.208495
0.145560
0.154881
0.141782
0.152738
0.148771
0.152353
0.163927
0.152853
0.143496
0.178375
0.205308
0.184692
0.138206
0.274746
0.192945
0.248269
0.212151
0.188460
0.303025
0.239651
0.302873
0.204783
0.241900
0.242264
0.345944
0.524071
0.299490
0.232294
0.160247
0.142546
0.164035
0.197857
0.142771
0.105630
0.109848
0.126868
0.129642
0.158017
0.123514
0.139493
0.249426
0.210813
0.217132
0.246606
0.111049
0.182729
0.142238
0.160829
0.157523
0.164509
0.181562
0.161495
0.141978
0.154170
0.133751
0.155101
0.145305
0.130306
0.137252
0.174008
0.132821
0.129593
0.117178
0.162106
0.117114
0.145585
0.099269
0.151413
0.137037
0.123008
0.106797
0.121267
0.123809
0.145900
0.161990
0.174997
0.145736
0.152884
0.157551
0.134835
0.136969
0.172116
0.168940
0.184371
0.215782
0.224254
0.145308
0.140292
0.151709
0.118510
0.141765
0.216091
0.173222
0.156351
0.201685
0.160099
0.110945
0.129583
0.140377
0.155823
0.271044
0.235996
0.173993
0.149924
0.128268
0.155339
0.142251
0.143138
0.219680
0.180336
0.158876
0.126838
0.121881
0.111884
0.113492
0.153524
0.147954
0.144570
0.166716
0.208667
0.183983
0.201075
0.237096
0.176900
0.243687
0.204782
0.175363
0.265152
0.128543
0.251807
0.188924
0.292893
0.199622
0.210080
0.174031
0.161666
0.153318
0.201048
0.143597
0.197491
0.174881
0.159240
0.129190
0.126290
0.152204
0.163240
0.233469
0.253577
0.203451
0.176075
0.216123
0.226918
0.251585
0.182653
0.206042
0.148037
0.160537
0.143756
0.210979
0.169172
0.166796
0.154482
0.181713
0.187207
0.146589
0.159269
0.139961
0.177127
0.152808
0.146521
0.203369
0.207247
0.208943
0.226111
0.244871
0.231164
0.217843
0.232496
0.192212
0.176145
0.261735
0.265048
0.169845
0.182308
0.197077
0.248811
0.130954
0.226676
0.206077
0.200839
0.138809
0.154538
0.138534
0.157909
0.228388
0.182509
0.086487
0.173437
0.212060
0.201729
0.247778
0.173298
0.157535
0.113211
0.142929
0.107688
0.162592
0.151301
0.143698
0.169520
0.169902
0.167730
0.142149
0.183850
0.152018
0.166004
0.219143
0.174956
0.184959
0.169612
0.123333
0.160497
0.094638
0.191598
0.120939
0.179573
0.197516
0.255681
0.190691
0.210281
0.196500
0.167192
0.207085
0.264277
0.164938
0.142447
0.115495
0.177940
0.221591
0.137686
0.172273
0.249776
0.195188
0.177746
0.208446
0.138765
0.112997
0.193907
0.139434
0.156797
0.179681
0.151837
0.146105
0.187558
0.148626
0.201123
0.210510
0.215305
0.123659
0.140647
0.158958
0.200797
0.210896
0.199667
0.221642
0.198330
0.183588
0.124391
0.208760
0.169915
0.081162
0.175017
0.142778
0.200678
0.177703
0.138408
0.114385
0.172265
0.204110
0.162486
0.133482
0.169828
0.138006
0.125608
0.167508
0.174951
0.161069
0.160008
0.227978
0.244754
0.305051
0.163744
0.268148
0.205850
0.213190
0.250911
0.201407
0.177073
0.148819
0.165761
0.164869
0.162383
0.196115
0.171885
0.238068
0.198136
0.232421
0.174844
0.134106
0.175149
0.154728
0.202919
0.177503
0.192925
0.163027
0.180799
0.231212
0.218044
0.158381
0.222680
0.199708
0.228658
0.145609
0.138483
0.172956
0.185563
0.171800
0.212939
0.169435
0.284930
0.219797
0.211837
0.167866
0.198266
0.326359
0.193871
0.198277
0.222922
0.195377
0.123576
0.164557
0.136416
0.252499
0.177198
0.202082
0.152768
0.234049
0.199680
0.252209
0.152674
0.109936
0.180073
0.181355
0.208276
0.120365
0.164780
0.212049
0.187112
0.194857
0.148994
0.182582
0.137938
0.129137
0.123643
0.107818
0.127683
0.171997
0.196859
0.213742
0.133140
0.216149
0.247813
0.161296
0.181212
0.157310
0.116856
0.181450
0.222414
0.172905
0.101742
0.121842
0.175157
0.127021
0.222607
0.175118
0.261652
0.244596
0.203172
0.145637
0.207060
0.162078
0.126780
0.106358
0.111369
0.129514
0.106191
0.114530
0.125198
0.152395
0.104377
0.099653
0.127929
0.108921
0.126329
0.106070
0.176996
0.157027
0.116225
0.129278
0.108701
0.100688
0.149956
0.167167
0.137798
0.183346
0.147619
0.116296
0.114857
0.137488
0.152275
0.140701
0.143747
0.110774
0.122189
0.168356
0.169489
0.142354
0.131116
0.152736
0.170254
0.254427
0.239332
0.180628
0.134523
0.188901
0.143960
0.151243
0.149024
0.134774
0.129863
0.180333
0.206547
0.184530
0.148106
0.125381
0.128448
0.232291
0.172554
0.140629
0.171606
0.157900
0.097643
0.183563
0.118209
0.170518
0.120435
0.126982
0.143016
0.159329
0.148963
0.148199
0.125411
0.129405
0.161420
0.126739
0.165561
0.101114
0.156476
0.133330
0.108777
0.148601
0.166932
0.121141
0.138911
0.122687
0.179610
0.112424
0.230160
0.114391
0.151021
0.123987
0.175147
0.101733
0.175887
0.175175
0.123263
0.143658
0.117407
0.128176
0.101038
0.142370
0.160411
0.172458
0.134073
0.134401
0.168103
0.169090
0.148280
0.145563
0.144268
0.141857
0.187548
0.230789
0.178674
0.157855
0.167622
0.160924
0.178595
0.183196
0.196465
0.137015
0.211481
0.199518
0.220553
0.141194
0.159388
0.117711
0.128853
0.150986
0.119171
0.100152
0.148758
0.130555
0.183494
0.163248
0.185669
0.132411
0.191120
0.148667
0.196464
0.120270
0.154423
0.169173
0.094099
0.133054
0.172333
0.143933
0.192271
0.193235
0.174964
0.184159
0.190415
0.257249
0.157347
0.213464
0.191505
0.180071
0.170290
0.130468
0.138749
0.111795
0.101350
0.124910
0.168577
0.155165
0.155980
0.192585
0.193990
0.208925
0.212526
0.173737
0.242013
0.194441
0.218504
0.196448
0.179099
0.232025
