0.065090
0.161507
0.189465
0.183647
0.157239
0.170670
0.147603
0.160086
0.172297
0.153355
0.177332
0.129103
0.130958
0.138853
0.136949
0.113801
0.172024
0.197523
0.209306
0.215346
0.192295
0.202692
0.202192
0.174692
0.116742
0.204358
0.148227
0.220548
0.125441
0.171943
0.165514
0.121353
0.233593
0.181208
0.193715
0.182971
0.160039
0.183254
0.130070
0.134216
0.145756
0.122041
0.151184
0.163615
0.179277
0.181996
0.124352
0.144146
0.206264
0.172048
0.171171
0.136039
0.123021
0.153040
0.144459
0.133825
0.136246
0.151725
0.170556
0.198055
0.090245
0.179694
0.124319
0.122742
0.210628
0.179191
0.226666
0.146860
0.154652
0.194897
0.140830
0.146563
0.117593
0.155186
0.107824
0.160421
0.220828
0.180219
0.158146
0.225249
0.214843
0.218331
0.129320
0.155109
0.115399
0.163908
0.155315
0.148252
0.159433
0.136236
0.110407
0.128951
0.164802
0.170753
0.188326
0.187259
0.112647
0.122167
0.135842
0.194571
0.215432
0.183412
0.146771
0.185500
0.129030
0.176882
0.133545
0.142756
0.118352
0.140755
0.112125
0.156034
0.162515
0.090384
0.152184
0.180936
0.087706
0.163961
0.134173
0.216770
0.213239
0.195266
0.133305
0.129351
0.158512
0.151477
0.158091
0.137455
0.148218
0.101049
0.163307
0.144550
0.107537
0.211079
0.130860
0.163195
0.136457
0.124882
0.152944
0.139823
0.158160
0.154990
0.120213
0.107915
0.116370
0.106013
0.203401
0.114830
0.313098
0.224988
0.208238
0.168620
0.214668
0.157571
0.118883
0.128111
0.148830
0.189580
0.277632
0.137802
0.190036
0.166465
0.128931
0.164664
0.131752
0.107636
0.191016
0.113637
0.189719
0.179482
0.148818
0.170465
0.129072
0.200279
0.264173
0.178540
0.178562
0.116260
0.135926
0.128564
0.193938
0.168068
0.187037
0.156642
0.139455
0.202418
0.151354
0.168293
0.251787
0.137136
0.183281
0.137086
0.214381
0.114105
0.204494
0.107572
0.153552
0.145044
0.130759
0.186377
0.171241
0.151136
0.141863
0.111092
0.116651
0.116459
0.128210
0.262363
0.129700
0.177311
0.170499
0.171901
0.146465
0.125242
0.125677
0.166763
0.125456
0.130714
0.178213
0.174558
0.186904
0.195229
0.147767
0.169567
0.162021
0.144078
0.155224
0.172989
0.092881
0.151494
0.143846
0.168166
0.161756
0.137628
0.140618
0.191784
0.262686
0.204554
0.200419
0.231138
0.183680
0.184953
0.175147
0.246655
0.156962
0.289734
0.204009
0.226199
0.193020
0.247844
0.204991
0.214612
0.248713
0.204043
0.213531
0.205947
0.246254
0.148033
0.183875
0.191795
0.103805
0.168776
0.191143
0.178832
0.124073
0.177365
0.238304
0.245615
0.194413
0.222992
0.265548
0.220088
0.210788
0.242699
0.206624
0.274380
0.265353
0.197631
0.194516
0.232673
0.171199
0.223975
0.216002
0.183467
0.224754
0.178984
0.160852
0.231973
0.175561
0.146345
0.206229
0.191459
0.203258
0.185134
0.174729
0.178343
0.274577
0.268847
0.194248
0.236073
0.139947
0.258138
0.243013
0.199553
0.150073
0.209631
0.308853
0.227842
0.187500
0.263232
0.286727
0.220631
0.291482
0.220965
0.282490
0.170431
0.247238
0.267562
0.239734
0.223143
0.237738
0.181881
0.234587
0.159678
0.181710
0.301672
0.231936
0.258891
0.229017
0.219518
0.163110
0.226238
0.253410
0.197277
0.275174
0.310457
0.236373
0.155649
0.156535
0.219658
0.191480
0.178862
0.141833
0.217561
0.185543
0.147920
0.194049
0.186308
0.151954
0.190019
0.196731
0.143692
0.206426
0.257078
0.186541
0.199404
0.109254
0.305780
0.211132
0.215349
0.227571
0.275324
0.224015
0.139506
0.179360
0.187458
0.123631
0.204331
0.193452
0.176065
0.157044
0.168829
0.201872
0.214784
0.128282
0.185302
0.243663
0.293013
0.177165
0.252340
0.279464
0.234265
0.229753
0.221004
0.229741
0.169664
0.151671
0.163131
0.180536
0.167656
0.228821
0.178277
0.190007
0.146384
0.165635
0.191522
0.205877
0.184173
0.195221
0.172095
0.252922
0.182346
0.195802
0.206747
0.216840
0.174191
0.199202
0.206274
0.218037
0.183593
0.189034
0.123089
0.210974
0.168179
0.173805
0.162006
0.161978
0.184517
0.223027
0.113354
0.101437
0.106921
0.130346
0.161574
0.176477
0.145886
0.123075
0.160720
0.170386
0.186421
0.244946
0.171679
0.142209
0.150096
0.209672
0.146303
0.207208
0.177323
0.188521
0.126221
0.189007
0.175482
0.230470
0.199896
0.127763
0.208499
0.192333
0.152720
0.215725
0.169301
0.203644
0.223597
0.248218
0.107948
0.163689
0.190008
0.148464
0.225270
0.201518
0.192255
0.161582
0.236925
0.202783
0.111539
0.117686
0.157655
0.172011
0.148200
0.151111
0.208388
0.153790
0.147638
0.177122
0.199084
0.198113
0.164260
0.156273
0.186823
0.146107
0.162940
0.145790
0.095737
0.143747
0.162766
0.139521
0.130583
0.176712
0.212092
0.133792
0.179641
0.283615
0.126292
0.221047
0.175122
0.168659
0.201919
0.203747
0.163912
0.188468
0.157629
0.179803
0.224187
0.209228
0.192074
0.218050
0.192670
0.196636
0.157879
0.181753
0.189026
0.155972
0.136856
0.175726
0.193743
0.173495
0.174612
0.236787
0.182484
0.161233
0.173091
0.178799
0.229447
0.180911
0.249765
0.226581
0.221806
0.158716
0.156111
0.172747
0.155930
0.194892
0.165168
0.199761
0.179619
0.118336
0.145250
0.165787
0.185162
0.172832
0.125549
0.193316
0.211487
0.206701
0.242893
0.173272
0.198927
0.191672
0.175049
0.163636
0.200708
0.183237
0.188966
0.200700
0.178722
0.138387
0.177490
0.197065
0.193287
0.175274
0.131252
0.146555
0.161514
0.169862
0.168428
0.129457
0.126599
0.170307
0.174142
0.172671
0.162713
0.130410
0.141171
0.132456
0.126388
0.123956
0.176182
0.123329
0.156544
0.197182
0.182311
0.197265
0.150963
0.153919
0.222118
0.175752
0.181048
0.150610
0.147471
0.159258
0.109322
0.122507
0.161310
0.104493
0.155207
0.185084
0.178777
0.264248
0.200058
0.181252
0.109743
0.101480
0.108146
0.196079
0.111833
0.146342
0.248079
0.176883
0.236710
0.094478
0.193028
0.125445
0.200692
0.144007
0.149516
0.198946
0.185251
0.129969
0.139124
0.167450
0.169593
0.138451
0.173301
0.170124
0.172199
0.107852
0.123380
0.168181
0.143843
0.180030
0.154544
0.196796
0.217466
0.153692
0.193763
0.175185
0.206810
0.124461
0.173326
0.165371
0.203447
0.170584
0.144688
0.148443
0.195006
0.190183
0.209250
0.164052
0.148679
0.190873
0.206065
0.184056
0.149803
0.203548
0.162609
0.140362
0.145916
0.177468
0.188411
0.098645
0.128793
0.134158
0.191163
0.225309
0.191305
0.153841
0.132364
0.134667
0.104970
0.121478
0.158818
0.163265
0.143399
0.151618
0.166266
0.215589
0.133829
0.182672
0.166526
0.152735
0.184661
0.161179
0.193718
0.203143
0.223058
0.165165
0.174649
0.178253
0.215288
0.135210
0.194168
0.192166
0.179898
0.173426
0.150715
0.195922
0.166039
0.174827
0.159502
0.199324
0.171767
0.177747
0.256132
0.232692
0.160978
0.212989
0.162796
0.199480
0.152048
0.161037
0.238132
0.230215
0.228196
0.129124
0.275272
0.162332
0.181261
0.162728
0.159287
0.131038
0.133749
0.177361
0.164717
0.199436
0.180759
0.137921
0.188698
0.180220
0.148741
0.175403
0.164107
0.163236
0.212776
0.244282
0.224323
0.237456
0.236516
0.282643
0.249925
0.197520
0.246068
0.240756
0.259553
0.290690
0.257574
0.211295
0.269471
0.193096
0.286358
0.237787
0.254459
0.196462
0.201147
0.296565
0.246467
0.236602
0.182772
0.287595
0.138182
0.274316
0.310073
0.272305
0.253922
0.246132
0.253488
0.340422
0.222838
0.259398
0.306573
0.163533
0.185587
0.249688
0.235315
0.258548
0.241941
0.188417
0.235217
0.217505
0.244940
0.294446
0.269857
0.286637
0.292057
0.289400
0.249879
0.203367
0.169646
0.199051
0.312914
0.274853
0.213625
0.288534
0.292359
0.329461
0.160657
0.185959
0.259132
0.254801
0.243350
0.172285
0.225597
0.171809
0.170350
0.175647
0.189579
0.207184
0.203728
0.208464
0.128589
0.143207
0.145694
0.188694
0.147598
0.168782
0.196820
0.238541
0.161902
0.201399
0.216115
0.194436
0.179013
0.160955
0.137938
0.141361
0.149665
0.232108
0.241195
0.278621
0.195965
0.212168
0.188929
0.232907
0.155622
0.217295
0.138089
0.189373
0.189355
0.167025
0.136873
0.139283
0.269204
0.193387
0.178765
0.193054
0.134991
0.177997
0.175378
0.139750
0.245780
0.235996
0.126343
0.200135
0.166290
0.220993
0.178765
0.185037
0.125829
0.183241
0.169086
0.162529
0.239561
0.186906
0.161496
0.215454
0.242715
0.193067
0.165657
0.099358
0.144412
0.169871
0.187269
0.256878
0.226964
0.159512
0.135828
0.082678
0.147310
0.125940
0.124938
0.144601
0.139120
0.203223
0.179020
0.128532
0.108671
0.129076
0.220383
0.212262
0.177634
0.228424
0.258313
0.171179
0.168118
0.178499
0.211124
0.152252
0.203053
0.155794
0.279020
0.237107
0.228053
0.274047
0.260206
0.189265
0.220385
0.174479
0.184606
0.140780
0.181098
0.217655
0.181695
0.214324
0.283383
0.169639
0.188272
0.237126
0.189452
0.186884
0.239619
0.153847
0.195325
0.152083
0.228415
0.172680
0.195618
0.155831
0.196157
0.208908
0.207795
0.182586
0.177061
0.148942
0.182462
0.165474
0.217286
0.169444
0.185352
0.145869
0.177376
0.212757
0.176790
0.210419
0.182017
0.180546
0.125684
0.165753
0.185772
0.188875
0.205835
0.200796
0.234626
0.157568
0.250963
0.185495
0.218528
0.188752
0.215516
0.208658
0.155463
0.154553
0.166367
0.147111
0.136816
0.228324
0.132646
0.167702
0.215879
0.190153
0.152639
0.120098
0.235839
0.176377
0.222175
0.253060
0.161966
0.192544
0.195658
0.137169
0.197963
0.196032
0.182467
0.323144
0.212954
0.216152
0.208769
0.178477
0.188719
0.229469
0.180877
0.195808
0.221758
0.185957
0.179937
0.144382
0.204941
0.162510
0.223373
0.201776
0.159283
0.185828
0.154872
0.203138
0.162296
0.189654
0.207257
0.172599
0.205715
0.135998
0.118141
0.190208
0.193684
0.240525
0.154475
0.114354
0.254885
0.223538
0.163716
0.188358
0.162031
0.182761
0.251775
0.194928
0.223577
0.179867
0.200466
0.194431
0.219764
0.167981
0.133846
0.203657
0.185359
0.188099
0.191463
0.145845
0.181829
0.197813
0.182936
0.189953
0.225537
0.203778
0.282926
0.189094
0.160842
0.204798
0.241989
0.179372
0.135002
0.158529
0.215290
0.164020
0.160790
0.169290
0.147084
0.147345
0.142760
0.274509
0.178989
0.194474
0.169554
0.140777
0.240430
0.158363
0.208642
0.178666
0.201618
0.180893
0.189270
0.213490
0.204818
0.141826
0.153867
0.163548
0.186469
0.241325
0.202073
0.168491
0.184151
0.137394
0.136173
0.227614
0.198267
0.147271
0.130149
0.154186
0.169529
0.145628
0.191919
0.241052
0.174343
0.213616
0.211128
0.167070
0.211585
0.183508
0.216619
0.202975
0.248720
0.187578
0.202910
0.217534
0.205255
0.256067
0.221076
0.184257
0.194594
0.174628
0.222877
0.195222
0.218106
0.213103
0.221890
0.193741
0.223215
0.193816
0.205541
0.145926
0.207131
0.155375
0.174432
0.205765
0.204896
0.170986
0.210597
0.172650
0.224612
0.188592
0.110928
0.133214
0.142860
0.161689
0.167513
0.187078
0.199622
0.221155
0.172714
0.210615
0.211168
0.178158
0.214280
0.155802
0.182625
0.136084
0.201871
0.176379
0.184551
0.107574
0.165356
0.191262
0.156220
0.196845
0.186009
0.166010
0.207566
0.152289
0.171737
0.195015
0.149420
0.187086
0.157966
0.120760
0.186102
0.225020
0.203221
0.173111
0.185208
0.128698
0.219112
0.210359
0.196077
0.133091
0.169573
0.213721
0.174731
0.100402
0.153349
0.181752
0.128045
0.147788
0.137809
0.181631
0.186744
0.217903
0.243114
0.150346
0.167141
0.127320
0.169907
0.254534
0.180724
0.154194
0.165184
0.177907
0.159281
0.148216
0.164347
0.182731
0.103177
0.151402
0.150492
0.120247
0.140740
0.171674
0.207915
0.204329
0.116502
0.142797
0.175959
0.239266
0.166443
0.131567
0.251337
0.192250
0.162990
0.194606
0.190265
0.143839
0.169267
0.159915
0.109010
0.153280
0.190010
0.169002
0.205213
0.175464
0.172378
0.158894
0.132770
0.154264
0.166991
0.118525
0.134743
0.124209
0.165004
0.152191
0.166575
0.162536
0.099229
0.216841
0.200764
0.176304
0.165663
0.126129
0.176229
0.158764
0.174412
0.136224
0.119049
0.159912
0.100140
0.138958
0.143287
0.152555
0.173134
0.174136
0.169784
0.185698
0.165647
0.160895
0.162062
0.167288
0.140237
0.148144
0.124220
0.130129
0.168184
0.174021
0.178772
0.109128
0.149548
0.134328
0.120268
0.180751
0.207684
0.154028
0.169801
0.147704
0.169783
0.174714
0.153326
0.214609
0.196786
0.184877
0.168410
0.145524
0.205718
0.235946
0.155645
0.137611
0.164183
0.168137
0.153468
0.154204
0.172500
0.152396
0.177457
0.150946
0.196793
0.180995
0.160789
0.129458
0.186062
0.135475
0.189301
0.138755
0.165105
0.147394
0.157665
0.154988
0.146218
0.125901
0.201889
0.170603
0.143607
0.148992
0.167039
0.116276
0.121712
0.155550
0.175458
0.162591
0.178188
0.117109
0.201815
0.125843
0.105530
0.186035
0.187747
0.170537
0.186852
0.183948
0.177532
0.166118
0.128991
0.140292
0.100850
0.122528
0.154415
0.092616
0.135561
0.130565
0.159857
0.166971
0.192513
0.161382
0.145537
0.180330
0.142112
0.164722
0.164552
0.179669
0.170183
0.146951
0.230367
0.122271
0.181544
0.167493
0.185940
0.157189
0.170748
0.177704
0.191617
0.150409
0.165424
0.146214
0.140596
0.156718
0.178303
0.188514
0.155475
0.138717
0.146212
0.148177
0.150643
0.155330
0.138267
0.121805
0.105916
0.132252
0.157809
0.132762
0.254138
0.188937
0.206638
0.161857
0.139705
0.204326
0.189119
0.191743
0.187451
0.138428
0.185782
0.150532
0.151605
0.237688
0.195905
0.182815
0.226829
0.187622
0.207747
0.168488
0.217690
0.134916
0.158428
0.190676
0.203342
0.175150
0.206501
0.186280
0.200784
0.228561
0.183310
0.161736
0.182638
0.149947
0.158301
0.174425
0.134681
0.205836
0.142177
0.142292
0.166051
0.216256
0.217455
0.173931
0.202451
0.155878
0.207921
0.188304
0.189770
0.146039
0.133502
0.150160
0.169051
0.122660
0.127784
0.192782
0.228581
0.204901
0.185997
0.225721
0.224506
0.155873
0.195305
0.224488
0.176894
0.147126
0.147025
0.185341
0.159878
0.147060
0.175527
0.183588
0.131715
0.174067
0.258981
0.185926
0.197484
0.152561
0.180742
0.174499
0.166623
0.155356
0.128316
0.180333
0.178568
0.138933
0.133262
0.192942
0.207750
0.193274
0.189934
0.142998
0.183009
0.217978
0.162800
0.203065
0.146386
0.233258
0.172725
0.134558
0.219372
0.205953
0.191116
0.158524
0.158243
0.167767
0.198398
0.140897
0.285821
0.148057
0.136041
0.110437
0.139920
0.137230
0.154857
0.192874
0.170325
0.222620
0.157833
0.112096
0.172275
0.124039
0.171103
0.128918
0.150014
0.197980
0.205225
0.191946
0.180836
0.183252
0.138801
0.188442
0.176956
0.207740
0.195140
0.204333
0.203911
0.197933
0.190847
0.178397
0.181875
0.273689
0.254801
0.223829
0.214476
0.271777
0.219477
0.165708
0.245842
0.118223
0.169854
0.189889
0.168662
0.155362
0.162146
0.143994
0.208467
0.187105
0.221194
0.221267
0.203782
0.155656
0.244662
0.255604
0.197564
0.161025
0.243087
0.177278
0.193280
0.187046
0.187110
0.252003
0.297025
0.270637
0.204320
0.243920
0.191815
0.241193
0.223651
0.226356
0.272150
0.237629
0.235723
0.272366
0.243223
0.205076
0.182712
0.272636
0.174979
0.201604
0.213582
0.254122
0.186158
0.232991
0.203409
0.217659
0.221776
0.213832
0.186080
0.224393
0.276258
0.182807
0.320356
0.114279
0.215542
0.201765
0.214705
0.210522
0.249211
0.183915
0.178477
0.248396
0.319679
0.222671
0.225511
0.176020
0.178932
0.218792
0.193548
0.162553
0.149556
0.182722
0.186371
0.248928
0.277519
0.230641
0.223232
0.230542
0.302149
0.278078
0.228540
0.281760
0.197002
0.128232
0.204973
0.260116
0.177492
0.214427
0.205723
0.185712
0.182219
0.196554
0.164319
0.176960
0.242646
0.277588
0.225855
0.209847
0.252227
0.244341
0.229715
0.145481
0.176432
0.125364
0.156570
0.212712
0.192913
0.141878
0.166189
0.160858
0.156837
0.167092
0.132325
0.174814
0.214468
0.197011
0.266710
0.219797
0.160190
0.249278
0.117205
0.138620
0.176965
0.155152
0.207614
0.196959
0.116704
0.224058
0.295687
0.126759
0.285762
0.192082
0.239715
0.172903
0.177095
0.140108
0.102242
0.178678
0.200256
0.159791
0.144096
0.173805
0.161649
0.174093
0.252254
0.126460
0.136546
0.155347
0.137735
0.146753
0.134304
0.141878
0.131431
0.159129
0.114170
0.117488
0.110587
0.168259
0.124320
0.170641
0.097857
0.151523
0.129645
0.122176
0.114591
0.156060
0.131095
0.207815
0.173423
0.223186
0.130265
0.119051
0.126040
0.176705
0.191208
0.132576
0.163355
0.100732
0.141004
0.143462
0.186641
0.114400
0.114276
0.144220
0.137981
0.127907
0.120610
0.109703
0.183487
0.129602
0.117734
0.136839
0.145473
0.102380
0.132221
0.116897
0.161116
0.129554
0.174948
0.115219
0.107309
0.172068
0.237732
0.173515
0.194888
0.143147
0.127639
0.145188
0.137301
0.147249
0.163784
0.121231
0.163529
0.132880
0.122736
0.125618
0.112235
0.180095
0.157131
0.145374
0.133028
0.242897
0.183309
0.147686
0.233646
0.166350
0.143817
0.131623
0.154339
0.131641
0.128903
0.161879
0.124234
0.152353
0.168534
0.103441
0.131081
0.161690
0.157927
0.215373
0.125207
0.164375
0.140548
0.189653
0.160214
0.180232
0.221210
0.131266
0.214923
0.126854
0.139643
0.115785
0.121589
0.163141
0.204553
0.132446
0.132138
0.152661
0.200768
0.183644
0.150845
0.161137
0.163867
0.102556
0.139619
0.122232
0.113717
0.161919
0.140699
0.139044
0.105347
0.112575
