732	341	139	184
727	331	138	163
718	318	130	115
707	313	133	115
696	311	142	116
679	309	154	117
676	305	153	121
668	301	158	120
664	295	158	123
651	288	162	130
647	283	160	134
642	278	160	137
637	271	159	143
631	268	159	146
627	267	161	147
624	266	159	144
626	273	156	128
614	274	153	113
600	276	152	112
596	272	148	116
586	277	154	113
579	282	161	111
580	290	168	104
587	291	170	106
596	291	164	106
581	291	182	106
575	290	189	106
574	290	191	107
572	290	194	104
570	292	188	102
569	292	185	103
575	288	176	104
575	285	151	90
587	287	119	72
563	289	133	78
557	301	121	74
553	287	119	97
552	300	117	88
551	304	113	90
546	299	113	123
547	304	108	103
548	303	109	160
540	306	117	146
522	309	118	147
502	311	122	152
488	314	111	149
483	318	107	154
485	327	101	150
499	337	92	144
506	357	89	147
504	367	86	138
500	370	84	130
492	354	86	144
494	353	86	138
497	346	88	139
504	338	91	140
512	318	87	160
520	317	89	160
526	316	90	161
532	315	89	160
534	316	88	159
538	311	86	161
534	322	87	143
531	305	85	162
533	304	86	161
536	305	85	162
534	328	85	138
534	308	84	160
535	306	86	162
532	331	87	133
529	314	87	146
526	323	88	135
520	314	89	138
522	316	90	135
523	314	91	137
527	320	92	136
526	314	91	136
525	313	91	136
522	312	91	138
527	311	91	137
533	314	92	137
530	311	92	137
497	296	92	138
475	298	91	138
468	303	94	139
475	315	93	139
476	322	92	139
478	330	93	137
482	338	93	137
492	336	95	137
491	331	93	137
489	323	93	138
485	313	94	140
489	314	93	139
497	314	94	138
505	311	93	139
502	305	94	141
493	299	94	144
487	297	95	142
489	285	94	145
488	277	95	147
488	272	95	149
485	259	96	153
478	263	96	146
473	262	97	151
494	267	99	152
503	274	96	151
505	283	96	147
507	280	97	154
519	275	96	158
519	289	95	144
518	287	95	148
526	277	94	158
533	287	93	150
542	281	94	157
551	294	92	147
552	295	92	149
553	287	92	158
556	300	92	147
560	299	92	153
559	306	90	148
557	303	90	152
553	307	91	150
550	309	91	150
550	304	91	157
552	302	90	159
547	310	90	148
544	306	89	150
541	306	89	152
543	300	90	158
545	301	89	157
546	302	90	157
549	315	89	146
549	304	92	157
547	310	90	149
543	312	92	146
542	305	97	151
543	301	92	154
544	297	90	157
540	305	90	147
540	307	91	145
540	289	90	163
543	291	94	161
543	313	101	136
542	313	100	137
538	309	102	139
541	309	103	137
540	312	104	135
539	311	107	136
541	312	107	135
540	312	108	136
538	313	110	134
536	312	114	135
536	310	116	135
534	309	119	136
527	308	125	135
528	306	126	136
527	304	126	138
523	306	124	138
523	307	122	138
523	309	120	138
522	311	121	137
522	315	118	136
520	317	118	137
517	319	119	136
513	323	121	137
513	323	122	137
512	324	122	137
509	322	126	137
506	319	130	140
506	318	134	142
506	315	141	143
505	309	153	148
505	300	158	152
506	303	166	144
511	301	178	148
515	288	183	160
519	276	200	172
524	274	185	176
527	274	192	177
532	269	193	184
536	266	193	188
537	266	204	192
537	262	212	199
544	270	209	182
568	270	193	158
583	256	176	171
590	249	173	178
602	230	165	196
602	233	169	195
602	230	169	199
602	230	167	199
603	257	163	174
604	259	160	171
605	252	161	179
606	268	155	165
607	254	148	179
608	256	156	176
608	261	156	172
608	265	161	169
609	264	164	170
610	262	176	172
614	258	192	174
612	259	197	171
612	260	203	171
619	263	208	167
622	263	210	167
626	264	209	166
640	270	209	121
649	273	207	121
665	267	195	122
698	266	164	128
736	270	120	127
752	274	107	125
762	281	97	132
746	285	120	144
743	286	131	145
736	287	143	146
724	288	159	142
721	288	169	142
723	285	178	140
722	281	191	140
728	274	220	138
723	273	237	136
715	275	249	134
702	280	277	133
700	281	266	135
701	278	241	138
690	277	217	143
682	278	197	145
673	281	190	148
661	290	193	138
635	283	203	142
618	282	214	141
603	282	226	139
576	288	241	132
569	290	239	130
560	291	236	123
543	290	218	133
535	291	211	132
527	293	188	112
516	295	178	107
493	296	172	125
486	299	172	133
483	300	170	128
472	297	172	113
469	296	171	108
468	297	169	109
475	299	160	107
475	299	160	106
475	299	161	108
475	302	161	110
479	302	161	117
480	302	162	119
478	304	163	123
480	303	162	128
479	303	163	130
477	305	162	131
476	302	162	133
476	302	162	134
475	303	162	135
473	303	164	136
475	303	163	141
474	304	163	141
474	305	163	142
474	306	164	143
476	306	163	153
476	309	163	143
477	309	164	145
478	310	163	147
481	310	163	150
483	310	162	168
486	319	162	162
483	323	167	155
472	324	177	152
465	316	190	151
463	309	199	150
467	303	204	148
472	292	217	141
467	285	227	124
467	281	235	123
471	277	242	124
476	271	252	135
474	268	257	135
478	265	245	135
480	260	212	138
475	260	197	149
470	263	194	160
457	264	201	161
458	264	202	162
458	265	204	161
452	268	207	159
444	265	213	161
442	261	216	165
438	260	220	167
429	262	224	164
426	269	227	156
427	277	228	148
418	291	235	130
413	290	239	131
409	290	244	130
408	289	245	130
394	289	255	126
387	289	260	133
383	290	261	135
379	289	254	140
377	289	238	148
372	288	213	151
366	295	189	149
359	306	186	141
352	315	188	139
346	318	187	142
347	317	186	149
346	317	183	154
343	318	182	158
342	316	178	160
345	312	175	151
343	313	172	148
329	320	174	162
333	318	172	176
335	314	171	193
334	312	162	234
334	312	156	227
335	312	151	232
339	315	143	238
347	326	129	231
350	330	126	236
348	333	137	242
339	341	155	236
328	344	167	232
317	348	176	241
306	357	193	239
299	360	207	273
291	355	222	285
284	346	234	278
265	322	243	276
252	306	246	278
245	290	252	277
225	277	252	277
213	276	239	283
198	280	238	296
181	306	231	281
159	319	231	317
125	327	234	360
94	336	239	382
58	352	253	366
46	356	257	358
32	368	259	346
26	406	271	302
36	420	270	283
34	433	265	260
34	464	278	220
68	483	262	189
103	501	249	156
120	525	237	117
113	565	210	65
111	575	202	50
116	561	189	53
119	533	186	59
118	518	178	56
123	508	166	52
233	479	53	58
200	465	62	70
173	465	67	75
172	470	67	80
201	489	56	83
206	508	57	73
205	536	60	55
230	582	55	14
207	550	95	59
162	487	232	151
480	458	160	162
486	443	159	177
437	437	216	161
445	432	309	167
474	575	145	144
500	642	85	76
496	638	108	79
442	567	216	150
473	553	218	164
487	581	224	138
418	537	318	182
387	508	367	210
353	482	412	235
307	475	464	241
298	473	469	246
349	460	433	256
375	445	424	272
431	410	386	308
436	395	391	321
444	380	387	338
480	356	364	357
486	345	368	373
506	338	359	376
528	327	351	389
541	312	349	407
556	306	343	412
595	302	302	417
701	286	203	359
718	274	192	357
732	255	187	383
751	218	175	383
738	199	186	396
721	189	200	384
701	173	215	384
672	169	238	389
659	190	254	370
646	201	271	353
625	170	276	273
618	171	281	249
614	166	286	247
609	186	306	231
610	160	313	254
619	139	324	263
622	153	334	249
632	141	325	268
635	147	329	270
644	150	337	278
675	172	341	280
690	173	343	287
706	172	347	289
728	171	357	294
726	175	364	277
729	190	359	256
731	198	337	249
756	213	273	210
765	227	266	211
765	221	272	223
732	200	276	236
697	186	286	240
663	181	297	244
651	173	298	251
648	173	304	257
636	176	310	259
625	182	316	253
626	193	309	236
627	188	303	206
623	185	266	187
626	179	226	190
622	177	226	190
613	175	234	190
608	184	242	180
603	178	253	184
602	175	257	185
597	175	267	185
587	180	280	183
582	181	288	184
576	184	296	179
569	197	299	170
576	204	291	165
578	213	288	158
579	218	246	159
578	221	223	162
572	227	214	168
557	238	224	160
539	251	229	155
534	259	235	152
529	262	239	151
507	268	250	143
495	272	254	137
484	272	261	136
458	277	276	129
450	279	274	134
446	280	271	144
434	277	263	165
428	279	237	175
419	283	217	175
410	290	204	168
395	317	193	139
387	326	195	139
385	329	193	148
372	337	192	154
368	341	191	156
370	346	189	162
368	354	185	179
365	360	186	190
361	367	188	197
355	373	195	221
346	384	200	222
349	386	193	257
352	389	185	260
361	406	152	240
367	417	146	231
367	429	150	252
364	452	169	235
357	453	185	230
355	444	197	233
354	427	205	236
331	397	233	263
315	394	254	286
304	394	267	290
295	400	292	278
283	405	310	272
268	411	327	267
244	423	362	271
233	430	378	279
225	434	395	277
216	437	401	276
214	450	399	269
215	462	378	257
215	481	407	236
223	513	418	205
218	506	413	210
211	501	427	215
181	490	451	227
168	512	468	206
164	482	480	236
171	484	477	234
175	457	496	261
182	467	499	248
192	448	515	268
221	441	528	272
239	446	520	272
263	436	510	279
352	451	442	267
420	457	381	262
467	461	339	256
493	453	318	262
537	434	288	282
546	418	282	300
549	409	279	310
556	407	273	308
564	408	270	307
576	407	268	309
591	394	276	324
606	374	304	339
618	353	304	362
627	347	311	369
630	336	344	381
634	335	350	384
665	337	332	378
800	318	199	307
837	309	164	302
837	308	165	310
856	274	170	334
846	256	191	344
830	244	210	349
817	230	228	340
798	210	245	355
783	207	256	362
772	207	265	347
752	205	270	314
739	199	268	255
727	189	264	250
697	181	270	249
682	170	273	261
667	162	278	267
655	153	284	272
641	141	291	283
629	136	300	292
622	134	305	294
608	142	313	284
596	153	318	274
588	166	320	264
578	185	317	250
562	186	322	244
553	184	326	248
545	183	329	250
532	184	337	239
520	185	312	199
516	185	286	189
493	166	262	215
481	164	268	217
472	165	269	216
455	164	277	219
443	163	283	220
427	164	297	220
410	165	307	219
374	180	332	207
360	189	333	197
359	200	325	186
376	221	317	158
381	218	278	159
384	215	266	162
390	215	233	163
383	221	236	162
386	223	235	160
396	222	233	158
411	217	242	157
408	218	250	153
404	220	254	149
403	219	258	145
399	218	260	142
396	219	261	137
390	219	261	134
382	214	268	143
372	207	257	155
363	205	222	163
348	216	207	152
345	229	199	142
341	235	193	140
336	235	191	142
337	236	187	146
331	236	188	149
312	241	197	175
306	246	199	197
304	253	198	160
296	262	205	171
270	278	229	196
251	287	243	218
238	297	255	233
220	306	269	257
221	312	248	262
222	322	216	256
207	343	199	247
200	357	197	262
196	371	193	254
195	385	192	237
200	404	192	304
197	409	214	309
199	417	201	302
180	428	214	289
172	430	225	289
165	435	243	284
132	439	277	279
118	446	293	273
111	446	311	273
53	441	352	277
4	446	373	273
0	454	367	265
2	473	352	246
2	513	390	202
3	517	393	201
0	529	396	186
0	554	408	159
0	558	443	157
0	565	467	148
0	581	510	136
12	577	551	142
21	574	564	144
36	576	556	141
75	600	554	118
159	586	497	131
220	564	458	155
331	514	411	202
377	493	386	226
417	476	362	240
487	458	364	259
516	441	341	277
541	414	347	302
556	410	340	304
707	400	233	317
743	397	246	321
772	364	206	352
797	338	191	379
813	326	193	391
834	310	193	409
896	316	203	403
935	315	232	403
947	317	251	400
960	321	261	398
1021	317	254	301
1039	301	236	305
1055	272	221	303
1086	231	192	340
1069	213	210	339
1048	195	231	341
1004	179	275	340
969	176	296	349
941	175	296	348
924	173	296	345
901	187	279	261
868	194	244	240
827	193	246	228
789	169	248	245
771	161	244	255
745	161	248	250
681	152	270	258
668	155	275	254
658	148	279	262
636	147	290	261
603	153	303	263
600	156	300	270
594	163	303	266
611	177	287	211
609	177	251	178
610	176	226	179
611	169	216	196
610	165	218	202
607	165	226	205
606	164	235	206
616	165	248	209
616	165	262	210
623	164	265	212
611	175	295	206
614	179	300	203
624	183	294	200
653	201	263	188
663	205	244	159
650	211	234	155
664	219	204	150
659	228	209	153
662	234	209	155
664	241	211	149
645	252	252	149
689	258	221	149
700	264	222	144
721	262	227	133
727	268	230	134
736	272	224	136
743	281	210	132
755	273	177	142
757	269	168	134
740	272	175	129
713	293	166	117
698	299	164	117
675	301	167	120
631	303	176	124
615	305	178	120
599	302	178	129
577	297	183	141
534	290	171	166
521	290	165	182
508	292	163	184
478	310	156	189
472	319	150	240
466	325	144	205
432	328	146	237
419	329	146	237
413	332	140	233
408	333	133	282
390	337	136	279
373	344	153	282
362	355	168	280
335	379	206	291
316	392	230	308
294	396	258	293
253	386	310	312
230	376	340	318
186	358	385	331
148	334	408	340
133	287	400	351
109	272	409	352
80	271	435	352
18	305	474	335
0	319	475	359
0	322	473	384
3	337	466	382
3	364	473	353
1	403	481	311
0	446	501	269
42	556	456	162
16	613	322	106
17	659	261	60
72	702	142	17
81	703	126	15
59	693	156	26
8	641	227	77
0	622	363	96
0	603	335	113
0	607	299	112
0	622	253	96
0	609	226	108
0	607	202	111
2	611	94	107
3	613	74	105
1	607	54	110
0	529	62	186
0	464	78	248
0	462	54	248
0	500	69	219
0	363	178	323
0	95	709	466
179	132	804	536
190	177	901	528
281	23	747	648
309	47	661	615
144	142	881	577
264	122	850	591
318	84	737	612
261	105	790	592
304	220	818	499
216	155	838	564
308	222	823	497
356	258	861	461
378	207	855	512
289	263	907	456
247	367	940	352
72	570	477	149
175	657	411	62
226	672	351	47
341	689	248	30
336	682	288	37
312	684	349	35
387	687	296	32
502	681	224	38
443	687	204	32
424	700	155	19
408	706	76	13
430	709	26	10
436	706	36	12
449	695	45	23
454	687	68	32
440	674	136	44
423	668	98	51
432	658	105	60
449	638	110	80
450	608	118	109
407	591	152	127
415	574	148	143
476	517	128	202
503	481	124	237
518	472	122	246
526	466	124	251
554	458	127	259
560	449	133	268
563	447	140	270
582	440	162	271
595	428	162	224
605	419	176	221
622	396	178	226
629	382	180	235
633	375	186	238
636	370	198	236
635	367	208	233
637	366	217	230
637	365	242	227
646	363	256	227
649	364	243	221
649	365	234	212
670	359	211	164
682	356	210	162
692	352	208	168
695	341	225	177
695	336	235	179
690	338	240	176
684	340	249	173
691	358	266	160
694	360	273	158
701	370	273	147
712	381	271	133
732	373	255	130
752	374	237	118
774	374	219	120
795	383	205	116
805	391	195	142
815	392	182	174
821	396	185	173
825	397	177	176
821	397	172	175
819	401	155	186
819	403	140	185
817	406	128	182
810	409	126	174
780	413	144	180
773	414	156	182
768	421	170	176
758	442	198	188
753	454	210	182
747	456	223	184
744	456	239	207
739	457	246	212
733	462	253	209
721	465	267	206
706	474	281	202
702	477	283	197
692	479	290	195
670	498	303	174
661	488	311	188
653	485	318	176
644	478	301	178
641	477	285	182
632	459	242	209
629	454	245	213
621	448	219	225
612	443	213	232
607	434	213	239
590	431	221	235
581	428	224	239
573	422	227	247
567	420	225	249
566	414	223	256
565	408	220	262
562	404	205	261
568	394	149	199
571	389	116	184
567	379	113	197
564	365	125	216
562	357	136	233
559	349	145	242
555	343	156	232
557	344	159	223
562	343	161	219
567	347	162	214
567	349	168	209
570	351	171	205
573	346	175	211
579	348	185	181
597	341	183	154
607	336	185	153
617	319	192	170
627	325	191	167
634	326	189	163
638	323	196	168
643	322	202	169
641	323	206	167
641	330	213	161
651	337	220	153
656	341	226	147
662	344	228	146
677	348	229	142
690	351	226	128
707	350	224	98
736	348	205	114
776	350	182	109
787	354	184	100
794	353	185	102
800	361	187	104
801	364	181	106
805	369	185	108
813	375	184	121
816	379	185	124
821	382	180	132
827	382	164	131
848	378	140	159
852	379	131	155
859	384	118	166
857	397	120	161
850	396	131	167
842	397	140	171
826	398	161	189
818	399	168	209
812	400	176	220
807	407	179	217
800	420	185	203
794	424	189	198
791	433	195	195
777	441	207	209
769	445	217	210
760	448	225	206
755	451	234	210
749	458	237	202
741	465	243	203
728	469	261	203
720	465	269	209
717	462	274	215
710	458	283	215
702	455	287	223
697	494	287	186
695	464	286	212
674	463	297	215
665	491	303	186
656	481	307	193
645	494	315	183
643	490	312	189
641	496	304	184
640	490	299	193
640	494	273	187
639	485	249	199
638	485	226	199
618	482	220	212
613	477	219	215
608	476	226	217
600	466	227	221
602	462	222	226
600	454	222	232
600	451	216	233
596	448	215	238
600	447	208	240
602	441	203	245
603	432	186	254
599	427	183	252
598	420	178	259
612	401	165	279
614	400	161	280
616	399	154	281
613	398	135	257
600	390	122	194
600	377	129	202
597	366	142	210
600	357	161	216
598	355	168	216
597	349	178	215
601	355	185	206
610	351	197	207
615	347	195	211
617	345	207	214
628	345	209	211
633	346	212	210
632	349	225	204
662	339	216	172
681	342	209	154
700	337	195	158
712	330	211	165
718	327	200	165
724	327	209	164
726	324	213	160
717	317	219	147
707	313	227	146
697	306	240	146
710	307	238	135
718	308	237	133
726	307	233	128
742	299	211	121
765	294	187	103
776	290	181	103
785	288	177	106
786	285	172	108
785	299	172	160
780	298	174	159
766	295	171	155
763	294	167	155
760	295	164	175
752	294	155	178
740	297	149	171
734	296	145	170
725	291	132	166
730	281	104	177
711	281	116	188
682	284	130	177
605	302	166	179
582	310	182	176
565	316	199	185
547	334	222	213
534	344	233	204
517	353	246	208
511	355	251	222
503	364	270	206
504	368	283	194
502	367	304	189
495	360	327	187
493	356	307	185
492	352	295	182
511	327	253	205
519	314	240	218
522	301	234	228
520	295	236	231
529	286	239	243
524	293	247	240
523	298	248	243
531	309	246	242
526	308	255	247
527	313	247	249
522	326	242	245
525	324	237	239
525	327	193	204
519	326	166	191
499	318	156	208
499	309	136	220
504	304	122	237
510	307	109	238
512	307	101	242
509	313	102	239
505	312	100	242
506	314	100	242
508	316	105	243
507	319	112	240
499	312	129	176
498	303	139	184
496	293	149	197
502	287	156	205
501	283	164	206
500	281	166	205
500	282	171	200
503	287	180	195
503	290	186	192
505	291	194	192
519	288	194	197
522	292	200	193
527	297	202	167
559	287	180	146
568	281	180	149
576	274	175	157
587	272	176	161
589	272	180	161
590	273	186	164
591	276	191	161
598	284	209	156
603	288	220	155
609	296	221	147
626	299	218	146
642	300	211	136
658	298	211	107
698	290	175	116
706	289	171	121
716	285	166	123
724	288	169	122
736	300	179	100
742	306	178	96
746	311	179	104
755	315	179	152
762	312	169	160
775	313	152	158
799	312	120	147
807	316	109	146
813	321	103	155
794	337	134	140
785	337	147	156
772	339	164	163
768	341	168	193
757	347	178	216
748	358	185	204
743	360	191	200
709	392	223	196
697	390	232	196
699	390	234	198
674	397	234	195
663	402	231	180
636	418	245	186
633	431	244	181
614	429	253	184
610	427	251	188
607	425	252	191
588	424	268	194
586	422	264	195
585	423	263	193
582	420	259	198
573	417	263	201
570	415	256	201
570	417	248	199
556	410	232	195
548	403	225	192
544	401	192	180
546	380	151	215
543	370	140	224
541	363	135	233
532	361	135	229
526	358	135	228
519	361	137	222
502	359	148	222
499	350	149	228
503	351	149	225
507	349	139	225
511	344	105	227
510	336	100	201
503	330	107	183
497	313	130	189
496	317	142	183
489	299	150	201
481	294	156	206
469	298	171	197
464	296	174	198
466	295	173	197
469	308	187	186
469	302	184	193
465	304	185	191
459	308	190	158
463	305	182	146
471	301	187	146
483	291	200	156
508	292	197	151
512	290	193	156
517	296	188	150
530	295	193	146
534	304	199	138
540	313	204	128
559	323	200	119
573	321	198	115
598	319	183	91
623	318	161	96
655	327	137	98
665	335	127	118
675	342	119	136
687	342	110	172
688	355	108	160
692	357	111	159
698	360	115	158
698	364	117	177
697	369	120	172
699	369	118	171
707	367	103	171
700	365	105	172
691	363	113	167
681	359	137	165
674	358	153	172
674	350	165	163
685	326	194	163
692	317	201	178
686	316	215	183
669	315	234	192
662	326	245	178
656	332	253	175
652	339	259	168
638	346	283	166
628	350	292	166
617	346	285	170
601	342	249	175
591	352	242	171
582	342	235	191
579	340	224	197
574	340	225	201
577	344	222	196
566	340	229	202
553	342	235	199
543	340	251	202
540	335	244	207
535	323	230	212
525	319	225	214
526	310	213	223
523	311	211	219
519	303	162	188
516	303	148	173
516	298	137	184
517	280	113	210
521	275	105	214
523	273	101	218
519	272	101	215
516	268	105	217
514	260	109	223
512	254	112	228
513	263	120	217
507	248	134	185
511	245	141	161
516	242	156	153
514	221	162	171
509	213	164	175
512	210	181	175
520	210	185	174
528	224	201	160
530	220	197	166
545	215	199	170
553	215	205	170
560	213	202	169
588	212	187	135
610	208	179	136
625	204	173	145
646	199	174	151
653	195	173	156
659	194	178	157
661	189	182	164
674	190	195	162
678	196	199	159
683	206	206	150
696	224	219	133
703	228	224	130
711	221	226	136
722	238	226	120
722	242	237	114
735	245	238	102
772	245	202	94
816	249	165	100
829	251	155	95
837	251	144	101
848	261	126	135
855	270	118	148
862	271	113	173
862	279	107	167
866	283	106	174
868	290	104	186
868	296	100	178
862	297	108	178
850	302	125	171
835	307	143	164
800	332	181	162
785	331	198	168
772	338	211	186
743	345	236	202
727	355	247	194
700	360	269	189
675	378	289	172
665	386	296	172
654	386	300	172
645	386	281	173
622	393	257	165
600	387	266	187
584	383	275	199
567	371	266	211
557	375	270	209
543	382	278	201
520	395	282	193
502	399	292	186
498	413	277	176
498	402	266	189
489	397	247	181
477	387	222	185
474	381	193	183
451	367	164	194
438	360	164	207
437	353	156	211
432	344	146	216
431	338	151	221
429	333	153	226
427	327	154	233
428	319	141	236
436	313	104	209
440	306	93	190
431	295	101	170
432	284	108	181
437	274	115	186
437	264	127	196
437	260	133	196
442	262	133	195
449	257	138	189
452	248	144	194
452	248	147	197
457	250	151	193
468	246	163	168
477	243	154	147
487	242	153	147
505	236	154	153
509	226	159	163
516	231	158	158
521	223	164	167
530	220	177	165
532	219	180	159
531	218	184	159
540	225	200	150
552	226	202	148
563	226	197	151
577	228	197	122
598	226	178	122
618	225	167	123
630	221	161	127
654	227	154	123
662	226	153	125
662	230	150	123
647	239	157	113
648	242	157	108
660	245	161	105
677	252	165	99
700	251	147	94
716	250	139	101
746	258	122	107
759	271	110	153
769	280	102	156
775	285	99	154
781	285	94	158
788	289	89	162
784	296	98	174
769	300	114	169
761	303	123	163
734	328	161	158
715	331	182	165
693	332	203	197
688	338	210	188
676	341	221	188
654	343	240	185
643	350	255	184
628	358	258	178
616	362	250	178
608	365	245	192
598	363	235	200
592	360	233	204
597	356	224	207
594	346	225	219
596	341	222	225
597	333	223	230
615	320	211	244
630	308	196	255
643	311	184	252
645	315	181	250
648	331	182	232
641	332	180	235
634	329	184	236
622	321	184	245
617	320	188	228
605	317	177	211
592	312	178	171
570	295	197	187
558	298	202	185
551	301	206	180
528	292	222	189
509	293	228	188
487	299	234	184
472	310	244	166
461	310	224	138
448	312	203	133
416	315	212	135
397	320	218	129
377	329	227	121
365	332	233	116
345	340	238	109
330	350	235	109
324	351	227	114
300	349	193	122
290	358	187	112
266	367	191	113
258	373	191	115
249	368	189	121
230	357	190	127
222	350	191	135
223	343	178	180
230	336	168	154
241	335	139	163
250	344	124	184
254	355	120	178
265	359	132	175
271	354	151	175
276	355	174	188
279	361	201	217
283	369	198	209
295	381	216	196
300	385	240	192
303	403	261	177
308	402	268	178
325	406	265	179
350	398	251	201
368	377	244	232
378	362	240	253
385	354	244	265
390	350	241	266
393	342	258	273
401	338	264	278
413	358	272	261
428	356	268	258
440	354	268	261
479	349	255	269
538	349	209	200
562	344	192	194
612	323	146	205
637	309	130	224
659	280	105	246
652	270	119	245
647	265	123	248
636	260	132	250
631	260	134	251
617	258	145	211
602	245	154	173
582	230	180	194
574	236	188	198
574	237	193	200
577	251	202	193
573	256	213	186
563	258	221	176
567	261	211	151
548	255	195	133
544	255	185	133
527	254	186	135
506	257	195	128
490	262	199	121
472	266	205	123
459	269	211	110
439	270	215	104
434	263	200	110
430	259	159	118
420	266	132	137
417	274	126	120
421	282	111	173
428	291	98	184
425	305	103	167
420	313	108	177
423	318	113	172
420	320	133	171
415	321	156	168
417	335	185	183
421	343	204	178
426	338	222	183
428	322	246	211
423	319	266	204
420	317	282	201
431	327	297	192
440	332	299	187
445	337	303	180
467	335	276	173
510	343	235	174
528	335	220	196
540	339	212	190
528	314	213	214
500	317	222	223
506	320	229	224
498	331	227	221
505	335	227	222
523	334	224	233
531	336	215	241
557	339	185	248
618	351	139	192
655	365	115	180
685	342	103	205
687	337	96	208
673	336	102	204
651	320	111	218
644	322	118	220
642	324	139	210
659	287	137	167
663	247	149	152
662	209	166	165
652	200	176	166
633	174	185	178
612	159	198	177
587	160	213	172
566	158	190	132
560	152	178	134
537	149	179	141
522	154	183	140
509	168	194	137
503	179	206	130
503	186	209	124
512	171	181	114
