749	290	215	52
737	293	221	51
728	293	221	51
717	296	221	50
707	301	216	48
699	305	207	47
688	307	207	46
677	312	205	43
667	313	204	43
657	317	206	40
648	320	205	39
637	321	209	38
627	323	211	37
620	325	210	35
608	326	213	35
597	328	213	34
589	328	212	35
579	329	211	35
570	329	210	36
561	329	208	36
552	330	208	36
543	329	206	36
536	329	205	37
525	329	205	38
518	329	201	38
509	328	202	38
500	328	201	39
491	326	202	40
480	326	203	41
470	324	201	42
459	324	201	41
451	324	201	41
439	323	202	42
431	322	202	43
422	321	205	43
411	319	212	44
400	317	214	46
392	315	210	48
381	314	209	49
371	312	209	51
362	308	212	54
350	305	215	57
341	303	212	57
330	301	212	57
320	300	209	55
310	298	207	54
299	296	206	55
289	294	208	54
280	292	209	54
269	289	212	54
256	286	215	55
247	283	213	56
236	280	214	56
224	277	212	57
213	275	212	58
202	272	213	59
191	270	216	61
180	266	220	64
173	262	223	66
162	260	228	67
151	257	225	68
139	255	229	67
128	252	231	67
120	248	227	66
106	246	231	67
95	242	231	67
87	240	226	64
84	239	221	63
88	237	216	64
104	238	198	62
132	240	158	54
144	249	134	43
156	242	103	46
164	240	78	48
160	237	87	56
160	238	98	43
160	237	109	40
160	235	120	42
161	235	128	44
157	235	143	43
155	236	153	44
164	236	152	44
170	236	152	45
177	237	153	45
194	239	143	45
205	239	140	44
219	240	135	44
231	241	133	43
242	241	131	45
253	243	130	45
263	244	130	44
270	245	134	44
277	245	137	43
282	247	143	43
285	247	150	44
289	249	157	44
296	249	161	45
304	251	166	45
313	253	172	44
327	257	173	43
340	255	175	47
347	254	182	50
351	255	193	49
355	257	204	49
358	257	214	51
359	258	226	51
361	259	238	52
363	260	250	53
370	260	257	53
376	260	264	55
389	263	267	54
407	264	261	55
423	265	263	56
433	267	265	55
444	269	268	55
454	270	273	56
459	273	281	54
472	273	281	58
483	275	285	56
498	276	281	56
510	278	283	55
520	279	283	54
536	279	277	55
545	280	275	56
556	278	272	56
567	279	271	56
575	279	271	55
582	279	274	55
588	279	275	54
596	279	280	53
604	279	282	52
615	278	281	53
625	281	279	49
636	280	277	49
649	281	274	48
658	282	275	47
671	281	272	46
677	281	275	47
683	280	278	47
695	279	278	47
709	278	275	48
720	275	277	51
730	273	281	54
745	270	273	56
756	267	288	56
764	267	278	57
772	264	278	58
781	264	280	60
794	261	276	62
806	260	274	63
818	248	339	73
830	252	319	65
846	253	298	65
861	254	272	61
877	254	251	58
895	252	234	58
906	251	226	59
924	248	214	60
939	248	205	60
882	245	274	66
886	245	274	70
869	244	298	72
855	271	246	47
846	270	228	47
835	283	206	36
829	278	242	42
823	282	217	39
816	281	223	41
808	283	227	39
803	285	225	39
797	286	221	39
790	287	224	40
781	289	225	39
774	289	228	39
767	291	228	38
760	291	225	37
753	293	225	36
747	294	221	36
739	292	223	39
732	293	222	39
723	294	224	39
718	296	219	39
712	293	220	42
708	295	216	41
702	295	213	42
695	295	214	44
689	296	214	44
683	295	215	45
676	295	216	46
669	294	216	48
663	294	216	49
657	292	216	50
651	292	213	52
646	292	212	52
637	292	214	53
634	290	212	54
630	291	211	55
623	291	212	55
616	290	213	56
614	290	211	56
606	289	210	57
601	290	208	56
596	290	206	56
589	290	207	55
584	289	207	56
579	289	207	56
574	289	207	56
568	289	209	55
563	290	208	56
557	289	209	56
552	288	209	57
548	287	206	57
544	288	205	57
539	287	204	58
534	287	204	58
530	287	204	58
525	286	204	59
521	286	202	59
517	284	202	59
513	283	202	60
510	283	200	58
507	282	199	59
503	281	200	61
499	280	194	62
495	280	197	64
491	280	196	65
486	279	192	67
481	279	194	69
478	278	193	72
473	277	193	76
470	278	192	74
465	277	193	72
462	277	196	70
459	277	196	70
456	277	195	70
453	275	196	68
450	275	195	69
446	273	195	69
443	274	196	70
438	273	197	71
434	272	196	72
431	272	195	71
426	272	193	70
422	272	195	69
419	272	193	68
415	272	194	69
409	271	196	64
405	271	196	66
400	271	199	62
395	271	202	60
391	269	204	60
386	268	206	60
382	266	207	60
377	266	208	60
373	265	207	61
370	264	205	61
364	264	205	65
360	263	207	63
355	261	207	65
349	258	207	66
345	258	206	68
338	257	205	67
334	255	207	69
328	254	211	69
324	253	211	69
317	251	211	69
313	250	210	70
307	249	215	69
303	246	215	71
299	245	212	71
296	244	212	70
291	241	212	71
289	240	211	70
286	237	208	71
281	234	207	74
279	233	203	74
275	232	205	74
270	231	204	75
266	228	204	80
261	228	199	79
256	227	201	80
249	226	198	81
245	225	199	79
240	224	202	79
236	223	204	83
233	222	199	79
229	220	206	80
225	219	206	75
222	216	206	81
284	217	160	179
218	214	211	78
209	211	209	87
204	207	213	97
203	209	207	91
198	211	207	80
192	212	208	80
189	210	203	79
184	211	204	84
181	211	205	80
252	206	153	205
277	316	204	41
271	309	209	51
243	258	192	109
168	212	205	55
163	209	207	58
160	208	206	60
157	209	208	55
157	204	205	66
156	208	206	57
160	209	201	57
161	210	195	58
162	210	191	57
162	209	187	57
162	208	183	60
161	206	175	60
159	203	172	66
158	200	169	68
155	198	167	69
151	195	163	73
146	193	165	75
140	190	164	77
136	187	163	78
133	185	166	82
130	184	165	81
125	183	170	86
123	184	168	85
119	183	169	88
119	180	165	93
117	179	167	95
117	178	167	95
117	176	166	97
117	177	166	96
114	177	166	98
114	175	167	100
111	173	167	100
109	172	168	100
106	170	166	100
103	167	165	101
98	164	167	103
95	164	164	101
92	161	163	104
88	160	161	104
85	159	163	106
86	158	162	110
85	158	162	108
87	158	161	110
90	158	161	106
91	159	162	105
92	159	163	104
92	162	164	103
92	160	165	105
89	158	167	109
87	157	168	111
86	158	167	110
85	157	164	111
82	156	163	109
80	155	163	108
76	155	161	104
73	152	161	112
73	152	161	104
73	151	162	107
70	151	164	109
69	150	167	105
71	150	169	104
72	149	167	106
73	150	169	105
76	151	173	107
77	149	168	109
79	148	164	110
82	150	161	109
86	150	150	106
89	150	137	103
94	149	123	101
95	148	120	103
98	146	106	99
103	145	95	97
106	145	85	96
109	144	76	92
111	144	75	93
115	144	68	88
116	145	68	88
118	146	73	88
116	147	88	91
116	148	100	86
80	121	182	163
199	285	306	50
212	284	310	50
227	286	309	50
246	285	305	51
267	284	298	52
283	284	296	51
300	284	293	52
316	284	291	53
332	285	288	53
348	284	289	53
366	286	282	53
379	286	284	52
389	287	290	52
398	287	294	52
412	286	290	54
425	286	287	55
437	285	284	55
448	285	282	56
461	285	275	56
473	284	272	56
481	285	272	57
488	285	274	56
496	285	276	57
505	286	276	57
515	287	277	57
524	286	277	59
534	288	278	58
544	289	279	57
556	290	279	57
561	290	284	57
568	290	288	57
575	291	289	56
585	291	289	56
595	293	287	54
608	291	282	55
618	291	282	54
629	291	280	54
638	290	282	53
643	290	287	53
650	289	291	53
661	289	288	53
671	287	289	54
681	287	291	54
691	285	291	55
700	285	292	54
707	285	296	54
713	284	303	53
728	285	299	52
740	285	299	51
751	286	298	49
761	284	299	49
776	284	297	49
780	282	303	49
794	282	298	49
802	280	299	49
811	278	299	50
818	277	297	50
830	276	293	50
841	276	290	49
853	276	284	49
868	276	279	47
880	275	276	47
892	275	272	46
902	273	271	47
915	272	263	47
930	271	256	48
943	271	249	48
953	271	241	49
961	271	236	48
968	270	229	48
977	269	221	47
988	269	209	46
1007	270	190	44
1020	269	176	43
1039	271	155	42
1055	271	138	40
1072	271	119	40
1090	269	100	42
1106	271	82	40
1122	272	65	38
1133	271	53	39
1141	270	45	40
1145	271	42	39
1141	271	48	40
1104	271	87	40
1093	270	102	42
1080	271	116	42
1068	273	129	40
1057	273	151	41
1045	269	224	46
1033	273	238	41
1024	274	245	41
1011	274	246	43
1000	275	227	42
989	276	222	41
976	278	227	40
965	279	227	40
954	282	223	39
942	280	218	41
928	283	216	39
916	281	214	40
903	282	216	41
892	283	216	42
880	284	223	43
868	285	230	44
857	288	234	44
847	289	236	45
835	289	240	45
824	293	241	44
812	294	239	44
799	297	240	42
787	300	232	40
777	303	229	37
763	305	233	36
751	304	235	36
741	305	235	36
730	304	232	36
717	304	230	36
707	304	226	37
693	303	228	38
682	301	226	39
673	301	219	38
659	301	216	39
648	301	217	39
634	299	219	40
624	300	219	40
620	299	215	41
602	297	223	43
589	299	225	41
576	298	223	42
565	298	222	41
552	299	223	40
543	297	220	42
531	298	222	41
519	299	223	40
508	298	222	41
496	297	222	42
485	296	222	43
474	295	223	44
462	294	226	44
451	294	228	46
440	292	229	47
428	291	231	48
418	291	232	48
405	289	234	49
393	289	233	49
383	287	232	49
370	285	231	50
359	284	229	50
348	281	230	51
338	279	228	53
332	277	224	54
326	276	218	54
322	274	211	55
319	273	202	54
316	272	191	54
312	270	183	54
306	267	176	54
299	265	170	53
292	264	162	53
283	261	158	52
273	260	153	51
263	258	155	48
253	255	159	48
242	254	164	49
230	252	171	48
218	251	179	46
209	249	185	46
197	247	193	47
190	245	198	47
181	244	205	46
173	243	211	46
163	241	217	47
154	239	223	48
145	238	226	47
134	236	231	48
125	234	232	48
116	232	235	48
106	231	232	48
104	231	228	48
109	230	218	47
115	228	202	47
116	228	192	47
116	228	184	45
112	228	177	43
111	228	168	41
107	229	162	38
103	230	155	37
97	230	153	38
91	231	150	37
85	231	148	38
81	229	145	39
71	229	147	40
67	229	146	41
59	228	157	43
54	228	165	45
48	225	168	44
43	225	171	46
40	224	171	48
37	223	167	51
31	222	164	49
29	221	157	50
29	219	144	52
33	218	138	51
41	218	126	52
45	216	118	52
52	216	99	49
54	216	86	50
51	216	91	49
48	217	106	50
10	217	155	47
3	220	173	45
4	216	183	50
2	220	205	47
72	219	157	50
82	219	171	54
75	221	199	57
70	224	225	57
64	228	252	55
67	230	267	56
69	235	287	56
81	238	294	56
101	242	295	57
128	247	289	56
148	249	290	57
174	253	285	56
144	224	339	91
284	209	347	96
416	216	221	59
415	216	213	62
410	216	214	63
406	216	212	63
400	216	212	62
394	217	213	60
390	211	211	66
385	217	209	60
379	216	212	62
374	218	212	62
369	219	211	61
362	219	210	62
358	220	209	62
353	217	209	65
349	215	207	70
342	210	209	75
338	218	210	68
330	217	211	67
325	218	212	64
320	219	208	63
314	219	209	63
308	220	211	62
304	220	213	62
300	221	215	63
296	220	215	63
291	220	216	64
287	219	215	64
282	220	218	64
277	220	217	64
273	220	217	64
268	220	217	63
261	220	216	63
255	218	219	65
249	218	218	65
243	218	217	64
237	217	218	64
231	216	217	64
225	216	216	65
219	216	215	65
214	215	218	64
210	214	217	64
204	214	219	64
200	212	218	65
197	212	218	65
192	211	219	65
189	210	218	65
184	209	219	66
179	208	223	68
175	208	224	68
171	206	223	70
167	206	223	72
162	205	221	72
159	204	221	75
155	203	218	76
150	202	218	77
146	201	218	77
141	199	217	76
138	198	213	76
135	197	213	76
133	197	210	74
129	196	210	75
127	196	210	74
123	195	212	73
119	196	215	72
117	195	216	70
112	193	215	70
115	194	210	68
112	193	206	68
112	193	203	67
111	193	198	66
108	193	196	65
105	193	191	64
103	192	188	64
100	191	185	63
95	190	181	63
90	191	182	62
88	190	179	62
84	188	176	62
80	188	177	62
78	188	176	62
78	188	176	64
77	188	172	65
78	189	172	63
80	188	169	63
83	188	165	61
86	189	156	61
89	192	147	59
93	193	138	57
93	195	132	54
93	196	124	53
97	196	110	52
98	194	97	52
30	192	152	55
0	190	178	58
100	193	76	54
5	187	169	68
7	195	160	54
102	192	59	54
100	191	51	54
100	191	51	56
99	190	52	57
100	189	51	57
100	189	51	54
101	187	52	55
101	188	53	55
102	188	57	54
102	186	63	54
103	183	70	58
104	183	75	58
105	183	83	63
101	181	91	64
113	168	128	69
142	158	185	68
130	153	188	71
122	147	187	76
123	140	179	80
127	139	172	80
135	138	159	79
144	139	134	77
149	141	114	75
87	193	178	47
88	197	187	46
102	197	188	48
127	196	178	51
134	199	186	49
137	197	198	52
132	199	217	52
128	211	234	43
128	210	251	46
127	216	265	43
133	218	273	44
138	222	281	42
151	225	283	43
165	227	284	44
180	228	283	47
191	227	287	49
219	226	271	51
233	225	273	52
247	223	272	55
267	223	266	54
276	224	270	56
290	223	267	55
299	223	272	56
312	222	271	60
326	221	270	61
334	221	272	60
337	219	278	63
348	217	282	65
357	217	285	67
372	216	279	68
384	215	277	68
392	215	281	67
406	211	279	70
413	210	283	73
429	209	277	75
438	205	279	79
450	201	275	91
459	196	278	89
463	193	283	90
473	190	283	90
476	186	289	93
480	183	294	97
586	237	238	102
568	240	264	96
581	204	246	131
518	168	283	94
615	290	248	48
621	289	249	51
626	287	252	54
637	286	249	57
646	281	248	61
653	280	246	65
659	276	247	70
668	274	244	71
672	272	247	69
681	269	245	70
691	267	241	72
704	262	235	77
713	258	232	82
725	253	227	87
728	249	230	92
733	245	232	95
738	243	236	97
742	241	241	99
751	239	243	101
760	237	243	99
767	237	248	95
776	236	250	91
785	234	255	89
797	233	252	89
805	234	252	85
812	232	252	80
817	233	260	76
823	231	263	76
833	230	263	73
845	226	263	75
860	225	259	73
874	221	258	77
881	217	261	77
888	214	265	79
902	209	263	82
918	207	258	82
928	203	256	83
937	204	256	81
949	204	245	79
964	202	224	77
976	200	202	73
992	193	178	77
940	137	169	112
792	152	296	56
787	146	331	75
806	151	292	60
813	148	284	62
816	148	283	63
821	148	277	65
825	148	277	68
833	148	266	67
836	148	266	68
841	148	262	67
848	148	251	65
850	148	248	64
860	153	261	69
914	160	280	90
877	150	217	56
926	141	177	133
887	150	208	55
954	153	126	189
939	238	166	51
925	236	177	56
908	235	193	61
894	238	213	61
867	244	227	59
848	251	214	54
833	254	211	53
814	257	210	53
796	259	213	52
777	252	212	61
755	278	210	37
733	279	218	38
714	281	216	37
696	280	215	39
679	279	208	40
663	284	201	37
644	286	206	35
624	284	210	35
605	285	208	35
591	286	204	35
573	285	206	35
557	287	201	34
542	286	203	34
527	286	202	34
512	285	202	34
497	285	204	34
484	286	203	35
470	285	200	36
456	283	198	37
442	282	204	37
428	281	203	36
415	280	206	35
403	280	206	34
392	278	208	34
382	278	206	36
372	277	201	37
361	275	201	38
351	275	202	39
340	274	204	39
330	273	205	39
320	271	205	38
309	270	206	38
301	270	207	37
291	270	209	35
280	271	216	36
272	271	217	37
261	271	223	38
252	271	221	40
241	269	221	41
230	270	222	41
220	270	221	40
209	271	216	38
198	271	217	38
188	271	218	37
180	271	215	36
171	271	218	35
160	271	219	36
149	270	219	37
141	268	214	39
137	267	208	42
125	267	212	43
113	267	217	44
106	264	219	46
96	261	219	47
93	260	212	49
95	258	201	50
94	257	191	51
91	255	182	51
84	254	177	55
78	252	169	59
82	251	169	63
83	250	177	67
82	249	175	70
78	250	174	67
70	249	166	61
60	247	158	55
52	247	154	52
44	245	163	55
37	244	171	56
31	243	182	58
28	242	181	60
26	241	176	60
25	241	172	58
27	242	164	55
28	242	153	54
31	243	140	51
39	243	126	50
49	244	114	48
55	242	101	51
53	244	98	58
50	245	107	55
47	245	128	50
48	243	155	48
3	241	218	50
60	243	178	50
49	243	203	51
37	244	228	51
29	248	255	50
37	247	269	55
37	245	300	60
92	253	275	57
124	260	266	56
131	264	286	57
143	267	311	57
191	272	294	57
214	276	301	58
259	280	291	58
270	282	314	57
385	251	261	82
488	245	216	52
478	244	217	52
472	243	218	52
464	242	217	55
461	243	216	57
461	241	209	63
442	240	216	56
435	240	221	56
428	239	221	58
422	238	218	57
418	238	217	55
408	237	221	56
402	237	223	56
395	235	226	55
389	235	230	56
383	234	226	56
375	233	225	56
370	232	224	57
364	230	224	58
357	230	226	59
352	229	225	59
344	228	227	59
339	227	227	60
334	227	227	59
328	226	227	59
321	225	229	59
316	225	229	58
310	224	229	58
304	225	231	57
300	224	230	56
294	223	229	57
290	223	228	56
286	223	224	56
282	223	221	56
279	220	219	58
278	219	215	59
275	219	210	58
274	220	205	58
271	220	202	58
267	219	196	57
263	219	195	57
258	219	194	57
254	218	192	57
250	218	191	58
246	217	188	58
241	218	186	58
236	217	185	57
233	216	184	57
227	217	181	58
223	216	180	58
217	213	182	60
212	212	182	61
206	210	182	64
203	206	184	66
199	204	182	69
195	200	184	72
191	198	184	75
187	194	183	78
183	191	185	81
177	187	188	85
173	184	190	89
167	179	189	93
158	174	191	97
153	170	191	99
147	169	190	101
138	167	195	102
133	165	197	105
128	165	201	105
122	163	206	107
116	161	212	109
113	159	216	111
107	157	220	113
100	157	227	113
96	159	231	111
92	159	233	112
87	157	236	112
79	157	240	111
72	156	240	109
67	154	241	108
61	156	245	104
62	156	246	107
66	155	248	105
69	155	243	104
75	156	238	102
78	157	234	101
81	158	229	103
86	158	222	105
93	164	211	101
104	169	196	97
110	174	182	94
119	178	173	91
125	177	169	94
133	178	164	93
138	179	157	91
139	179	158	91
139	175	155	95
143	177	145	92
147	178	136	90
152	178	126	88
153	177	121	86
154	177	112	84
158	175	102	87
159	176	98	86
159	169	97	90
159	171	98	87
154	171	107	85
164	184	92	67
166	184	90	66
167	185	89	64
166	186	92	58
165	188	92	54
164	192	90	49
163	193	95	46
163	197	128	43
164	202	134	39
167	201	138	40
166	203	145	40
166	202	151	43
184	206	138	41
178	208	150	39
176	209	158	40
175	210	165	38
172	211	173	38
178	212	172	37
182	212	177	37
188	214	183	36
196	215	186	36
205	215	186	36
212	214	187	36
214	215	193	37
216	215	198	37
218	215	204	37
218	217	210	37
225	217	209	37
226	217	216	38
227	218	221	37
230	219	225	37
234	220	229	37
237	220	231	37
245	220	233	38
254	220	230	39
262	220	230	39
267	220	230	39
275	220	227	39
283	220	227	40
289	220	225	40
294	219	227	41
301	220	223	41
306	221	226	43
308	218	234	46
321	221	221	44
327	221	220	45
334	222	218	45
325	215	241	55
349	224	215	43
336	216	242	54
357	224	218	44
360	155	199	178
318	348	205	44
309	347	215	40
299	347	218	40
290	346	218	40
282	345	217	41
275	344	216	43
266	343	217	44
258	343	219	44
251	342	218	45
243	341	217	45
236	340	217	46
228	339	214	47
222	337	211	48
216	335	209	49
210	333	206	51
201	331	206	52
195	329	203	53
188	326	201	54
183	326	199	56
175	325	195	55
166	323	195	56
158	321	197	56
146	320	201	57
138	317	202	56
126	314	208	56
120	312	207	55
109	313	213	53
99	312	220	53
88	311	227	54
83	310	228	54
78	310	224	53
73	307	221	53
70	305	219	53
67	303	210	53
63	303	203	51
61	303	194	49
59	301	185	47
56	300	174	47
55	300	165	45
51	299	156	44
47	297	149	43
42	296	142	43
39	294	136	44
35	294	128	43
31	293	124	46
27	292	121	47
25	292	119	47
24	290	120	48
23	289	122	50
23	286	121	52
30	284	112	51
41	284	97	47
47	281	80	50
42	278	93	52
4	280	157	49
28	281	150	47
2	279	195	49
35	277	173	50
39	277	182	50
47	276	189	51
50	275	205	54
65	274	208	51
102	275	191	50
106	273	207	53
96	274	234	53
103	278	245	51
93	280	277	51
104	281	286	53
116	284	295	53
132	286	301	53
170	289	286	53
188	291	291	52
211	291	287	54
229	291	290	55
245	292	295	56
259	294	303	55
276	295	304	55
298	296	301	56
318	298	297	56
338	297	292	57
356	297	290	59
372	297	289	60
386	297	286	59
400	298	284	60
413	298	286	60
425	298	282	61
437	300	281	62
450	300	279	61
461	302	278	60
471	302	279	61
483	304	276	61
490	304	278	61
500	306	277	61
511	306	277	62
521	307	282	61
530	309	278	61
537	309	280	62
542	310	277	62
551	312	276	61
556	313	277	61
562	314	280	60
570	316	280	58
575	318	282	57
583	320	281	56
590	321	282	55
597	322	281	54
604	324	282	52
614	325	282	54
624	325	281	54
631	327	279	53
639	327	277	50
647	329	274	50
653	329	273	50
662	329	271	49
667	327	271	51
670	323	274	54
672	320	280	56
679	316	280	59
686	311	282	64
695	307	283	65
700	303	284	67
709	299	281	69
718	295	281	73
730	292	275	75
739	291	274	75
742	288	278	73
754	286	272	74
768	283	266	76
782	282	257	73
788	279	259	73
802	273	252	77
819	265	242	80
830	244	323	98
846	244	310	94
851	244	303	91
860	243	273	88
867	242	244	85
875	240	244	85
877	237	243	82
878	233	249	82
886	231	244	83
901	227	229	81
923	224	212	81
942	223	195	81
849	229	263	76
826	254	193	43
818	258	200	38
812	260	221	39
809	259	207	40
809	259	214	41
802	261	205	40
796	262	205	41
791	263	203	41
786	265	202	40
780	265	202	40
774	265	200	42
768	265	198	43
763	265	196	45
755	263	194	46
748	262	189	47
741	261	191	48
735	260	188	50
728	260	187	50
721	259	187	49
714	259	187	48
707	259	185	48
700	258	186	46
696	257	188	47
689	258	194	46
684	257	197	47
678	257	198	47
673	256	198	47
668	257	199	46
664	256	197	47
660	255	196	48
659	256	191	48
659	255	185	48
658	255	180	49
659	256	173	49
663	255	160	49
668	256	147	50
672	256	136	50
677	258	124	49
681	257	111	49
682	257	99	48
683	256	88	51
682	256	80	49
682	256	79	49
681	256	87	52
677	255	98	51
678	255	107	52
676	253	111	56
677	252	116	58
689	250	184	69
771	269	206	54
763	274	197	50
759	282	191	43
731	285	207	39
718	289	212	37
710	290	213	37
706	292	212	35
705	292	205	34
703	291	199	36
680	291	208	35
671	292	210	35
665	289	203	36
659	288	202	38
654	286	191	39
648	282	185	42
643	278	182	46
637	275	180	48
629	271	178	51
620	270	178	51
613	267	171	51
606	265	161	52
596	262	171	53
587	258	184	52
578	257	146	55
569	255	163	56
560	253	179	57
554	253	180	58
547	251	181	59
541	251	177	60
539	250	173	61
537	250	166	60
537	251	158	59
539	250	148	57
542	251	138	56
547	252	124	53
550	253	112	51
554	252	99	50
560	250	83	50
563	250	75	50
565	251	73	49
565	249	82	48
566	249	91	48
567	248	95	51
568	249	103	51
569	250	111	47
569	249	118	46
570	250	127	47
571	251	134	46
577	251	138	48
581	251	146	49
589	251	151	48
597	250	155	49
606	250	161	49
610	250	170	50
613	249	182	51
615	248	194	51
623	248	201	51
627	245	212	52
626	244	228	52
624	244	243	53
623	242	255	53
624	241	267	54
630	242	274	56
631	241	285	57
639	239	290	60
648	239	291	62
658	240	293	62
674	242	288	61
687	241	285	65
700	241	282	67
712	241	277	68
722	243	274	69
730	243	272	72
738	245	265	72
746	247	258	73
751	247	253	73
755	250	249	71
764	253	239	70
771	254	233	69
775	256	232	69
777	257	237	68
777	258	243	67
781	261	244	67
786	263	246	66
788	265	250	66
796	266	248	65
797	268	256	66
802	270	257	65
808	273	258	63
811	276	264	61
816	278	269	61
821	281	271	60
827	284	273	62
835	287	272	61
843	290	272	62
851	292	273	62
858	295	272	61
861	298	279	61
866	301	281	61
870	303	283	61
871	304	293	61
877	305	294	61
885	308	298	59
892	313	299	56
900	319	295	53
909	323	291	49
919	326	288	48
927	328	283	48
938	330	274	49
949	331	266	48
957	332	259	47
971	332	249	47
982	331	239	48
988	311	230	74
1073	215	121	64
1068	215	124	63
1067	215	107	61
1059	214	111	61
1052	217	115	56
1042	218	119	54
1034	219	122	52
1024	219	132	49
1019	219	139	50
1008	218	149	50
996	169	164	142
993	213	157	48
976	174	162	116
981	221	186	55
979	228	194	47
973	232	193	44
967	234	207	43
958	237	215	44
950	238	222	43
940	238	225	44
934	238	218	43
923	238	221	43
917	240	216	41
907	241	220	41
900	242	219	41
895	242	213	41
888	241	211	41
881	241	213	40
876	243	214	39
870	244	215	39
864	245	218	38
858	245	225	39
850	239	239	64
919	332	216	40
908	330	211	40
896	328	219	40
883	328	226	40
875	328	230	40
864	326	235	42
853	314	239	57
844	325	243	44
786	237	245	51
782	237	232	50
782	241	244	133
810	327	223	39
790	326	235	41
780	326	231	39
772	327	222	38
762	323	220	39
752	322	222	38
741	322	222	37
731	322	224	37
722	319	224	39
713	318	222	40
704	318	222	41
697	318	218	40
687	313	214	45
679	306	213	53
669	309	214	47
661	297	212	57
653	310	210	45
646	223	228	47
639	223	227	47
632	223	228	47
624	223	228	47
613	225	228	70
608	237	203	136
601	298	168	47
595	296	169	45
590	278	167	60
576	223	228	85
585	293	153	49
589	291	143	50
589	294	134	50
587	295	128	54
596	297	108	57
599	298	89	61
601	300	74	63
602	296	63	71
603	299	58	73
601	299	67	76
558	267	176	127
526	203	213	58
524	201	205	59
522	199	200	60
519	198	193	60
517	195	188	62
518	191	177	66
522	188	166	70
526	186	154	70
531	184	146	71
532	182	132	73
534	183	127	72
535	183	107	72
534	186	101	71
522	188	105	69
526	193	99	67
529	196	103	64
525	197	110	63
523	198	117	61
520	201	126	58
517	202	136	57
515	201	145	59
512	204	155	55
509	206	163	53
506	208	173	53
502	209	183	53
497	212	193	53
497	214	199	53
493	216	211	54
492	218	218	54
492	218	224	56
498	217	227	59
501	216	234	61
510	218	233	61
517	217	233	63
524	218	234	65
535	217	231	68
545	218	229	68
555	218	226	70
532	198	239	110
611	189	230	179
771	313	160	56
758	308	171	57
751	301	175	64
746	293	181	71
740	288	192	74
734	281	199	80
728	275	206	84
724	270	204	89
722	267	199	91
721	265	194	94
728	266	177	92
719	261	178	93
726	259	167	91
720	265	168	81
735	261	144	84
739	265	121	82
745	271	89	78
750	272	67	78
751	272	72	78
752	273	77	75
751	273	84	71
747	239	96	105
723	171	212	110
724	166	206	117
732	164	195	119
735	162	190	122
751	279	113	68
755	277	110	63
769	274	98	66
778	272	93	71
792	244	83	98
795	245	80	100
800	269	71	77
800	268	70	79
803	263	65	87
786	195	108	143
768	161	143	108
761	162	152	103
759	192	121	214
755	263	119	97
747	261	132	88
737	262	147	89
728	259	160	84
722	255	171	89
712	252	184	88
701	249	202	93
687	247	214	96
672	243	222	98
659	239	221	99
647	235	218	100
632	230	227	105
619	230	233	102
606	229	239	97
596	228	245	92
583	225	254	89
572	223	261	87
560	222	272	85
549	220	280	83
536	218	281	78
523	216	285	76
512	213	284	71
501	213	282	68
492	210	281	65
488	206	275	64
486	202	252	64
489	197	236	65
491	191	208	69
493	188	182	73
496	188	166	72
496	187	140	70
494	184	120	71
491	182	108	69
486	181	101	67
481	179	109	66
470	171	136	69
468	169	173	72
490	145	233	87
573	126	136	70
555	112	151	90
582	125	127	81
558	116	150	93
554	116	152	95
572	132	132	81
565	121	133	96
567	123	125	96
536	124	144	107
500	140	137	128
504	146	113	133
505	151	93	137
485	147	125	145
475	155	133	133
477	153	129	124
480	152	123	124
482	151	137	119
484	130	157	129
493	164	241	86
489	169	255	76
501	175	255	67
521	178	246	68
518	170	260	81
537	177	253	78
529	163	211	60
534	163	211	51
544	165	228	75
643	221	184	48
656	224	180	48
663	227	181	46
671	231	181	42
683	235	178	40
690	235	178	41
700	238	176	40
710	239	176	39
720	239	169	39
729	240	169	38
738	240	166	39
748	240	161	39
759	240	156	40
767	241	159	39
773	243	165	39
780	244	177	39
788	244	188	39
796	245	197	40
803	247	201	41
808	248	205	42
812	249	205	43
815	250	208	44
825	251	204	43
835	253	199	44
848	252	190	46
860	254	182	46
876	258	169	44
893	259	152	45
902	262	144	44
914	264	133	43
926	263	118	43
940	265	104	41
952	266	91	40
960	258	81	48
975	263	64	44
977	264	60	43
970	263	68	45
955	264	83	44
944	263	96	45
935	261	108	47
924	260	120	48
916	258	131	49
907	256	143	52
898	255	155	54
892	252	164	57
884	249	176	62
876	246	188	65
870	242	198	69
862	239	208	70
851	233	218	73
841	229	221	78
831	226	223	79
812	222	233	78
799	219	233	78
786	217	239	77
772	214	252	76
761	211	261	74
752	210	270	71
740	208	283	69
728	206	290	65
717	204	295	62
707	202	301	60
699	199	304	59
685	197	309	59
679	195	307	57
668	193	310	56
662	191	309	56
650	190	311	55
642	188	310	54
632	187	312	53
626	185	308	54
620	182	301	56
614	178	295	60
606	174	292	63
601	171	285	67
599	165	278	74
597	161	269	82
593	155	263	90
587	153	257	92
580	147	252	98
572	145	248	101
564	144	243	105
554	145	244	108
546	146	246	108
535	147	247	108
524	147	249	108
515	147	245	105
506	147	253	108
498	147	254	107
488	145	260	107
480	144	264	103
473	143	268	102
463	142	275	102
453	141	275	101
443	140	276	101
395	106	285	164
429	140	276	101
382	124	303	127
397	133	298	127
391	137	297	106
381	133	293	118
382	134	281	98
374	135	278	95
365	137	279	94
356	138	280	93
348	140	277	91
339	141	277	91
327	139	281	90
319	139	285	91
310	137	289	86
332	10	227	359
433	316	207	46
442	325	211	43
456	325	207	44
467	324	205	46
477	325	204	47
487	325	203	47
496	329	207	45
506	332	209	43
518	334	207	42
529	335	205	43
537	336	207	44
547	337	205	46
558	339	204	45
571	340	202	46
583	342	197	46
595	343	197	48
606	344	197	50
618	346	196	50
631	348	191	50
643	351	189	49
653	351	189	50
664	355	188	49
673	358	187	48
683	359	181	48
690	359	185	49
696	361	192	48
710	364	189	46
713	365	191	46
724	365	188	46
731	367	190	46
737	370	194	45
747	369	192	47
765	369	183	48
771	373	187	47
785	375	183	45
792	375	188	45
801	376	189	45
810	377	190	45
816	378	195	46
822	379	198	45
827	379	203	45
833	379	205	46
834	377	210	47
841	375	210	48
844	373	213	51
848	370	216	52
849	369	221	55
854	368	221	57
870	366	210	57
886	364	196	58
892	362	188	58
901	361	174	57
913	360	154	56
922	361	136	53
940	358	113	53
955	358	100	55
953	357	105	56
933	356	132	56
921	354	147	55
912	352	160	54
900	352	175	52
889	350	190	54
879	352	202	53
860	352	227	54
855	351	232	56
842	352	243	56
831	352	251	58
816	354	264	62
807	355	268	62
797	358	272	61
784	361	276	62
772	362	281	63
764	364	283	63
749	367	293	61
740	368	304	60
729	368	304	62
717	370	308	62
706	372	307	62
694	376	305	60
680	377	306	60
668	378	305	60
658	379	301	60
647	380	298	60
638	383	299	58
625	385	297	56
616	386	294	56
606	387	296	57
596	388	292	56
583	390	287	55
572	391	284	54
558	373	284	85
560	396	269	51
549	395	266	51
535	395	271	52
525	394	262	53
516	394	262	54
507	394	253	54
497	393	256	53
486	393	250	53
477	392	247	54
466	391	247	54
457	391	245	54
447	390	246	54
439	389	243	55
433	388	239	56
430	386	237	56
427	385	227	56
426	384	214	56
426	382	196	59
426	380	174	57
425	377	157	59
424	373	144	63
421	369	120	63
418	365	101	65
415	361	91	65
412	357	84	69
412	354	77	69
413	350	77	69
415	347	76	72
418	343	78	72
421	340	71	71
422	339	62	71
422	338	56	69
420	336	62	67
420	335	67	65
418	334	74	61
415	332	82	68
413	331	89	65
411	330	98	62
409	329	107	60
412	328	112	51
414	328	116	47
423	328	116	46
432	327	116	43
440	326	117	40
444	326	124	40
450	325	129	39
454	325	136	38
456	324	144	38
460	324	150	37
462	323	157	37
465	323	163	37
465	323	171	37
465	323	181	37
466	323	188	38
467	323	195	39
473	323	198	39
475	323	204	39
484	324	202	40
492	324	204	39
501	323	203	40
509	324	204	40
519	325	204	40
527	325	207	40
539	325	202	41
548	326	199	42
558	328	197	41
567	327	197	43
575	330	197	42
584	332	196	43
594	332	193	44
605	333	192	44
611	334	193	44
620	335	193	45
629	337	193	44
638	338	192	44
644	340	194	44
652	342	194	44
661	344	193	44
669	346	191	43
675	347	192	44
684	349	191	45
690	349	191	45
698	351	189	45
717	353	178	45
728	353	176	46
739	354	174	45
752	357	171	43
760	359	171	42
778	360	164	41
784	360	166	43
797	361	166	43
800	361	177	45
805	361	183	46
811	364	188	45
817	364	193	47
820	364	200	47
827	365	207	47
834	365	215	47
841	365	219	46
845	366	227	48
856	365	227	49
863	366	233	49
868	366	240	49
879	365	240	51
882	364	251	52
897	364	247	52
920	363	235	52
931	363	238	53
943	363	239	53
955	362	244	53
964	361	245	55
976	361	249	54
985	358	253	56
995	357	254	55
1002	356	260	57
1006	356	259	58
1012	354	258	60
1017	351	255	62
1026	348	249	67
1033	348	244	69
1042	348	236	69
1054	347	225	72
1068	347	211	75
1083	347	196	76
1097	346	182	76
1105	345	174	76
1122	346	157	75
1137	343	141	74
1151	343	126	73
1163	341	114	73
1170	343	108	69
1176	343	102	66
1185	343	93	64
1195	350	83	56
1204	348	74	57
1215	345	64	57
1209	339	69	60
1205	340	73	54
1217	341	60	52
1217	340	61	58
1177	339	101	60
1136	291	143	123
1058	237	221	52
1050	234	227	55
1039	236	238	54
1032	236	244	55
1022	239	254	56
1014	241	262	55
1008	243	262	54
996	247	262	52
987	247	263	52
978	246	263	54
969	247	260	55
955	252	255	51
946	253	257	51
941	253	251	50
929	256	249	48
919	258	248	48
910	259	252	48
900	259	248	48
890	260	250	48
879	262	250	46
869	264	249	44
860	265	247	44
850	266	250	45
840	267	245	45
830	270	242	43
823	271	238	42
814	272	238	41
805	272	233	41
795	273	234	41
785	275	237	40
776	275	230	40
767	275	234	40
757	276	231	41
748	276	234	41
741	273	233	44
732	272	232	45
721	275	236	43
714	275	236	42
703	275	235	43
696	273	233	45
688	275	230	44
679	274	229	44
671	275	226	46
663	274	227	46
654	274	225	46
648	274	225	52
638	272	234	62
633	275	214	48
626	274	218	46
619	274	213	47
612	274	212	48
606	272	209	48
599	271	206	50
592	270	208	53
584	268	207	56
577	266	202	58
569	265	204	59
562	263	198	58
556	262	203	58
548	261	198	57
540	259	201	59
533	257	204	62
527	257	204	57
520	255	205	62
515	254	206	58
509	252	206	60
502	251	207	59
495	249	207	58
488	248	206	58
482	247	207	59
477	246	204	57
469	244	206	58
463	243	206	58
456	243	206	56
450	241	204	54
444	240	206	53
437	239	206	51
430	239	208	49
424	239	207	48
417	237	210	49
411	235	208	51
404	233	209	53
398	235	212	48
392	234	211	50
387	235	210	50
382	234	210	50
377	234	208	49
373	234	206	50
369	233	205	50
367	233	201	49
365	233	197	49
361	234	195	48
358	233	192	47
354	233	192	47
350	233	189	44
345	233	187	45
338	232	188	45
332	232	188	44
326	231	188	43
319	230	190	44
312	228	191	45
305	225	193	47
300	222	191	49
295	220	194	52
290	217	196	53
285	215	195	57
280	212	195	61
275	208	192	65
270	208	192	62
264	201	190	77
262	204	188	65
257	198	188	74
252	200	185	69
249	198	187	70
244	197	185	72
233	187	191	97
233	195	187	75
255	152	168	213
226	194	195	75
216	188	199	114
302	219	136	214
216	190	195	80
215	192	192	77
211	192	192	75
208	192	188	75
203	190	184	73
199	188	181	74
194	188	178	74
190	185	173	74
186	181	170	75
181	175	170	82
177	176	170	79
157	97	194	235
235	324	195	42
229	324	195	41
224	325	193	41
218	324	190	41
215	323	188	42
208	323	190	42
206	322	183	43
203	321	179	44
200	320	176	44
199	320	177	45
198	320	175	45
197	320	170	44
198	321	162	43
200	321	152	44
201	320	142	44
201	321	131	42
203	320	116	41
206	318	101	43
208	316	89	45
211	315	77	47
211	311	75	49
209	311	79	48
208	311	89	48
206	310	109	50
201	310	120	50
203	310	128	51
200	310	142	53
198	311	152	52
197	309	162	54
195	308	173	55
192	307	184	54
190	305	196	57
188	305	210	56
189	303	221	55
191	302	233	55
198	301	235	53
227	301	213	51
240	301	216	51
242	300	224	51
246	300	231	51
243	299	244	53
244	300	255	52
234	303	275	51
246	304	276	52
259	305	277	53
272	306	277	54
282	306	281	55
299	307	277	55
314	308	276	54
331	309	272	55
347	311	270	55
362	311	267	56
376	313	270	55
387	314	274	55
399	316	275	54
411	316	276	55
419	316	286	56
433	317	283	56
448	319	286	55
462	321	287	55
478	320	287	56
493	322	279	54
508	322	281	56
522	325	278	55
539	326	275	57
553	328	277	56
563	307	282	88
565	239	267	132
594	334	282	58
611	335	285	60
624	338	291	60
649	341	291	58
667	341	288	59
669	341	286	60
661	326	315	83
713	348	294	57
726	349	293	55
713	348	309	59
755	349	292	58
765	351	297	56
778	352	299	55
794	351	296	54
811	352	291	54
820	352	297	54
835	351	296	54
847	352	297	52
856	352	305	52
875	353	299	52
897	353	289	53
911	354	290	53
925	354	291	53
937	357	291	51
950	359	289	52
963	361	291	53
978	364	284	50
991	366	279	49
1004	366	274	49
1018	366	260	48
1028	366	251	50
1050	365	228	53
1055	360	224	59
1038	328	220	110
1038	299	241	146
1114	351	164	70
1089	322	182	120
1149	350	128	68
1173	342	106	75
1189	335	90	81
1203	335	75	81
1214	334	64	82
1224	328	54	89
1232	324	47	89
1232	322	45	89
1243	319	35	90
1245	321	33	79
1247	315	31	84
1246	313	32	81
1233	314	45	78
1241	304	36	88
1244	299	34	86
1240	300	39	109
1242	298	36	99
1238	294	39	70
1234	292	43	55
1230	291	47	57
1227	286	51	58
1222	284	54	60
1219	279	58	62
1214	276	64	55
1205	276	73	60
1201	274	76	60
1190	273	87	59
1182	271	96	56
1167	270	111	53
1155	266	122	51
1146	265	131	49
1138	262	140	49
1130	261	148	47
1122	260	155	47
1114	260	164	45
1105	259	172	45
1099	259	179	44
1091	259	186	42
1082	258	196	42
1075	257	203	44
1068	256	209	44
1063	257	215	43
1053	258	224	43
1045	258	233	43
1037	257	240	44
1030	258	247	43
1023	258	246	44
1017	259	242	44
1008	260	239	44
1002	261	241	43
997	263	240	43
990	263	243	43
983	263	240	44
977	264	241	44
969	265	245	45
961	266	248	46
955	266	247	46
949	267	245	48
942	267	246	49
933	269	253	48
924	269	245	50
919	271	241	50
916	271	238	51
910	273	236	51
904	275	233	50
897	276	231	49
893	278	229	50
885	279	231	51
879	282	232	50
872	284	233	49
865	285	236	50
857	287	236	49
850	289	234	49
845	291	232	48
839	293	230	48
832	297	229	46
826	299	229	46
819	300	227	45
812	302	229	44
807	304	227	43
803	305	221	43
797	306	219	43
790	308	221	42
783	309	221	42
776	311	221	42
770	313	223	41
764	314	225	40
757	315	225	40
752	316	228	39
744	316	231	39
738	318	229	38
733	318	225	39
727	318	224	39
722	319	220	39
715	321	219	39
712	321	214	39
704	321	216	39
697	322	217	39
691	321	214	40
684	322	212	39
678	321	209	40
671	321	209	40
664	322	209	41
658	320	209	42
652	321	211	42
646	320	211	42
641	322	212	42
634	321	213	42
627	322	214	42
621	321	214	43
615	321	214	43
610	320	213	44
604	320	213	44
599	320	214	43
594	319	213	43
588	319	212	43
582	319	212	43
577	319	211	42
574	319	209	42
569	318	208	42
564	317	205	43
559	317	203	44
554	316	201	44
549	316	197	44
544	315	197	45
538	315	198	46
533	315	194	46
526	314	195	46
520	314	194	47
513	314	192	46
507	314	191	45
497	314	193	44
491	315	190	43
483	315	192	42
476	315	192	41
470	315	193	42
462	315	195	42
454	313	198	43
449	314	199	44
444	313	200	44
438	312	203	46
433	313	206	46
425	313	208	46
424	313	204	46
418	313	205	47
411	313	204	48
405	313	203	48
400	313	200	47
394	313	199	47
388	312	196	47
383	311	193	47
378	311	193	47
371	310	192	47
367	310	189	47
360	309	190	47
354	309	191	47
349	307	190	47
343	307	189	46
337	307	189	46
332	306	188	46
327	306	186	46
321	306	187	45
315	305	188	45
309	304	187	44
302	304	189	45
296	304	191	45
290	305	193	43
285	305	192	43
278	305	195	43
274	304	194	44
269	304	195	45
264	304	195	45
259	304	196	46
255	303	199	47
251	304	200	47
249	304	195	47
247	303	190	47
245	303	185	47
243	303	180	46
241	303	177	45
238	305	168	43
234	306	166	43
233	305	162	44
232	306	157	44
230	306	151	44
226	307	146	43
224	307	142	43
222	308	136	43
219	310	133	42
215	310	132	42
214	310	130	43
212	311	127	43
207	310	128	43
204	310	128	43
201	309	127	44
200	308	125	44
201	307	125	44
203	308	122	43
204	307	117	44
206	308	114	43
209	308	107	44
211	305	98	46
211	305	88	46
211	305	77	46
210	306	79	47
209	307	85	47
207	307	95	47
205	304	103	49
203	306	112	48
203	306	122	49
204	306	132	51
209	308	143	50
211	309	153	49
222	310	158	51
218	309	174	51
217	310	187	53
216	309	200	54
214	311	215	53
208	313	232	53
208	314	243	51
210	314	252	52
202	316	272	53
210	317	276	54
218	317	279	55
223	317	287	55
229	318	293	56
237	317	295	58
253	320	295	57
271	324	289	54
282	324	290	54
298	325	288	54
313	327	287	52
325	327	285	53
337	328	287	53
355	329	282	53
366	330	284	52
378	331	283	52
391	331	281	53
403	332	281	53
412	333	280	52
418	335	286	51
428	337	288	51
439	338	285	52
452	338	284	53
464	341	281	52
476	343	281	52
487	344	280	52
496	346	282	51
508	345	281	52
520	346	279	51
533	345	280	51
541	345	284	51
556	344	282	51
566	344	284	51
575	344	287	52
585	343	286	53
595	342	283	54
597	341	302	54
610	340	301	55
622	340	298	56
633	339	294	57
645	338	294	58
656	337	292	59
667	337	291	59
678	336	290	60
687	336	291	61
697	334	292	63
707	332	289	65
714	329	288	66
725	327	285	67
735	324	283	69
745	321	284	70
753	316	284	74
764	313	281	75
772	310	282	77
784	307	275	79
793	305	273	78
803	288	274	100
822	282	267	93
835	292	263	80
843	280	262	87
863	188	242	42
855	187	244	44
848	190	241	43
840	191	242	43
831	192	244	43
825	192	243	43
817	192	244	43
810	191	240	45
802	195	240	42
796	193	238	42
789	193	237	41
781	194	236	40
773	196	236	40
768	194	232	41
763	194	231	41
756	193	235	42
748	191	234	44
739	193	236	42
733	190	236	43
726	190	234	43
722	187	228	45
715	188	226	44
709	186	226	46
704	188	225	44
697	186	223	46
691	187	223	46
688	187	222	47
682	188	223	47
677	186	221	50
670	188	220	49
666	188	219	49
661	188	217	49
655	188	217	50
651	187	215	52
646	188	214	52
641	187	213	54
638	186	212	55
632	184	215	57
627	183	217	58
623	183	218	58
618	181	220	58
612	180	220	57
609	178	217	60
607	175	206	61
605	171	201	64
602	168	193	65
600	166	186	66
598	164	182	69
596	162	177	71
593	159	171	71
589	156	168	74
585	154	165	75
581	151	161	78
577	149	160	77
574	148	156	78
572	146	152	78
568	144	150	80
566	143	147	80
562	142	146	79
556	141	146	79
550	139	148	80
545	137	150	81
541	137	150	79
538	136	151	79
533	135	152	78
530	133	154	78
525	134	158	77
521	133	160	75
517	132	167	73
514	131	171	73
502	128	180	75
501	128	181	75
500	127	181	76
497	126	182	76
483	123	194	78
501	130	176	70
494	127	179	72
501	117	169	81
494	113	172	85
491	110	172	85
492	109	165	86
496	110	158	86
496	112	155	87
491	112	155	91
491	111	147	95
493	107	135	100
498	101	123	104
500	96	116	107
502	93	110	109
504	92	108	109
506	94	101	106
504	90	101	116
503	89	97	118
508	77	89	133
511	75	83	135
515	75	72	133
515	73	72	132
518	73	75	131
517	69	81	135
516	64	87	139
520	63	89	134
519	64	97	137
522	60	101	134
523	56	109	139
525	52	114	142
523	46	121	148
520	41	131	153
519	41	141	153
533	37	134	156
454	0	229	216
325	0	346	275
687	287	226	47
677	287	217	46
672	287	217	45
667	288	215	45
663	287	215	47
657	288	212	47
655	288	212	47
650	289	210	47
644	289	211	48
640	289	211	48
636	289	211	49
632	288	213	49
627	290	213	48
623	290	209	48
618	289	209	48
615	290	202	49
610	290	201	49
606	290	198	49
602	289	197	47
596	289	195	48
591	290	195	48
584	289	194	48
578	288	192	49
572	288	190	48
565	287	190	49
559	288	193	49
553	288	193	48
545	287	194	48
540	286	193	48
534	285	195	49
528	285	195	50
522	286	195	51
517	285	196	53
512	283	197	54
506	283	199	54
501	282	200	56
495	281	200	57
489	281	199	55
484	281	198	54
478	280	198	53
473	280	198	52
466	280	197	52
461	281	196	51
455	280	197	50
452	281	194	48
447	280	195	48
442	279	198	49
439	280	196	48
430	278	202	49
420	277	204	50
415	276	205	50
409	275	205	51
404	274	204	52
397	274	207	52
392	274	209	52
385	273	211	53
381	272	211	53
376	271	211	54
371	270	211	54
367	270	212	55
361	269	211	55
357	268	209	56
351	267	208	57
348	266	208	58
344	266	207	58
341	265	206	58
337	265	204	58
335	263	202	59
332	263	201	59
327	263	201	58
325	263	199	58
321	261	199	57
317	261	198	56
312	259	199	56
309	258	198	57
303	257	199	58
301	256	197	59
295	255	196	61
292	255	198	62
288	254	196	62
283	253	195	63
280	253	197	63
278	253	199	63
275	252	199	64
273	252	196	63
270	252	192	63
267	251	193	62
264	252	187	61
261	251	185	60
256	250	185	60
253	249	185	57
250	248	184	56
247	247	179	55
243	245	178	56
238	243	175	59
232	242	175	59
230	241	174	59
228	241	172	59
229	238	170	58
230	238	172	59
229	236	161	58
226	236	159	56
224	235	151	56
222	233	143	54
219	233	136	54
216	233	127	52
213	232	123	51
211	232	113	50
208	231	109	51
205	231	103	52
202	229	97	53
200	228	95	53
200	227	94	54
204	228	94	48
208	225	97	51
209	222	84	54
204	222	88	54
199	221	101	53
196	222	117	50
194	219	127	49
196	219	135	48
150	215	190	52
161	218	188	49
157	219	202	49
206	220	164	48
236	219	147	49
239	219	160	49
244	218	171	50
246	219	184	49
247	220	199	50
245	222	215	50
244	222	231	50
242	223	246	52
244	224	259	52
251	226	267	51
266	227	266	52
274	228	271	53
284	229	275	52
299	229	273	53
314	230	272	53
330	230	270	54
341	230	272	54
354	230	274	54
366	229	274	55
378	230	270	56
387	230	273	55
395	230	283	57
406	229	291	57
415	229	287	57
427	228	283	57
439	227	283	57
449	227	284	57
460	227	284	56
469	227	285	56
477	227	288	56
483	226	288	57
490	225	291	56
497	223	292	56
502	223	297	55
511	221	296	56
519	220	295	56
528	218	297	57
535	217	295	57
544	215	297	57
551	215	296	56
560	214	297	56
570	213	296	56
578	212	294	57
586	211	295	58
578	208	318	61
597	211	297	57
605	212	297	57
610	211	299	57
617	213	299	58
621	214	304	57
626	216	295	55
574	122	290	217
740	202	362	174
922	243	163	123
914	261	173	126
900	267	192	107
881	268	216	104
872	270	231	95
869	275	237	83
870	275	238	76
881	272	226	70
894	274	200	62
909	276	177	56
941	280	138	48
961	283	119	46
985	284	92	47
1009	284	69	54
1024	290	53	58
985	291	88	54
971	290	80	47
955	291	118	57
943	292	106	46
927	292	118	46
914	293	131	44
905	292	152	44
898	295	161	43
890	296	172	43
877	297	189	44
858	296	196	47
851	295	187	47
835	294	188	48
819	291	187	49
807	290	189	49
794	289	194	47
781	289	202	46
769	288	207	44
759	286	219	44
747	287	230	45
738	286	232	46
730	285	234	47
718	285	230	44
708	285	227	45
694	286	225	42
685	286	224	42
671	285	227	41
662	286	225	40
652	284	225	40
640	285	225	40
631	285	223	39
619	285	220	39
609	285	218	39
600	285	214	39
592	286	212	38
580	285	212	39
572	285	209	39
562	286	208	39
552	284	209	38
543	284	208	38
534	281	209	39
525	281	209	40
514	278	206	42
505	278	204	42
495	278	206	42
487	276	205	43
477	275	205	44
470	274	205	45
461	274	206	45
453	272	208	46
444	272	212	47
437	271	213	48
429	271	214	48
422	270	216	49
417	270	212	49
408	268	213	50
402	267	213	49
396	267	212	49
390	266	210	50
384	265	211	50
376	264	212	50
370	262	211	52
362	260	216	53
361	258	210	55
355	256	210	56
350	255	210	59
344	254	209	59
338	252	210	61
335	251	208	62
329	251	206	62
324	248	208	63
319	248	206	62
315	247	206	62
310	246	208	62
306	244	208	63
303	244	207	63
298	241	210	65
296	239	209	67
293	238	208	67
288	238	208	67
285	238	206	68
280	237	209	68
275	236	214	70
269	235	234	70
264	234	239	70
259	233	234	71
255	232	230	71
250	232	227	70
246	231	219	65
241	229	242	63
239	229	284	63
236	227	301	63
235	226	264	61
230	225	252	64
227	223	233	69
222	222	222	70
215	220	233	72
209	218	232	72
206	217	233	72
204	214	235	77
198	212	243	78
193	210	245	79
188	208	240	80
187	206	226	83
182	204	212	84
184	201	193	85
187	197	212	89
187	194	236	94
189	193	234	97
194	191	216	96
199	190	228	94
195	187	184	94
242	207	229	100
351	244	134	45
350	246	146	43
340	248	169	42
352	249	168	42
331	250	199	42
368	250	172	42
345	252	206	41
316	251	244	42
349	252	219	42
379	252	199	42
383	254	205	41
385	255	215	40
392	254	210	41
401	255	212	40
406	257	216	40
415	257	217	40
423	258	217	40
430	258	218	41
446	261	211	40
456	260	210	41
467	261	205	41
478	261	205	41
487	262	203	41
496	263	204	41
504	263	203	42
510	264	206	42
518	265	207	41
526	266	208	41
535	267	207	41
545	268	207	41
555	270	205	41
565	271	202	40
573	273	204	40
580	273	204	40
589	275	202	40
595	276	203	40
603	277	203	39
611	278	200	40
620	278	199	42
629	279	197	41
641	279	194	42
652	280	189	43
664	281	186	44
678	281	181	44
689	283	182	44
695	286	185	43
707	287	184	42
718	288	187	43
732	289	184	43
741	290	190	43
751	290	194	45
757	292	202	45
763	292	210	45
770	292	215	46
778	293	221	47
785	293	226	48
793	293	230	48
801	294	234	48
807	294	241	48
815	295	245	50
821	296	251	50
826	296	258	52
839	297	256	52
851	297	256	52
864	298	255	52
876	300	254	52
889	300	251	54
898	300	251	56
904	300	257	58
911	301	262	59
917	302	267	60
926	301	268	60
936	301	270	62
944	299	267	64
954	298	261	67
963	296	258	68
972	294	255	68
986	292	245	67
994	291	241	67
1007	289	232	66
1019	287	223	63
1028	285	217	63
1040	282	207	62
1054	280	197	63
1066	277	186	65
1077	276	176	63
1091	275	164	62
1100	273	156	65
1108	272	148	64
1121	271	135	64
1129	271	124	64
1132	270	120	63
1133	270	117	62
1135	270	112	62
1136	269	109	62
1145	268	100	61
1155	268	91	62
1159	267	90	61
1154	268	99	59
1152	267	106	58
1155	267	108	57
1159	268	108	56
1118	266	153	55
1111	263	164	51
1103	265	174	45
1095	265	183	45
1090	267	172	43
1079	266	191	44
1071	268	205	43
1063	269	214	43
1056	269	220	42
1053	269	224	43
1049	269	226	42
1050	270	214	43
1039	270	220	45
966	251	272	81
903	254	164	120
917	245	156	125
917	240	158	127
927	235	150	133
927	230	153	142
929	227	153	144
928	227	155	146
930	227	147	146
930	227	145	145
928	229	141	148
924	229	135	156
917	227	139	157
927	229	145	156
920	281	217	53
911	288	223	38
903	288	226	38
899	290	224	37
887	289	235	39
876	287	239	40
869	287	240	40
862	287	240	43
855	288	236	43
846	292	185	38
838	291	190	38
830	293	195	38
822	292	196	38
814	293	195	38
806	293	202	37
798	293	233	38
790	293	242	39
781	294	245	39
775	294	245	39
767	295	240	38
761	294	236	40
755	294	231	40
751	295	227	40
742	295	228	39
735	296	225	38
729	297	226	38
721	297	226	38
714	299	225	37
707	300	227	37
700	300	229	37
692	300	234	38
685	300	238	38
678	301	237	38
675	303	232	37
669	305	228	37
663	305	224	39
657	306	224	39
651	308	222	39
645	309	223	39
640	309	219	40
635	309	220	41
629	309	222	42
624	307	220	42
618	308	217	43
613	308	217	42
608	308	213	44
604	309	207	43
599	308	204	44
594	308	201	44
589	307	202	45
581	307	203	45
575	307	204	45
568	307	204	45
561	308	205	45
555	307	205	46
546	307	207	47
540	308	208	45
534	308	202	44
528	308	204	43
520	307	207	43
515	307	205	43
510	307	206	43
503	307	203	43
497	305	203	45
489	304	202	46
481	305	203	46
479	303	199	47
474	304	198	47
467	304	198	47
461	305	198	47
456	303	196	47
442	302	203	49
441	303	197	49
432	300	199	49
431	299	194	49
427	300	193	48
419	299	200	48
415	299	198	48
409	299	198	48
404	297	196	50
399	295	198	52
390	292	200	56
386	290	198	58
383	288	193	59
382	289	188	58
373	288	192	58
365	286	194	59
358	285	195	60
348	284	197	61
340	284	199	59
333	284	199	59
329	284	198	57
323	283	199	56
318	282	199	56
311	283	202	54
308	283	203	53
304	281	207	53
298	279	207	54
295	285	208	49
289	282	210	52
286	281	207	51
280	281	205	53
341	288	140	47
311	287	163	48
299	287	173	49
292	286	175	53
284	284	180	57
277	286	181	57
275	283	180	60
270	281	180	64
271	280	173	65
275	285	168	61
278	277	160	69
287	280	140	66
262	262	154	83
275	263	136	79
225	240	183	99
328	268	236	43
330	267	243	42
339	268	242	42
348	267	243	42
359	268	241	41
367	268	241	41
375	268	242	43
378	267	249	45
396	268	238	43
407	269	235	44
416	269	234	44
426	268	232	44
436	269	232	46
441	270	235	44
452	271	230	44
459	272	230	44
465	272	233	44
474	273	231	44
481	274	233	44
491	274	230	44
498	275	234	44
506	276	233	44
513	277	234	43
520	277	237	44
530	278	235	44
534	279	238	43
543	280	238	43
551	281	238	43
561	282	235	43
572	284	233	42
582	285	230	44
593	287	228	43
605	288	224	43
615	290	222	44
626	291	221	43
634	294	221	43
643	296	219	43
650	297	222	43
659	298	222	42
671	301	220	42
677	301	223	45
687	301	223	45
696	301	225	47
706	301	224	49
713	300	230	52
719	299	230	54
730	299	230	55
735	299	234	57
744	299	236	57
751	299	238	57
760	299	239	58
768	299	242	58
773	298	248	59
781	298	251	61
788	298	253	63
795	297	256	67
802	295	259	71
807	295	264	74
815	294	266	76
821	293	269	78
828	293	269	79
840	291	267	80
847	290	268	83
854	288	269	82
862	286	264	82
878	284	251	85
892	283	237	84
901	281	231	85
914	279	220	88
921	277	216	88
930	275	208	90
948	272	192	91
954	271	185	93
969	270	168	93
977	270	157	90
978	271	152	88
983	273	143	83
995	272	128	83
1004	274	117	80
1014	273	110	81
1018	273	108	83
1016	274	111	80
1006	274	124	78
995	275	137	77
990	274	145	77
983	273	154	65
974	272	164	60
966	272	174	61
957	270	184	62
947	271	194	63
936	271	205	65
926	269	212	66
914	269	224	65
902	267	226	63
893	266	230	63
884	266	234	65
875	263	244	63
865	262	261	62
855	262	274	62
849	261	283	61
839	260	293	60
830	258	301	61
821	258	302	60
814	256	318	64
803	254	314	65
794	251	324	66
786	250	325	68
775	248	320	67
767	247	325	67
757	247	324	63
747	247	324	64
737	246	319	65
728	246	319	65
719	245	316	64
713	242	310	67
703	243	309	64
696	241	308	65
686	240	304	62
677	240	303	61
668	240	302	61
658	243	302	59
650	245	303	55
639	247	313	55
606	199	334	141
628	252	291	52
616	251	292	51
608	254	290	52
599	254	290	53
590	255	286	54
581	256	283	54
573	257	283	54
568	256	278	55
566	256	272	55
563	258	260	55
560	258	248	56
554	261	240	55
549	260	228	56
544	261	219	56
538	262	209	56
533	263	199	57
527	265	187	57
522	265	178	56
517	265	170	58
513	265	161	57
511	265	150	55
510	265	141	55
507	264	134	55
504	263	129	55
500	264	126	54
499	263	121	54
499	262	117	55
499	262	111	55
499	262	107	55
500	264	101	53
503	264	88	51
504	265	79	49
504	266	74	49
505	267	63	47
506	266	60	46
506	267	55	46
506	267	47	45
504	267	69	44
504	270	75	40
505	270	83	40
505	270	92	41
504	269	100	41
502	269	109	42
502	269	117	42
502	270	126	41
500	271	135	41
499	273	143	40
517	275	132	40
510	276	144	40
507	278	156	39
503	278	165	40
501	280	173	39
505	281	177	43
514	282	177	47
526	283	169	49
536	284	167	49
541	287	170	49
544	290	177	50
546	293	182	50
546	295	189	52
548	297	194	53
550	300	202	52
553	303	206	53
558	305	211	54
564	306	213	55
571	307	216	56
577	307	218	59
585	309	218	60
595	312	216	59
601	315	218	60
615	317	211	60
623	319	209	60
636	322	203	60
645	325	201	58
656	328	198	56
666	330	194	55
677	332	188	55
684	335	186	52
691	335	187	53
701	340	181	50
714	344	179	48
730	348	171	46
738	349	170	45
750	352	163	43
751	354	166	42
754	356	167	41
760	357	167	41
772	359	156	41
777	360	153	40
782	362	151	38
789	364	145	36
797	366	144	35
805	366	141	38
816	367	133	41
826	368	128	40
833	366	126	44
842	365	124	43
846	363	123	45
856	362	118	45
861	360	118	49
868	357	120	48
878	356	112	50
885	353	113	51
885	323	139	84
897	261	229	45
892	262	230	44
886	262	229	44
877	263	229	43
868	264	230	42
860	264	229	42
853	264	232	42
844	263	234	42
836	264	238	42
829	264	240	43
821	264	241	42
814	266	241	42
808	267	225	41
803	267	219	42
794	267	216	42
788	267	221	42
782	269	217	42
776	269	220	42
770	268	219	43
766	269	218	43
759	269	205	43
754	270	199	43
746	271	196	42
739	272	207	41
732	273	220	41
724	273	230	41
718	276	229	39
711	276	229	39
703	276	227	39
696	278	226	39
690	279	225	39
682	280	224	39
674	281	222	39
665	282	222	38
656	282	218	39
647	282	213	39
639	284	211	38
631	283	198	40
621	283	215	40
611	281	213	42
604	282	208	41
592	281	207	43
585	281	206	43
575	278	207	44
566	277	206	44
557	275	207	45
550	274	205	46
540	272	205	47
532	270	206	48
523	267	205	51
515	264	203	51
507	262	201	53
499	261	197	55
491	258	195	56
484	256	196	56
476	255	191	55
468	254	194	56
460	252	197	54
452	251	199	53
445	250	199	52
