0.039482
0.169375
0.165064
0.155674
0.132542
0.176327
0.142956
0.157887
0.165341
0.174437
0.137163
0.190295
0.218712
0.158986
0.145142
0.180938
0.147002
0.123983
0.145096
0.171938
0.132930
0.198658
0.165097
0.141651
0.188807
0.165688
0.122884
0.150573
0.167733
0.211490
0.131608
0.151148
0.110386
0.083947
0.104695
0.121149
0.102880
0.084812
0.098511
0.141408
0.125810
0.171330
0.093076
0.170457
0.166126
0.133942
0.169059
0.094964
0.210310
0.171790
0.173569
0.105698
0.153680
0.148905
0.125544
0.182292
0.131379
0.103274
0.096812
0.115676
0.126267
0.136706
0.143007
0.129938
0.143378
0.094085
0.114628
0.123696
0.100753
0.136518
0.109506
0.090863
0.115590
0.100142
0.104122
0.100905
0.110895
0.088601
0.217232
0.170461
0.146579
0.144389
0.185802
0.167728
0.122730
0.133426
0.120124
0.119675
0.137974
0.132965
0.128275
0.156703
0.131358
0.190200
0.143215
0.147610
0.160149
0.146760
0.170863
0.150647
0.128516
0.113565
0.154221
0.149054
0.130560
0.103468
0.133172
0.119715
0.107916
0.122616
0.105837
0.110048
0.126626
0.087879
0.136527
0.135903
0.175104
0.127796
0.142136
0.159525
0.139618
0.156626
0.187067
0.175468
0.169720
0.150424
0.192068
0.157697
0.130637
0.154561
0.160443
0.157669
0.175214
0.177104
0.139344
0.157023
0.142565
0.135847
0.146793
0.148654
0.184436
0.122940
0.162611
0.156659
0.158826
0.135261
0.155538
0.146569
0.128938
0.209871
0.127757
0.116558
0.152402
0.151494
0.151668
0.127097
0.167856
0.134470
0.163397
0.175334
0.127391
0.111480
0.106898
0.120118
0.086524
0.101556
0.104405
0.095837
0.138403
0.094686
0.107526
0.128466
0.114437
0.143318
0.152728
0.134164
0.114843
0.125550
0.125185
0.128575
0.131971
0.111437
0.131943
0.092774
0.142268
0.141868
0.126127
0.142260
0.125616
0.141042
0.176730
0.152786
0.161688
0.117699
0.141663
0.129747
0.129441
0.118054
0.117110
0.128864
0.146371
0.199084
0.125826
0.110266
0.124401
0.127699
0.091696
0.148659
0.171072
0.123944
0.157902
0.121611
0.127109
0.154915
0.136903
0.131192
0.118948
0.116217
0.099985
0.148292
0.134471
0.122648
0.087960
0.126229
0.086945
0.143319
0.121006
0.094665
0.111089
0.142942
0.115227
0.170362
0.123136
0.148924
0.129404
0.123194
0.094435
0.103794
0.116237
0.131574
0.137370
0.153927
0.097086
0.084810
0.100260
0.127179
0.127835
0.155419
0.119945
0.116546
0.105046
0.144029
0.121321
0.108604
0.127529
0.114465
0.154517
0.099931
0.134841
0.106891
0.110154
0.123687
0.103392
0.092927
0.116162
0.158368
0.153151
0.103404
0.175012
0.148235
0.150229
0.108300
0.146700
0.131957
0.112020
0.135988
0.128134
0.111970
0.154022
0.124216
0.123434
0.125615
0.114339
0.093654
0.124125
0.081373
0.128638
0.122138
0.104501
0.122164
0.090928
0.128180
0.109766
0.111342
0.120722
0.130916
0.131795
0.134599
0.135427
0.141005
0.141195
0.113376
0.171407
0.201267
0.154988
0.176115
0.155128
0.173984
0.124291
0.140438
0.117957
0.166321
0.094267
0.109852
0.087043
0.102892
0.097731
0.092508
0.083741
0.128633
0.100473
0.104449
0.112901
0.119780
0.111964
0.107474
0.131318
0.152676
0.124563
0.146322
0.156325
0.141277
0.132217
0.139012
0.169103
0.166481
0.110858
0.133984
0.133693
0.131184
0.149141
0.136431
0.105051
0.136135
0.161134
0.137037
0.143005
0.143463
0.166005
0.140837
0.123003
0.125172
0.136343
0.108337
0.120337
0.130234
0.141238
0.129522
0.160188
0.151886
0.108729
0.147473
0.181130
0.160317
0.137445
0.125319
0.108058
0.143152
0.132914
0.100914
0.164004
0.201277
0.179453
0.127721
0.160249
0.159542
0.115022
0.129602
0.188750
0.131712
0.135672
0.151045
0.144564
0.158199
0.109994
0.106886
0.120969
0.116858
0.148156
0.126087
0.143890
0.146608
0.156371
0.146589
0.159503
0.128504
0.123452
0.139090
0.133473
0.118475
0.123482
0.133635
0.108249
0.089514
0.137583
0.131669
0.088254
0.132292
0.141039
0.128458
0.166454
0.186506
0.163655
0.126737
0.120094
0.130648
0.114091
0.132456
0.135807
0.184957
0.154060
0.135628
0.155400
0.135504
0.139936
0.107848
0.134992
0.094340
0.137092
0.138860
0.121809
0.152724
0.112641
0.144751
0.184808
0.156162
0.168910
0.114594
0.149136
0.178163
0.117327
0.111747
0.100269
0.109099
0.122622
0.121236
0.108183
0.112377
0.074519
0.095197
0.102942
0.151690
0.128903
0.130883
0.113163
0.125097
0.164085
0.122578
0.166478
0.134792
0.126588
0.169219
0.101822
0.202131
0.181073
0.139204
0.128633
0.147060
0.128047
0.153058
0.105000
0.172701
0.189697
0.154191
0.169271
0.095058
0.107530
0.162232
0.177574
0.175294
0.152489
0.146904
0.195164
0.135915
0.109591
0.151542
0.134211
0.161574
0.150713
0.152997
0.127150
0.153289
0.168986
0.108497
0.171479
0.130442
0.122131
0.146517
0.117716
0.151405
0.106654
0.134607
0.135429
0.136460
0.130467
0.131318
0.129691
0.140168
0.120905
0.174963
0.153276
0.139178
0.123315
0.119094
0.169051
0.106670
0.124316
0.123873
0.123689
0.120590
0.121542
0.098240
0.117024
0.088886
0.090637
0.103905
0.126162
0.102953
0.125013
0.106250
0.103830
0.103873
0.098383
0.094663
0.125854
0.138859
0.092287
0.102914
0.121964
0.105774
0.138303
0.101632
0.096261
0.129716
0.125386
0.106571
0.119913
0.183815
0.164413
0.162857
0.176867
0.185964
0.130606
0.130171
0.153958
0.150027
0.128352
0.112681
0.207553
0.108951
0.190557
0.183317
0.210099
0.081818
0.115542
0.100792
0.129120
0.099053
0.115987
0.151617
0.134952
0.130211
0.136771
0.139211
0.105859
0.090011
0.116355
0.105163
0.128978
0.155432
0.136053
0.115561
0.137232
0.143035
0.155059
0.107713
0.106627
0.111516
0.127479
0.137716
0.148255
0.114024
0.119657
0.101817
0.113721
0.148895
0.143431
0.132931
0.156088
0.180889
0.233656
0.109418
0.133632
0.153946
0.135602
0.106363
0.130199
0.142617
0.159741
0.141305
0.151736
0.128163
0.118562
0.155731
0.151013
0.133653
0.166013
0.152544
0.138228
0.154974
0.145390
0.152093
0.126615
0.116828
0.123409
0.131819
0.112121
0.117262
0.140114
0.139328
0.116588
0.164798
0.182047
0.116338
0.142012
0.185620
0.178626
0.165394
0.123055
0.114349
0.159359
0.105909
0.160281
0.154131
0.137218
0.156806
0.201957
0.152734
0.137162
0.099618
0.162537
0.138270
0.166222
0.126564
0.143186
0.157212
0.148419
0.128187
0.140739
0.148358
0.138570
0.166651
0.175208
0.140667
0.152155
0.179795
0.123584
0.145520
0.222636
0.156285
0.137939
0.145450
0.137327
0.139851
0.155927
0.138677
0.137054
0.121515
0.111987
0.148775
0.171414
0.221927
0.157745
0.169312
0.154038
0.140590
0.126925
0.134894
0.165266
0.142090
0.183610
0.131006
0.161630
0.146238
0.147555
0.136427
0.143670
0.190168
0.130510
0.172606
0.142020
0.234898
0.207381
0.118168
0.121262
0.216008
0.176962
0.175407
0.189635
0.190813
0.186383
0.191606
0.158895
0.148274
0.125489
0.106260
0.163076
0.144222
0.152995
0.127590
0.116466
0.155764
0.163928
0.155170
0.124644
0.121656
0.135508
0.173505
0.179753
0.150418
0.153174
0.134443
0.092671
0.146508
0.131537
0.103576
0.110481
0.124326
0.093716
0.159576
0.112682
0.099857
0.106575
0.098042
0.109786
0.093086
0.097436
0.136313
0.135966
0.123058
0.131728
0.128809
0.157458
0.106023
0.128556
0.183191
0.120215
0.170039
0.153560
0.173604
0.166315
0.167234
0.117805
0.161882
0.108241
0.156096
0.139957
0.163612
0.146575
0.122831
0.133070
0.158813
0.138392
0.149046
0.149626
0.113082
0.139741
0.151963
0.155485
0.138173
0.155564
0.138920
0.119386
0.128009
0.119850
0.132391
0.125485
0.148103
0.119909
0.171845
0.130144
0.119439
0.104927
0.118559
0.131717
0.110463
0.107538
0.120456
0.142489
0.156579
0.112561
0.153685
0.130827
0.150930
0.171828
0.158237
0.143657
0.119736
0.157883
0.140944
0.098228
0.141077
0.177166
0.117681
0.124361
0.145441
0.095543
0.115524
0.115670
0.109330
0.161316
0.093054
0.132606
0.107098
0.103779
0.121667
0.110765
0.109015
0.131828
0.113839
0.142443
0.138943
0.092411
0.108845
0.102991
0.095989
0.119803
0.107727
0.112369
0.118999
0.105788
0.095855
0.133050
0.137228
0.095260
0.096142
0.111851
0.115857
0.124227
0.111765
0.108025
0.143051
0.126918
0.129949
0.103377
0.117649
0.129855
0.126249
0.130013
0.138846
0.109868
0.116326
0.123929
0.095414
0.120324
0.104883
0.115037
0.097715
0.100528
0.128290
0.122572
0.117549
0.107953
0.097111
0.092626
0.097168
0.115839
0.131413
0.142656
0.101217
0.101556
0.104164
0.106790
0.120156
0.095576
0.114459
0.101965
0.086540
0.097227
0.116944
0.097117
0.115988
0.127020
0.097015
0.125773
0.120767
0.130283
0.101799
0.100926
0.123068
0.125237
0.102821
0.111923
0.102601
0.110973
0.082211
0.119377
0.122481
0.137546
0.142848
0.113285
0.110478
0.100921
0.111902
0.127686
0.144653
0.109169
0.108404
0.139772
0.112678
0.095157
0.118493
0.088799
0.140256
0.121216
0.129586
0.104072
0.102449
0.132311
0.103950
0.115986
0.140054
0.132297
0.110571
0.109879
0.129946
0.118281
0.110967
0.110140
0.166002
0.121227
0.138764
0.075889
0.121666
0.126612
0.143577
0.153217
0.160984
0.115616
0.132312
0.148692
0.133413
0.131878
0.133106
0.150617
0.132666
0.121464
0.144016
0.105346
0.183857
0.132158
0.128125
0.110529
0.125829
0.146029
0.123827
0.120944
0.110566
0.122882
0.111892
0.106969
0.122661
0.089081
0.105025
0.105000
0.099793
0.088294
0.111604
0.104256
0.116657
0.110941
0.083527
0.093189
0.149454
0.102074
0.103178
0.124465
0.103879
0.096382
0.100906
0.125775
0.105914
0.115957
0.116021
0.108279
0.107796
0.107803
0.176001
0.126397
0.135745
0.105825
0.108192
0.119343
0.143300
0.130399
0.175853
0.120201
0.202096
0.123484
0.097083
0.111900
0.123693
0.131715
0.116032
0.129774
0.106089
0.117196
0.137702
0.090055
0.123771
0.100317
0.101799
0.110055
0.102460
0.127232
0.098638
0.110172
0.086298
0.128807
0.112862
0.118397
0.128288
0.120570
0.119918
0.090404
0.096562
0.151107
0.105068
0.134110
0.110052
0.125622
0.168863
0.133872
0.147295
0.081343
0.113011
0.108106
0.125880
0.084150
0.091989
0.151864
0.078166
0.076459
0.106900
0.074980
0.117699
0.081214
0.108131
0.128876
0.116645
0.093041
0.114727
0.098609
0.137088
0.113144
0.092328
0.094265
0.112710
0.133322
0.094769
0.092403
0.121917
0.108858
0.098280
0.114564
0.091639
0.115662
0.090085
0.120598
0.126349
0.091815
0.127557
0.108578
0.099204
0.153169
0.105549
0.101126
0.098494
0.110549
0.104849
0.115903
0.125366
0.124247
0.102071
0.107553
0.122510
0.124048
0.118229
0.132427
0.141489
0.118584
0.090801
0.097631
0.087141
0.142079
0.115474
0.136022
0.120234
0.149940
0.085859
0.093451
0.098035
0.115286
0.082442
0.116814
0.100280
0.141221
0.151270
0.117592
0.103027
0.140711
0.085711
0.084783
0.090474
0.090406
0.095641
0.112049
0.116458
0.095254
0.122244
0.108821
0.086823
0.131119
0.092671
0.089983
0.140828
0.114426
0.137911
0.135581
0.092087
0.117041
0.128297
0.183156
0.107971
0.100596
0.117825
0.114218
0.093469
0.089536
0.120174
0.101933
0.090391
0.099747
0.100776
0.091958
0.085937
0.141587
0.157693
0.100348
0.105938
0.133374
0.107495
0.104099
0.106735
0.152647
0.136267
0.087542
0.149582
0.121037
0.143435
0.116248
0.114365
0.105425
0.116041
0.106190
0.105149
0.138196
0.115024
0.137101
0.099274
0.148165
0.122551
0.105808
0.108574
0.139371
0.140428
0.171347
0.119909
0.155255
0.123451
0.131550
0.148036
0.142124
0.110769
0.139944
0.149656
0.148589
0.136707
0.187974
0.139433
0.110016
0.152976
0.142344
0.154390
0.126170
0.138527
0.158150
0.144068
0.116224
0.134012
0.131883
0.099602
0.135408
0.124186
0.122656
0.172457
0.101951
0.114450
0.101024
0.137937
0.105352
0.120759
0.128442
0.113365
0.119941
0.107414
0.098065
0.099174
0.136152
0.106606
0.181579
0.148516
0.112466
0.132030
0.129128
0.168163
0.151406
0.143507
0.174016
0.140072
0.122939
0.119580
0.128815
0.136017
0.121727
0.149170
0.131356
0.129462
0.165923
0.110736
0.220838
0.143716
0.190706
0.146576
0.175891
0.096414
0.097150
0.114980
0.129591
0.113967
0.128651
0.112229
0.136912
0.113257
0.097974
0.129501
0.151610
0.146905
0.106087
0.100315
0.116791
0.128642
0.147451
0.111219
0.089827
0.130218
0.120939
0.108571
0.138920
0.102913
0.112970
0.162815
0.130680
0.135024
0.145918
0.117151
0.124653
0.159486
0.118960
0.136449
0.162922
0.129805
0.163043
0.130810
0.124788
0.148034
0.142068
0.135239
0.137038
0.077305
0.169293
0.137866
0.104627
0.124615
0.097359
0.120378
0.175000
0.073869
0.123979
0.087696
0.140563
0.105430
0.118715
0.103869
0.086337
0.094391
0.092695
0.098994
0.107623
0.097000
0.079152
0.084096
0.083169
0.098110
0.105075
0.118105
0.105626
0.144441
0.149307
0.102280
0.155003
0.118456
0.135249
0.129265
0.097456
0.090093
0.201150
0.146983
0.152299
0.126314
0.158252
0.170947
0.191988
0.103144
0.119977
0.137129
0.089004
0.105215
0.094986
0.121783
0.094550
0.126094
0.105808
0.191135
0.070864
0.105679
0.125610
0.115934
0.132245
0.101777
0.131982
0.111477
0.105149
0.125015
0.179834
0.116778
0.090426
0.128308
0.150035
0.130130
0.117568
0.137852
0.173548
0.135335
0.141440
0.163095
0.131306
0.133578
0.159941
0.137282
0.133856
0.142279
0.125763
0.194022
0.112178
0.155169
0.105996
0.155451
0.135731
0.128542
0.129421
0.194214
0.144851
0.143562
0.114157
0.160223
0.118902
0.149434
0.154478
0.150229
0.143468
0.101607
0.142926
0.119456
0.115121
0.129458
0.151793
0.167844
0.131093
0.170129
0.148649
0.115739
0.127390
0.114653
0.100815
0.147913
0.136929
0.132673
0.104236
0.115394
0.117125
0.144997
0.166657
0.125623
0.151762
