197	216	106	39
182	211	108	40
171	192	106	40
160	176	106	41
142	167	104	41
113	160	104	40
84	161	106	40
72	166	104	42
68	175	103	39
65	178	102	39
72	183	103	39
90	192	102	37
101	204	101	38
104	224	100	36
108	241	99	36
119	251	100	33
126	255	100	34
130	259	99	33
134	261	98	34
140	255	97	32
147	245	99	32
159	240	95	32
158	237	94	31
154	234	93	34
150	233	92	34
144	234	91	33
134	238	92	30
130	240	90	31
125	241	90	32
118	242	91	33
120	243	88	32
128	243	87	32
139	242	85	33
148	239	87	31
150	237	86	31
150	234	85	32
147	228	85	31
149	221	86	29
152	216	85	30
158	214	82	32
158	212	81	31
158	213	80	31
154	215	82	30
152	218	82	30
150	223	81	29
151	225	78	29
160	227	79	29
166	230	79	29
168	232	78	29
177	234	77	30
186	234	76	29
188	233	76	30
190	232	76	30
192	230	76	31
193	228	77	31
195	225	75	30
195	225	75	29
192	224	75	29
190	224	72	29
186	225	71	28
183	226	71	28
178	228	70	28
171	231	70	29
166	234	69	30
160	238	70	28
156	240	68	29
158	240	69	29
170	241	68	29
187	235	67	29
206	223	65	31
214	215	66	30
218	208	65	29
218	204	67	31
218	201	66	30
217	199	69	32
207	197	64	31
196	197	64	31
192	199	63	30
198	198	64	31
195	199	65	32
192	202	63	33
188	206	62	31
185	206	62	32
182	209	63	30
178	209	62	33
175	211	61	34
174	211	60	35
175	213	59	34
170	212	61	34
168	211	60	35
166	203	57	35
168	192	58	37
171	185	58	36
172	179	57	35
170	174	59	37
167	168	61	38
169	167	56	37
167	166	57	37
163	165	57	36
159	163	56	37
153	164	55	38
148	164	55	39
144	165	52	40
139	165	52	40
134	166	52	40
135	166	54	40
145	166	50	41
150	169	52	43
163	170	53	44
183	175	49	42
195	176	48	44
201	178	47	43
208	179	46	44
212	181	48	42
217	185	47	42
220	181	47	42
222	178	45	43
223	178	44	44
222	176	45	45
221	175	45	44
219	173	44	45
217	174	45	43
213	174	44	44
210	175	45	44
206	174	46	45
202	176	44	45
201	176	44	45
201	181	45	43
199	183	43	43
198	182	43	44
203	178	43	44
202	176	44	44
200	174	43	43
198	167	42	42
195	159	44	43
193	153	43	44
192	149	42	44
199	143	41	44
210	140	42	45
218	139	40	44
220	137	40	45
221	136	40	45
220	137	41	44
219	138	41	44
217	142	41	43
214	144	40	44
212	148	40	44
208	153	39	44
203	158	40	42
200	160	39	44
196	164	39	43
194	168	40	43
192	174	40	42
191	177	39	43
190	182	38	43
198	185	38	43
201	188	38	44
203	191	38	43
208	193	38	43
212	194	38	43
213	196	38	43
214	197	39	42
213	197	39	41
212	193	39	43
211	191	40	41
211	190	40	40
211	189	39	41
211	189	39	41
209	190	40	40
207	191	39	40
206	191	39	40
204	192	40	40
202	194	39	39
200	198	39	39
197	200	40	39
197	203	38	37
200	205	39	37
208	207	39	38
217	210	39	36
223	211	39	36
233	214	39	36
247	212	39	34
256	207	39	33
258	206	40	32
261	208	39	31
260	209	39	30
259	209	39	30
259	209	39	30
259	209	39	29
258	209	39	28
258	211	40	27
255	212	39	27
245	215	39	24
233	216	39	24
223	219	39	23
210	222	40	22
200	224	40	22
194	227	40	22
189	230	40	21
186	228	40	19
189	219	39	18
203	212	39	17
223	208	39	15
238	205	39	14
250	200	41	15
263	197	39	17
274	193	39	18
280	190	39	19
283	191	40	20
288	191	40	20
297	190	41	21
301	186	41	22
305	182	41	23
306	179	41	24
304	175	41	24
294	170	41	26
278	168	41	26
271	176	40	27
264	185	41	28
250	194	42	29
231	203	41	30
216	206	41	31
206	206	41	32
198	204	41	32
194	202	41	33
189	199	41	33
191	187	42	34
204	170	41	35
207	160	41	36
208	152	42	37
208	146	41	38
209	141	41	38
211	146	41	40
211	154	42	40
210	158	41	41
210	159	41	41
209	163	42	42
199	169	42	44
188	174	41	44
181	175	42	45
177	177	42	45
175	178	41	46
172	177	41	48
171	176	41	48
192	171	40	48
211	159	41	49
225	153	40	49
234	147	40	49
245	143	40	50
252	149	40	50
258	157	40	50
261	158	39	50
264	157	39	49
260	156	40	50
259	155	39	51
258	150	39	50
241	145	38	51
212	142	39	51
186	154	38	52
161	171	37	51
146	185	38	51
140	198	35	51
132	208	35	52
113	214	37	50
108	216	35	50
111	219	33	49
120	218	33	50
133	210	31	50
142	206	32	48
148	204	32	48
150	202	31	49
144	205	30	47
139	206	30	46
140	207	29	48
143	210	29	47
145	212	28	47
148	214	28	48
152	216	27	47
159	214	26	47
164	213	27	47
168	215	27	47
173	215	25	47
177	219	26	44
185	221	25	39
191	223	24	42
191	222	22	43
186	226	22	41
187	229	23	38
189	235	21	35
187	236	21	36
187	239	20	39
188	238	20	43
185	248	19	36
179	243	20	43
164	232	18	41
150	220	16	42
139	213	16	42
129	207	14	45
110	206	16	44
96	206	15	43
89	201	15	45
85	198	16	43
83	199	15	43
87	202	15	44
95	206	15	42
104	208	15	44
112	211	15	43
115	215	15	43
112	221	15	43
108	225	16	43
102	231	17	43
97	236	17	42
103	236	19	43
113	232	19	42
128	225	20	41
143	223	20	42
160	225	20	41
174	229	21	41
183	234	21	40
173	241	22	40
155	247	24	40
148	254	24	40
145	262	24	39
139	266	24	39
140	264	25	39
144	261	26	39
149	254	26	39
156	238	26	38
156	227	27	37
152	221	28	38
149	219	28	37
151	218	29	37
152	219	28	37
155	222	29	37
159	225	29	36
167	230	29	36
171	234	30	36
171	239	29	36
167	245	30	35
163	250	31	36
163	255	30	34
166	252	31	35
168	243	31	35
169	234	31	34
166	225	32	35
168	212	31	34
176	197	31	35
186	186	32	34
195	182	32	34
193	179	32	34
189	178	32	35
188	178	32	36
182	188	32	34
179	204	32	33
177	218	32	34
178	229	31	34
177	235	32	33
175	239	31	33
174	242	32	34
174	243	32	34
172	238	32	33
170	233	32	33
168	228	32	33
164	223	33	33
166	216	31	33
169	212	32	33
166	207	32	32
159	204	31	33
159	202	31	32
159	199	31	32
151	194	32	32
133	195	31	32
121	194	31	32
119	192	32	32
119	189	32	31
118	187	32	31
119	185	31	30
127	183	30	28
144	179	31	28
158	183	32	28
166	189	31	26
172	194	31	25
175	195	32	26
178	198	31	24
180	205	32	24
180	205	33	25
183	201	33	25
185	199	34	25
188	196	35	25
191	194	34	24
194	188	35	26
195	182	35	24
187	177	36	25
170	175	37	25
151	176	36	24
134	172	37	25
126	169	38	25
119	172	38	26
107	177	39	27
103	176	38	27
100	176	40	28
99	195	40	27
99	220	40	28
98	242	40	28
104	248	39	29
107	251	40	30
107	250	41	30
107	243	41	31
110	235	40	31
116	226	42	31
121	218	42	31
122	220	42	32
122	231	42	32
121	232	43	33
118	228	43	33
114	226	44	34
110	223	43	34
106	216	44	36
103	208	45	37
101	201	44	36
98	198	45	36
95	193	46	37
93	187	46	39
98	183	47	39
106	181	48	41
108	183	48	41
109	184	49	41
110	185	49	43
121	187	50	43
134	192	51	44
143	198	51	45
145	201	52	44
145	203	52	44
143	203	52	44
140	198	53	38
139	191	53	46
136	184	54	47
129	177	54	49
119	168	55	51
110	162	55	51
103	155	55	52
98	151	55	51
93	149	55	52
90	157	56	52
110	159	55	54
126	162	56	55
134	174	55	53
139	179	56	54
142	180	56	55
143	182	57	55
142	182	57	55
138	179	57	56
135	175	58	55
134	169	59	54
134	163	58	55
134	158	58	54
135	153	59	54
140	149	58	54
142	145	57	53
143	142	57	52
142	137	58	52
141	128	57	52
141	120	57	52
139	116	57	51
137	113	57	51
135	112	56	50
134	110	57	49
144	110	56	49
152	110	56	49
158	111	54	49
162	114	55	49
165	116	55	49
168	119	55	47
167	124	54	46
161	129	55	46
159	133	55	44
158	137	54	44
158	143	53	43
160	147	54	43
162	153	54	43
166	159	54	42
175	166	54	41
191	173	53	41
204	177	52	41
209	184	53	40
212	190	53	40
214	195	52	40
217	196	51	41
220	198	50	41
222	202	49	41
223	205	48	40
222	198	48	40
220	189	47	40
218	180	49	41
218	177	49	40
218	172	48	40
216	165	47	40
215	163	46	39
214	164	46	40
213	170	46	41
215	178	43	41
215	189	43	41
214	198	41	41
216	208	40	42
221	216	40	43
225	213	41	42
229	202	39	43
232	191	38	43
234	180	37	44
237	176	37	46
238	176	35	48
239	179	34	46
238	187	33	46
235	195	33	45
232	200	32	49
229	204	31	48
226	207	29	49
225	211	28	50
223	215	28	51
222	218	27	53
224	220	26	51
227	219	25	52
231	219	24	53
235	218	25	52
241	215	24	55
246	213	23	52
248	212	23	52
250	210	23	53
255	208	23	53
256	210	23	52
254	216	23	54
251	222	25	49
248	223	24	50
244	224	26	50
240	225	27	51
237	227	27	49
228	224	30	47
222	222	31	46
213	216	35	47
207	213	35	46
202	210	37	45
197	207	38	44
192	207	40	42
185	207	41	41
178	206	43	39
175	203	42	38
179	202	44	38
186	202	45	37
187	205	46	36
187	207	46	36
189	210	48	36
193	213	49	33
196	213	49	33
200	213	50	33
205	213	50	32
206	214	49	31
207	213	49	31
209	212	50	30
209	212	50	29
207	213	50	28
205	213	50	28
201	212	50	29
196	214	50	27
192	213	50	27
189	210	49	28
183	206	51	27
179	199	50	26
183	194	50	28
188	196	49	23
187	194	49	25
185	195	49	23
188	193	48	24
194	191	48	22
195	191	48	22
194	188	47	22
193	187	47	22
191	184	47	25
193	190	47	21
194	201	46	24
192	211	47	24
192	215	46	23
191	218	44	24
191	223	47	21
195	225	45	21
197	217	43	22
196	204	43	23
196	194	43	23
193	188	44	22
194	183	45	23
195	178	42	25
193	180	44	22
190	191	41	22
185	198	42	21
181	199	41	23
178	200	42	21
175	200	41	22
165	199	41	21
160	190	40	22
153	170	40	21
151	156	40	21
147	151	41	22
144	146	41	22
141	144	41	22
144	150	40	21
150	174	40	21
159	191	39	22
167	210	40	21
171	234	39	20
173	249	39	20
183	255	39	20
191	258	40	21
195	261	41	21
199	263	39	21
193	264	40	20
187	268	39	20
184	274	39	20
189	280	39	19
191	287	38	19
191	289	38	21
191	295	38	19
195	296	39	19
199	297	39	20
200	298	39	20
200	300	39	19
199	297	38	20
197	293	38	20
195	290	37	21
191	288	38	19
187	286	36	19
183	284	36	18
175	281	37	19
169	279	37	19
166	277	35	18
161	272	37	18
159	268	36	17
159	264	34	18
155	262	36	18
153	258	37	18
154	255	35	18
155	254	35	17
162	253	35	17
167	250	36	18
172	248	35	17
176	246	35	17
181	244	34	17
187	242	35	17
191	241	33	17
192	240	34	16
193	240	34	16
192	245	34	17
193	249	34	17
192	253	34	16
191	255	32	15
186	256	34	15
185	256	35	15
183	255	33	15
182	253	33	15
179	250	34	17
176	248	32	16
175	246	33	15
175	244	31	16
173	242	32	15
171	238	34	16
178	237	31	15
183	234	32	15
185	234	31	14
186	235	32	16
189	236	32	15
192	235	32	16
197	234	33	16
201	233	32	16
206	234	31	15
208	235	31	16
209	239	31	16
209	242	32	17
211	248	31	16
212	249	31	17
211	252	31	17
212	254	31	16
212	255	31	16
212	256	31	17
212	256	31	16
213	255	31	16
213	254	31	16
212	253	31	16
209	251	31	17
208	250	32	17
207	249	32	18
206	249	31	19
206	251	31	18
206	250	31	18
206	251	32	18
207	251	31	18
207	251	31	18
209	253	31	17
209	254	30	17
209	255	31	17
209	257	31	16
207	257	30	18
203	259	31	17
201	259	30	17
199	261	30	16
197	262	31	16
195	265	30	17
194	266	30	17
193	269	30	17
193	271	30	16
193	272	30	16
192	274	30	17
192	276	30	17
193	277	29	16
194	277	29	16
194	276	29	16
197	274	29	17
199	272	29	17
201	272	29	16
203	272	29	15
206	271	28	15
207	271	28	15
207	270	29	16
208	268	28	17
209	268	29	17
208	267	29	17
207	267	28	17
204	268	29	17
202	267	29	18
201	266	29	19
200	268	28	18
198	269	29	19
197	271	29	19
196	272	28	20
195	274	29	20
194	277	29	19
195	280	29	19
194	282	29	19
195	279	28	19
199	277	28	18
202	276	28	18
205	273	28	18
207	267	28	17
209	262	29	17
211	261	28	17
212	260	28	17
210	260	28	17
210	260	28	17
210	260	28	17
207	261	27	16
205	263	27	16
203	263	28	16
202	265	28	16
203	266	28	16
202	266	27	16
201	267	27	16
199	267	27	17
198	267	27	16
197	267	27	17
196	267	27	17
195	268	27	16
195	268	27	16
195	268	27	16
194	267	27	16
193	266	27	16
193	264	27	17
194	263	26	16
194	261	27	17
194	255	26	17
195	252	26	16
200	248	26	17
206	246	26	16
211	244	26	17
215	242	25	17
218	241	26	17
220	240	26	17
222	242	26	17
223	248	25	17
221	255	25	17
218	260	25	17
216	264	25	17
214	268	25	17
212	271	26	16
211	273	26	16
211	275	26	17
210	276	26	16
209	276	26	16
209	271	25	15
210	265	25	14
209	262	25	15
209	258	25	14
209	250	25	15
208	245	26	14
210	242	25	13
211	240	24	13
211	238	24	12
212	237	23	13
213	238	23	12
214	241	22	12
213	243	24	12
213	245	23	12
212	245	23	13
212	246	23	12
211	245	22	12
211	244	21	11
214	242	21	12
216	239	21	11
216	237	20	11
218	234	20	11
219	231	20	11
219	228	19	11
219	227	19	12
221	228	17	11
222	229	15	11
220	231	17	11
220	231	16	11
220	231	15	11
218	230	16	12
217	229	16	11
220	226	16	12
223	224	15	13
224	220	16	12
225	217	17	12
225	213	16	11
225	210	17	12
226	207	17	12
225	203	16	12
224	203	17	13
224	204	16	13
223	206	16	13
220	207	17	13
218	207	17	14
217	205	18	14
216	203	17	15
215	200	17	16
218	198	17	16
221	195	17	17
223	191	16	16
225	191	17	15
226	190	17	16
229	188	18	17
231	187	17	17
231	189	17	17
232	189	17	17
231	191	17	16
230	192	18	18
228	196	18	18
226	197	18	18
225	198	18	18
223	200	17	19
220	202	18	18
217	206	18	17
215	208	17	19
212	211	18	18
209	212	18	18
206	213	18	18
203	213	19	18
200	212	19	18
199	213	18	19
201	212	18	18
206	211	18	18
207	211	18	18
208	210	18	18
209	209	18	18
211	208	19	18
213	207	19	17
216	206	19	18
218	204	19	18
218	205	18	18
219	207	18	18
218	210	19	18
218	212	18	18
219	215	18	18
218	217	19	18
217	219	19	18
216	221	19	17
215	222	19	17
214	224	19	18
213	227	19	18
212	229	19	18
211	231	19	18
213	231	19	18
217	232	19	18
222	232	19	18
225	232	19	18
228	231	19	17
231	230	19	18
233	229	19	18
235	229	20	18
236	227	19	18
239	226	18	18
239	225	19	18
241	224	20	18
242	223	20	17
242	223	20	17
243	223	20	17
244	223	20	18
244	225	20	18
245	226	19	18
246	228	19	19
246	229	19	19
248	230	19	19
251	232	19	19
256	232	19	19
260	232	20	19
264	233	19	19
267	233	20	20
270	233	19	20
272	233	20	20
274	233	20	20
274	232	19	21
272	232	19	20
271	231	19	19
266	229	20	21
256	227	19	20
247	225	20	21
241	224	20	21
234	224	19	22
225	225	19	21
217	226	20	21
214	226	19	21
210	227	20	21
209	226	20	21
207	225	19	22
203	224	20	23
199	224	20	23
196	224	21	23
197	223	20	23
195	223	20	23
193	224	21	23
189	226	19	24
184	229	20	23
180	232	20	24
177	235	21	24
175	236	19	24
171	239	21	24
170	240	21	25
171	240	20	26
171	240	20	27
172	239	19	26
175	240	20	25
176	239	21	26
180	239	19	26
183	238	20	26
188	234	19	28
191	231	21	29
192	231	21	26
192	228	21	28
192	224	20	30
192	224	21	30
190	223	21	30
188	223	20	31
191	222	19	30
192	222	19	29
188	223	19	29
185	223	20	29
190	222	19	30
194	220	21	31
201	220	21	31
207	222	21	32
208	226	21	32
209	232	21	31
211	236	22	32
215	239	22	32
219	240	23	32
224	240	23	32
227	241	23	33
227	241	24	33
226	242	24	33
224	241	24	33
224	239	25	33
224	237	25	33
224	235	25	34
221	233	26	34
224	231	26	34
227	229	27	34
228	227	27	35
229	226	27	34
231	225	28	35
235	224	28	35
236	224	28	35
238	225	29	35
242	226	29	35
246	227	29	35
250	227	29	35
253	227	30	35
256	227	30	35
261	226	30	35
263	226	30	36
264	224	30	36
265	224	31	36
268	222	32	35
270	220	31	36
269	218	31	36
271	216	31	36
273	214	31	36
275	213	32	36
275	211	31	36
274	210	31	36
271	208	32	36
266	207	33	36
261	205	33	35
257	203	33	35
257	201	32	36
252	198	33	35
245	196	33	35
236	193	32	36
227	190	33	34
223	186	32	35
221	181	32	35
217	181	32	34
211	183	33	34
211	186	32	35
216	186	32	34
224	184	32	34
233	184	33	34
242	184	33	34
249	185	32	34
257	190	32	33
263	195	32	32
265	198	33	32
265	199	32	32
264	200	32	32
264	200	31	31
261	200	31	31
258	198	30	31
252	197	31	31
241	195	30	30
230	192	30	30
220	191	30	29
211	187	29	29
202	184	30	29
197	180	29	29
193	180	29	29
190	183	28	29
188	188	28	29
190	197	28	28
199	204	28	28
208	207	28	28
213	209	27	28
216	208	28	29
219	208	27	28
223	207	26	26
223	204	28	26
225	201	28	26
226	198	28	26
225	196	27	25
224	196	27	26
223	195	25	25
218	198	28	24
218	205	26	24
219	210	27	23
222	217	26	22
223	224	25	20
224	229	27	18
230	231	25	17
234	232	26	18
239	233	24	17
240	233	25	16
241	232	24	16
242	231	25	16
242	230	25	15
241	228	24	16
241	224	24	16
237	225	25	14
234	223	25	13
230	218	25	14
228	215	25	14
225	215	23	14
223	214	24	14
220	213	24	14
221	213	25	14
220	208	27	20
219	211	27	19
220	211	27	20
228	213	28	19
233	215	28	19
235	216	29	20
239	220	29	19
243	224	28	18
243	228	29	18
243	232	29	17
242	236	29	17
241	239	30	17
239	240	30	16
239	242	29	17
236	243	29	16
233	241	29	16
231	242	28	16
228	240	28	16
226	233	29	16
228	227	28	15
232	226	28	15
233	226	28	14
235	227	28	14
240	228	28	14
245	230	29	15
247	232	29	15
247	236	30	15
249	238	30	15
253	238	30	16
252	240	30	16
252	242	29	17
250	241	31	18
247	241	30	18
245	242	30	17
242	243	31	17
241	245	30	16
239	247	30	17
238	248	29	17
237	252	29	18
241	255	30	17
246	258	30	18
247	261	30	17
248	262	29	17
247	260	29	17
245	256	29	18
243	250	29	18
243	242	28	18
242	233	29	18
240	223	29	17
241	215	29	18
241	212	29	18
239	210	29	18
238	204	28	18
235	199	28	17
233	196	28	18
230	195	28	18
225	193	29	17
222	191	27	16
218	188	28	17
215	183	26	17
211	175	27	16
219	163	27	17
233	158	28	16
241	156	27	17
251	156	26	17
263	156	27	17
271	157	25	17
276	160	26	16
280	170	27	17
283	178	27	17
286	186	25	17
288	194	27	18
290	200	26	18
292	204	26	18
293	208	26	17
294	211	25	17
295	207	25	16
289	195	23	17
281	187	25	17
275	184	25	18
267	183	25	16
256	181	26	17
248	181	26	17
241	182	27	16
237	184	26	16
233	187	26	17
230	193	26	17
224	199	28	16
221	203	27	17
217	207	28	17
213	212	27	17
210	215	28	16
207	218	28	17
208	221	28	18
215	225	28	17
218	227	28	18
219	229	28	17
223	231	28	17
228	234	27	18
232	235	29	18
231	237	29	18
232	240	29	18
232	242	29	17
232	243	29	17
237	243	27	18
239	246	27	17
242	248	28	18
248	250	28	18
254	253	28	17
258	255	29	18
263	258	28	18
264	261	28	17
267	263	28	18
272	263	29	17
273	263	29	17
274	264	29	17
273	263	29	17
272	264	28	17
267	264	28	17
260	265	28	16
246	265	27	16
229	264	27	16
220	263	28	15
213	254	28	15
209	241	28	16
208	227	28	16
208	214	29	15
209	208	29	15
210	205	29	15
210	203	29	15
209	201	29	15
209	200	28	15
207	200	28	15
207	205	27	15
207	210	27	14
209	214	27	15
210	222	27	15
211	232	27	15
208	239	28	15
208	245	27	15
211	252	27	15
211	258	27	15
211	262	26	15
214	266	27	15
223	269	26	15
233	267	26	16
247	265	25	15
254	262	25	15
259	259	26	16
259	255	26	15
259	253	26	16
256	250	25	16
251	249	26	17
247	247	25	16
241	246	25	16
240	242	24	16
241	239	24	16
242	236	25	17
241	233	23	16
240	232	22	15
235	234	23	16
231	240	22	15
224	247	23	16
219	251	22	17
215	255	20	15
216	257	21	15
223	258	21	15
228	259	19	14
231	257	19	14
234	253	19	15
232	247	18	15
230	242	17	15
225	239	16	16
225	237	15	14
231	233	14	14
232	231	13	14
232	228	13	14
239	228	10	13
242	229	12	12
246	228	10	11
247	228	10	12
244	227	11	12
243	225	11	12
245	224	11	12
246	224	10	14
244	227	13	12
242	229	13	11
241	231	13	12
239	233	13	12
236	235	14	12
232	237	14	12
231	238	14	12
228	240	13	14
224	245	15	14
224	251	15	13
223	259	15	12
223	268	14	12
215	274	16	13
209	278	15	14
202	279	14	15
196	279	15	15
191	279	16	16
191	280	16	16
199	279	16	16
203	278	16	15
201	278	15	15
201	277	15	16
207	276	15	16
211	271	15	16
208	266	15	16
207	263	15	15
201	252	15	15
204	239	16	13
214	226	16	14
214	219	16	14
215	214	16	13
221	209	17	14
233	204	18	13
241	199	18	14
241	198	18	14
240	204	17	13
239	206	17	12
239	206	17	11
237	205	18	12
235	205	19	12
234	207	18	12
233	208	19	16
231	209	19	13
228	210	19	13
225	210	18	12
220	208	18	14
216	207	19	13
212	206	19	11
208	201	18	14
203	199	19	13
198	197	18	12
194	199	18	14
191	200	17	15
187	201	18	14
190	200	18	14
192	200	18	13
195	200	18	13
200	199	18	13
206	199	17	13
209	199	17	13
217	197	18	12
228	194	17	12
246	191	17	13
262	189	17	11
272	194	17	13
276	204	18	11
280	214	18	10
280	219	18	12
281	224	18	12
281	224	18	13
280	224	18	13
279	224	18	13
274	223	17	13
267	224	18	12
260	224	18	12
256	223	16	12
246	223	18	12
240	224	18	11
235	223	18	11
227	224	18	11
218	228	18	10
211	232	18	10
205	235	18	10
200	239	18	10
195	240	19	10
191	239	18	10
188	240	18	10
185	235	18	10
185	230	18	10
186	225	18	10
194	220	18	10
214	214	17	10
223	210	17	10
227	208	17	10
229	206	17	10
230	204	18	10
230	204	17	10
233	202	17	10
235	201	18	10
239	202	16	10
242	207	18	10
246	212	17	10
249	222	17	10
251	227	17	10
252	228	18	10
253	229	17	10
256	230	17	10
257	230	17	10
259	231	17	10
259	231	17	10
256	230	18	10
246	231	18	10
235	229	18	10
229	227	18	10
224	219	19	10
218	215	18	10
214	210	19	10
210	207	19	10
206	204	18	10
201	203	20	10
199	202	19	10
196	206	19	10
194	209	19	10
192	211	19	10
192	212	19	10
194	213	20	10
205	212	19	10
213	209	19	10
216	206	20	10
217	203	21	10
220	200	20	10
223	199	19	11
224	198	20	10
222	198	20	11
220	198	20	11
219	197	20	11
220	196	20	12
220	194	21	12
220	192	20	12
220	191	21	12
221	189	21	13
221	188	21	13
222	186	21	13
223	185	21	14
224	184	22	14
226	182	22	14
227	180	22	15
229	178	22	16
232	177	21	15
233	178	21	16
233	180	21	16
233	180	22	16
233	180	21	16
233	180	21	16
231	180	21	16
230	179	21	16
226	178	21	17
221	177	21	17
216	176	22	17
214	175	21	18
212	174	21	18
210	172	22	18
209	172	21	19
209	171	21	19
211	172	22	19
213	176	22	19
215	179	22	20
221	179	21	21
227	180	21	21
230	180	21	20
232	180	22	21
235	180	22	21
240	180	21	22
242	179	22	21
245	179	22	22
246	179	22	22
247	179	22	22
248	178	22	22
250	178	21	23
249	178	21	23
249	179	21	23
248	179	21	23
245	179	22	23
244	178	22	23
243	178	22	24
241	179	22	24
241	178	22	24
241	178	22	24
242	178	22	24
246	181	22	24
251	185	22	25
256	189	22	25
265	193	22	24
269	195	22	25
272	197	22	25
274	198	22	25
276	200	22	25
278	202	21	25
277	204	22	25
273	205	22	26
270	207	22	26
263	208	22	26
251	210	22	26
244	212	22	26
239	213	22	26
236	215	22	25
234	216	22	25
232	216	21	25
229	214	22	25
228	214	22	25
228	213	22	25
229	214	21	25
229	214	22	25
231	215	22	25
232	216	22	25
233	217	22	26
235	218	22	25
237	220	22	25
237	221	22	25
239	223	22	25
239	225	22	25
240	227	22	25
241	229	22	24
242	231	22	24
243	233	22	23
243	232	22	23
242	233	22	23
240	232	22	22
240	231	22	22
240	230	22	21
240	230	22	21
240	230	22	20
240	230	22	20
240	231	23	20
239	231	22	20
237	232	22	19
236	234	22	19
235	232	22	18
232	229	22	18
229	225	22	18
228	222	22	17
227	219	22	17
227	217	22	16
225	216	22	16
224	216	22	15
223	215	22	15
222	216	22	14
221	216	22	14
220	217	22	13
220	219	21	13
220	222	22	13
220	226	22	12
221	229	22	12
223	230	21	12
224	233	22	12
225	235	22	12
227	235	22	12
228	232	22	11
230	229	22	11
233	228	22	11
235	227	22	11
239	227	21	10
242	227	22	10
246	227	22	10
249	229	22	10
251	231	22	10
253	231	22	10
255	232	22	10
258	232	22	10
260	232	22	10
263	232	22	10
261	233	22	10
257	233	22	10
255	233	21	11
247	234	21	11
238	234	22	11
233	234	22	11
230	234	22	11
228	235	22	12
222	235	21	12
217	235	22	12
216	236	22	12
214	238	21	12
215	238	21	13
215	239	21	12
215	239	22	13
215	240	22	13
216	240	22	13
217	236	21	14
218	234	21	15
220	232	21	15
223	231	21	15
227	231	21	15
235	230	21	15
242	230	21	15
246	230	21	15
251	230	21	15
253	231	21	16
256	232	21	17
257	233	21	17
258	235	21	18
258	235	21	18
255	236	21	17
250	239	21	17
244	240	21	18
240	241	21	18
234	242	21	18
230	244	21	18
227	245	21	18
224	244	21	18
222	243	21	18
220	242	21	19
218	241	21	19
217	240	21	19
215	239	21	18
215	236	21	18
214	234	21	19
214	234	21	19
214	234	21	19
215	234	21	19
216	235	21	19
217	236	22	19
218	236	21	19
219	237	21	19
219	238	22	19
220	239	22	19
221	240	22	19
222	239	22	19
222	239	22	19
221	239	22	19
220	237	22	19
216	236	22	19
212	235	23	19
209	235	23	19
203	235	23	20
200	234	23	20
197	235	23	19
195	234	22	19
192	233	23	20
190	233	23	20
188	233	23	19
186	231	23	19
184	229	23	19
184	228	23	19
182	227	23	20
181	227	23	20
182	227	23	20
181	226	24	20
181	227	23	21
185	227	23	20
193	227	23	21
198	229	23	21
202	229	23	21
205	229	23	22
207	229	23	22
209	229	24	23
212	229	24	22
215	230	23	23
216	230	23	23
218	229	23	23
219	228	23	23
219	224	22	23
216	220	23	23
214	216	23	23
212	212	24	23
208	208	23	23
202	206	23	24
198	202	23	25
194	201	23	24
190	198	23	25
187	197	23	25
186	197	23	25
187	194	23	26
185	194	23	26
183	194	23	26
184	194	23	26
184	194	23	26
185	195	23	27
186	196	24	28
188	197	24	27
190	199	23	27
191	199	24	28
194	201	24	29
195	202	24	29
197	203	24	29
199	203	24	30
201	204	24	30
198	204	24	31
196	205	25	30
196	205	25	30
195	205	25	31
197	205	25	32
200	203	24	33
201	204	25	32
200	204	25	33
200	206	24	32
199	207	24	32
194	209	26	32
191	210	25	34
187	210	26	36
184	212	27	33
180	211	26	34
176	212	28	34
171	212	28	34
166	213	28	34
162	212	28	35
157	209	29	36
153	211	29	35
148	209	30	36
144	209	30	36
138	209	30	36
135	209	29	35
135	209	31	36
136	208	31	37
137	206	32	36
139	207	33	34
143	204	32	36
147	205	33	35
154	206	33	35
160	205	35	36
168	206	34	36
174	207	34	37
175	206	35	38
175	207	36	37
174	208	35	37
170	207	36	38
168	207	36	38
168	207	36	38
167	207	37	38
165	207	37	39
163	207	37	39
163	207	38	39
161	206	38	39
161	206	39	40
162	206	39	40
163	204	40	41
164	204	40	41
167	203	40	41
169	202	40	42
172	201	41	43
178	200	41	43
181	199	41	43
184	199	42	43
189	197	42	43
193	197	43	44
194	196	44	45
193	195	45	44
191	195	45	45
191	194	46	45
192	194	47	45
192	194	47	45
191	194	48	45
189	193	49	45
189	193	49	45
191	193	50	45
188	193	50	45
180	192	51	45
175	192	51	46
173	192	52	45
171	192	52	45
165	192	53	45
162	193	54	45
163	194	55	46
163	194	55	46
163	196	55	45
166	197	56	46
174	199	56	46
182	201	57	45
187	203	57	45
192	205	57	45
195	207	57	46
197	209	58	46
200	211	58	46
208	211	58	45
217	208	58	46
227	203	58	46
231	198	58	47
234	195	58	47
236	191	59	47
239	188	59	46
240	184	60	46
237	184	61	45
234	182	61	44
237	182	62	44
247	182	63	44
257	183	63	44
265	183	65	43
274	185	65	44
285	190	66	43
297	195	66	42
307	200	67	42
319	204	67	42
335	207	68	42
348	212	68	42
360	215	68	41
372	218	69	41
381	220	70	40
386	221	70	40
394	221	70	40
404	220	70	39
409	219	68	39
403	218	70	38
397	218	69	39
388	224	68	37
382	232	68	38
375	237	67	37
359	242	67	37
344	247	68	36
335	251	67	36
331	253	68	35
324	255	68	35
308	254	69	34
290	254	68	33
276	254	68	33
265	253	67	33
250	253	68	32
236	254	66	32
226	256	67	31
220	258	67	31
215	259	68	31
210	262	68	31
204	266	67	31
199	270	66	30
193	273	67	29
187	276	68	30
182	276	66	29
176	272	65	29
169	267	66	29
163	259	63	28
156	254	62	28
150	251	63	27
144	249	62	28
143	246	62	27
144	245	60	27
141	246	61	26
137	247	60	26
136	248	60	27
138	250	58	26
136	252	58	25
133	254	58	25
131	256	58	26
132	257	57	25
132	257	57	25
128	257	56	24
122	257	53	24
114	255	55	24
111	255	54	23
111	253	54	23
112	251	54	24
115	249	53	23
120	247	53	23
127	245	52	23
134	246	53	23
138	251	52	24
145	257	52	24
160	261	52	23
184	266	52	22
211	271	52	22
231	281	52	22
254	289	49	21
275	293	50	23
292	297	50	22
308	300	49	22
325	300	49	23
335	294	48	23
330	290	48	23
320	287	50	24
319	283	48	24
325	280	50	24
329	278	50	24
326	273	50	26
324	271	52	26
327	271	50	24
325	267	50	25
320	265	48	28
311	264	49	26
299	263	49	26
287	262	49	26
275	262	48	26
262	262	48	25
255	260	47	27
259	258	47	28
266	256	47	28
268	255	47	26
273	251	46	26
281	249	46	25
282	247	45	24
282	246	46	23
288	246	45	21
296	244	40	21
307	247	39	18
312	254	39	18
320	264	37	20
330	277	36	18
340	296	35	17
347	320	37	17
351	342	36	17
325	341	92	18
322	330	131	29
315	299	164	60
194	197	285	162
145	87	334	134
0	63	480	296
0	0	480	360
0	23	480	336
0	14	480	345
0	0	480	360
0	41	480	318
0	30	480	329
0	9	480	350
0	13	480	346
0	0	480	360
0	29	480	330
0	2	480	357
0	6	480	353
0	8	480	351
0	11	480	348
0	11	480	348
0	12	480	347
0	12	480	347
0	0	480	360
0	25	480	334
0	6	480	353
0	0	480	360
0	17	480	342
0	0	480	360
0	0	480	360
0	0	480	360
0	0	480	360
0	0	480	360
0	0	480	360
0	0	480	360
0	0	480	360
0	0	480	360
0	0	480	360
0	0	480	360
0	0	480	359
0	0	480	360
0	0	480	360
0	0	480	360
17	0	462	360
0	9	480	350
56	4	423	355
0	43	480	316
0	19	480	340
0	19	480	340
0	47	480	312
0	33	480	326
0	16	480	343
24	57	455	302
46	82	433	277
35	82	444	277
1	78	478	281
51	115	428	244
3	71	476	288
47	80	432	279
0	82	480	277
25	59	454	300
4	57	475	302
0	48	480	311
0	14	480	345
0	61	480	298
0	43	480	316
0	21	480	338
0	12	480	347
0	0	480	360
0	17	480	342
0	0	480	360
0	0	480	360
0	0	480	360
0	0	480	360
0	2	480	357
0	8	480	351
0	0	480	360
0	0	480	360
0	0	480	360
0	4	480	355
0	0	480	360
0	0	480	359
0	0	480	360
0	4	480	355
0	0	480	360
0	0	480	360
0	0	480	360
0	22	480	337
0	0	480	360
0	36	480	323
0	12	480	347
0	0	480	360
0	2	480	357
0	4	480	355
0	43	480	316
0	40	480	319
0	31	480	328
0	27	480	332
0	40	480	319
0	32	480	327
0	40	480	319
39	91	440	268
0	35	480	324
0	31	480	328
0	48	480	311
0	35	480	324
0	0	480	360
0	4	480	355
0	19	480	340
0	35	480	324
0	5	480	354
0	55	480	304
0	58	480	301
0	72	480	287
0	97	480	262
0	117	480	242
0	195	464	164
13	140	466	219
0	160	480	199
0	145	480	214
0	136	480	223
0	157	480	202
0	170	480	189
0	162	480	197
0	160	480	199
0	164	480	195
0	142	480	217
0	176	480	183
0	139	480	220
0	170	480	189
0	180	480	179
0	138	480	221
0	133	480	226
0	139	480	220
0	132	480	227
0	131	480	228
0	142	480	217
0	174	480	185
0	184	480	175
8	170	471	189
0	165	480	194
0	150	480	209
0	186	480	173
15	157	464	202
3	165	476	194
15	143	464	216
0	152	480	207
2	155	477	204
0	138	480	221
0	132	480	227
0	146	480	213
0	134	480	225
0	150	480	209
0	158	480	201
0	132	480	227
0	95	480	264
0	72	480	287
0	104	480	255
0	107	480	252
0	126	480	233
0	149	480	210
0	124	480	235
0	134	480	225
0	100	480	259
0	125	480	234
0	120	480	239
0	108	480	251
0	111	480	248
0	111	480	248
0	98	480	261
0	107	480	252
0	98	480	261
0	128	480	231
0	138	480	221
0	98	480	261
0	96	480	263
0	113	480	246
0	116	480	243
0	80	480	279
0	91	480	268
0	106	480	253
0	85	480	274
0	56	480	303
0	20	480	339
0	30	480	329
0	26	480	333
0	36	480	323
0	52	480	307
0	39	480	320
0	38	480	321
0	34	480	325
0	34	480	325
0	16	480	343
0	13	480	346
0	0	480	360
0	47	480	312
0	28	480	331
0	29	480	330
0	26	480	333
0	24	480	335
0	32	480	327
0	17	480	342
0	14	480	345
0	10	480	349
0	18	480	341
0	36	480	323
0	0	480	360
0	29	480	330
0	11	480	348
0	27	480	332
0	34	480	325
0	0	480	360
0	25	480	334
0	17	480	342
0	10	480	349
0	12	480	347
0	3	480	356
0	32	480	327
0	21	480	338
0	50	480	309
0	37	480	322
0	30	480	329
0	9	480	350
0	49	480	310
0	42	480	317
0	56	480	303
0	63	480	296
0	76	480	283
0	91	480	268
0	139	460	220
0	118	480	241
0	125	480	234
0	115	480	244
0	129	480	230
0	136	480	223
0	133	480	226
0	123	480	236
0	109	480	250
0	131	480	228
0	113	480	246
0	69	480	290
0	81	480	278
0	106	480	253
0	88	480	271
0	51	480	308
0	9	480	350
0	30	480	329
0	7	480	352
0	33	480	326
0	43	480	316
0	21	480	338
0	35	480	324
0	22	480	337
0	25	480	334
0	6	480	353
0	0	480	360
0	3	480	356
0	0	480	360
0	16	480	343
0	22	480	337
0	8	480	351
0	0	480	359
0	0	480	360
0	17	480	342
0	39	480	320
0	18	480	341
0	12	480	347
0	0	480	360
0	10	480	349
0	25	480	334
0	30	480	329
0	126	480	233
0	124	480	235
0	108	480	251
0	85	480	274
0	19	480	340
0	35	480	324
0	26	480	333
0	3	480	356
0	22	480	337
0	54	480	305
0	11	480	348
0	64	480	295
0	29	480	330
0	13	480	346
0	64	480	295
0	19	480	340
0	62	480	297
0	1	480	358
0	16	480	343
0	63	480	296
0	46	480	313
0	45	480	314
0	56	480	303
0	8	480	351
0	38	480	321
0	0	480	360
0	41	480	318
0	0	480	360
0	33	480	326
0	0	480	360
0	0	480	360
0	0	480	360
0	0	480	360
0	0	480	360
0	23	480	336
0	36	480	323
0	0	480	360
0	22	480	337
0	12	480	347
0	0	480	360
0	33	480	326
0	22	480	337
0	22	480	337
0	32	480	327
0	22	480	337
0	49	480	310
0	77	480	282
0	18	480	341
0	49	480	310
0	56	480	303
0	48	480	311
0	18	480	341
0	1	480	358
0	0	480	360
0	39	480	320
0	57	480	302
0	45	480	314
0	0	480	360
0	42	480	317
0	2	480	357
0	14	480	345
0	60	480	299
0	0	480	360
0	29	480	330
0	37	480	322
0	6	480	353
0	23	480	336
0	21	480	338
0	20	480	339
0	43	480	316
0	53	480	306
0	81	415	278
0	130	444	229
0	125	383	207
6	142	470	217
1	133	360	201
0	157	351	199
31	131	402	203
0	179	322	180
35	143	344	183
9	178	368	181
8	145	383	208
2	105	477	254
14	142	450	217
21	170	449	189
7	140	445	219
19	154	460	205
0	134	480	225
0	111	480	248
0	88	480	271
0	58	480	301
0	72	480	287
0	49	480	310
0	52	480	307
0	72	480	287
0	41	480	318
0	69	480	290
0	45	480	314
0	56	480	303
0	48	480	311
0	84	480	275
0	84	480	275
0	34	480	325
0	51	480	308
0	73	480	286
0	100	456	259
0	37	480	322
0	61	480	298
0	72	480	287
0	81	480	278
0	40	480	319
0	28	480	331
0	55	480	304
0	17	480	342
0	9	480	350
0	13	480	346
0	16	480	343
0	25	480	334
0	66	480	293
0	48	480	311
0	31	480	328
0	33	480	326
0	22	480	337
0	20	480	339
0	0	480	360
0	36	480	323
0	10	480	349
0	21	480	338
0	57	480	302
0	76	480	283
0	100	480	259
0	82	480	277
0	36	480	323
0	58	480	301
0	76	480	283
0	81	480	278
0	56	480	303
0	100	480	259
0	114	480	245
0	120	480	239
2	117	477	242
0	107	480	252
10	138	469	216
0	106	480	253
24	141	455	204
2	112	477	247
5	163	467	195
12	156	467	203
0	123	480	236
3	134	476	225
0	109	480	250
0	123	480	236
11	124	468	235
0	87	480	272
1	117	478	242
55	156	424	203
17	158	462	201
0	121	480	238
0	122	480	237
0	114	480	245
0	118	480	241
0	104	480	255
0	109	480	250
0	102	480	257
0	81	480	278
0	84	480	275
0	2	480	357
0	40	480	319
0	19	480	340
0	42	480	317
0	54	480	305
0	0	480	360
0	50	480	309
0	14	480	345
0	0	480	359
0	21	480	338
0	4	480	355
0	8	480	351
0	25	480	334
0	16	480	343
0	0	480	360
0	17	480	342
0	0	480	360
0	43	480	316
0	7	480	352
0	32	480	327
0	70	480	289
0	19	480	340
0	42	480	317
0	55	480	304
0	56	480	303
0	78	480	281
0	48	480	311
0	26	480	333
0	44	480	315
0	54	480	305
0	108	480	251
0	55	480	304
0	28	480	331
0	37	480	322
0	24	480	335
0	30	480	329
0	39	480	320
0	51	480	308
0	20	480	339
0	22	480	337
0	29	480	330
0	94	462	265
0	94	480	265
0	102	468	257
0	95	480	264
0	83	480	276
0	75	480	284
0	57	480	302
0	32	480	327
0	18	480	341
0	39	480	320
0	52	480	307
0	38	480	321
0	67	480	292
0	42	480	317
0	64	477	295
0	2	480	357
0	34	480	325
0	0	480	360
0	0	480	360
0	7	480	352
0	0	480	360
0	25	480	334
0	0	480	359
0	27	480	332
0	34	480	325
0	6	480	353
0	34	480	325
0	2	480	357
0	21	480	338
0	74	480	285
0	99	480	260
0	135	480	224
0	102	480	257
0	61	480	298
0	138	480	221
0	115	480	244
0	133	480	226
0	88	480	271
0	78	480	281
0	77	480	282
0	111	480	248
0	93	480	266
0	107	480	252
0	92	480	267
0	65	480	294
0	36	480	323
0	90	480	269
0	120	480	239
0	97	480	262
0	102	480	257
0	53	480	306
0	63	480	296
0	65	480	294
0	79	480	280
0	120	480	239
0	129	480	230
0	165	480	194
0	114	480	245
0	106	480	253
0	112	480	247
0	103	480	256
0	99	480	260
0	74	480	285
0	89	480	270
0	85	480	274
0	53	480	306
0	63	480	296
0	117	480	242
0	94	480	265
0	61	480	298
0	100	480	259
0	74	480	285
0	131	471	228
0	89	480	270
0	87	480	272
0	72	480	287
0	68	480	291
0	74	480	285
0	63	480	296
0	52	480	307
0	39	480	320
0	53	480	306
0	40	480	319
0	51	480	308
0	75	480	284
0	82	480	277
0	107	480	252
0	116	480	243
0	112	480	247
0	123	480	236
0	123	480	236
0	130	480	229
0	142	480	217
0	143	480	216
0	140	480	219
0	127	480	232
0	145	480	214
0	147	480	212
0	133	480	226
0	114	480	245
0	76	480	283
0	59	480	300
0	21	480	338
0	59	480	300
0	56	480	303
0	61	480	298
0	62	480	297
0	58	480	301
0	76	480	283
0	85	480	274
0	77	480	282
0	65	480	294
0	73	480	286
0	67	480	292
0	56	480	303
0	82	480	277
0	38	480	321
0	78	480	281
0	51	480	308
0	41	480	318
0	70	480	289
0	38	480	321
0	67	480	292
0	26	480	333
0	10	480	349
0	36	480	323
0	17	480	342
0	33	480	326
0	1	480	358
0	39	480	320
0	21	480	279
0	20	480	282
0	28	480	267
0	40	480	285
0	11	480	348
0	0	480	331
0	49	480	273
0	65	480	294
0	18	480	341
0	50	480	309
0	43	480	316
0	51	480	308
0	23	480	336
0	19	480	340
0	26	480	333
11	68	468	291
0	39	480	298
0	73	480	286
0	12	480	347
0	43	480	316
0	29	480	330
0	49	480	310
0	25	480	334
0	81	480	278
0	35	480	324
0	82	480	277
0	25	480	334
0	100	480	259
9	23	470	336
0	61	480	298
0	19	480	340
0	55	480	304
0	10	480	349
0	3	480	356
0	0	480	360
0	0	480	360
0	0	480	359
0	0	480	360
0	0	480	360
0	44	480	315
0	73	480	286
0	59	480	300
0	62	480	297
0	62	480	297
0	63	480	296
0	39	480	320
0	24	480	335
0	37	480	322
0	18	480	341
0	11	480	348
0	59	480	300
0	68	480	291
0	31	480	328
0	0	480	360
0	12	480	347
0	5	480	354
0	0	480	360
0	21	480	338
0	9	480	350
0	0	480	360
0	0	480	360
0	0	480	360
0	0	480	360
0	0	480	360
0	0	480	360
0	0	480	360
0	8	480	351
0	10	480	349
0	42	480	317
0	0	480	360
0	47	480	312
0	11	480	348
0	58	480	301
0	22	480	337
0	40	480	319
0	42	480	317
0	48	480	311
0	16	480	343
0	63	480	296
0	48	480	311
0	58	480	301
0	49	480	310
0	41	480	318
0	42	480	317
0	81	480	278
0	28	480	331
0	40	480	319
27	44	452	315
0	64	480	295
0	11	480	348
0	29	480	330
0	44	480	315
0	23	480	336
0	84	480	275
0	0	480	360
0	76	480	283
0	0	480	360
0	63	480	296
0	105	417	254
0	101	480	258
0	55	480	304
0	3	480	356
0	25	480	334
0	47	480	312
0	68	480	291
0	18	480	341
0	65	480	294
0	57	480	302
0	62	480	297
0	61	480	298
0	31	480	328
0	74	480	285
0	59	480	300
0	47	480	312
0	53	480	306
0	16	480	343
0	37	480	322
0	0	480	360
0	28	480	331
0	47	480	312
0	45	480	314
0	46	480	313
0	31	480	328
0	75	480	284
0	56	480	303
0	54	480	305
0	53	480	306
0	44	480	315
0	124	480	235
0	93	480	266
0	52	480	307
0	135	480	224
0	137	480	217
1	130	476	213
0	132	467	184
0	110	480	234
0	99	480	256
7	131	445	172
4	132	459	184
0	111	480	248
0	121	480	213
0	92	480	245
0	75	480	284
0	95	480	219
0	117	480	232
0	54	480	305
0	33	480	326
0	42	480	317
0	70	480	289
0	66	480	293
0	99	480	260
0	109	480	250
0	32	480	327
0	29	480	330
0	53	480	306
0	54	480	305
0	38	480	321
0	54	480	305
0	35	480	324
0	0	480	360
0	48	480	311
0	27	480	332
0	6	480	353
0	11	480	348
0	0	480	360
0	27	480	332
0	55	480	304
0	7	480	352
0	40	480	319
0	44	480	315
0	12	480	347
0	4	480	355
0	42	480	317
14	52	465	307
0	41	480	318
17	65	462	294
0	46	480	313
0	75	480	284
0	33	480	326
0	39	480	320
0	8	480	351
0	57	480	302
0	36	480	323
0	25	480	334
0	55	480	304
0	20	480	339
0	43	480	316
0	63	480	296
0	55	480	304
0	62	480	297
0	64	480	295
0	63	480	296
0	81	480	278
0	40	480	319
0	56	480	303
0	51	480	308
0	48	480	311
0	44	480	315
0	57	480	302
8	83	471	276
38	146	441	213
16	151	463	208
9	131	470	228
0	63	480	296
0	24	480	335
0	64	479	295
31	61	448	298
0	72	479	287
30	70	449	289
0	37	480	322
0	38	480	321
0	56	480	303
0	10	480	349
0	20	480	339
0	23	480	336
0	54	480	305
0	16	480	343
0	23	480	336
0	61	480	298
0	0	480	360
0	59	480	300
38	0	441	360
0	27	480	332
0	0	480	360
0	40	480	319
0	0	480	360
0	37	480	322
0	0	480	360
0	0	480	360
0	37	480	322
0	0	480	360
0	18	480	341
0	31	480	328
0	19	480	340
0	48	480	311
0	0	480	360
0	128	480	231
0	158	480	201
0	135	480	224
0	59	480	300
0	2	480	357
0	136	480	223
0	167	480	192
0	140	480	219
0	154	480	205
0	191	479	168
0	141	480	218
0	191	480	168
0	160	480	199
2	195	477	164
14	175	465	184
5	180	474	179
0	160	479	199
0	174	480	185
4	185	475	174
0	156	480	203
0	144	480	215
0	119	480	240
0	135	480	224
0	98	480	261
0	135	480	224
0	134	480	225
0	141	480	218
0	153	480	206
0	141	480	218
0	174	463	185
0	149	480	210
0	144	480	215
0	96	480	263
0	120	480	239
0	143	480	216
0	140	480	219
0	150	480	209
0	142	480	217
0	121	480	238
0	119	480	240
0	102	480	257
0	86	480	273
0	68	480	291
0	64	480	295
0	87	480	272
0	68	480	291
0	29	480	330
0	0	480	360
0	38	480	321
0	0	480	360
0	42	480	317
0	26	480	333
0	21	480	338
0	30	480	329
0	9	480	350
0	27	480	332
0	12	480	347
0	16	480	343
0	0	480	360
0	49	480	310
0	32	480	327
0	29	480	330
0	12	480	347
0	7	480	352
0	42	480	317
0	81	480	278
0	8	480	351
0	94	480	265
0	53	480	306
0	43	480	316
0	63	480	296
0	63	480	296
0	83	480	276
0	25	480	334
0	17	480	342
0	44	480	315
0	39	480	320
0	9	480	350
0	38	480	321
0	26	480	333
0	26	480	333
0	14	480	345
0	42	480	317
0	0	480	360
0	58	480	301
0	47	480	312
0	52	480	307
0	63	480	296
0	53	480	306
0	53	480	306
0	43	480	316
0	88	480	271
0	54	480	305
0	10	480	349
0	64	480	295
0	62	480	297
0	53	480	306
0	48	480	311
0	40	480	319
0	48	480	311
0	64	480	295
0	57	480	302
0	60	480	299
0	57	480	302
0	76	480	283
0	66	480	293
0	46	480	313
0	77	480	282
0	42	480	317
0	77	480	282
0	35	480	324
0	35	480	324
0	64	480	295
0	76	480	283
0	62	480	297
0	80	480	279
0	73	480	286
0	54	480	305
0	32	480	327
0	21	480	338
0	0	480	360
0	18	480	341
0	0	480	360
0	11	480	348
0	0	480	360
0	9	480	350
0	0	480	360
0	13	480	346
0	0	480	360
0	22	480	337
0	9	480	350
0	0	480	360
0	9	480	350
0	0	480	360
0	0	480	360
0	0	480	360
0	0	480	360
0	0	480	360
0	0	480	360
0	0	480	360
0	0	480	360
0	0	480	360
0	0	480	360
0	0	480	360
0	0	480	360
0	0	480	360
0	0	480	360
0	0	480	360
0	0	480	360
0	0	480	360
0	0	480	360
0	0	480	360
0	0	480	360
0	0	480	360
0	0	480	360
0	0	480	360
0	0	480	360
0	0	480	360
0	0	480	360
0	0	480	360
0	0	480	360
0	0	480	360
0	0	480	360
0	0	480	360
0	0	480	360
0	0	480	360
0	0	480	360
0	0	480	360
0	0	480	360
0	0	480	360
0	0	480	360
0	0	480	360
0	21	480	338
0	0	480	360
0	35	480	324
0	0	480	360
0	47	480	312
18	51	461	308
0	30	480	329
0	59	480	300
75	57	404	302
0	90	480	269
27	78	452	281
0	50	480	309
0	95	479	264
27	109	452	250
0	46	480	313
32	84	447	275
0	50	480	309
5	19	474	340
12	55	467	304
8	37	471	322
1	0	478	360
0	32	480	327
0	0	480	360
0	37	480	322
0	10	480	349
0	0	480	360
0	38	480	321
2	1	477	358
0	29	480	330
16	34	463	325
45	16	434	343
13	81	466	278
15	59	464	300
0	58	480	301
0	24	480	335
0	70	480	289
0	16	480	343
55	34	424	325
0	21	480	338
32	67	447	292
0	36	455	323
18	49	461	310
0	42	449	317
0	58	480	301
0	16	480	343
0	69	480	290
0	50	480	309
0	70	480	289
0	59	480	300
0	59	480	300
0	29	480	330
0	90	479	269
0	94	467	265
0	74	480	285
0	87	480	272
12	103	467	256
5	108	454	251
48	100	387	259
31	157	379	202
45	144	402	203
26	131	453	228
20	127	454	232
36	136	433	223
38	129	440	230
0	113	480	246
0	115	480	244
0	110	480	249
0	104	480	255
0	118	480	241
24	123	433	236
0	119	480	240
0	104	480	255
0	101	480	258
0	98	480	261
0	123	480	236
0	128	475	231
0	147	465	212
9	163	433	196
26	157	407	202
17	162	423	197
0	152	425	207
32	156	316	191
19	179	332	148
30	183	270	107
20	196	240	91
48	201	194	84
76	215	148	62
104	218	75	60
130	220	34	55
134	222	29	52
134	222	29	53
133	224	30	52
132	223	29	52
128	223	29	51
122	222	29	49
113	222	29	49
107	221	30	48
101	217	28	48
94	213	29	49
86	209	29	47
78	207	29	45
68	203	28	45
64	194	31	46
64	191	31	43
68	190	29	36
69	178	31	42
72	175	33	40
79	173	32	36
87	167	32	39
94	160	33	41
102	160	36	39
111	160	33	38
118	160	35	38
126	163	34	37
130	164	36	39
137	174	36	33
143	175	36	36
150	179	36	36
157	182	36	35
164	184	37	35
169	185	37	36
168	186	38	33
167	186	39	34
165	185	40	32
165	182	40	32
163	179	40	32
158	177	40	29
152	175	40	29
146	172	40	28
139	168	40	27
136	166	40	26
131	165	41	26
123	168	41	26
119	172	40	26
114	177	41	25
113	184	41	24
113	191	41	23
112	195	39	22
111	198	41	23
111	201	41	21
112	204	41	20
115	206	41	18
118	207	39	17
119	207	40	17
120	208	39	16
122	208	41	16
125	208	41	15
127	210	39	16
127	211	40	15
130	211	39	15
131	209	40	15
133	210	40	14
136	209	39	14
136	208	39	14
137	208	37	13
138	209	38	13
141	213	38	13
142	215	39	13
145	219	38	12
148	222	37	12
150	223	36	12
152	224	36	12
155	224	36	13
159	224	36	13
160	224	37	12
165	224	35	13
168	224	36	13
170	225	36	13
175	226	35	13
179	230	34	13
182	233	34	12
182	234	36	13
184	236	36	12
189	238	35	13
192	239	34	13
195	239	35	13
198	239	34	13
202	239	35	13
208	239	33	14
212	238	32	13
215	238	33	14
220	239	35	14
224	238	36	14
229	239	35	14
233	239	35	14
239	239	32	14
243	234	33	13
247	229	33	14
251	225	33	14
254	221	32	16
253	219	31	14
247	217	33	14
243	216	31	15
234	214	34	14
230	211	31	15
224	210	32	16
217	209	33	14
211	208	32	14
204	208	33	14
198	209	32	14
191	209	32	14
186	210	32	15
183	213	32	15
180	215	31	15
176	217	31	17
174	220	29	16
171	223	29	16
168	224	32	16
167	227	31	16
170	230	30	16
172	230	30	16
173	229	30	16
175	227	30	16
178	225	30	17
180	225	30	17
183	225	29	17
186	227	29	16
191	227	28	16
193	228	28	17
195	229	28	17
200	229	26	17
201	231	27	17
202	230	28	17
205	231	27	16
208	232	26	17
209	235	26	16
214	236	25	16
216	238	25	16
220	239	27	16
224	239	25	15
225	239	25	16
226	241	25	16
226	242	25	17
228	243	25	16
230	244	25	16
231	246	22	16
231	249	21	15
230	250	21	16
230	249	19	16
227	248	20	15
224	243	22	15
224	234	22	16
223	228	21	16
223	226	20	16
223	224	20	15
225	223	21	15
230	223	20	16
235	223	21	16
239	226	20	16
240	227	21	16
244	227	20	17
250	228	21	17
256	226	21	16
261	225	21	16
268	219	21	17
273	214	21	17
274	210	21	17
278	207	21	17
289	202	21	18
301	200	21	18
314	198	22	18
320	198	22	18
323	197	22	18
323	197	22	19
323	197	22	19
321	197	21	19
320	196	22	19
319	196	21	19
318	196	22	20
315	196	22	20
312	198	22	20
309	200	22	21
303	201	22	21
297	202	22	21
291	203	22	20
281	203	22	20
273	204	23	21
266	204	22	21
259	203	23	21
253	203	23	20
248	203	23	20
242	203	22	20
237	202	23	20
233	202	23	20
230	200	23	21
228	199	23	21
228	198	23	21
229	197	23	20
230	197	23	20
231	198	23	21
230	199	23	21
232	201	23	21
234	203	24	21
239	204	23	20
240	206	24	20
243	207	24	20
244	209	24	21
243	212	24	20
242	214	24	20
241	215	23	20
241	216	24	21
240	217	24	21
240	218	24	20
239	218	23	20
239	219	23	20
236	218	24	20
235	217	23	21
232	215	23	20
230	211	24	20
228	209	24	21
227	206	25	20
225	204	25	20
224	202	24	20
223	200	24	20
222	198	25	20
221	196	24	20
219	194	25	20
218	191	24	20
217	189	24	20
214	186	24	20
213	183	25	20
211	181	25	20
209	179	25	20
208	177	25	20
207	175	24	20
206	175	24	20
204	174	25	20
204	172	25	20
203	170	25	20
202	168	24	20
203	168	25	21
203	168	25	20
203	167	25	21
203	166	25	20
203	165	25	21
203	163	27	21
204	160	25	21
203	158	25	21
199	153	24	22
195	151	25	21
192	145	25	22
192	141	24	22
191	137	24	22
189	135	26	23
189	136	26	23
187	140	28	22
189	145	27	24
191	152	25	25
194	160	28	24
198	163	29	24
205	167	26	24
209	166	27	25
215	168	28	25
219	169	28	26
223	168	30	26
229	165	29	26
232	163	29	27
235	161	30	28
234	158	31	28
231	154	30	30
229	151	30	28
224	145	30	29
218	142	32	29
215	141	30	29
202	142	33	29
191	143	32	30
184	147	33	29
179	153	33	31
179	159	33	31
181	169	34	32
186	178	33	32
191	179	34	33
194	179	34	33
185	177	34	33
177	175	35	32
176	171	34	33
176	166	35	34
174	162	34	34
170	157	35	34
164	152	35	35
156	145	35	36
147	140	35	36
145	132	35	38
142	126	35	37
132	120	37	38
128	113	36	38
119	107	37	39
115	100	36	38
109	94	36	40
101	91	37	39
97	86	37	40
94	84	38	41
92	84	37	42
91	85	38	42
96	86	37	42
101	83	39	43
107	82	38	44
113	83	39	44
119	88	39	44
124	98	39	45
130	112	39	45
133	119	39	47
136	122	40	46
138	128	40	46
142	132	40	46
146	133	41	47
150	132	40	48
152	130	41	49
154	129	41	49
154	128	41	49
153	128	41	50
154	129	40	50
156	131	41	50
159	131	41	51
160	132	41	51
162	133	42	52
163	133	42	52
165	132	42	53
165	133	42	53
165	133	42	54
166	132	42	55
165	133	42	55
166	133	42	55
169	133	43	55
172	135	43	55
177	135	43	55
182	137	43	55
189	140	43	55
194	145	43	55
198	149	43	55
203	152	43	55
205	155	44	55
208	155	44	56
213	155	44	56
215	155	44	57
219	155	44	57
221	154	43	57
222	155	43	57
223	157	43	57
224	160	43	56
226	162	44	56
223	166	43	56
220	166	44	56
219	168	43	56
220	168	43	56
220	168	44	56
220	167	44	56
220	169	44	56
223	174	43	55
225	180	44	55
227	186	43	55
227	191	42	54
227	192	42	54
226	191	41	54
224	190	41	54
221	192	41	53
223	192	41	53
224	194	41	53
225	197	41	53
226	197	41	53
225	199	41	51
224	202	40	51
224	203	40	50
223	206	40	49
221	211	41	48
221	216	41	47
219	222	41	47
218	229	41	47
217	235	41	47
216	239	41	46
216	243	41	46
216	248	40	45
216	255	41	44
216	260	41	45
218	268	41	44
218	274	42	43
219	280	42	43
224	286	40	41
228	290	41	42
234	295	41	42
238	298	41	42
242	299	41	41
247	302	41	40
251	306	41	40
252	309	41	39
254	311	40	38
254	314	41	38
254	316	41	38
249	318	42	37
246	316	41	36
244	311	42	35
241	311	42	34
241	303	42	33
242	293	43	33
242	289	43	32
244	286	43	31
247	281	44	30
254	276	42	30
260	272	43	29
262	273	43	29
259	275	43	28
261	277	43	27
258	280	43	27
252	283	43	26
248	286	43	25
244	287	44	25
239	286	42	24
231	281	43	25
224	275	43	24
216	272	42	23
208	268	43	23
213	255	42	21
225	239	43	21
223	235	41	21
215	233	41	20
213	232	40	20
209	231	40	19
206	230	39	17
204	227	39	17
202	225	37	18
204	222	37	17
203	222	36	16
203	220	35	18
200	218	34	19
198	216	34	18
202	213	29	19
200	210	30	19
202	207	29	20
210	202	27	21
213	198	26	20
212	193	26	22
210	189	26	23
207	187	24	25
202	188	25	27
199	193	23	30
195	200	23	29
192	202	22	30
191	203	21	32
188	207	20	32
187	211	19	32
185	215	19	32
182	222	17	32
179	225	17	32
175	229	17	32
173	230	17	33
169	231	19	33
167	234	20	33
164	238	21	32
163	241	22	32
161	244	23	33
158	247	24	33
157	250	25	32
154	254	27	32
151	258	28	32
152	261	30	31
154	264	30	31
170	264	31	31
182	254	31	30
182	247	33	30
185	234	34	29
189	219	33	29
191	210	34	28
192	208	34	27
191	207	34	26
191	208	33	26
190	209	34	24
187	212	34	24
190	213	33	24
196	216	34	22
203	218	34	22
210	220	33	21
215	223	32	21
217	227	33	22
217	230	32	21
218	235	32	21
218	239	31	22
217	243	30	23
216	247	29	23
215	251	29	23
211	255	28	22
209	257	27	24
206	256	23	25
199	257	22	26
191	258	22	25
186	260	21	23
178	259	20	23
174	258	17	25
167	256	16	25
165	253	17	24
168	242	14	24
179	221	14	22
201	204	13	21
204	201	13	21
206	201	11	21
207	203	10	20
203	206	10	21
200	210	11	21
195	216	12	22
192	223	13	22
191	228	12	21
190	233	12	21
191	240	13	22
192	246	13	19
191	250	13	21
186	250	13	20
181	249	12	19
184	249	12	17
185	249	13	16
185	249	14	17
187	248	14	17
195	248	14	16
212	244	16	15
222	234	15	16
221	230	16	15
226	225	17	14
231	220	17	13
233	214	18	12
226	208	18	12
217	203	19	12
215	209	19	12
207	216	20	11
200	223	21	10
195	228	21	11
194	234	21	11
195	239	21	11
198	244	21	10
202	248	21	10
209	251	22	10
219	256	21	10
227	260	22	10
232	262	22	10
238	263	22	10
244	263	21	10
249	263	22	10
254	264	21	10
256	264	21	10
256	263	22	10
256	260	22	10
258	255	22	10
259	249	21	10
255	246	22	10
253	242	20	10
249	243	22	10
245	247	21	10
242	252	21	11
238	259	20	12
232	268	22	11
227	275	21	11
223	279	20	11
218	280	20	12
214	280	20	11
214	278	20	11
218	272	21	12
222	265	20	12
224	259	20	12
226	250	20	13
231	242	20	13
234	234	20	12
236	228	19	13
239	225	19	13
239	223	19	13
239	219	20	12
240	215	20	13
242	209	20	14
242	206	20	13
244	203	20	13
244	201	20	14
246	201	20	15
246	204	20	14
246	207	20	14
247	213	19	14
248	221	20	14
248	229	20	15
249	239	20	15
251	248	20	15
255	256	19	14
257	261	20	15
261	262	20	15
264	261	19	15
266	259	20	15
269	255	19	15
272	238	19	15
274	226	20	15
276	217	20	15
278	212	20	15
279	207	21	15
280	207	20	16
281	207	21	16
283	205	21	16
280	203	20	16
279	200	19	16
276	198	20	16
274	195	20	16
272	192	20	17
269	190	20	16
266	187	20	16
264	186	20	17
263	190	20	17
263	194	19	17
263	198	20	17
262	200	20	18
262	204	20	17
262	205	20	18
262	207	21	17
262	207	20	18
263	208	20	18
264	210	21	18
264	212	21	19
265	214	21	18
267	217	20	18
269	219	21	18
271	221	20	18
272	223	21	18
274	225	21	19
277	227	21	19
278	229	21	19
279	230	21	19
278	231	21	19
276	232	21	19
274	233	21	20
270	233	21	20
267	234	21	20
263	234	21	20
258	229	21	21
255	226	20	21
250	224	21	20
248	223	21	19
247	221	21	20
246	220	21	20
244	219	21	20
241	220	21	19
240	220	21	20
239	220	21	20
238	221	21	20
238	222	21	20
238	224	21	21
239	224	20	21
240	225	20	21
242	228	21	21
244	229	21	21
246	230	21	21
248	232	21	21
249	233	21	21
251	236	20	21
254	237	21	22
256	237	22	21
259	237	21	21
261	237	21	20
264	236	21	21
266	235	21	20
268	236	21	20
271	235	21	20
274	235	21	20
275	234	21	21
277	235	21	21
279	235	21	20
281	235	21	20
283	237	20	20
286	239	20	19
288	239	21	20
290	240	21	20
292	242	21	20
292	245	21	19
292	245	20	19
290	247	21	19
289	248	22	18
287	251	21	18
286	253	21	18
283	254	21	17
282	256	21	17
280	258	22	18
280	259	22	17
280	259	22	17
280	257	22	16
280	255	23	16
281	253	23	15
282	251	22	16
283	250	22	14
284	248	22	14
283	247	21	13
283	247	21	13
279	247	21	12
276	248	23	11
276	248	21	11
275	247	21	10
274	245	21	10
272	243	22	10
272	242	20	10
271	242	19	10
268	241	21	10
267	241	21	10
264	240	22	10
261	239	24	10
259	240	24	10
257	239	24	10
256	239	27	10
256	238	27	10
256	237	25	11
256	238	26	10
255	236	25	11
255	235	25	11
254	235	26	11
255	234	27	11
255	234	28	11
256	232	29	12
258	231	28	12
258	231	28	12
260	230	28	13
261	229	27	12
258	228	28	13
249	228	29	12
247	227	29	12
246	226	29	13
246	225	29	14
247	224	29	14
247	223	29	14
245	221	30	16
246	220	30	15
246	218	30	16
245	218	30	16
246	216	30	16
246	215	31	16
247	213	30	17
247	210	30	17
247	209	30	17
245	207	32	17
244	205	32	18
244	204	32	18
245	201	32	19
244	200	32	19
243	198	33	19
243	197	32	19
244	195	32	20
243	193	32	20
242	192	32	20
221	199	32	21
214	201	32	21
209	201	33	21
206	202	32	21
203	202	33	21
198	201	33	22
195	201	33	22
193	198	34	22
191	196	32	23
188	193	34	23
190	189	34	23
191	185	34	24
193	182	34	24
196	179	34	25
199	176	34	25
204	176	34	25
209	176	34	26
213	178	35	27
217	180	35	27
222	181	35	27
227	181	35	27
233	182	35	28
235	183	36	28
236	197	36	28
225	211	35	29
219	216	36	29
216	217	35	31
216	218	36	31
213	218	36	33
212	218	35	32
210	217	36	33
209	212	37	33
208	208	36	34
207	206	37	33
207	203	36	34
207	200	36	35
206	198	36	36
205	196	36	36
206	194	36	37
205	194	36	37
205	193	36	37
207	193	36	38
207	193	36	38
208	192	36	39
210	193	37	39
210	193	36	39
210	194	36	40
212	194	37	40
213	194	36	41
217	196	37	41
219	197	36	41
219	198	36	42
223	199	37	42
225	199	36	42
225	199	36	42
224	199	35	42
223	193	35	43
222	188	35	43
220	185	35	43
218	182	36	43
221	179	35	43
224	176	36	44
226	175	35	44
228	171	35	44
229	167	35	44
232	162	35	44
233	159	35	45
239	157	34	44
246	154	34	45
248	153	36	45
250	151	35	45
252	150	35	45
253	150	34	45
255	150	35	45
256	149	34	44
256	150	34	45
256	149	34	45
257	150	34	45
256	151	33	45
255	153	33	44
253	155	33	44
252	157	33	44
252	161	32	44
240	177	32	44
229	189	31	43
227	196	31	44
229	202	31	43
230	208	31	44
232	212	30	43
233	214	30	43
235	217	29	43
238	216	28	43
241	213	28	43
241	212	26	42
233	212	26	42
229	213	26	42
224	215	26	42
220	216	25	41
212	217	25	42
201	217	23	41
188	218	23	41
178	219	21	40
169	221	22	40
162	224	23	39
160	226	21	41
153	230	21	38
148	232	21	40
145	233	20	37
143	231	19	38
145	231	19	38
150	226	17	36
156	227	19	35
163	229	20	34
170	230	19	33
179	230	16	34
187	231	15	37
188	234	15	37
194	238	14	38
195	242	14	37
197	247	13	38
198	252	14	38
194	257	14	38
188	263	14	37
186	264	14	37
183	263	14	38
182	261	15	37
180	258	15	37
175	255	15	36
168	248	16	36
165	243	17	36
160	241	17	35
155	240	18	36
159	239	18	36
162	239	20	35
168	236	20	36
178	230	21	34
183	228	21	35
185	228	21	35
192	228	22	35
195	230	23	34
197	229	23	35
197	230	23	35
197	232	24	34
198	233	24	34
198	236	24	34
199	239	24	34
199	242	25	34
200	244	25	34
205	247	26	34
208	248	27	34
205	245	26	33
200	239	27	33
195	233	27	33
191	226	27	34
188	221	27	33
187	216	27	33
184	213	28	32
183	211	28	33
184	208	27	33
185	207	28	32
188	206	28	33
192	205	28	33
195	204	27	33
196	203	27	33
197	203	27	33
198	203	26	33
199	202	27	33
202	202	27	33
201	200	27	32
202	198	26	32
202	195	25	33
200	194	26	32
199	193	25	32
198	194	25	33
195	196	26	33
195	198	25	33
194	199	25	32
194	198	25	32
195	197	25	32
198	195	25	32
200	192	24	31
207	187	24	32
227	183	24	31
235	175	24	31
238	172	24	31
240	173	24	30
243	178	24	30
243	186	25	30
243	191	24	32
242	199	25	30
244	208	24	31
244	215	25	29
245	217	25	30
247	222	25	28
247	230	26	28
250	234	28	30
250	233	29	30
250	231	29	29
249	228	30	30
248	223	31	30
245	218	33	30
244	215	33	29
241	212	33	29
238	208	34	29
237	204	35	28
235	203	36	29
235	202	36	29
235	204	37	27
235	209	38	27
235	216	39	26
239	222	38	25
240	227	39	25
241	230	40	25
240	243	41	24
238	249	40	23
235	247	41	22
237	245	42	22
236	243	42	21
239	240	43	20
239	237	43	19
240	232	44	19
243	227	45	19
244	222	44	18
245	218	45	18
245	213	46	17
244	209	47	18
243	207	47	19
242	208	48	18
241	208	48	20
238	207	48	20
236	205	49	22
234	202	50	23
233	199	50	24
232	197	51	25
235	199	51	27
236	200	51	29
237	199	52	30
239	196	51	32
239	193	51	33
238	187	51	34
237	171	51	36
233	155	51	38
232	143	50	39
231	133	51	41
229	124	50	43
224	117	52	44
224	114	51	46
223	120	50	46
222	127	51	47
223	135	52	49
224	137	52	50
225	141	53	51
226	142	52	52
228	145	53	53
231	149	53	54
231	153	53	56
227	159	53	56
226	158	54	57
220	157	54	57
211	154	55	58
206	152	54	59
199	148	55	60
191	144	55	61
182	144	55	62
175	146	55	63
171	154	56	64
169	168	55	65
164	174	55	65
158	179	54	66
155	181	54	67
153	181	55	68
151	181	55	68
149	177	55	68
146	169	55	69
142	161	54	69
137	155	54	69
136	146	55	69
132	142	54	69
129	139	55	70
127	139	55	71
128	141	55	71
127	145	54	71
125	149	55	70
124	156	55	71
123	163	55	71
122	171	54	71
122	178	55	71
124	186	55	71
128	194	54	71
131	201	53	70
137	197	53	70
143	193	52	69
150	185	52	68
160	177	50	68
166	176	51	68
172	179	51	67
175	178	48	68
177	181	48	66
179	183	47	66
180	182	47	66
182	181	46	66
188	183	47	64
197	186	47	63
201	184	46	63
202	183	46	62
203	181	45	62
204	179	45	61
203	181	45	60
201	183	45	58
198	183	45	58
194	184	44	57
190	185	43	56
183	186	45	56
176	190	46	54
169	193	47	53
165	195	46	52
164	197	48	52
164	200	49	51
164	205	49	48
170	207	49	48
172	208	49	47
174	209	50	47
175	210	52	47
177	211	53	45
178	215	51	44
179	217	52	42
183	218	52	40
185	219	52	39
186	222	52	36
186	221	52	36
190	216	51	36
194	215	53	35
195	212	54	33
200	208	54	32
204	205	53	31
207	204	52	30
210	204	53	29
214	206	54	27
219	208	53	26
222	211	52	26
224	215	53	24
223	219	54	23
227	224	54	22
231	228	53	23
231	232	53	22
235	239	52	19
239	241	49	19
239	242	52	20
240	241	52	20
240	240	51	20
244	239	51	20
245	239	49	19
245	237	50	18
247	236	49	19
247	234	49	20
248	234	48	19
248	233	47	20
249	233	47	20
249	233	46	20
248	233	46	21
248	232	46	21
248	231	45	21
245	230	43	22
240	229	45	22
238	226	44	22
235	223	44	22
230	220	42	21
226	217	43	22
221	215	42	21
216	212	43	21
211	210	44	20
206	208	42	21
200	208	42	20
196	207	43	20
192	207	44	20
188	208	42	19
183	208	42	19
178	214	43	19
175	218	42	20
173	223	43	21
171	225	42	20
171	228	42	21
172	230	41	21
175	231	40	21
176	232	41	22
177	231	41	23
177	232	42	22
177	232	39	23
177	232	39	23
178	231	38	23
176	231	39	24
176	229	38	25
180	224	36	26
191	213	37	25
193	209	38	26
192	206	37	25
192	201	36	26
191	198	35	26
191	195	33	27
187	193	36	26
183	191	38	27
182	191	34	26
178	191	35	24
176	191	35	24
175	190	34	26
175	189	35	26
175	188	35	27
180	188	34	26
181	187	35	26
181	186	34	25
182	186	34	27
182	191	34	24
183	195	32	26
183	201	32	25
183	204	32	26
183	206	32	25
184	207	32	27
184	208	33	27
185	209	34	27
185	211	33	27
186	212	33	27
187	215	32	27
187	217	32	27
186	220	33	27
187	222	33	27
188	223	31	27
186	222	30	26
185	223	30	27
184	223	31	26
183	221	30	27
182	220	28	28
180	217	28	29
178	216	29	28
176	215	30	26
175	215	30	26
171	214	28	28
168	213	28	28
166	214	27	28
163	213	28	27
163	214	27	26
161	214	28	27
159	213	27	29
159	213	28	27
159	214	27	27
160	213	28	27
162	212	27	28
168	212	27	27
171	212	27	28
175	213	26	27
176	214	28	26
180	215	26	27
182	216	25	28
182	218	25	29
184	219	25	28
184	220	26	27
185	222	27	27
186	223	27	28
190	225	25	28
191	225	24	28
192	226	24	28
193	227	24	28
193	226	24	28
191	225	24	29
192	224	23	27
189	223	24	25
186	219	24	26
184	215	23	26
181	214	23	25
181	214	22	25
180	214	22	25
177	213	23	25
178	211	24	26
179	210	24	26
181	208	23	27
184	208	23	26
188	208	23	26
191	207	22	26
193	207	23	25
198	207	22	25
203	207	23	24
208	207	22	24
214	206	23	24
218	205	22	25
224	205	22	24
228	204	23	25
232	203	23	24
237	203	23	24
241	203	23	25
244	202	23	24
248	204	23	24
252	205	23	24
255	206	23	23
256	207	23	23
257	207	23	23
256	207	23	22
256	207	23	23
256	206	23	23
257	206	23	23
259	207	24	23
261	208	23	23
262	209	22	23
262	209	23	23
263	209	23	22
263	208	23	23
263	208	23	23
262	207	23	22
261	205	23	22
259	205	23	22
257	204	23	23
255	205	22	22
253	206	23	23
250	207	22	23
245	209	22	23
241	211	22	23
238	215	22	22
234	216	22	23
231	218	22	22
229	220	22	22
228	220	22	21
225	222	22	21
224	223	22	21
223	224	22	21
220	225	22	21
220	226	21	21
219	227	20	20
219	229	21	20
220	230	20	20
219	231	20	18
221	231	20	18
221	231	21	17
223	232	20	18
224	232	21	16
225	233	22	15
226	234	22	14
228	233	22	14
228	235	21	13
229	236	20	13
229	234	21	13
231	227	17	12
231	223	18	11
231	215	17	13
232	208	18	12
232	204	18	11
230	201	18	12
228	199	17	11
225	199	17	12
223	200	17	12
223	201	17	12
223	202	18	12
223	203	19	12
224	204	19	11
225	205	21	11
226	205	21	11
227	206	21	12
230	208	21	11
231	212	22	10
231	215	22	11
232	218	22	12
234	219	22	11
239	220	22	11
245	220	21	11
248	217	22	12
251	213	21	11
253	211	21	12
253	208	22	12
248	208	21	12
237	212	22	12
227	214	22	12
223	214	21	13
218	215	21	13
216	216	21	14
213	217	21	14
211	219	22	15
214	224	21	15
218	228	21	16
224	231	22	16
232	232	22	16
240	234	21	17
248	236	20	17
251	237	20	17
255	239	19	17
255	240	21	18
257	240	21	18
261	231	19	19
263	216	20	19
265	208	20	19
265	203	20	19
264	199	20	20
265	197	19	19
264	195	20	20
264	194	19	20
262	197	19	20
264	204	18	20
264	209	19	21
265	215	19	20
265	217	19	21
266	220	18	20
264	223	18	19
262	223	17	19
260	223	18	20
257	223	18	21
255	223	16	20
253	223	17	20
250	223	17	18
248	220	16	19
248	218	16	20
247	218	16	20
248	216	16	20
250	217	19	20
255	216	16	20
258	217	17	20
262	217	16	19
266	216	16	20
267	217	17	20
270	217	16	19
271	217	16	18
271	217	15	18
271	217	14	16
271	217	14	16
272	217	13	14
270	219	10	13
267	220	10	10
264	219	10	10
260	220	10	10
257	218	10	10
255	217	10	10
248	216	12	10
244	214	11	10
240	213	11	10
238	210	10	10
239	215	12	10
245	215	11	11
256	217	11	13
263	217	13	13
265	217	14	13
271	216	15	13
280	215	15	13
285	213	13	13
291	213	13	11
294	212	13	12
294	212	14	11
294	211	13	12
293	209	15	13
288	207	15	14
286	207	14	14
282	205	14	14
277	204	15	14
271	200	16	15
265	199	16	15
259	198	16	15
254	197	14	15
247	198	15	15
240	199	16	16
239	200	16	15
241	200	15	15
243	200	14	15
245	201	16	15
248	205	16	14
251	207	14	16
254	208	15	15
256	207	15	16
259	208	16	16
258	208	17	16
257	208	17	16
255	208	16	15
253	208	16	15
250	208	17	15
247	207	17	16
244	207	18	16
241	207	17	16
239	207	16	15
236	207	18	13
235	206	17	15
234	208	17	15
236	210	18	13
239	209	16	15
242	211	17	15
246	211	16	15
250	211	17	14
255	211	16	15
258	211	17	16
261	209	18	16
263	208	17	17
265	207	17	16
265	207	17	16
265	207	17	16
265	207	17	16
264	208	16	15
264	209	16	15
263	208	17	17
261	210	17	17
260	210	17	17
260	212	17	16
260	212	16	16
259	212	16	17
258	213	16	17
257	212	16	17
257	211	16	17
257	211	16	17
258	210	15	17
258	210	15	17
257	209	16	17
258	209	15	16
258	208	15	16
258	208	15	16
257	207	15	16
257	207	15	15
258	206	15	17
256	205	15	15
253	205	15	14
250	203	15	15
248	201	14	16
244	200	16	16
245	198	15	16
243	198	15	16
243	197	14	16
244	197	14	15
243	196	14	14
243	193	15	15
243	192	16	15
246	191	15	15
248	191	14	14
248	191	15	13
250	193	15	12
252	198	14	10
255	200	13	10
255	204	13	10
255	208	15	10
255	208	15	10
255	211	14	10
255	212	15	10
255	214	15	10
255	215	15	10
255	215	14	10
254	216	14	10
255	214	14	10
255	214	15	10
255	213	14	10
256	212	14	10
256	211	14	10
258	209	13	10
257	208	12	10
258	207	12	10
257	207	13	10
256	207	12	10
255	207	11	10
254	207	10	10
252	205	10	10
247	205	12	10
246	204	10	10
243	204	12	10
240	203	14	10
239	202	16	10
238	201	17	10
236	200	17	10
234	199	21	10
232	198	23	10
235	198	21	10
235	197	22	10
238	196	22	10
241	194	23	10
244	193	22	10
246	192	24	10
248	192	25	10
255	195	23	10
258	196	24	10
261	197	24	10
264	196	25	10
263	196	25	10
258	196	24	10
254	194	24	10
247	192	25	10
242	190	26	10
239	189	25	10
235	187	26	11
233	185	26	12
231	182	27	12
232	180	26	12
231	177	27	13
233	175	27	14
235	170	26	14
236	166	26	15
236	161	26	17
238	157	25	18
239	156	26	19
239	163	25	20
239	168	24	21
237	170	25	22
237	171	24	23
238	171	23	24
236	169	24	25
236	168	23	25
236	166	22	25
236	164	22	25
237	161	21	26
237	160	20	27
236	160	20	27
235	162	20	26
