480	105	138	52
477	106	133	54
479	112	134	61
475	129	136	59
470	139	135	60
463	157	136	68
451	181	138	63
441	195	137	59
434	205	137	54
433	172	139	72
438	162	138	70
423	195	144	72
408	211	142	55
393	199	142	56
382	196	140	53
378	192	137	54
377	186	139	54
381	182	137	56
382	188	142	60
398	202	148	58
415	209	142	56
425	209	136	73
425	244	137	68
405	262	152	76
375	314	151	65
403	305	165	58
450	273	156	76
482	241	137	71
457	238	153	58
422	250	152	55
401	257	144	60
395	274	138	66
393	293	139	53
394	298	142	60
397	314	141	66
370	337	154	64
343	355	153	70
336	379	145	70
321	391	151	62
313	391	148	64
308	408	148	66
311	398	147	74
320	375	152	68
339	362	157	62
367	350	154	64
390	333	144	65
399	319	143	63
406	296	142	68
419	287	144	60
432	281	148	59
446	267	144	64
453	264	143	55
452	269	143	59
450	243	150	79
471	192	155	86
490	192	153	78
474	224	162	57
459	223	146	57
465	231	152	64
489	248	150	57
506	250	147	56
524	248	153	57
550	257	153	58
566	263	142	55
549	265	149	55
517	262	159	57
467	256	172	56
430	232	166	74
403	182	165	85
392	175	157	69
396	198	159	63
415	202	159	61
438	213	164	69
472	237	162	63
505	244	155	58
523	236	142	59
522	233	144	60
527	230	144	61
534	220	146	62
545	209	144	62
522	202	158	64
513	183	146	69
518	182	152	68
535	173	155	75
543	155	154	75
502	156	175	75
490	178	150	87
491	209	147	65
493	221	146	75
502	249	156	84
524	287	150	72
533	309	145	73
520	337	149	60
511	336	146	59
499	331	151	58
481	308	151	68
474	292	147	63
477	289	148	63
479	292	148	64
432	272	179	69
395	267	164	71
398	282	157	65
419	283	156	64
409	292	160	73
388	312	155	66
386	305	152	69
397	291	149	67
401	298	148	66
409	296	149	67
421	289	150	67
436	297	160	69
468	305	161	65
493	305	149	73
505	318	163	70
547	319	188	71
615	315	151	69
590	314	161	68
570	320	154	66
539	321	162	63
534	328	145	70
544	338	144	65
536	320	148	65
530	324	144	69
531	325	146	69
521	336	146	64
503	328	154	63
475	335	159	68
451	341	158	64
443	337	149	64
450	343	149	64
443	340	157	65
398	328	177	66
380	325	152	67
389	322	162	68
415	323	154	67
428	332	146	65
418	320	153	73
408	307	150	67
413	310	154	66
430	302	160	68
460	299	157	67
469	306	148	69
468	317	147	68
479	326	157	68
500	342	163	72
539	357	181	64
594	347	160	66
584	350	164	65
552	359	162	61
526	351	158	61
523	354	149	64
538	366	147	56
544	351	146	62
556	350	155	57
576	355	145	57
569	358	150	56
558	360	148	56
552	355	146	58
551	354	147	60
552	358	148	59
564	358	152	60
546	341	170	69
505	333	166	59
503	334	156	61
527	312	159	70
545	296	148	64
522	288	155	58
515	282	146	59
520	271	154	60
543	264	164	56
573	265	153	58
579	269	149	59
563	279	151	71
556	300	148	59
558	305	155	66
576	323	165	62
611	324	168	61
644	323	149	59
624	322	156	58
604	321	156	58
593	317	149	54
596	319	153	57
615	314	151	58
631	304	146	54
621	308	152	60
605	321	149	56
601	321	143	54
596	322	145	58
593	333	144	59
583	340	150	71
575	365	144	66
572	381	147	60
556	386	153	57
548	382	145	60
547	368	144	62
541	360	145	60
540	351	144	59
545	338	143	61
549	322	141	62
549	307	140	62
547	300	141	60
545	294	143	62
533	292	145	62
519	291	148	63
504	282	146	70
505	275	150	68
524	269	160	71
557	245	147	81
546	229	156	74
499	233	169	79
482	247	148	72
479	239	143	66
484	242	143	64
493	243	142	63
502	241	139	70
497	264	142	78
485	296	145	63
470	305	148	70
453	330	149	72
438	348	150	66
431	360	148	70
451	376	156	65
458	373	153	67
442	365	147	68
444	350	147	69
458	342	145	68
467	318	147	72
485	296	155	69
511	283	140	64
512	274	139	61
513	270	143	62
525	268	139	64
526	273	138	65
527	276	139	66
526	277	139	71
533	288	152	68
563	285	169	70
614	271	166	70
627	265	160	71
568	257	180	68
555	251	145	66
572	241	159	65
600	242	145	66
613	245	143	64
625	246	142	64
627	258	143	68
612	272	145	61
591	278	151	72
560	311	157	79
539	343	150	76
536	364	142	71
516	364	158	70
517	364	158	68
474	352	167	66
469	351	147	66
489	327	159	75
520	305	144	69
528	293	140	67
519	272	143	78
506	253	144	65
506	248	141	65
513	252	140	64
509	256	141	68
510	264	140	68
510	269	141	70
516	272	147	69
538	255	172	72
593	233	165	76
609	232	156	68
544	223	188	70
486	220	172	64
482	218	152	65
510	230	163	73
532	244	146	63
509	239	148	61
506	251	143	68
518	268	144	62
521	282	143	79
491	316	156	80
462	352	155	80
451	390	143	85
443	428	150	69
404	440	165	64
396	446	149	65
423	440	164	67
449	420	143	72
427	414	150	60
422	408	141	63
433	382	143	71
446	366	141	66
458	350	144	66
475	342	144	61
495	341	145	61
513	337	142	61
527	349	148	74
553	374	147	61
572	381	151	69
607	404	172	76
667	432	148	63
677	429	139	60
668	423	138	59
658	432	136	62
652	441	132	57
653	426	130	57
651	429	131	55
643	434	133	54
635	436	133	54
610	434	144	53
575	438	148	59
549	449	140	56
544	453	131	56
550	461	130	58
525	471	144	58
514	464	132	60
521	454	142	60
546	435	128	65
540	419	130	61
540	412	128	56
552	393	131	62
564	376	126	59
569	372	127	55
574	365	127	59
583	361	132	58
593	362	127	58
582	366	131	64
576	386	127	69
594	410	161	62
651	416	153	59
683	415	132	61
630	413	161	58
611	395	128	63
627	378	148	61
666	362	129	62
662	351	128	57
658	336	127	59
671	329	128	54
679	336	123	57
662	335	133	57
627	330	144	58
585	335	144	59
576	340	126	64
590	333	125	64
590	335	125	63
561	291	146	77
521	265	143	66
519	253	132	67
546	223	134	74
557	211	125	61
544	211	126	61
524	192	131	67
512	172	124	64
517	164	128	63
526	163	124	64
517	176	123	68
522	184	126	62
522	190	126	82
516	227	124	74
533	238	138	66
546	221	129	66
520	217	136	62
515	224	124	60
525	226	128	59
541	238	128	64
559	253	122	59
569	262	121	60
578	277	120	61
585	293	119	59
582	303	121	58
556	314	134	66
531	335	128	62
528	348	117	60
535	353	120	58
524	344	131	65
485	315	138	69
480	301	127	61
510	279	137	69
540	262	115	63
528	246	119	59
526	227	114	59
519	212	116	57
518	206	113	55
522	199	112	55
517	196	115	56
508	198	117	56
503	199	115	58
503	210	116	64
512	229	131	60
544	230	141	60
566	210	127	65
490	197	162	56
469	186	118	59
492	166	139	62
531	154	122	56
552	151	119	52
567	154	118	54
585	167	116	58
598	185	111	55
597	198	112	58
577	220	118	55
542	235	127	54
514	251	122	49
510	256	108	47
504	246	114	52
464	228	133	51
447	213	111	53
455	189	117	60
459	167	113	57
453	164	110	47
469	159	124	51
496	151	105	49
479	143	116	49
463	135	111	49
463	136	106	49
463	141	107	53
445	150	114	57
441	164	110	67
455	194	122	63
487	216	130	56
526	214	111	57
512	197	120	57
478	183	121	54
481	169	125	58
524	149	134	55
571	140	106	51
566	143	105	49
569	146	111	47
592	147	108	48
600	153	102	52
576	163	114	49
548	170	115	52
531	181	107	51
528	190	100	50
528	191	101	50
525	178	106	59
456	152	149	61
413	139	119	52
427	135	139	54
489	123	114	52
478	110	118	53
464	96	103	56
458	84	103	53
450	72	104	52
449	70	103	49
452	75	101	58
445	92	102	60
438	113	103	62
437	137	102	60
449	153	117	53
480	138	104	61
454	111	125	63
429	104	106	54
441	86	125	60
479	71	102	54
483	67	100	49
490	54	103	51
503	52	109	49
526	63	112	48
552	73	103	49
543	86	109	53
507	103	117	54
480	119	110	50
478	126	98	46
488	122	100	47
468	103	119	55
405	76	140	59
389	55	103	56
407	23	108	63
416	4	100	53
419	0	103	43
435	0	103	34
439	0	99	23
441	0	99	20
450	0	100	25
449	0	101	30
440	0	98	38
437	3	97	54
443	28	108	59
470	48	119	46
506	21	97	62
458	1	129	45
428	0	107	32
438	0	99	17
432	0	131	75
383	0	275	96
282	6	450	292
181	75	969	591
30	0	1229	606
0	0	1265	610
0	0	1280	686
0	0	876	373
304	0	730	305
254	42	629	406
175	83	869	508
19	0	1092	558
8	74	1174	571
0	9	1280	673
50	21	1201	515
0	64	1175	474
34	81	1005	405
38	90	1016	473
45	69	1018	505
21	92	1083	466
56	108	998	495
86	122	1036	518
154	105	859	588
119	213	819	498
263	305	706	414
404	333	494	378
227	289	690	430
301	334	673	385
0	230	899	489
165	318	862	401
179	89	893	567
97	0	984	207
199	17	895	461
151	0	1014	550
9	0	1186	401
25	21	1173	471
0	0	1186	555
0	0	1214	575
62	105	1198	574
0	0	1280	702
0	0	1280	690
22	87	1257	632
46	152	1233	567
17	166	1226	503
10	25	1269	674
0	0	1254	638
0	0	1251	687
0	65	1246	654
24	20	1255	635
0	0	1235	592
0	54	1197	590
0	0	1280	658
0	0	1173	638
17	0	1262	684
0	0	1199	608
0	0	1229	720
88	88	1191	631
0	0	1144	720
93	145	1186	574
43	122	1150	564
68	206	1170	513
99	231	1089	468
131	343	1045	376
0	165	1134	540
7	0	975	494
0	0	546	511
42	4	582	471
0	0	526	421
0	0	456	333
0	0	471	339
38	68	702	386
0	87	1097	481
0	158	1224	561
0	26	1251	693
0	0	1280	663
0	0	1280	720
0	0	1280	677
0	0	1280	720
0	0	1280	703
0	0	1280	697
0	0	1280	701
0	0	1280	676
0	0	1280	714
0	0	1280	674
0	0	1280	701
0	0	1280	720
0	0	1280	644
0	0	1280	422
60	0	1194	484
20	0	1132	485
50	21	1187	679
0	0	1275	629
0	0	1280	625
0	0	1280	689
0	0	1280	668
0	0	1280	501
93	0	1186	467
145	8	1134	490
46	15	1213	413
87	44	1185	391
94	100	1139	309
162	97	1044	364
122	141	1079	322
169	99	1074	367
132	94	1020	307
166	106	905	410
222	27	957	472
78	64	1066	387
121	64	1079	474
24	0	1225	578
51	15	1178	457
50	30	1222	442
81	64	1181	481
85	4	1194	546
186	88	1092	454
148	78	1131	516
213	207	1066	444
181	157	1089	453
114	293	1155	417
0	120	1189	536
47	259	1200	460
0	0	1208	550
0	4	1231	669
0	0	1271	456
62	143	1182	576
0	17	1228	695
0	0	1260	490
0	10	1263	709
0	0	1280	477
35	0	1244	694
0	0	1280	574
0	0	1267	637
0	0	1280	695
0	0	1280	533
0	0	1243	622
0	0	1280	627
1	42	1278	677
0	0	1279	546
0	0	1248	586
0	0	1274	610
0	0	1280	649
0	0	1280	404
22	21	1123	616
0	0	1116	254
248	91	969	520
0	0	985	491
0	0	1101	290
39	27	1060	520
35	0	1033	246
44	3	966	312
88	23	1037	413
87	0	930	243
144	61	968	577
22	0	1234	299
58	3	1138	524
0	0	1280	247
0	0	1094	235
10	29	1087	300
0	16	1137	294
0	0	1126	331
0	28	1255	328
23	95	1252	307
69	158	1164	227
84	195	982	236
66	194	1033	259
21	196	1110	254
49	200	1195	267
22	216	1233	279
2	255	1253	289
3	254	1276	288
102	236	1177	343
191	375	1088	273
32	321	1221	320
82	325	1197	349
106	391	1170	301
87	419	1176	300
130	391	1143	326
103	433	1157	279
0	306	1166	413
44	406	1219	313
98	345	1181	342
56	480	1219	239
66	514	1203	189
79	481	1200	228
95	432	1175	253
20	484	1174	218
16	322	1133	369
3	478	1228	241
0	458	1257	261
0	446	1276	273
17	594	1190	125
71	378	1069	341
0	524	1074	195
82	498	987	221
0	113	1094	606
41	23	1221	322
101	62	1145	281
49	81	1178	370
123	89	1152	390
81	137	1183	412
0	53	1221	561
65	108	1194	381
20	45	1192	482
130	143	1126	307
35	139	1181	345
0	203	1204	429
135	205	1118	412
69	178	1209	501
0	233	1260	476
44	208	1235	423
25	185	1248	442
45	253	1234	433
6	250	1255	428
9	262	1255	440
0	289	1263	415
17	297	1240	422
26	300	1250	419
54	280	1222	432
20	327	1248	392
21	297	1240	422
42	304	1226	415
70	276	1185	443
271	309	992	410
78	307	1194	412
43	294	1226	425
48	299	1231	420
35	312	1244	407
31	253	1243	448
89	280	1190	437
98	221	1181	437
94	261	1183	407
106	225	1173	414
137	425	1135	294
214	366	1000	353
109	305	1152	407
109	279	1152	380
88	275	1170	407
118	236	1160	426
71	236	1201	431
93	224	1185	419
96	263	1173	416
72	230	1207	418
93	267	1147	372
126	265	1043	310
62	296	1109	305
119	273	1024	335
156	299	983	297
77	319	1051	353
98	331	1103	352
120	352	1056	314
164	381	982	320
83	412	1054	301
134	408	981	311
207	400	1017	305
169	385	978	320
174	378	1011	327
170	356	1044	344
254	380	966	325
248	392	984	310
477	384	789	279
361	317	756	329
212	231	958	485
263	415	985	304
206	241	1006	478
142	488	1129	231
172	383	1078	336
115	482	1138	237
152	523	1117	196
219	525	1060	194
227	484	1039	235
117	309	1098	410
0	199	1205	520
53	7	1204	712
41	0	1238	720
23	2	1256	717
27	0	1252	720
3	0	1276	709
83	0	1196	624
124	19	1155	700
70	0	1209	692
11	0	1260	710
11	14	1268	705
52	0	1227	684
0	48	1272	671
28	0	1251	711
66	0	1213	720
7	14	1272	705
22	0	1257	720
81	0	1198	684
0	0	1280	710
21	0	1258	687
0	0	1280	720
0	0	1280	708
0	17	1259	702
0	4	1280	715
0	0	1280	720
4	0	1275	720
0	0	1280	720
0	0	1280	650
0	28	1280	691
70	0	1209	681
36	0	1243	719
22	0	1257	705
32	0	1247	681
0	0	1280	720
26	0	1253	695
1	0	1278	681
4	0	1275	644
0	0	1280	654
0	0	1280	648
0	0	1280	673
0	0	1269	643
0	67	1240	652
0	0	1241	708
0	0	1210	650
0	0	1246	660
0	16	1257	692
0	0	1280	699
0	0	1238	633
0	0	1258	640
0	2	1257	644
0	0	1280	605
0	6	1278	682
0	0	1280	687
0	0	1280	692
0	0	1166	561
0	116	1220	603
0	24	1280	649
0	0	1280	627
0	0	1277	655
0	0	1231	624
0	0	1252	494
0	44	1118	602
18	0	1261	662
0	0	1265	540
0	27	1214	631
0	0	1280	646
0	0	1251	669
0	101	1219	565
0	40	1097	625
11	20	1253	688
0	35	1205	664
0	0	1239	709
0	0	1246	696
0	0	1256	663
3	177	1161	500
0	203	1155	455
0	95	1191	553
0	26	1264	683
0	0	1274	680
0	0	1261	626
0	0	1280	664
0	0	1280	677
0	71	1280	648
0	0	1270	720
0	16	1224	703
0	0	1280	720
0	0	1280	686
0	19	1215	700
0	9	1254	668
0	0	1251	656
0	18	1265	701
0	0	1280	692
0	0	1280	439
53	11	1218	650
0	32	1280	687
6	0	1245	643
0	0	1276	699
0	0	1206	668
0	0	1280	634
0	50	1239	669
0	0	1231	694
0	0	1122	705
0	0	1189	667
0	0	1221	700
0	0	1235	630
0	0	1275	670
0	31	1264	688
0	0	1222	696
0	0	1280	720
0	0	1280	720
0	0	1280	720
0	0	1280	720
0	0	1280	720
48	0	1231	720
79	0	1200	720
13	0	1260	706
99	0	1180	668
114	0	1165	673
72	0	1203	683
2	0	1277	659
54	0	1225	720
94	0	1185	610
160	0	1119	641
85	0	1180	692
0	0	1268	707
38	19	1241	700
18	0	1221	647
0	93	1277	626
0	25	1245	674
0	0	1265	642
0	161	1262	558
0	63	1146	656
0	80	1239	639
0	47	1199	672
0	0	1216	673
0	0	1243	719
0	0	1255	720
0	0	1274	697
0	26	1280	693
38	0	1234	691
78	34	1201	685
0	30	1224	684
135	59	1100	645
582	176	628	514
322	192	760	496
452	200	530	378
218	160	872	395
529	89	517	459
391	143	632	462
573	143	473	443
468	157	521	414
581	207	422	372
572	202	423	434
482	208	580	466
254	249	807	379
273	244	796	475
85	336	1119	383
125	348	1068	363
87	409	1170	307
449	303	759	376
545	294	467	425
255	236	745	483
238	318	884	401
143	402	1030	312
570	194	458	525
313	339	818	380
260	288	797	431
544	292	581	427
539	312	617	407
500	334	718	385
189	342	1060	377
584	326	680	393
509	292	686	427
198	310	990	409
610	297	534	422
251	200	846	519
406	217	812	502
427	234	842	485
169	231	1057	488
72	199	1165	520
146	188	1051	531
29	109	1125	610
12	74	1267	645
0	1	1280	718
0	0	1270	693
0	0	1280	720
4	0	1275	703
0	0	1280	720
0	0	1259	690
0	0	1257	701
0	0	1232	664
0	0	1246	591
142	98	1096	621
0	93	1244	623
0	0	1226	692
0	0	1263	650
0	5	1271	714
0	0	1277	672
0	0	1266	717
18	0	1261	680
0	12	1280	707
94	0	1185	691
51	28	1228	691
40	5	1239	686
5	0	1274	699
36	0	1243	680
22	0	1257	720
17	0	1262	694
80	0	1199	590
66	0	1183	612
124	17	1148	596
38	3	1173	598
64	1	1150	673
0	30	1220	689
4	46	1275	673
0	35	1276	684
0	0	1280	699
5	0	1249	611
0	63	1228	656
0	0	1233	720
0	0	1248	648
0	28	1255	691
15	0	1249	679
0	0	1274	400
172	147	1081	466
0	45	1252	569
33	0	1218	580
77	34	1133	613
0	215	1242	485
39	243	1216	476
0	174	1258	545
18	318	1261	401
41	254	1219	465
0	318	1265	401
110	307	1112	412
0	278	1245	441
20	210	1173	509
9	147	1206	572
0	240	1230	479
0	166	1206	553
0	301	1206	418
60	199	1021	520
14	268	1234	451
0	252	1116	467
0	338	1165	381
30	304	981	415
42	365	811	354
192	317	818	402
23	250	1010	469
40	177	998	542
0	162	1155	557
12	233	1165	486
50	133	1097	586
0	139	1212	580
0	185	1247	534
0	173	1252	546
0	108	1243	611
0	11	1160	708
0	0	1241	718
0	99	1280	620
0	143	1257	576
0	168	1270	551
254	78	924	639
12	74	1241	643
0	0	1267	709
150	43	1129	676
75	0	1189	642
92	61	1187	658
108	1	1114	612
58	22	1175	633
43	0	1165	610
6	12	1236	707
16	28	1257	682
0	0	1251	713
30	0	1233	660
0	49	1232	670
48	0	1081	507
152	98	1007	621
260	12	895	681
38	24	1076	663
201	91	1006	517
252	105	803	593
407	49	632	576
153	42	868	548
221	51	885	620
244	26	762	568
208	57	876	596
0	53	1163	472
181	133	988	434
168	85	989	634
196	28	897	595
137	0	1034	500
391	110	620	558
324	66	631	490
259	54	753	496
176	34	904	506
244	92	915	609
386	36	622	632
352	91	631	461
410	81	520	479
441	126	423	443
413	105	465	384
375	171	556	430
393	178	523	348
364	200	534	408
475	221	400	334
419	186	468	357
252	157	654	377
263	167	728	453
224	107	768	514
487	169	457	489
515	150	422	477
294	93	629	597
398	93	553	620
461	102	482	592
390	122	620	582
98	150	982	497
296	103	983	616
105	197	1174	522
150	149	1089	560
77	188	1153	531
157	160	1012	471
74	180	1197	463
31	296	1248	379
102	184	1177	492
45	328	1231	349
140	339	1139	279
121	436	1158	243
115	431	1161	218
91	441	1132	232
83	439	1170	230
118	460	1143	209
57	412	1146	278
26	396	1168	260
70	354	1091	255
123	266	984	313
193	241	978	289
260	222	854	287
113	245	955	253
195	220	965	284
181	171	963	325
497	31	617	416
157	46	996	603
35	231	1244	447
51	271	1217	448
117	322	1162	390
186	366	1093	353
295	173	980	530
637	129	642	586
625	105	632	614
685	92	571	621
649	102	563	569
652	154	616	553
592	128	611	591
767	216	485	498
605	219	595	473
764	198	412	517
730	254	474	465
400	133	695	586
741	196	506	523
720	156	446	563
642	224	538	495
732	210	473	509
359	215	757	504
759	228	497	491
737	297	455	422
394	266	719	453
363	175	829	544
788	173	491	543
621	259	583	460
731	193	486	518
546	235	612	418
567	260	624	447
790	253	468	457
473	262	637	457
85	327	1138	392
305	241	974	478
609	133	670	553
448	109	830	541
709	192	570	527
240	263	1031	408
209	196	1070	523
81	158	1181	542
420	246	859	467
324	239	946	461
8	84	765	506
0	141	737	477
125	161	862	549
47	329	1232	390
161	284	1118	435
267	334	1012	370
229	414	1033	293
146	480	1122	222
205	470	997	249
17	423	1095	296
153	342	1124	374
110	382	952	307
421	262	842	457
34	101	1039	609
188	302	1070	417
114	82	1115	637
144	25	1135	667
201	12	1078	693
0	0	1238	720
60	44	1219	675
48	235	1188	484
12	21	1118	698
0	0	1176	720
0	0	1147	584
49	126	1196	593
78	425	1201	294
41	134	651	514
63	160	752	527
50	165	809	550
123	416	1119	303
210	545	907	174
218	617	674	102
336	643	500	76
452	659	419	60
512	647	321	72
517	677	276	42
616	682	124	37
595	675	129	43
604	638	128	76
597	612	131	65
597	605	128	58
606	594	133	63
620	580	129	64
619	575	127	61
617	579	124	66
621	596	129	64
629	601	129	60
640	609	136	66
659	619	130	65
656	628	129	66
664	638	147	63
689	629	132	66
679	616	135	66
665	590	137	75
636	567	144	67
627	564	131	59
633	555	129	66
634	540	126	61
641	543	128	60
633	549	134	61
620	555	133	58
622	539	129	62
628	532	130	59
613	532	135	60
601	539	131	76
565	574	155	68
524	571	153	68
520	559	144	62
554	542	141	69
549	513	146	75
536	503	129	62
545	488	149	62
585	473	149	61
612	471	128	56
611	470	128	59
618	471	136	59
633	480	138	68
653	498	136	70
668	519	132	73
658	549	135	69
666	557	141	63
675	545	136	59
646	538	147	61
640	514	131	67
626	502	140	59
606	485	140	63
595	475	132	55
591	472	130	55
592	466	130	55
583	465	135	54
571	463	133	53
570	464	131	57
545	472	149	53
520	479	140	60
520	493	139	66
521	508	141	53
492	499	146	57
493	496	148	59
523	489	142	63
513	473	147	64
505	473	133	56
508	461	135	66
516	437	134	67
524	429	136	58
524	429	136	58
538	424	139	59
559	418	139	60
573	423	132	63
562	427	137	64
561	437	136	80
571	466	148	77
603	485	165	65
654	477	146	69
641	470	154	66
611	459	153	69
599	442	139	70
604	433	147	62
626	421	140	66
624	407	136	60
628	407	147	58
650	418	151	58
673	426	141	61
673	439	141	68
667	451	141	58
649	450	149	62
646	468	151	61
669	461	144	68
645	447	154	58
640	453	149	61
664	454	153	60
667	433	151	64
652	418	141	61
656	397	147	64
675	381	145	60
686	378	141	52
692	380	142	55
700	386	140	59
697	398	142	69
693	415	142	76
682	441	147	87
678	478	145	65
688	476	159	64
715	469	153	68
718	455	149	71
669	437	169	71
634	429	161	66
633	433	155	66
656	431	154	65
655	435	154	73
645	459	147	70
651	477	151	65
665	494	149	69
670	510	148	65
672	525	149	72
669	545	150	71
663	563	150	73
666	585	153	62
654	572	162	72
616	560	168	62
609	559	151	63
615	553	151	67
600	526	159	75
607	506	164	70
644	477	171	75
683	449	154	74
688	438	148	66
689	440	149	66
694	444	152	64
702	450	154	66
715	457	156	71
718	478	158	89
700	516	158	76
702	522	156	72
682	515	166	73
662	527	161	69
637	514	171	76
613	499	160	70
610	489	156	69
620	481	154	68
603	473	165	69
578	474	161	72
574	483	152	72
576	491	154	78
559	511	165	81
542	527	164	86
531	550	165	91
523	571	162	87
528	588	163	78
519	580	166	82
520	573	170	82
547	571	174	83
567	560	163	85
562	562	161	80
568	572	168	75
568	571	169	77
588	568	169	78
604	564	161	78
601	574	159	83
605	588	169	81
620	604	170	96
633	642	170	75
667	686	166	33
630	672	258	47
577	615	355	104
471	324	393	393
142	199	901	520
459	53	820	413
310	151	835	407
0	17	423	618
0	81	382	533
8	160	484	416
0	11	362	559
1	8	362	567
2	7	370	579
3	2	380	582
6	0	383	572
0	54	412	507
4	5	337	475
0	25	322	441
8	77	388	379
17	89	541	382
229	204	819	221
0	1	219	363
30	44	240	336
42	36	294	358
51	19	556	404
262	528	755	191
192	623	491	96
463	643	212	76
515	657	162	60
542	671	153	46
562	686	134	31
529	659	143	60
556	604	179	83
485	473	320	246
178	295	614	287
140	23	340	484
196	236	662	428
325	378	866	215
249	399	781	260
14	8	441	677
12	13	447	695
24	12	424	666
0	1	477	712
39	10	435	696
21	0	450	710
12	7	458	694
6	9	443	680
13	18	415	660
26	34	528	685
20	2	459	649
9	37	387	651
16	9	325	688
12	3	349	691
223	130	852	589
8	4	440	715
25	3	325	676
34	6	331	678
150	6	412	674
32	9	437	685
16	16	345	655
68	4	306	591
40	14	343	685
34	3	331	703
20	1	350	681
7	9	356	675
172	117	906	602
23	14	504	705
8	18	375	680
202	147	848	572
0	0	534	720
24	2	427	713
66	5	446	714
0	3	312	711
4	3	292	704
4	11	288	695
0	27	289	672
0	25	280	669
45	12	397	683
0	4	253	693
0	15	238	623
0	12	208	530
0	17	201	542
0	13	217	523
0	22	218	524
0	30	184	418
0	15	219	418
0	22	178	462
0	20	190	524
0	13	202	512
3	29	261	544
0	22	256	627
0	9	266	663
28	22	323	646
0	7	258	695
76	25	377	678
136	22	555	697
0	0	312	708
3	6	306	705
118	69	467	650
7	12	386	698
2	9	375	704
1	13	371	700
3	12	355	703
5	6	329	699
1	5	354	705
1	2	332	712
5	2	339	705
34	9	392	710
6	8	336	698
4	7	341	707
0	7	305	712
0	2	300	705
15	11	312	698
0	19	315	685
0	3	246	552
0	0	195	519
0	0	168	511
0	0	145	436
0	2	184	391
0	0	348	388
82	42	816	509
70	541	1103	178
184	599	684	120
506	604	218	114
517	583	201	93
521	554	200	93
527	529	198	88
536	512	201	89
552	485	198	90
555	474	200	81
539	455	201	83
532	429	194	86
542	417	205	77
567	399	202	82
581	392	192	72
567	391	193	71
564	379	189	78
563	374	189	71
562	372	189	71
556	365	188	71
552	357	187	72
546	347	187	78
537	340	191	71
526	339	191	70
516	340	190	71
506	342	190	71
499	344	189	71
497	347	188	71
497	340	187	74
490	334	189	72
477	335	188	74
477	350	185	70
480	352	189	67
485	345	188	70
494	335	183	70
499	326	187	69
512	320	186	67
527	315	187	67
542	305	185	71
553	292	185	71
561	284	183	68
568	282	183	66
579	283	185	66
594	291	185	74
604	309	181	81
607	334	182	76
604	344	181	69
605	338	181	67
611	342	180	66
611	337	180	69
600	317	185	73
592	307	180	69
582	299	180	68
581	300	180	67
574	290	179	69
569	288	178	67
566	288	178	66
568	283	177	67
567	282	178	65
561	288	180	69
549	298	182	70
540	308	181	69
530	315	180	70
522	313	182	70
515	306	180	68
513	309	179	74
512	319	177	75
510	326	178	72
512	319	178	74
514	314	177	74
518	314	177	72
521	316	176	73
520	322	178	76
522	330	177	76
522	336	180	78
527	347	179	78
533	356	180	81
538	374	180	87
527	401	187	88
508	434	189	99
494	474	186	77
490	459	183	82
494	459	189	80
513	474	194	76
536	449	182	88
538	430	181	76
539	433	182	76
537	441	183	74
523	447	185	73
515	424	183	85
499	413	191	78
453	430	210	89
419	449	202	79
408	461	192	94
407	490	197	101
415	523	195	105
398	556	207	102
364	567	219	92
337	560	213	91
337	569	211	110
343	605	208	98
336	624	203	92
346	634	216	82
371	625	204	90
373	617	203	89
374	617	202	85
378	604	203	88
387	596	203	84
401	589	204	84
415	581	204	82
424	588	203	85
434	601	208	81
455	604	213	81
469	593	207	87
425	578	228	79
420	582	221	84
452	562	220	92
457	546	216	79
414	554	221	83
407	558	202	79
408	553	202	78
407	560	202	81
404	570	204	82
400	581	203	82
395	590	205	83
390	601	206	83
386	611	206	87
383	622	210	91
377	635	211	82
370	640	217	77
346	641	229	76
299	631	244	86
279	636	223	80
289	632	236	85
316	622	217	91
297	619	225	92
293	615	218	90
304	615	225	89
325	611	218	88
327	610	219	94
320	620	217	94
338	625	221	92
336	622	224	96
336	622	224	95
349	642	227	74
369	659	228	58
446	679	172	38
472	704	172	15
466	681	147	38
449	587	221	132
338	308	504	393
87	0	1024	700
21	93	1258	626
0	48	1223	671
50	0	1149	720
239	0	892	712
22	35	1184	684
72	0	1149	720
31	128	1237	591
0	165	1168	554
250	84	806	630
57	49	1078	670
62	58	1157	661
88	20	1104	699
0	60	1187	659
130	52	1048	667
45	105	1161	614
89	96	1081	623
58	95	1200	624
44	62	1199	657
0	401	1263	318
0	590	838	129
219	602	497	117
466	630	223	87
491	625	223	89
512	630	217	85
524	631	216	84
533	627	215	88
544	619	215	84
557	623	212	89
563	633	214	83
572	621	213	90
561	596	221	90
539	580	216	86
538	554	207	91
539	521	208	92
524	500	214	84
505	484	212	83
500	471	203	81
507	454	209	83
519	441	203	78
518	429	202	79
517	413	201	80
518	401	206	78
529	389	204	78
534	385	203	77
535	392	205	78
538	402	205	82
535	416	204	86
534	437	208	91
550	463	213	83
567	475	206	76
543	480	217	79
525	490	214	77
524	473	205	86
529	454	204	83
528	445	207	78
526	434	205	79
523	426	204	76
513	421	206	76
503	415	207	77
495	407	205	77
490	397	204	79
487	375	204	86
485	351	206	83
481	333	207	82
474	318	207	81
473	312	208	79
472	310	208	76
476	312	212	81
489	323	215	82
503	338	215	82
521	349	213	77
511	349	221	82
491	365	213	99
500	391	232	78
537	380	217	81
531	375	221	76
501	378	221	77
496	362	211	87
503	334	211	89
498	325	214	84
492	340	210	81
491	340	210	81
493	348	213	79
496	356	211	84
491	368	209	86
489	381	208	83
485	391	209	84
481	403	208	86
481	416	210	86
479	425	209	83
477	426	209	84
483	425	208	83
474	409	216	90
451	407	213	86
456	409	222	84
490	389	222	88
509	381	207	83
477	379	222	82
466	372	203	84
472	362	209	83
489	355	204	81
496	350	200	83
496	342	201	83
495	337	199	83
494	329	199	81
497	319	202	81
507	313	200	78
514	308	197	79
519	304	198	77
527	300	197	77
531	301	197	76
530	308	195	77
531	313	199	75
545	311	199	75
557	304	197	73
559	298	196	75
557	296	193	74
558	299	197	70
577	299	199	71
572	305	196	70
567	300	188	73
564	288	188	73
563	281	186	70
559	275	186	71
553	270	185	70
544	265	186	68
535	257	185	70
528	245	183	72
520	236	184	72
513	228	184	72
506	217	181	72
503	206	181	74
500	193	181	74
499	185	180	71
499	180	178	71
496	184	180	71
491	189	180	71
491	197	177	73
490	212	179	73
494	225	176	72
489	238	179	78
480	260	174	78
487	280	179	69
508	291	181	69
528	302	176	63
541	302	170	62
539	304	170	62
538	305	168	61
541	305	169	62
552	300	171	63
567	294	169	62
576	294	165	62
577	299	165	63
573	305	165	63
569	309	165	61
569	315	164	63
570	321	165	61
572	325	164	62
571	333	166	70
563	350	167	75
556	366	166	64
551	340	165	75
555	330	170	64
567	321	166	65
565	309	166	65
563	306	165	60
551	304	169	61
535	307	169	62
529	313	166	62
529	311	164	61
529	312	165	62
529	312	165	62
522	316	168	64
518	323	167	65
515	329	168	68
505	344	171	72
495	363	170	72
487	381	172	72
473	388	176	66
449	390	183	74
433	411	178	75
431	419	173	71
439	408	176	73
449	398	173	70
454	403	170	72
455	403	170	73
448	403	174	74
438	404	175	76
423	407	176	79
