286	385	127	82
282	384	130	82
284	383	130	81
284	380	130	82
283	379	130	82
286	378	129	81
288	375	130	82
287	376	131	81
286	376	131	81
287	376	129	81
289	377	129	81
291	377	129	82
293	374	130	82
292	374	131	83
290	375	131	83
289	376	131	82
287	377	131	83
284	379	131	82
282	382	130	82
282	381	129	82
287	374	128	82
288	370	129	82
279	377	130	81
270	377	129	83
263	377	129	84
257	373	130	85
255	372	129	83
247	375	131	85
231	387	132	83
221	392	129	81
233	386	133	83
245	378	127	82
243	377	131	82
258	369	125	80
260	368	126	79
259	364	126	80
255	366	126	80
255	368	127	78
267	363	129	80
281	356	129	80
289	346	125	79
292	341	126	79
292	337	126	80
289	336	126	79
289	334	126	80
289	330	125	80
289	326	126	80
286	326	126	80
281	332	125	79
278	333	126	79
274	334	126	80
270	339	125	80
265	344	125	80
261	347	125	79
261	350	126	77
267	346	126	79
271	346	126	79
270	347	127	79
267	352	126	80
268	352	127	79
267	356	129	80
260	361	127	79
252	362	127	79
251	361	128	80
257	358	125	80
256	358	127	81
253	353	125	81
245	348	124	80
241	347	125	80
237	348	124	82
229	354	125	88
224	361	123	90
230	359	124	91
249	359	118	90
261	359	113	91
269	361	109	90
277	363	109	88
284	357	108	88
291	350	105	85
292	348	106	83
295	355	103	81
302	355	103	78
304	349	104	78
305	343	104	77
305	339	107	78
310	338	106	82
306	342	107	88
305	341	106	89
304	337	107	92
305	335	105	92
305	335	105	92
298	337	107	92
289	340	108	91
282	344	110	90
282	347	110	89
285	347	111	88
281	347	115	87
280	347	117	86
293	346	115	85
305	346	114	86
301	348	120	86
299	339	117	86
291	338	115	87
290	338	117	89
296	338	119	88
303	340	116	86
306	336	117	87
315	331	120	86
329	327	118	86
336	325	115	86
333	325	118	84
327	324	119	83
313	321	122	83
307	320	120	83
309	315	122	83
313	313	123	83
307	313	124	82
292	316	128	82
280	321	127	84
277	328	121	84
278	329	122	83
256	334	128	84
249	338	123	84
259	332	126	82
280	321	129	84
306	308	129	86
331	296	129	85
348	290	126	85
348	290	127	84
336	293	128	84
308	299	135	81
275	307	136	82
275	295	132	87
301	281	133	84
317	274	125	84
299	278	133	86
274	287	133	84
263	287	126	85
274	283	124	85
277	283	126	86
260	289	133	86
245	298	133	85
230	307	129	85
221	310	128	85
219	312	128	85
214	314	129	85
207	319	127	86
202	325	126	85
207	325	128	82
220	320	130	83
234	316	128	82
238	320	131	82
245	325	132	82
259	325	134	81
273	320	136	83
292	316	138	89
308	317	134	95
319	323	130	98
321	328	130	98
329	331	129	97
335	332	127	97
343	331	128	95
352	324	129	95
363	314	130	94
370	309	127	93
370	307	128	92
369	304	128	90
365	304	129	90
363	301	130	88
366	296	132	88
367	296	132	88
366	299	135	88
370	301	137	89
376	301	138	91
380	302	138	96
389	305	133	98
402	309	127	97
403	309	125	97
424	322	119	99
429	330	120	100
440	336	122	95
461	340	118	93
473	345	120	92
484	350	119	88
493	353	117	84
502	356	118	82
512	353	116	84
524	348	116	92
532	346	112	99
533	349	113	104
535	352	112	105
540	350	110	104
539	353	110	104
541	355	109	102
543	353	109	102
546	356	109	101
547	357	109	100
548	358	109	100
548	362	109	97
552	365	108	95
555	368	107	94
554	369	114	97
562	369	110	103
564	370	107	104
560	373	107	104
560	375	106	103
557	378	110	102
554	382	113	100
556	381	115	98
564	379	114	96
568	379	112	97
568	384	113	95
566	390	115	92
565	391	116	89
565	393	118	88
564	395	120	88
564	399	122	87
568	398	122	87
571	399	122	88
567	407	125	89
568	412	125	86
574	413	126	86
578	415	125	86
578	419	124	86
578	422	124	87
581	423	124	86
584	420	126	87
583	422	125	87
584	421	125	87
585	420	125	87
584	421	123	87
584	418	125	86
589	414	124	87
588	414	123	87
586	415	122	86
581	414	123	87
577	417	125	87
577	416	124	86
576	422	124	88
571	425	126	87
572	423	126	87
578	419	126	87
580	416	126	88
583	415	125	87
587	410	126	87
593	405	127	88
596	404	124	87
597	403	125	88
597	401	125	88
599	400	125	87
602	398	127	88
602	399	127	89
602	399	126	88
600	402	127	89
599	405	127	89
607	404	127	89
603	410	129	93
600	422	128	91
600	427	130	90
606	432	131	90
610	434	129	90
612	436	128	90
614	437	128	89
617	435	129	89
617	435	129	90
613	438	131	90
614	439	130	88
613	441	132	89
609	448	134	87
607	449	133	88
606	449	134	88
600	450	137	90
591	456	137	89
575	467	143	89
559	476	143	88
534	487	153	92
508	506	152	91
486	519	153	85
471	526	149	84
461	529	149	84
452	530	150	84
446	534	148	82
446	532	146	83
449	528	146	84
451	525	148	84
452	521	149	84
458	515	149	85
468	510	148	85
478	504	146	85
489	496	144	84
497	491	141	83
499	489	143	83
499	490	143	83
516	482	138	78
515	482	139	77
527	488	129	75
531	488	126	72
531	487	126	73
540	473	119	66
543	470	117	67
543	470	118	68
540	470	111	76
535	472	111	81
533	472	111	80
533	470	106	80
529	472	106	79
527	472	107	79
539	458	96	72
543	456	93	72
542	457	93	72
552	451	88	67
558	445	89	66
558	445	88	66
572	426	83	61
575	419	83	60
575	419	83	62
589	402	79	59
590	394	79	61
587	387	76	63
589	374	75	64
598	367	72	63
603	347	69	66
611	334	72	61
622	325	65	61
623	318	66	57
620	317	67	54
619	314	67	53
618	313	66	52
614	315	67	52
611	319	68	54
609	323	71	59
616	319	72	60
623	311	74	60
634	308	71	60
640	305	70	59
644	298	70	60
647	296	70	57
646	298	70	56
643	297	69	57
639	299	68	56
634	297	68	56
632	296	70	56
633	291	70	57
630	271	75	70
606	248	83	66
589	246	78	58
581	247	73	57
578	252	72	57
570	255	73	57
565	260	71	59
567	264	70	55
566	261	69	56
563	262	69	56
562	262	69	56
559	266	69	59
551	282	70	59
554	290	71	61
560	299	70	62
558	318	73	67
550	344	73	63
547	350	69	57
537	354	74	59
534	356	69	58
533	361	69	56
532	360	70	57
524	361	70	57
523	360	70	56
523	360	70	57
520	360	70	56
520	359	70	57
524	355	70	58
529	356	73	57
544	363	82	54
543	362	84	55
571	354	69	57
576	351	69	57
584	344	70	57
590	340	69	57
596	338	67	56
595	337	68	56
594	324	69	60
597	311	69	57
594	307	69	57
587	309	68	59
584	315	68	59
585	317	69	56
587	314	68	56
591	313	69	56
592	313	70	56
595	311	69	55
596	310	69	56
592	311	70	56
582	315	71	57
570	320	72	57
508	319	101	52
489	317	86	57
470	320	82	57
464	323	71	56
463	324	71	56
463	323	71	56
378	307	71	56
384	306	69	57
382	306	71	57
368	293	73	60
368	294	73	59
280	287	99	79
295	286	102	78
294	287	102	78
292	279	109	87
302	281	110	91
303	282	108	89
294	281	116	94
291	293	114	114
291	292	116	116
289	380	119	99
292	383	123	109
293	383	122	107
296	430	127	104
289	443	160	110
307	463	191	107
368	488	201	113
371	488	199	113
490	505	150	100
517	501	132	98
521	502	130	96
521	508	129	95
524	506	132	96
530	502	132	96
527	508	131	98
522	510	131	96
520	502	130	97
514	504	131	97
511	511	129	97
511	516	129	95
513	512	129	96
514	509	129	96
517	508	129	95
523	492	131	101
523	472	131	96
511	469	133	98
492	478	138	99
473	462	136	107
442	458	146	110
406	458	148	113
383	458	141	115
336	463	152	140
264	496	165	108
231	538	131	131
202	556	124	114
202	555	125	114
203	556	125	113
227	519	125	111
243	512	124	110
260	493	130	112
280	485	129	103
291	474	129	102
305	457	135	104
304	456	136	105
349	424	132	110
356	423	130	114
356	431	131	119
364	438	135	118
378	436	129	115
389	433	130	116
400	426	128	115
410	422	131	115
424	415	132	115
440	402	133	117
452	393	128	116
460	387	129	115
459	386	130	117
465	383	129	116
465	383	127	116
478	383	123	112
473	385	125	109
474	382	122	109
466	385	126	114
466	387	122	109
471	377	120	108
472	376	123	107
457	381	125	112
442	388	126	114
438	398	122	111
444	386	117	110
443	378	120	110
444	380	121	109
440	386	125	113
439	384	121	109
446	380	120	108
454	377	120	108
457	380	122	113
445	388	126	117
443	401	127	116
443	410	127	113
435	417	128	119
427	434	131	122
412	456	137	124
399	477	134	121
394	496	135	118
380	509	139	116
371	519	138	116
362	531	140	118
351	544	141	111
353	541	136	108
356	534	135	108
356	530	138	107
364	523	135	109
373	516	137	109
376	516	140	108
374	518	145	107
371	519	147	109
371	520	148	111
380	518	142	112
386	519	139	113
387	523	135	115
391	524	134	113
403	522	131	111
410	523	129	112
416	523	128	109
423	516	130	108
433	510	132	106
438	510	132	103
440	517	130	99
444	515	129	97
450	512	125	96
448	513	127	98
445	519	123	104
443	519	120	103
440	520	116	110
436	524	112	112
431	531	108	111
431	529	104	107
436	520	106	107
447	515	101	107
448	514	98	106
449	509	95	106
455	504	92	105
461	495	90	106
465	486	91	106
470	480	92	104
477	475	92	104
484	455	93	104
493	443	92	107
499	439	90	112
501	435	90	117
506	430	91	120
513	431	86	118
518	426	84	118
534	415	80	120
543	399	83	118
545	382	91	118
556	361	91	118
571	336	89	119
583	324	88	115
591	308	86	119
592	303	87	115
587	304	89	114
584	308	89	113
589	296	88	118
597	285	92	113
596	289	95	113
591	294	99	111
588	301	105	111
582	306	114	108
583	304	123	107
589	293	128	107
589	285	137	97
586	287	142	86
584	293	143	84
579	297	147	86
571	298	150	91
573	304	147	95
574	301	146	98
577	295	144	101
579	290	145	102
588	292	142	119
592	310	142	127
586	333	141	120
577	350	142	126
564	377	142	122
555	405	138	126
543	434	131	122
540	447	126	114
543	441	129	116
544	441	128	121
541	458	125	124
538	467	123	124
542	473	126	121
542	474	124	124
542	477	121	122
542	477	118	118
549	478	113	117
550	482	98	119
544	490	104	120
544	498	99	120
544	499	107	117
547	494	102	114
551	488	102	114
553	485	105	116
553	486	104	116
551	486	106	116
556	482	109	113
563	476	104	113
567	477	107	115
566	477	106	117
568	467	101	119
569	459	99	116
565	462	105	116
567	456	105	121
575	440	110	122
585	427	107	119
589	428	106	118
584	431	107	117
574	431	104	116
566	433	106	115
557	436	103	125
553	451	102	117
550	456	105	119
544	466	106	119
537	470	104	117
535	469	108	114
537	465	106	114
536	468	109	116
536	470	109	114
540	462	109	114
547	461	108	114
547	460	109	116
548	459	108	113
549	459	107	115
552	457	101	113
554	457	98	117
553	460	108	127
556	461	101	123
556	455	100	128
554	457	101	127
555	461	100	122
557	454	102	131
561	443	102	119
561	444	102	117
559	443	105	117
562	438	107	117
561	437	111	116
560	439	112	116
561	440	119	116
561	443	106	119
557	455	106	116
559	453	105	110
559	452	107	115
559	452	106	116
559	455	106	118
557	457	107	116
558	456	107	111
559	454	105	116
560	454	105	116
565	453	103	112
570	446	101	116
571	444	102	117
567	447	103	117
567	449	103	118
570	448	101	118
570	447	101	117
570	447	102	116
568	447	100	117
569	446	101	116
572	443	102	117
571	442	104	117
563	448	105	124
554	461	103	117
557	456	109	116
563	448	101	116
561	449	107	117
561	449	103	118
561	451	102	118
562	455	103	119
562	457	101	119
559	461	100	118
552	468	100	122
550	475	100	121
557	476	109	117
570	468	110	120
577	462	103	118
580	460	104	117
585	460	106	119
584	465	100	119
584	466	107	117
587	463	108	117
589	461	112	117
587	460	103	117
583	464	100	118
580	469	100	117
580	472	107	118
571	478	105	122
567	489	99	119
573	490	102	117
573	493	105	117
571	491	100	117
572	487	101	115
574	488	102	116
574	489	103	116
575	489	102	116
574	491	102	118
573	495	103	117
577	495	102	117
577	494	104	116
578	492	105	115
583	485	100	115
582	486	101	117
578	488	100	117
578	485	100	117
579	479	99	118
579	480	99	117
578	481	101	116
577	480	101	116
576	480	101	116
576	482	101	117
577	482	101	116
578	479	99	117
577	478	104	116
577	475	113	115
576	473	116	117
578	471	117	117
581	467	110	114
584	461	103	114
583	459	105	119
580	462	107	121
581	464	109	117
585	457	106	116
585	458	109	117
585	458	110	117
590	456	111	115
592	454	111	118
592	456	111	119
591	455	113	116
592	454	112	117
592	456	113	118
594	455	111	115
594	453	110	117
592	454	109	120
590	457	108	120
590	452	110	117
590	451	113	118
586	454	114	120
582	454	116	118
581	452	117	118
580	454	117	120
578	457	120	115
579	456	121	110
578	460	118	109
576	461	121	105
581	457	120	104
586	454	121	103
589	453	122	103
590	453	122	103
593	452	123	101
595	450	122	100
599	450	122	101
598	452	122	100
600	453	123	98
600	451	121	97
599	452	123	96
598	454	123	96
599	455	122	95
598	457	122	95
598	457	123	94
602	454	121	93
601	451	122	93
600	453	121	91
599	452	123	91
601	450	124	90
602	449	126	92
609	444	124	94
617	439	121	94
620	435	121	94
623	432	120	94
627	427	120	95
631	421	121	96
643	412	128	96
657	393	129	99
676	374	131	100
694	356	130	100
711	353	120	94
716	351	122	92
723	348	122	94
728	350	120	107
725	365	120	118
727	381	120	116
729	386	119	117
731	384	117	119
734	390	114	123
733	396	104	119
733	390	103	120
735	389	100	121
729	394	101	123
725	400	97	119
725	398	95	118
728	398	93	119
719	404	98	119
715	407	99	116
714	405	100	118
708	407	103	117
706	406	105	117
705	402	106	116
703	406	107	121
699	412	108	117
702	400	106	119
709	399	106	119
704	407	109	121
702	410	106	119
705	400	110	117
710	399	108	117
706	405	108	117
706	405	106	116
708	398	103	116
708	401	105	118
709	406	102	117
708	410	101	117
709	411	99	117
710	409	99	116
707	411	101	118
702	417	99	117
700	415	97	118
695	415	96	118
690	422	94	116
683	416	93	118
673	398	91	124
664	380	89	123
658	373	87	116
657	371	84	116
657	369	84	117
652	371	83	117
654	369	82	118
659	364	80	118
663	361	81	117
661	359	82	117
662	362	82	116
663	362	82	117
664	362	82	116
668	361	82	115
671	356	81	117
673	356	81	117
673	358	81	116
677	357	81	115
679	353	81	117
678	357	82	117
675	359	84	116
679	356	82	117
680	353	82	118
678	355	84	117
676	352	86	116
673	351	90	118
669	356	94	117
670	354	95	117
668	352	98	117
669	350	99	116
672	344	103	114
672	343	104	118
671	348	103	117
669	348	104	117
670	349	104	119
669	353	104	118
667	356	105	118
664	360	103	117
663	358	105	116
664	356	106	117
662	360	105	118
660	364	104	117
662	359	104	115
665	357	104	116
663	360	105	117
667	357	105	115
666	357	106	117
676	352	105	116
677	351	104	118
676	355	104	117
677	357	104	118
678	360	105	120
673	371	105	120
666	375	106	118
664	369	105	116
669	368	106	117
672	368	106	118
673	371	107	119
679	380	107	122
671	392	112	118
663	394	105	119
661	393	106	117
660	391	105	116
659	389	105	116
658	388	106	117
657	391	105	118
656	398	103	116
655	397	105	116
655	399	105	118
645	406	108	122
634	419	105	123
615	431	111	117
592	431	114	115
557	427	119	117
512	430	123	127
469	455	122	143
434	489	120	132
402	508	117	129
372	524	117	134
348	544	123	116
323	538	113	117
317	543	105	120
310	551	107	124
304	562	106	118
304	557	105	115
304	554	105	117
298	556	106	119
297	560	105	117
302	553	106	116
302	552	105	119
299	558	104	119
301	560	106	118
309	550	105	117
314	545	106	115
313	545	105	117
314	545	106	117
318	538	106	116
321	533	105	116
323	531	104	115
323	530	104	117
323	528	104	116
328	524	105	115
328	523	105	117
334	519	105	115
335	516	104	117
334	516	103	117
335	513	103	116
340	510	103	115
344	506	103	118
344	505	103	117
347	502	104	116
351	503	105	117
350	505	104	117
349	503	103	115
350	500	104	117
350	501	105	117
350	498	104	115
348	498	105	117
348	496	105	115
349	491	104	114
353	490	104	116
354	490	105	117
355	486	104	116
355	480	102	115
349	484	105	120
348	492	102	117
349	482	105	118
350	475	102	115
348	474	103	118
349	477	105	116
359	474	108	114
371	458	108	120
386	451	108	117
388	450	105	118
374	455	111	119
362	460	104	118
356	462	105	118
357	460	103	117
362	457	104	116
372	446	101	119
375	429	105	120
389	418	103	118
392	413	105	115
395	410	104	117
384	410	109	116
375	403	105	117
376	396	103	117
368	393	106	117
359	396	108	119
348	396	108	116
345	390	106	117
353	377	104	120
358	370	102	116
350	370	107	120
336	380	105	122
325	390	105	116
319	391	103	117
317	390	103	117
312	389	102	116
310	390	103	116
308	390	103	117
308	389	102	115
308	388	104	117
308	390	104	117
307	392	103	117
309	389	104	115
311	387	106	117
315	386	106	116
316	385	107	117
319	384	105	115
319	389	106	116
321	389	106	117
322	384	105	115
309	383	107	116
306	383	106	117
309	381	105	114
303	380	106	117
292	381	105	117
286	377	104	115
284	374	104	115
283	370	105	115
279	368	105	117
272	373	106	116
272	372	104	116
278	372	104	115
277	371	102	115
277	370	102	116
277	369	103	116
275	370	102	116
277	375	105	115
282	371	103	115
285	366	102	115
281	370	103	115
276	374	102	115
276	372	104	115
276	371	104	115
276	371	104	116
277	370	104	114
275	371	104	116
270	374	105	116
266	376	105	116
264	377	104	117
261	380	104	116
259	381	104	117
249	383	106	116
244	383	104	115
243	384	103	116
242	383	103	114
244	376	104	114
247	371	104	114
247	369	105	116
251	368	104	114
253	367	104	116
253	369	102	116
252	370	101	115
252	373	99	115
252	373	98	116
255	371	98	115
259	369	97	114
259	370	97	115
257	374	97	114
255	374	98	115
254	378	97	116
253	383	97	115
254	385	97	115
256	382	98	116
254	386	98	117
251	393	99	116
257	395	101	115
261	392	103	115
258	396	102	119
253	408	103	120
250	416	103	114
256	406	106	115
260	405	104	119
255	416	105	118
256	416	104	116
260	409	106	114
265	409	105	116
265	413	104	115
266	411	107	114
272	410	106	113
273	410	106	115
273	412	105	116
272	413	106	114
272	413	107	114
273	408	107	113
278	407	108	112
279	409	105	115
278	413	103	114
281	412	104	114
283	411	105	115
284	409	105	113
285	408	104	113
284	408	104	114
286	402	103	113
284	396	104	114
280	397	104	114
277	399	104	114
275	400	105	113
278	398	106	111
281	396	105	114
281	401	104	113
285	401	105	113
286	397	106	112
286	397	105	114
280	403	105	113
276	403	105	113
274	401	106	111
273	402	106	115
269	407	106	114
268	405	106	112
267	406	107	115
265	411	107	114
267	411	107	114
269	409	107	113
267	411	105	115
264	418	106	114
266	418	106	114
269	418	106	115
267	423	106	114
266	426	106	114
272	425	107	113
283	424	106	113
281	424	107	114
280	425	106	114
277	428	104	114
275	429	105	113
277	423	105	113
279	424	107	114
279	425	104	113
283	418	106	113
280	416	106	114
270	423	108	114
270	428	106	113
275	426	106	116
277	423	106	121
273	423	107	124
275	427	104	124
279	430	106	120
282	430	106	118
284	428	104	114
282	426	103	111
277	430	105	112
277	431	102	113
280	429	103	112
283	424	101	113
284	425	99	114
282	427	99	113
283	423	99	113
284	422	98	115
281	425	98	113
283	423	96	112
284	421	96	114
283	423	97	113
289	419	95	112
289	415	95	115
289	418	94	113
289	419	94	113
290	419	93	114
291	418	93	114
293	414	94	112
296	412	93	113
294	414	94	113
295	413	93	113
298	411	94	113
301	411	95	113
301	414	94	113
304	409	93	112
308	403	92	113
312	401	92	115
311	406	92	114
308	405	93	114
314	406	90	113
311	405	91	113
311	405	88	114
313	406	86	113
315	405	84	113
316	404	82	114
312	410	83	112
310	410	83	113
310	406	82	114
316	403	82	113
320	405	80	112
319	406	80	111
324	400	81	111
331	393	82	111
336	393	79	113
332	397	79	119
331	397	76	120
334	394	75	124
335	394	73	125
337	395	71	124
341	394	71	124
345	394	73	124
347	395	76	121
348	398	78	118
350	401	81	116
352	400	82	113
355	400	86	113
353	403	87	111
351	408	92	109
352	408	93	109
350	410	95	109
348	413	96	110
348	415	100	109
350	414	105	107
349	416	106	109
346	418	110	107
350	415	116	105
359	410	121	106
365	406	124	105
375	400	130	103
376	397	132	102
362	402	134	103
355	410	133	101
355	415	134	98
369	413	137	99
383	410	136	97
385	415	139	97
385	424	139	99
383	430	142	105
386	429	146	106
392	424	145	110
399	422	146	110
406	427	146	112
404	433	145	108
401	437	146	107
400	437	147	108
399	441	148	107
399	445	148	104
398	446	150	102
400	446	150	102
402	448	151	100
404	450	152	99
406	447	155	98
409	450	155	96
407	451	159	95
407	449	160	93
408	448	163	95
407	450	167	96
408	450	170	97
409	445	175	99
414	442	174	102
417	444	165	106
427	447	155	106
430	445	156	105
436	442	153	106
435	445	152	107
434	450	150	106
439	445	154	103
448	441	152	104
450	443	150	102
451	449	150	101
456	449	152	99
463	450	151	98
465	452	151	97
468	451	155	94
472	451	155	93
480	449	160	92
488	444	157	90
488	440	158	94
487	442	161	95
481	446	162	98
480	448	159	104
480	448	159	108
484	447	159	111
485	447	159	114
485	447	159	113
489	447	159	113
493	443	158	114
497	439	158	114
500	440	158	112
503	439	160	111
510	434	164	112
519	427	163	111
522	423	168	110
529	426	170	106
542	420	171	106
545	417	174	104
548	417	174	104
541	418	177	106
537	419	183	109
547	419	179	108
542	419	186	107
546	417	183	113
544	420	177	114
551	424	163	114
560	423	161	114
572	422	157	115
582	425	150	114
588	431	148	113
595	430	146	111
603	430	144	110
606	432	144	106
606	435	145	104
611	435	144	101
618	435	142	102
617	437	143	103
614	438	143	111
610	439	142	116
608	436	143	119
604	435	143	119
596	438	143	126
571	449	152	126
556	459	142	122
549	460	138	120
545	461	138	123
531	471	137	123
521	482	133	121
518	488	132	119
517	491	132	117
514	493	132	118
510	500	133	116
511	500	132	113
514	494	134	113
516	493	134	112
518	490	135	111
509	482	141	115
497	483	144	123
486	483	146	123
483	478	138	127
471	483	141	132
490	484	118	129
469	471	135	127
473	464	128	124
463	468	128	126
455	470	125	122
443	464	127	122
440	453	122	121
439	448	121	117
433	448	123	115
423	452	124	114
414	459	123	110
416	439	130	120
443	426	135	103
465	425	123	103
461	423	125	104
464	422	124	107
467	416	123	110
467	415	124	119
469	418	126	124
475	419	125	126
488	408	128	129
502	403	123	127
511	398	125	127
525	398	126	126
540	398	125	126
555	398	124	125
567	401	120	124
578	400	119	121
595	397	122	122
609	394	116	119
621	395	113	118
624	398	112	119
628	403	112	117
635	402	110	113
639	400	107	112
639	398	104	113
624	391	116	116
634	382	101	118
614	377	117	116
610	372	116	123
602	366	118	129
600	364	113	130
599	363	108	133
603	361	101	134
603	357	95	134
604	352	89	133
603	354	86	132
600	359	83	130
600	363	83	129
601	359	81	129
609	351	84	128
626	347	81	125
631	343	78	123
629	338	78	120
629	334	78	116
626	326	79	114
620	323	78	115
616	317	81	116
607	314	81	120
599	310	82	123
590	303	83	129
573	303	89	128
557	307	89	126
543	302	88	127
542	305	83	126
541	303	84	126
535	304	83	126
532	309	83	128
528	308	84	127
528	305	84	126
534	302	88	124
546	297	91	125
566	283	87	123
579	277	86	124
589	278	87	122
602	282	82	122
612	273	77	125
616	274	78	128
616	285	79	124
620	286	78	124
617	290	79	123
613	297	79	124
612	305	81	125
607	314	84	123
604	318	85	121
598	324	87	120
593	330	87	122
590	337	87	120
587	341	88	123
585	348	90	122
586	351	91	124
588	357	91	138
585	366	91	142
587	366	91	143
598	353	92	148
607	343	92	151
615	344	90	168
620	371	87	158
615	375	87	154
615	363	84	156
618	362	82	152
617	350	82	155
607	350	82	150
598	351	83	155
581	356	88	150
571	350	80	145
574	351	78	143
575	347	79	140
574	345	78	138
571	344	80	137
571	344	82	137
574	347	85	137
563	354	89	136
558	361	82	134
555	367	81	137
549	372	81	139
541	365	78	145
539	353	72	150
537	339	72	153
538	325	71	153
543	320	72	150
538	301	70	153
538	296	68	145
543	291	69	144
545	286	66	143
545	283	64	141
548	283	64	141
552	271	64	140
550	267	68	136
538	273	65	138
535	281	65	137
534	292	68	126
543	292	69	124
549	292	68	140
548	299	70	143
547	305	67	141
549	304	66	143
550	306	64	142
546	309	63	144
538	318	65	145
539	330	67	141
549	334	67	140
554	339	67	140
558	347	65	138
563	355	66	135
568	360	66	129
575	357	66	127
581	355	66	123
588	351	66	124
593	352	64	124
597	346	64	126
600	341	63	128
601	345	64	130
600	351	65	128
602	342	68	129
607	323	71	131
611	319	71	130
611	322	72	135
614	324	72	133
619	315	71	135
619	314	72	135
625	306	70	133
624	308	72	133
624	313	72	133
603	319	87	131
571	327	88	137
554	334	80	132
540	331	85	131
527	328	81	131
537	325	85	131
549	318	83	132
549	319	82	131
536	320	87	131
535	322	83	130
529	322	89	130
528	323	89	131
530	328	91	130
540	328	96	128
548	324	95	130
546	323	96	130
546	321	97	131
560	318	103	131
580	314	97	132
579	316	97	131
572	318	96	131
577	315	94	131
579	310	94	132
582	306	94	131
577	305	96	131
575	307	96	130
572	305	95	131
573	306	94	131
572	304	94	131
569	300	96	132
567	299	95	132
577	299	91	131
577	296	92	131
571	291	92	132
567	289	91	132
571	291	90	132
571	292	89	131
572	290	89	132
572	291	86	132
572	293	86	133
573	291	83	133
570	295	84	132
569	293	82	133
572	296	81	133
570	299	81	132
573	293	83	131
573	293	83	131
570	300	80	131
566	302	82	132
565	304	84	133
565	312	85	132
561	324	81	136
555	332	81	130
557	328	84	130
560	332	83	130
553	328	86	131
556	325	85	131
544	318	91	131
531	319	96	132
518	327	97	131
515	322	89	132
512	318	89	133
493	328	99	147
479	351	85	147
470	373	83	135
469	380	81	132
448	389	93	146
427	411	87	137
426	422	84	134
410	434	90	135
382	446	95	137
356	459	96	138
344	474	93	142
336	490	87	135
318	495	92	130
300	491	89	130
287	492	89	132
282	499	86	130
267	498	87	131
260	498	85	133
255	501	83	131
250	503	84	133
239	511	86	130
225	505	85	129
217	497	82	131
217	497	84	131
207	494	85	131
206	488	83	130
204	490	82	133
197	498	81	134
196	500	84	131
199	492	83	132
188	494	86	131
188	499	81	131
187	498	82	131
187	497	82	131
188	499	82	131
186	498	82	132
185	498	84	130
186	499	84	130
187	502	83	131
182	505	83	130
178	504	86	131
179	506	84	130
178	510	83	130
177	508	89	130
179	504	90	130
180	505	86	131
176	507	86	131
175	506	84	130
177	502	84	130
177	499	86	130
175	494	87	130
174	491	88	130
174	497	88	130
164	504	90	132
157	510	88	131
154	512	89	131
159	511	88	130
158	510	90	130
158	510	91	130
164	503	89	131
168	505	89	132
173	508	89	130
180	505	88	131
181	502	90	129
177	503	88	130
175	501	91	130
182	499	89	130
187	499	89	129
191	500	88	129
192	496	89	129
195	497	89	129
198	493	90	129
204	480	89	135
213	461	90	131
233	462	92	131
240	464	90	130
243	447	93	137
267	415	100	139
301	387	97	140
325	358	100	141
353	332	100	134
376	326	93	130
393	324	94	130
406	315	92	132
420	295	91	134
435	289	93	130
437	293	93	129
435	292	95	128
446	289	91	129
454	295	93	136
468	313	95	131
485	312	97	128
509	294	94	137
515	287	93	130
521	290	92	132
529	302	88	142
530	324	88	150
532	353	87	141
544	369	87	130
562	376	90	129
588	372	91	127
610	371	84	131
623	381	79	142
628	402	78	131
633	411	80	130
649	420	92	128
686	428	100	127
725	430	87	125
740	427	86	126
756	421	81	127
760	417	80	128
762	413	79	128
763	410	78	129
762	412	79	129
762	413	78	129
759	410	80	130
758	406	80	129
757	408	79	128
750	411	82	126
740	406	85	128
733	400	85	124
719	395	87	125
700	395	86	127
702	397	76	122
688	398	86	125
678	394	86	125
679	393	78	124
681	386	77	123
680	388	79	123
679	388	79	118
682	388	76	118
666	380	89	123
664	374	89	121
667	374	85	119
674	373	80	117
676	373	78	115
676	371	79	111
675	367	81	118
675	365	80	122
675	362	82	126
675	362	84	126
673	361	85	126
671	361	86	127
669	364	87	127
668	363	88	126
668	360	89	126
665	363	90	125
662	366	91	125
655	354	96	126
643	351	95	124
630	346	94	123
617	341	93	122
603	328	93	125
591	320	94	121
577	317	94	119
564	318	96	118
557	314	99	121
554	306	101	125
553	302	101	126
549	302	102	125
546	305	98	126
544	304	98	127
542	305	97	126
540	302	97	123
541	301	99	124
541	301	103	122
547	299	105	119
555	296	103	115
563	289	104	114
569	284	106	111
577	282	104	104
581	278	105	103
577	277	110	112
575	276	111	122
574	278	112	128
575	281	113	129
574	286	111	129
575	286	110	129
574	283	109	130
570	280	108	129
558	281	108	127
547	270	109	126
562	260	111	126
581	254	118	124
592	246	114	119
596	242	115	117
587	232	119	115
587	232	120	113
604	183	143	130
634	143	137	131
649	108	133	126
647	91	136	121
638	75	139	124
644	56	146	122
666	41	147	119
683	41	147	123
687	48	150	124
699	43	157	122
709	29	158	124
710	30	157	145
699	69	160	144
701	103	164	132
723	131	160	156
704	180	172	163
700	231	167	122
717	239	169	128
705	257	174	136
687	285	171	127
679	293	169	122
673	302	172	128
654	317	173	127
646	323	169	123
647	320	171	125
640	324	171	136
630	330	169	130
627	336	169	137
617	352	175	140
607	368	168	127
605	375	169	130
595	387	170	123
594	386	165	123
594	386	164	125
588	380	163	125
593	383	161	121
595	382	159	121
592	386	160	122
586	393	157	121
590	385	154	122
588	384	153	122
575	389	156	119
573	390	153	119
568	393	154	119
559	400	153	117
558	402	148	120
555	400	147	119
555	402	143	122
553	401	143	124
549	403	142	122
541	404	140	121
540	404	137	126
537	408	138	130
534	412	136	136
538	415	136	140
536	419	134	142
536	425	132	140
534	428	129	141
536	431	124	141
543	435	118	138
548	434	113	136
550	428	112	136
556	420	114	134
568	419	110	134
571	420	108	133
576	417	106	132
582	415	107	130
597	416	107	127
618	410	101	135
624	405	98	145
631	394	97	150
636	386	93	158
628	380	92	161
627	371	86	164
622	363	85	162
614	350	83	162
605	345	83	162
590	345	82	159
583	341	79	157
580	336	81	156
578	333	83	153
578	331	87	151
575	334	92	148
576	340	96	146
576	344	97	143
575	342	99	142
575	342	99	141
573	342	100	140
570	338	102	140
567	335	104	139
570	334	103	139
571	332	103	138
572	328	103	138
570	325	103	139
565	325	102	137
563	319	101	139
564	315	101	137
564	315	101	137
564	318	100	138
566	324	101	136
567	326	100	137
564	329	99	137
569	330	96	137
573	331	95	137
575	331	94	138
582	333	91	138
587	335	90	140
589	336	88	142
594	341	84	147
597	345	84	148
603	343	82	152
610	342	77	156
616	342	76	159
620	341	75	163
620	339	75	166
626	338	73	170
630	339	70	170
637	329	70	175
643	322	67	173
649	320	61	172
653	317	63	173
654	308	62	174
653	305	63	170
657	304	63	168
657	302	63	165
657	297	66	164
655	293	71	162
653	292	74	160
649	294	79	159
646	301	83	155
644	306	86	154
642	311	87	151
642	317	87	152
643	322	86	155
641	327	85	159
640	327	85	166
640	331	84	171
641	333	82	175
640	334	80	177
640	334	80	179
639	337	77	178
637	337	78	177
633	338	79	176
631	336	82	176
632	337	81	176
628	335	84	176
625	333	86	173
623	329	87	171
620	325	90	168
620	324	92	167
618	324	94	166
615	328	100	164
612	333	107	160
612	335	109	159
608	340	115	157
610	343	116	157
611	345	119	155
612	344	122	159
609	344	125	164
612	345	123	169
611	346	125	171
609	347	125	172
610	348	126	171
608	346	126	170
611	347	126	169
611	347	127	168
611	343	128	168
613	339	128	168
612	340	129	168
615	342	129	168
615	344	129	166
614	342	129	167
616	345	128	168
617	347	128	168
616	348	130	166
614	346	129	166
615	347	128	166
616	347	129	166
614	342	129	167
611	337	129	167
603	324	131	167
595	317	128	167
585	309	129	170
573	301	128	168
553	288	136	169
531	273	137	168
519	265	126	166
525	265	126	164
524	263	127	166
524	265	127	166
526	267	126	165
524	266	127	166
523	266	127	167
525	269	127	166
526	270	124	165
526	271	124	166
527	273	124	165
528	276	122	163
528	276	123	161
526	274	122	160
526	276	123	159
525	274	122	158
519	262	123	158
512	260	125	160
507	269	125	193
500	309	125	198
489	355	126	182
490	393	123	159
486	408	121	158
487	414	122	155
492	417	118	167
481	434	117	219
465	517	114	200
470	574	103	143
474	599	103	118
480	600	101	117
482	596	100	122
487	591	98	126
493	585	95	133
498	586	92	132
504	582	88	135
511	569	86	148
513	562	84	153
514	558	84	153
517	554	83	153
516	549	84	151
515	546	82	150
515	546	82	150
514	544	80	153
515	541	77	169
514	540	77	176
513	540	74	177
513	537	73	179
511	537	75	180
512	535	77	181
509	531	80	185
509	530	85	185
508	534	86	183
510	534	91	181
510	528	92	182
510	527	95	179
509	526	96	179
511	528	100	174
515	524	104	171
516	522	105	169
521	523	109	164
524	522	109	164
524	512	110	172
528	504	113	181
528	502	115	187
532	497	117	193
535	491	119	196
533	484	123	194
532	485	126	193
531	487	130	190
531	489	134	190
534	493	139	186
536	493	142	184
535	498	143	182
538	503	147	176
539	502	151	173
539	504	154	170
537	510	161	173
541	511	163	184
537	508	166	193
533	506	172	203
534	508	172	204
529	509	176	202
527	506	179	199
523	502	178	195
521	485	177	198
513	450	182	202
511	443	184	187
513	442	185	188
515	441	185	182
519	444	186	180
522	446	191	178
526	449	189	174
528	454	189	171
532	458	191	178
529	457	193	185
532	460	192	193
543	465	185	196
541	469	190	199
547	472	187	196
549	472	187	194
553	474	187	192
559	475	179	192
570	479	172	190
576	483	170	184
578	483	170	181
584	485	166	179
585	485	166	174
585	486	168	174
593	484	163	169
594	479	164	168
599	465	162	183
603	451	157	200
611	439	153	208
621	408	152	210
629	395	144	211
626	381	147	210
631	372	143	208
631	361	143	206
632	357	140	205
633	357	143	203
636	356	141	200
633	355	145	197
634	356	144	194
633	358	147	193
633	362	149	190
635	364	150	186
637	364	153	185
636	368	156	183
641	376	158	182
643	383	161	178
643	390	162	175
646	397	157	174
650	400	155	168
660	391	142	167
664	384	132	162
665	382	127	159
668	386	124	152
672	389	121	144
670	392	123	141
673	396	122	135
676	397	123	130
673	390	125	131
669	385	123	128
662	389	121	127
