0.020818
0.179793
0.130106
0.157398
0.164179
0.131364
0.115468
0.163217
0.174765
0.109305
0.128342
0.140782
0.134084
0.174382
0.099369
0.090348
0.089874
0.088914
0.135686
0.104763
0.124128
0.097493
0.087831
0.099519
0.118477
0.148316
0.073064
0.101694
0.134079
0.117799
0.129714
0.111081
0.112168
0.086436
0.168606
0.046550
0.156860
0.167115
0.089352
0.078413
0.100338
0.081335
0.057354
0.140237
0.095384
0.086652
0.064938
0.099319
0.095792
0.068774
0.146492
0.098111
0.118176
0.082285
0.078291
0.101175
0.058882
0.123352
0.125526
0.113646
0.118881
0.073855
0.155801
0.102016
0.111915
0.091409
0.085294
0.084851
0.160757
0.101546
0.148667
0.132972
0.094315
0.178750
0.103613
0.065988
0.122532
0.138606
0.144599
0.107681
0.120984
0.151828
0.200606
0.163292
0.138374
0.176830
0.130364
0.116249
0.108418
0.197049
0.116018
0.079086
0.102234
0.096250
0.223502
0.149740
0.082818
0.161852
0.107421
0.075987
0.110293
0.072391
0.100074
0.045682
0.042508
0.071797
0.056499
0.045531
0.092354
0.069165
0.054657
0.093575
0.080311
0.145106
0.124424
0.154358
0.134962
0.067152
0.166306
0.120450
0.209841
0.128895
0.198195
0.071626
0.149096
0.163339
0.131760
0.144060
0.114044
0.103909
0.184771
0.163381
0.101030
0.132831
0.137643
0.093224
0.124549
0.093199
0.178679
0.158312
0.104661
0.130679
0.115346
0.082759
0.138257
0.112389
0.139513
0.069463
0.131973
0.151715
0.134989
0.152889
0.181531
0.164660
0.120994
0.179697
0.098684
0.135069
0.173722
0.204073
0.129807
0.108306
0.109791
0.098829
0.146355
0.101159
0.097106
0.088450
0.094549
0.134228
0.132342
0.089453
0.110687
0.112725
0.066245
0.145589
0.120964
0.085868
0.076959
0.102060
0.078683
0.079272
0.069711
0.056545
0.066293
0.052564
0.084817
0.095090
0.100798
0.087432
0.092771
0.118103
0.139919
0.109269
0.096730
0.164442
0.101169
0.110883
0.108545
0.112141
0.199040
0.172720
0.111949
0.180253
0.141406
0.088848
0.143258
0.151140
0.136963
0.104748
0.131517
0.157533
0.110144
0.131719
0.106574
0.126963
0.090442
0.099775
0.188844
0.081845
0.074005
0.151896
0.114755
0.082159
0.120049
0.063054
0.060857
0.104206
0.118929
0.089453
0.091983
0.075809
0.140365
0.068302
0.090759
0.089295
0.141854
0.074999
0.128898
0.146810
0.170741
0.111819
0.123015
0.093149
0.055060
0.096055
0.106893
0.087882
0.057879
0.080906
0.185145
0.126592
0.120234
0.086684
0.081081
0.077370
0.088768
0.158750
0.125258
0.106567
0.096073
0.138869
0.121418
0.115179
0.074156
0.131137
0.151392
0.104167
0.119519
0.130295
0.118959
0.127988
0.202562
0.156681
0.193511
0.146979
0.147301
0.133362
0.177573
0.103410
0.155594
0.118042
0.108594
0.170709
0.098984
0.078117
0.102771
0.157415
0.133493
0.118413
0.151439
0.120049
0.107510
0.151232
0.130535
0.111645
0.114152
0.126391
0.103902
0.145365
0.121500
0.150753
0.090882
0.094928
0.119689
0.140551
0.113372
0.175003
0.229694
0.113752
0.143968
0.172804
0.144758
0.205655
0.143924
0.180118
0.128201
0.113592
0.165326
0.144854
0.137132
0.118206
0.145239
0.148205
0.084246
0.195615
0.107448
0.134287
0.126893
0.163809
0.154899
0.122692
0.096541
0.144054
0.170703
0.119370
0.174700
0.093437
0.139619
0.102188
0.102507
0.108220
0.130781
0.107631
0.061831
0.075741
0.131082
0.089406
0.107879
0.137438
0.105199
0.114368
0.085597
0.082754
0.099147
0.109903
0.118518
0.092839
0.078595
0.128230
0.161140
0.098514
0.144044
0.161152
0.123157
0.100673
0.078852
0.119426
0.097142
0.069007
0.137472
0.127145
0.093426
0.063805
0.103974
0.128948
0.100946
0.076800
0.070642
0.128128
0.137725
0.091502
0.107064
0.129021
0.105956
0.115558
0.056434
0.073740
0.097223
0.146161
0.088703
0.175490
0.103242
0.145060
0.166946
0.115200
0.161175
0.178291
0.205612
0.163955
0.106045
0.172772
0.149639
0.115060
0.143455
0.102588
0.115164
0.084057
0.174547
0.147801
0.092420
0.064719
0.139296
0.091720
0.127160
0.118808
0.077593
0.037044
0.089123
0.063561
0.072400
0.167881
0.092270
0.158204
0.134970
0.101771
0.102986
0.086267
0.143967
0.177562
0.079546
0.140529
0.157037
0.176473
0.147470
0.151473
0.136436
0.144741
0.111115
0.119843
0.102235
0.148564
0.115271
0.065278
0.115550
0.144791
0.107661
0.068476
0.139932
0.140874
0.132506
0.166315
0.151249
0.122097
0.133342
0.131644
0.130900
0.158707
0.137221
0.081996
0.121309
0.110200
0.120105
0.091146
0.192271
0.127811
0.133832
0.156725
0.106504
0.085695
0.127399
0.166418
0.115761
0.122047
0.154783
0.120865
0.169313
0.139796
0.100837
0.134637
0.118433
0.099360
0.115957
0.104140
0.072188
0.096292
0.071487
0.098457
0.095402
0.112742
0.119228
0.133222
0.140983
0.105063
0.126956
0.132709
0.107950
0.109203
0.102085
0.147526
0.097781
0.116148
0.120503
0.067469
0.083004
0.141621
0.094411
0.142060
0.148487
0.150585
0.126060
0.123730
0.126275
0.146624
0.158770
0.119394
0.152828
0.096883
0.118623
0.120670
0.085459
0.061330
0.153099
0.144154
0.125141
0.126742
0.130166
0.115586
0.063384
0.115368
0.075996
0.134944
0.098104
0.048649
0.173831
0.046938
0.158781
0.070701
0.086929
0.170066
0.108556
0.110002
0.125494
0.146610
0.130915
0.201726
0.094454
0.100368
0.074557
0.058152
0.101393
0.054941
0.072474
0.098667
0.100948
0.129017
0.108133
0.050610
0.087769
0.065176
0.085220
0.108431
0.098295
0.126596
0.079876
0.058459
0.068367
0.097747
0.147212
0.134859
0.099426
0.119120
0.142050
0.102381
0.108127
0.121495
0.126466
0.089339
0.108407
0.103964
0.080177
0.073765
0.081127
0.061419
0.073235
0.175878
0.117558
0.090355
0.085849
0.050321
0.096175
0.139066
0.120304
0.116157
0.086682
0.132935
0.104889
0.085390
0.100018
0.106270
0.073926
0.125036
0.106217
0.093844
0.080171
0.115596
0.160409
0.133542
0.077549
0.082183
0.127743
0.074521
0.136173
0.072535
0.126681
0.162355
0.110865
0.155867
0.108475
0.088346
0.128848
0.087699
0.098678
0.122567
0.086210
0.054354
0.116474
0.087776
0.109251
0.137205
0.140165
0.099144
0.124229
0.155590
0.146894
0.049903
0.078276
0.108024
0.080498
0.076596
0.084126
0.067118
0.105116
0.075908
0.076065
0.069176
0.120553
0.123039
0.111354
0.136688
0.097188
0.088904
0.083146
0.082710
0.061310
0.093786
0.076279
0.079796
0.124142
0.118404
0.104085
0.079827
0.091671
0.093495
0.092747
0.111932
0.070886
0.084473
0.113584
0.103701
0.090140
0.092498
0.096407
0.157858
0.123135
0.139970
0.099839
0.082056
0.161409
0.117460
0.076773
0.094613
0.065567
0.099095
0.121332
0.082378
0.151678
0.126925
0.132897
0.090199
0.112027
0.075447
0.132091
0.124306
0.131756
0.126109
0.119592
0.103184
0.145452
0.146258
0.065788
0.132547
0.120136
0.056441
0.121365
0.160111
0.112178
0.108603
0.138413
0.166296
0.141349
0.114300
0.104476
0.091954
0.135087
0.076766
0.150651
0.090933
0.151473
0.137909
0.051769
0.100440
0.095827
0.121936
0.117541
0.092189
0.076611
0.121196
0.138556
0.131557
0.110873
0.107205
0.069181
0.084620
0.076118
0.079463
0.088678
0.075240
0.119250
0.123646
0.063328
0.083323
0.108481
0.139087
0.081329
0.103009
0.146730
0.042097
0.157449
0.064252
0.143675
0.123174
0.090101
0.057851
0.128841
0.083461
0.061405
0.092703
0.108217
0.142449
0.190552
0.070159
0.099610
0.122022
0.120134
0.132626
0.136585
0.087829
0.145471
0.106536
0.152353
0.082231
0.087408
0.080524
0.067740
0.106192
0.065662
0.090819
0.092119
0.128381
0.066387
0.121670
0.107227
0.139574
0.124990
0.104527
0.136599
0.079998
0.132526
0.098271
0.065571
0.155255
0.050068
0.077992
0.108366
0.076211
0.094282
0.129399
0.112133
0.100343
0.096411
0.080884
0.088175
0.055679
0.192831
0.111821
0.116607
0.126750
0.119721
0.131719
0.128637
0.058904
0.091199
0.095678
0.132683
0.111037
0.096905
0.075583
0.121804
0.131244
0.095129
0.105896
0.116519
0.083964
0.093414
0.108305
0.127022
0.090841
0.097515
0.088414
0.099708
0.070799
0.064789
0.127568
0.131081
0.106718
0.065567
0.114249
0.075126
0.042293
0.075966
0.079420
0.159317
0.151456
0.093140
0.089535
0.075020
0.112093
0.116188
0.097086
0.084109
0.068614
0.098633
0.132537
0.078026
0.059178
0.043716
0.079792
0.043234
0.066360
0.088656
0.146467
0.092963
0.198259
0.135666
0.180241
0.166504
0.118099
0.097806
0.149992
0.157140
0.100384
0.131060
0.153747
0.222106
0.154310
0.193134
0.113224
0.107941
0.103373
0.137201
0.096458
0.138079
0.129986
0.100277
0.139585
0.230860
0.092310
0.186426
0.137379
0.121969
0.064955
0.055623
0.107274
0.149299
0.107859
0.139835
0.095362
0.080854
0.081372
0.075640
0.110826
0.098037
0.133785
0.057421
0.088189
0.110604
0.121008
0.070776
0.082524
0.138938
0.099006
0.116788
0.075560
0.045126
0.067088
0.107779
0.143543
0.075973
0.096609
0.105768
0.109495
0.106075
0.083581
0.072999
0.068002
0.088969
0.114276
0.110071
0.116707
0.086826
0.098701
0.056154
0.084204
0.072643
0.103853
0.057938
0.096246
0.110342
0.078824
0.090355
0.145999
0.084588
0.049017
0.062835
0.086599
0.089894
0.107306
0.090483
0.077339
0.073310
0.140929
0.118918
0.096237
0.170092
0.108337
0.115703
0.204138
0.142156
0.106818
0.106949
0.092074
0.139248
0.156995
0.138493
0.134443
0.088889
0.099329
0.177117
0.114121
0.097440
0.079065
0.074728
0.129606
0.119123
0.067471
0.143327
0.107397
0.103626
0.087994
0.066460
0.096587
0.097262
0.100131
0.063319
0.114573
0.146421
0.070958
0.120402
0.130902
0.116346
0.055083
0.114178
0.053262
0.057083
0.103968
0.065150
0.111035
0.080589
0.068883
0.118371
0.092719
0.085763
0.064903
0.094283
0.094776
0.120044
0.159319
0.092879
0.124282
0.157269
0.128780
0.086147
0.115079
0.062361
0.091446
0.068888
0.070063
0.112556
0.085352
0.057071
0.102574
0.125557
0.114628
0.144952
0.106794
0.151498
0.098380
0.168082
0.151963
0.127740
0.156440
0.094190
0.181337
0.134147
0.095400
0.143358
0.107454
0.101490
0.089943
0.092280
0.030777
0.123461
0.118729
0.100894
0.079548
0.079218
0.093542
0.128357
0.114017
0.128794
0.074975
0.083330
0.084371
0.085501
0.065450
0.087992
0.149312
0.141201
0.193809
0.163926
0.180989
0.165298
0.096723
0.137602
0.167745
0.122373
0.091986
0.131162
0.186427
0.099844
0.107239
0.186006
0.168655
0.181166
0.155181
0.170282
0.112144
0.077137
0.075565
0.112417
0.089200
0.133447
0.125016
0.122789
0.104455
0.173175
0.110686
0.126133
0.135481
0.093911
0.069981
0.056170
0.084828
0.124199
0.180713
0.112400
0.117923
0.121544
0.174565
0.115240
0.164458
0.148387
0.077074
0.149619
0.066663
0.098715
0.184344
0.117675
0.145360
0.131629
0.078688
0.130467
0.097046
0.146720
0.127766
0.153687
0.180544
0.108173
0.113525
0.153056
0.108449
0.116371
0.112631
0.131893
0.114878
0.086327
0.084422
0.104182
0.109376
0.103268
0.091242
0.114293
0.081930
0.111191
0.114561
0.111075
0.136650
0.093573
0.145534
0.124667
0.105608
0.051699
0.091213
0.114511
0.177313
0.150244
0.137853
0.141599
0.140452
0.143133
0.128821
0.151414
0.056243
0.076895
0.153688
0.107398
0.077714
0.087247
0.082410
0.056543
0.112130
0.096909
0.089552
0.120888
0.151660
0.083787
0.087034
0.072851
0.076804
0.118815
0.099291
0.116354
0.102236
0.112463
0.081869
0.052136
0.106105
0.184922
0.153010
0.158069
0.111776
0.102247
0.081349
0.114964
0.133300
0.115010
0.158754
0.088395
0.107685
0.169727
0.134445
0.068354
0.142936
0.106493
0.116342
0.140804
0.110041
0.116855
0.083737
0.140317
0.154220
0.135953
0.120405
0.065509
0.111888
0.081262
0.147281
0.148208
0.124914
0.107663
0.061124
0.120967
0.098488
0.125247
0.074722
0.117613
0.159155
0.110595
0.137926
0.099797
0.057886
0.075206
0.160482
0.103770
0.067227
0.112300
0.075475
0.073258
0.084953
0.086267
0.180643
0.152986
0.086705
0.141546
0.112016
0.135946
0.106629
0.126524
0.071062
0.103273
0.105069
0.111206
0.168297
0.121603
0.070224
0.097564
0.138715
0.097681
0.082327
0.083554
0.076094
0.103185
0.133282
0.126004
0.124116
0.089004
0.098216
0.075063
0.077280
0.124458
