0.023844
0.069447
0.079592
0.059654
0.097470
0.081600
0.090614
0.087661
0.054997
0.066655
0.099003
0.082573
0.042978
0.056847
0.114396
0.113988
0.088656
0.079467
0.077627
0.060706
0.083181
0.081290
0.075948
0.047820
0.145728
0.037887
0.074599
0.065581
0.060637
0.073313
0.070821
0.135509
0.064638
0.071478
0.069249
0.094960
0.125413
0.068020
0.077999
0.102076
0.065184
0.089384
0.076455
0.049106
0.105848
0.110746
0.050711
0.097520
0.087695
0.071636
0.127656
0.123595
0.070732
0.105916
0.096294
0.069246
0.043940
0.147253
0.078914
0.119663
0.102887
0.115702
0.061336
0.081731
0.069116
0.121504
0.106264
0.092161
0.094858
0.142235
0.079197
0.087774
0.082172
0.108988
0.134667
0.079649
0.067678
0.074269
0.087360
0.086341
0.124877
0.088766
0.073559
0.085269
0.068215
0.070098
0.108601
0.079298
0.124034
0.094771
0.078908
0.071087
0.054299
0.068888
0.053163
0.057383
0.076660
0.072941
0.066366
0.090563
0.074580
0.052411
0.094853
0.051186
0.076025
0.079603
0.059795
0.066543
0.108660
0.058578
0.083846
0.065126
0.145746
0.056964
0.048212
0.085116
0.072676
0.062074
0.095856
0.093965
0.099870
0.049034
0.122774
0.079372
0.077649
0.079989
0.081192
0.105480
0.052090
0.060216
0.132490
0.056634
0.077132
0.093658
0.056761
0.105491
0.095785
0.059115
0.076197
0.077139
0.066968
0.080621
0.062552
0.072399
0.098669
0.095825
0.190992
0.091797
0.101357
0.118351
0.096327
0.072659
0.059231
0.115571
0.068901
0.110088
0.075081
0.118397
0.067507
0.077841
0.076206
0.086388
0.076567
0.072427
0.048472
0.111974
0.098132
0.172217
0.082632
0.075550
0.079102
0.050466
0.074224
0.122262
0.114484
0.095876
0.101437
0.130706
0.133722
0.098859
0.101882
0.143218
0.038921
0.068466
0.085889
0.041279
0.092281
0.107971
0.120219
0.140502
0.062384
0.089301
0.082587
0.086127
0.142903
0.060740
0.117096
0.049290
0.082126
0.083060
0.108574
0.052114
0.064065
0.072986
0.093111
0.120405
0.084964
0.126763
0.079325
0.089584
0.074845
0.119123
0.115782
0.082278
0.081022
0.099927
0.056056
0.054618
0.075729
0.096262
0.063404
0.043823
0.073364
0.091729
0.133944
0.073655
0.146612
0.061967
0.107085
0.104040
0.078958
0.127245
0.106770
0.060662
0.073602
0.102501
0.034832
0.135317
0.064497
0.136045
0.059481
0.065182
0.072765
0.107041
0.115240
0.068782
0.072230
0.105129
0.055769
0.122792
0.145591
0.070959
0.052143
0.100294
0.084545
0.076761
0.073368
0.086587
0.160480
0.091175
0.125616
0.117504
0.061832
0.078684
0.072584
0.075414
0.084732
0.136365
0.065152
0.061277
0.070211
0.068367
0.113917
0.086719
0.116011
0.050311
0.110202
0.152211
0.078720
0.163331
0.143512
0.077803
0.132149
0.082913
0.111388
0.134743
0.104550
0.121760
0.121567
0.101207
0.085282
0.126864
0.089490
0.045975
0.102041
0.101534
0.122699
0.086122
0.126895
0.064700
0.068603
0.070479
0.086662
0.089428
0.090224
0.088878
0.065687
0.041841
0.049955
0.090262
0.058969
0.115076
0.102632
0.097391
0.105624
0.100003
0.066317
0.060794
0.090202
0.085697
0.074123
0.075895
0.046000
0.059019
0.104615
0.074093
0.097762
0.074447
0.128413
0.064180
0.119744
0.074125
0.117537
0.110722
0.065372
0.091999
0.133040
0.093280
0.056910
0.112445
0.059536
0.068222
0.084755
0.082031
0.061773
0.128417
0.096853
0.147162
0.042099
0.142676
0.040695
0.042345
0.105651
0.060619
0.109479
0.071593
0.068658
0.075180
0.086588
0.110145
0.077010
0.100226
0.115382
0.074183
0.145771
0.088958
0.091878
0.129604
0.052850
0.073429
0.095300
0.049134
0.105219
0.082226
0.111931
0.123762
0.128123
0.052338
0.127551
0.120768
0.081448
0.103784
0.078230
0.112041
0.095163
0.067845
0.105538
0.119407
0.066840
0.103596
0.066774
0.110651
0.073789
0.142890
0.112266
0.129969
0.073884
0.113445
0.061633
0.070525
0.084292
0.062876
0.090645
0.073616
0.090390
0.177422
0.083660
0.107657
0.138957
0.063234
0.083386
0.080722
0.068571
0.096049
0.128265
0.109810
0.083059
0.096955
0.105968
0.093148
0.136180
0.173790
0.079911
0.103599
0.093948
0.057682
0.098998
0.075663
0.060298
0.071410
0.120322
0.062562
0.160025
0.125694
0.043529
0.098101
0.087909
0.104342
0.070037
0.077601
0.130589
0.092830
0.136154
0.102355
0.080227
0.090232
0.118540
0.089664
0.106573
0.055669
0.109978
0.155243
0.056979
0.086293
0.086566
0.086068
0.095906
0.151518
0.044765
0.070503
0.094251
0.065873
0.076209
0.104156
0.122347
0.061162
0.080519
0.147418
0.098591
0.057976
0.121913
0.095387
0.079721
0.065603
0.127831
0.097833
0.084160
0.075151
0.081223
0.069795
0.090158
0.112164
0.056093
0.085094
0.085960
0.085457
0.113840
0.059236
0.054248
0.073255
0.082406
0.103960
0.086441
0.087603
0.086096
0.116030
0.052093
0.058602
0.105256
0.085755
0.090068
0.086821
0.103567
0.079895
0.123697
0.081384
0.072206
0.155702
0.089651
0.152184
0.112761
0.084582
0.089232
0.053495
0.112510
0.063972
0.090910
0.166619
0.038344
0.040118
0.091424
0.060440
0.153800
0.068617
0.121309
0.099446
0.106220
0.071913
0.085799
0.078327
0.079642
0.111570
0.093525
0.080021
0.115775
0.077584
0.129150
0.154214
0.106062
0.067185
0.122656
0.089443
0.055825
0.067198
0.109797
0.122089
0.081542
0.068095
0.100137
0.034158
0.067144
0.082940
0.069000
0.083362
0.103164
0.095801
0.083380
0.101011
0.053137
0.142424
0.083672
0.069375
0.058773
0.145382
0.036859
0.069163
0.085538
0.103074
0.078477
0.078465
0.056191
0.087464
0.080522
0.095815
0.110722
0.101536
0.062344
0.096467
0.124937
0.082829
0.041184
0.077362
0.155432
0.089329
0.075371
0.071495
0.080922
0.095947
0.118931
0.051631
0.035739
0.074176
0.055824
0.071845
0.044358
0.109725
0.112317
0.091507
0.078061
0.109909
0.081228
0.056417
0.047793
0.127701
0.075534
0.104399
0.064458
0.105654
0.062954
0.101406
0.072465
0.118700
0.076465
0.093965
0.091429
0.119167
0.045634
0.100806
0.096983
0.066959
0.037603
0.079639
0.082625
0.084043
0.073121
0.153488
0.091143
0.061133
0.142564
0.084526
0.059538
0.098787
0.118317
0.168754
0.153621
0.035020
0.082757
0.068090
0.089965
0.054866
0.081614
0.088796
0.143859
0.068600
0.065212
0.062476
0.042954
0.057343
0.090620
0.074265
0.161488
0.087844
0.118338
0.107751
0.087356
0.063839
0.081394
0.062361
0.115104
0.107831
0.093774
0.078462
0.074986
0.110344
0.138200
0.104217
0.034396
0.121908
0.104455
0.075208
0.105044
0.093060
0.062100
0.072522
0.069964
0.091680
0.103391
0.066340
0.043023
0.073819
0.051827
0.107862
0.160052
0.067880
0.058784
0.112982
0.120152
0.105370
0.088681
0.067325
0.127870
0.082603
0.083888
0.070519
0.110607
0.127619
0.079251
0.079618
0.100756
0.116949
0.077581
0.086118
0.110508
0.113164
0.060606
0.041839
0.047867
0.101088
0.053223
0.096537
0.047503
0.121467
0.050971
0.061253
0.044873
0.119479
0.059585
0.039978
0.050989
0.110086
0.130038
0.048873
0.074404
0.037215
0.077375
0.113581
0.061497
0.086539
0.074385
0.072482
0.052958
0.053644
0.046585
0.052890
0.091244
0.083048
0.091714
0.069971
0.060119
0.095009
0.083380
0.109792
0.093901
0.155498
0.087379
0.095523
0.092182
0.069212
0.054820
0.101438
0.052562
0.069114
0.082098
0.059797
0.062559
0.076599
0.071646
0.057571
0.114089
0.080689
0.080830
0.045337
0.095507
0.112226
0.076780
0.112229
0.111699
0.062156
0.084076
0.076889
0.066789
0.060895
0.051542
0.101209
0.071475
0.099115
0.077711
0.101635
0.084406
0.059858
0.075277
0.041640
0.065491
0.099597
0.038751
0.056203
0.065974
0.077804
0.086241
0.082387
0.066831
0.076047
0.049464
0.108363
0.053752
0.039096
0.054904
0.098888
0.068609
0.114478
0.049135
0.090710
0.068922
0.106795
0.070175
0.069786
0.128076
0.090409
0.106075
0.067061
0.054943
0.104283
0.092211
0.052548
0.042950
0.044982
0.071440
0.135888
0.050762
0.087201
0.095997
0.068352
0.071582
0.075135
0.058879
0.110823
0.070732
0.089660
0.063945
0.067815
0.066573
0.098988
0.056066
0.066184
0.044868
0.116373
0.057212
0.126503
0.113227
0.091186
0.062004
0.106492
0.080260
0.073954
0.079853
0.041458
0.134295
0.064129
0.071122
0.083779
0.143611
0.057392
0.074961
0.097734
0.080293
0.089267
0.068017
0.117065
0.086578
0.118821
0.053580
0.086481
0.170696
0.080466
0.058899
0.093761
0.067344
0.118191
0.097853
0.103416
0.100589
0.119819
0.146729
0.125667
0.181662
0.143676
0.089935
0.105925
0.087582
0.062362
0.087785
0.079470
0.094238
0.057684
0.086426
0.069126
0.129279
0.113610
0.074489
0.084326
0.077738
0.084206
0.046162
0.114112
0.114428
0.157923
0.046016
0.043820
0.108052
0.081834
0.093609
0.046589
0.118789
0.057233
0.038589
0.069422
0.073807
0.079828
0.067981
0.103009
0.137271
0.105757
0.095785
0.109203
0.053758
0.067228
0.062328
0.040038
0.052253
0.060217
0.061106
0.078351
0.088366
0.062970
0.077873
0.064339
0.075427
0.091672
0.053052
0.055649
0.092937
0.041178
0.087348
0.094914
0.142292
0.073149
0.077834
0.097387
0.153462
0.100858
0.089468
0.111843
0.052381
0.072070
0.056525
0.086176
0.095121
0.113376
0.144350
0.098765
0.116014
0.102176
0.093622
0.069518
0.100273
0.101437
0.051494
0.096076
0.061407
0.088682
0.052875
0.135538
0.091362
0.064605
0.149748
0.110970
0.084126
0.065846
0.054948
0.088087
0.095133
0.114408
0.061401
0.074612
0.046554
0.076760
0.063927
0.123642
0.055616
0.146712
0.069980
0.104802
0.079519
0.081421
0.111226
0.065443
0.075223
0.091062
0.137969
0.110715
0.123564
0.097776
0.110495
0.170490
0.114367
0.049422
0.080250
0.070701
0.131847
0.120393
0.117201
0.126359
0.136594
0.071977
0.105310
0.133435
0.047408
0.091117
0.081838
0.120882
0.064878
0.113588
0.136595
0.108376
0.109390
0.092645
0.088292
0.136139
0.110674
0.135384
0.082282
0.092848
0.104954
0.084121
0.113018
0.073751
0.097522
0.112280
0.096456
0.111093
0.096474
0.153302
0.099564
0.056376
0.067739
0.092979
0.068794
0.134439
0.093561
0.138136
0.087040
0.141560
0.082913
0.072476
0.069885
0.063418
0.084086
0.084934
0.069983
0.106209
0.062106
0.132122
0.113845
0.080320
0.081795
0.065033
0.109067
0.049603
0.079073
0.074236
0.081581
0.105695
0.071880
0.082143
0.062279
0.108178
0.044235
0.071424
0.076982
0.053190
0.052565
0.082701
0.068800
0.127146
0.074532
0.110513
0.105016
0.035440
0.046044
0.077896
0.079544
0.156000
0.151064
0.047719
0.077892
0.089319
0.065340
0.113933
0.160016
0.050175
0.144681
0.068411
0.126814
0.159844
0.050351
0.169971
0.193174
0.125907
0.131968
0.163380
0.047428
0.080747
0.115491
0.099270
0.091431
0.192581
0.090499
0.097747
0.082339
0.069690
0.098590
0.132578
0.100721
0.099091
0.108074
0.106359
0.080923
0.127299
0.115878
0.141167
0.088037
0.062727
0.084383
0.074338
0.055138
0.101359
0.087899
0.087756
0.055186
0.106455
0.061098
0.172504
0.094106
0.072732
0.074297
0.170851
0.150376
0.065074
0.112749
0.091517
0.053633
0.079672
0.109045
0.113601
0.135469
0.074257
0.100530
0.069946
0.144288
0.140873
0.131019
0.076167
0.122015
0.095609
0.092927
0.092213
0.145066
0.078691
0.096070
0.165427
0.111129
0.139452
0.083972
0.084617
0.152950
0.083910
0.060672
0.067199
0.070721
0.068586
0.051098
0.108834
0.116131
0.070414
0.056245
0.103716
0.121718
0.054733
0.075161
0.085571
0.123908
0.094662
0.044574
0.091549
0.093000
0.178642
0.076728
0.106336
0.162376
0.128846
0.056250
0.081905
0.111183
0.093590
0.058289
0.118717
0.166666
0.124762
0.078273
0.136356
0.151059
0.114234
0.149835
0.104706
0.114075
0.061177
0.130036
0.120677
0.167783
0.135681
0.098827
0.113421
0.226896
0.120920
0.099245
0.087201
0.086791
0.109281
0.169916
0.049129
0.082960
0.113306
0.073369
0.120988
0.104695
0.094827
0.060350
0.060856
0.092491
0.069875
0.085004
0.057294
0.070593
0.082719
0.110256
0.083937
0.090342
0.085003
0.044798
0.120528
0.086784
0.046898
0.168039
0.083360
0.115116
0.102482
0.057105
0.120920
0.058177
0.133761
0.064595
0.074673
0.110037
0.180538
0.099559
0.071591
0.108075
0.119647
0.137175
0.107560
0.107633
0.123008
0.133398
0.108075
0.149431
0.128041
0.110177
0.112010
0.131379
0.162960
0.059404
0.097462
0.052756
0.090585
0.083522
0.052502
0.084309
0.095330
0.088845
0.084123
0.087823
0.108833
0.113127
0.076717
0.064731
0.086856
0.123206
0.123096
0.096097
0.136292
0.133543
0.112069
0.074462
0.083155
0.101099
0.107364
0.218243
0.120331
0.097239
0.080641
0.100483
0.073678
0.112833
0.096018
0.119321
0.134626
0.138580
0.110303
0.099832
0.136972
0.077109
0.111516
0.071540
0.143379
0.130603
0.188213
0.159959
0.066557
0.131286
0.062548
0.055294
0.073066
0.126232
0.166640
0.130072
0.154572
0.075756
0.095105
0.097840
0.062762
0.086053
0.123398
0.116905
0.092597
0.088277
0.096395
0.062447
0.110337
0.139255
0.054816
0.110176
0.161612
0.079589
0.092913
0.133162
0.160372
0.063647
0.091589
0.066986
0.043339
0.081871
0.068553
0.082943
0.059715
0.083630
0.135928
0.191900
0.120680
0.112852
0.149788
0.174990
0.064127
0.097517
0.076372
0.115843
0.110801
0.090083
0.121649
0.076653
0.080051
0.159727
0.181137
0.061214
0.097935
0.136466
0.189819
0.109664
0.103957
0.107330
0.158240
0.167332
0.099231
0.097129
0.118248
0.096232
0.107602
0.089895
0.080392
0.149555
0.142272
0.044405
0.153633
0.053459
0.062653
0.052636
0.098315
0.082254
0.050644
0.119657
0.127895
0.102647
0.145154
0.175620
0.112792
0.075221
0.106555
0.103880
0.147013
0.192359
0.111038
0.107744
0.073431
0.064740
0.107791
0.104229
0.108399
0.174106
0.079844
0.130882
0.140583
0.110391
0.079873
0.098919
0.099869
0.086301
0.085617
0.153389
0.066357
0.079328
0.098468
0.108066
0.155200
0.074092
0.097264
0.109750
0.072933
0.079035
0.104234
0.058733
0.109931
0.090209
0.065968
0.056620
0.144061
0.139695
0.137258
0.079714
0.080481
0.141041
0.089006
0.158349
0.080909
0.104729
0.076737
0.088767
0.136638
0.086873
0.091522
0.084598
0.113435
0.094882
0.102391
0.119625
0.081426
0.087464
0.120748
0.109483
0.135533
0.108032
0.052496
0.101418
0.141435
0.064728
0.090795
0.121077
0.118612
0.106966
0.090491
0.097045
0.093151
0.163455
0.083882
0.129363
0.035033
0.139336
0.086966
0.105735
0.098011
0.115125
0.168061
0.107398
0.103513
0.126911
0.060508
0.081147
0.111801
0.092126
0.145860
0.061789
0.120435
0.085978
