0.038651
0.161954
0.114948
0.124871
0.134748
0.145737
0.181685
0.145498
0.124138
0.117430
0.087061
0.151898
0.113086
0.068710
0.137502
0.154567
0.156636
0.170946
0.133639
0.172761
0.137109
0.122514
0.120481
0.171184
0.148460
0.069120
0.134235
0.110723
0.150149
0.118471
0.130156
0.112274
0.093487
0.195940
0.150867
0.138099
0.092826
0.171994
0.148433
0.124844
0.045598
0.125309
0.092679
0.060576
0.099852
0.078912
0.105754
0.138425
0.070300
0.073456
0.120260
0.082385
0.088977
0.066865
0.084332
0.150447
0.103162
0.061464
0.080578
0.083112
0.129670
0.041499
0.152172
0.110352
0.066641
0.088732
0.118282
0.063092
0.049803
0.068345
0.058521
0.035065
0.044282
0.099837
0.050653
0.095867
0.055341
0.047119
0.053507
0.128445
0.040805
0.039902
0.086096
0.073599
0.118931
0.081459
0.078717
0.069815
0.094429
0.113605
0.087116
0.049862
0.053219
0.112883
0.095123
0.147655
0.056288
0.085986
0.116666
0.065587
0.088971
0.056965
0.129770
0.108226
0.069293
0.119915
0.086207
0.056186
0.096871
0.133590
0.132744
0.066841
0.143597
0.106340
0.111633
0.115388
0.112723
0.072258
0.095050
0.141990
0.171736
0.110990
0.104833
0.087705
0.089537
0.110802
0.095093
0.112789
0.095655
0.138264
0.151968
0.079975
0.098848
0.125942
0.121208
0.123384
0.140990
0.125015
0.053398
0.096100
0.086818
0.107942
0.119053
0.072008
0.149460
0.103366
0.100216
0.129434
0.118740
0.078673
0.075132
0.071668
0.099093
0.047013
0.138365
0.116611
0.092611
0.144100
0.070482
0.104978
0.135561
0.105067
0.084609
0.083135
0.096830
0.103886
0.126642
0.151960
0.098953
0.073222
0.088857
0.112558
0.078557
0.125677
0.096294
0.079128
0.103780
0.082371
0.095398
0.134344
0.167454
0.189845
0.127617
0.092796
0.090153
0.086519
0.112012
0.121316
0.072646
0.162041
0.088180
0.128875
0.118058
0.108231
0.108232
0.121857
0.078875
0.112519
0.066116
0.119548
0.103816
0.135681
0.129491
0.081237
0.085222
0.108310
0.118071
0.202832
0.112471
0.096281
0.085504
0.130800
0.112890
0.102016
0.086772
0.156903
0.161872
0.092194
0.151267
0.099079
0.100912
0.104981
0.139435
0.098832
0.116321
0.128034
0.173262
0.113870
0.068725
0.125818
0.093424
0.168532
0.119897
0.064255
0.118268
0.136555
0.132536
0.126141
0.062922
0.070853
0.069004
0.091362
0.086907
0.107839
0.093927
0.169122
0.080973
0.103502
0.077249
0.179585
0.105726
0.069664
0.109482
0.140350
0.113199
0.075865
0.130206
0.096428
0.123678
0.088596
0.089581
0.063252
0.090301
0.107975
0.136768
0.082236
0.104856
0.101378
0.115824
0.127356
0.129606
0.182886
0.118606
0.134947
0.127038
0.094500
0.104007
0.153326
0.151156
0.086024
0.142840
0.126525
0.070686
0.149620
0.104762
0.070327
0.125244
0.124195
0.084387
0.097803
0.099075
0.148739
0.076707
0.118724
0.210206
0.191036
0.147279
0.181939
0.167742
0.150175
0.154023
0.134957
0.183697
0.135721
0.128225
0.185581
0.164046
0.141450
0.183672
0.194898
0.151583
0.174895
0.157268
0.156608
0.093588
0.078717
0.159720
0.117572
0.078340
0.082978
0.131762
0.126528
0.069552
0.100206
0.081508
0.077744
0.093161
0.160557
0.159514
0.135217
0.101960
0.169838
0.083636
0.139343
0.122263
0.100023
0.052579
0.143481
0.120757
0.171958
0.108842
0.084392
0.074926
0.169280
0.092903
0.171386
0.113545
0.096671
0.165987
0.135680
0.079391
0.119303
0.152592
0.146659
0.102933
0.061134
0.107146
0.097301
0.103386
0.099050
0.120641
0.107050
0.112529
0.062352
0.118953
0.057733
0.104127
0.086683
0.086926
0.067346
0.140520
0.154809
0.117985
0.097661
0.185534
0.126011
0.158940
0.188691
0.139291
0.095984
0.134671
0.095556
0.078280
0.074620
0.115523
0.084395
0.068173
0.076763
0.137234
0.107920
0.079597
0.096934
0.130915
0.113718
0.206130
0.152756
0.144337
0.159188
0.153705
0.216584
0.126671
0.133151
0.139496
0.133996
0.136584
0.118433
0.130879
0.078357
0.099606
0.156160
0.137334
0.132373
0.140197
0.157675
0.174693
0.122781
0.162666
0.111433
0.186654
0.153589
0.087692
0.158427
0.134581
0.081648
0.139556
0.107205
0.128092
0.111603
0.117742
0.116026
0.090094
0.068937
0.083075
0.104400
0.107792
0.156728
0.118937
0.134681
0.080393
0.157051
0.156721
0.089352
0.160603
0.151589
0.147968
0.095857
0.116502
0.062542
0.093023
0.158644
0.185560
0.259711
0.178309
0.191278
0.073727
0.147883
0.136938
0.107719
0.104300
0.148846
0.163509
0.116601
0.134295
0.105922
0.120428
0.194368
0.116410
0.125004
0.072351
0.105742
0.103934
0.103211
0.096398
0.157232
0.139807
0.130726
0.114582
0.138122
0.147502
0.122623
0.088035
0.116541
0.116632
0.110025
0.145220
0.144683
0.139875
0.174403
0.148910
0.222284
0.159703
0.101530
0.120230
0.139282
0.103095
0.143649
0.112534
0.122483
0.167492
0.101374
0.128347
0.135966
0.117293
0.091300
0.115489
0.160475
0.133736
0.117163
0.134828
0.084739
0.107089
0.108237
0.119080
0.082618
0.108273
0.077095
0.129768
0.174292
0.186202
0.142286
0.144487
0.148788
0.113969
0.170718
0.143028
0.127378
0.102216
0.128439
0.147045
0.075392
0.094320
0.115188
0.155046
0.150569
0.155340
0.104598
0.106467
0.114639
0.101408
0.123069
0.065543
0.101602
0.085041
0.099493
0.125549
0.064727
0.112657
0.119273
0.095930
0.129476
0.105884
0.138229
0.111471
0.108781
0.250891
0.157148
0.119634
0.117190
0.140374
0.201372
0.083874
0.091037
0.168737
0.103738
0.164054
0.118737
0.096905
0.116605
0.110295
0.147605
0.090738
0.061816
0.086472
0.132009
0.152839
0.105670
0.098616
0.111077
0.123076
0.100048
0.086695
0.091325
0.114724
0.087694
0.099543
0.130387
0.099121
0.141986
0.128958
0.147087
0.128494
0.085095
0.135252
0.074841
0.122995
0.106666
0.109110
0.121364
0.114179
0.109532
0.178166
0.079739
0.115192
0.179457
0.087046
0.094516
0.101640
0.074226
0.113684
0.150684
0.140636
0.068099
0.080591
0.123029
0.103978
0.120608
0.065990
0.106471
0.132279
0.127663
0.103908
0.139394
0.046444
0.138790
0.112990
0.112350
0.120238
0.100764
0.101666
0.103196
0.103141
0.112670
0.122584
0.169562
0.090148
0.072686
0.077987
0.070997
0.098090
0.079058
0.068671
0.150875
0.079732
0.146378
0.165013
0.121655
0.078720
0.133748
0.061952
0.129668
0.088505
0.111133
0.141894
0.120944
0.122524
0.069674
0.086528
0.147864
0.118656
0.073538
0.064513
0.129867
0.088628
0.125356
0.127726
0.122953
0.119406
0.120064
0.146919
0.094608
0.083076
0.185871
0.109575
0.155685
0.101422
0.086554
0.129086
0.076889
0.086451
0.130999
0.117265
0.099988
0.059948
0.106377
0.118089
0.175586
0.106653
0.134579
0.167324
0.108082
0.117652
0.151720
0.171108
0.111202
0.107725
0.105367
0.130741
0.188876
0.148345
0.159718
0.150227
0.203492
0.100998
0.101209
0.108870
0.110643
0.141784
0.127448
0.088141
0.085511
0.148628
0.168952
0.094692
0.133653
0.107826
0.099150
0.105360
0.103218
0.122146
0.150830
0.069484
0.092015
0.126173
0.075058
0.080240
0.097847
0.079879
0.096380
0.156548
0.102533
0.081325
0.109788
0.164799
0.086882
0.096184
0.116313
0.122530
0.072090
0.145680
0.123043
0.123759
0.105563
0.181073
0.136017
0.156283
0.190179
0.128953
0.156334
0.100406
0.088039
0.108281
0.088429
0.094728
0.104155
0.086243
0.099913
0.152671
0.057808
0.087963
0.124373
0.104558
0.090031
0.093949
0.120872
0.068447
0.112097
0.068990
0.100576
0.060115
0.059615
0.075602
0.069329
0.124551
0.085560
0.058436
0.070418
0.064638
0.083387
0.116579
0.098311
0.172010
0.093030
0.155271
0.182352
0.192748
0.172531
0.136616
0.085172
0.114435
0.091378
0.064656
0.095779
0.127057
0.109161
0.154251
0.112221
0.113016
0.077229
0.100429
0.077996
0.123183
0.057559
0.073217
0.146914
0.082035
0.050991
0.080761
0.123587
0.116039
0.071328
0.053395
0.135979
0.139163
0.085618
0.096665
0.070981
0.067888
0.142358
0.098843
0.072288
0.083342
0.092153
0.074607
0.161561
0.111822
0.081948
0.065356
0.083383
0.065032
0.098692
0.072090
0.112401
0.141397
0.083565
0.090986
0.109984
0.100147
0.124497
0.132637
0.095250
0.134898
0.087937
0.088850
0.098168
0.130373
0.091556
0.112553
0.069538
0.114393
0.082933
0.102851
0.107959
0.124764
0.066621
0.118045
0.127417
0.112442
0.070205
0.117023
0.079595
0.069329
0.095674
0.053604
0.054595
0.055965
0.048448
0.066118
0.162736
0.069322
0.054910
0.083215
0.066031
0.089767
0.090424
0.093563
0.097547
0.070396
0.086325
0.045730
0.071264
0.154460
0.058572
0.049914
0.049947
0.047200
0.151026
0.058395
0.059983
0.074138
0.054125
0.056606
0.027841
0.110246
0.064578
0.063273
0.055267
0.063462
0.050439
0.057028
0.047597
0.084136
0.100519
0.057364
0.049923
0.046391
0.068786
0.065681
0.066646
0.079782
0.059934
0.067260
0.065548
0.048366
0.050464
0.039792
0.060796
0.100881
0.060799
0.130194
0.077899
0.079540
0.071824
0.035317
0.068372
0.073244
0.068987
0.078407
0.042904
0.043496
0.082212
0.038484
0.095779
0.075518
0.065222
0.068862
0.092299
0.052313
0.062612
0.089046
0.046260
0.042050
0.054179
0.048659
0.090249
0.079288
0.129478
0.058489
0.080681
0.079877
0.064512
0.089023
0.047787
0.064426
0.083918
0.116786
0.071687
0.077330
0.079737
0.061091
0.079844
0.071343
0.107194
0.070810
0.084871
0.057611
0.046989
0.072409
0.085264
0.065732
0.052472
0.115139
0.143041
0.093938
0.062185
0.053328
0.035895
0.053604
0.116326
0.097318
0.054518
0.085218
0.090305
0.060375
0.052574
0.077163
0.061337
0.067542
0.089226
0.046053
0.091485
0.066364
0.078137
0.037381
0.053187
0.100368
0.054249
0.104576
0.050981
0.044466
0.083917
0.041543
0.088693
0.075567
0.100265
0.059087
0.053090
0.050944
0.083925
0.070790
0.053451
0.060820
0.052644
0.056048
0.068719
0.084412
0.054261
0.052100
0.069599
0.040136
0.028839
0.134453
0.079047
0.066748
0.070361
0.053362
0.098058
0.091224
0.092917
0.056203
0.049372
0.084955
0.041867
0.069265
0.086949
0.047498
0.047372
0.051529
0.078436
0.051743
0.068047
0.047640
0.048708
0.062530
0.078367
0.089685
0.066469
0.091760
0.077800
0.081481
0.093603
0.057932
0.061178
0.040453
0.065754
0.106388
0.087875
0.034915
0.053819
0.049737
0.057677
0.076325
0.043999
0.063557
0.074419
0.047492
0.067071
0.100183
0.061365
0.069184
0.102922
0.042054
0.134969
0.111350
0.051653
0.065575
0.074034
0.057427
0.081132
0.054234
0.078630
0.088818
0.045865
0.111403
0.111454
0.107888
0.201399
0.237119
0.132974
0.107821
0.127450
0.157140
0.130215
0.138807
0.110309
0.175815
0.100447
0.208228
0.152039
0.161515
0.196918
0.117959
0.153269
0.145447
0.138350
0.121630
0.193842
0.211833
0.105551
0.180209
0.141856
0.171463
0.181413
0.198524
0.171948
0.110898
0.099804
0.157788
0.129475
0.126803
0.128536
0.109062
0.097886
0.089546
0.130591
0.098840
0.098532
0.171571
0.108929
0.062500
0.113954
0.150842
0.109334
0.092183
0.093025
0.049514
0.078438
0.056815
0.092874
0.102771
0.100572
0.076948
0.107297
0.152595
0.097347
0.121218
0.116802
0.116472
0.081752
0.095311
0.141551
0.123301
0.178516
0.095833
0.090915
0.083175
0.146505
0.102351
0.106477
0.110094
0.125899
0.123455
0.117560
0.126748
0.115006
0.100946
0.095385
0.099388
0.161891
0.068636
0.160133
0.155602
0.142409
0.113123
0.104142
0.099599
0.156990
0.117510
0.201903
0.170179
0.126961
0.144162
0.077675
0.068317
0.074938
0.131910
0.069582
0.074561
0.170985
0.088714
0.127578
0.071459
0.086874
0.099412
0.083045
0.134508
0.126939
0.091690
0.097222
0.112720
0.125091
0.072020
0.128087
0.063974
0.057225
0.095783
0.137571
0.132965
0.153790
0.109556
0.086113
0.090166
0.089120
0.081413
0.075859
0.084050
0.101981
0.067220
0.070076
0.142289
0.055963
0.147565
0.073928
0.127640
0.094526
0.079005
0.076952
0.114969
0.133238
0.110088
0.087986
0.133068
0.117724
0.078378
0.102017
0.150115
0.123664
0.130736
0.078151
0.079692
0.119457
0.054565
0.071650
0.151804
0.099163
0.124326
0.128211
0.095145
0.138019
0.101707
0.058782
0.067297
0.083572
0.109389
0.103418
0.096928
0.084433
0.111847
0.062332
0.102268
0.138066
0.161444
0.107287
0.121900
0.135146
0.134501
0.118247
0.112455
0.070698
0.132886
0.148846
0.177793
0.134443
0.101763
0.147361
0.138657
0.125480
0.103026
0.135276
0.139180
0.183274
0.112804
0.112409
0.170726
0.145828
0.066188
0.115710
0.085605
0.109739
0.068517
0.188667
0.123711
0.163179
0.131391
0.066076
0.071539
0.072048
0.107715
0.123778
0.096254
0.108440
0.105256
0.056915
0.123971
0.067810
0.076111
0.093586
0.145451
0.090312
0.119706
0.136785
0.190905
0.193892
0.091767
0.113800
0.093619
0.080262
0.066093
0.094596
0.137548
0.149070
0.123943
0.157200
0.129241
0.143486
0.094228
0.104811
0.116124
0.129271
0.126553
0.124502
0.194568
0.103265
0.113920
0.141636
0.140811
0.083886
0.119571
0.130359
0.123880
0.160238
0.099879
0.120692
0.122032
0.143879
0.148185
0.113792
0.121555
0.108025
0.124516
0.193764
0.198885
0.121937
0.099414
0.200415
0.136540
0.170355
0.161187
0.102694
0.115183
0.126379
0.095502
0.089713
0.117752
0.154501
0.073425
0.105488
0.143508
0.178461
0.110374
0.218537
0.214776
0.220908
0.140371
0.150701
0.121957
0.097783
0.178214
0.177550
0.175986
0.092545
0.121576
0.145589
0.136296
0.227694
0.144507
0.096601
0.112878
0.133519
0.156857
0.176130
0.268311
0.120962
0.115593
0.195792
0.125121
0.178197
0.108336
0.193805
0.124870
0.188652
0.154490
0.207650
0.165957
0.177204
0.167309
0.155979
0.156178
0.137848
0.086319
0.072492
0.094012
0.065789
0.183761
0.098727
0.119906
0.141465
0.188060
0.220473
0.195732
0.136155
0.130488
0.211770
0.175505
0.127544
0.197804
0.157166
0.118340
0.204660
0.117167
0.137322
0.159198
0.144823
0.111071
0.161987
0.129016
0.174888
0.147161
0.139868
0.132486
0.114522
0.251730
0.137080
0.068631
0.143767
0.105181
0.126812
0.156873
0.129899
0.122573
0.128684
0.111932
0.152795
0.086765
0.076566
0.101402
0.132396
0.115550
0.135184
0.097131
0.100506
0.103215
0.119995
0.156909
0.173440
0.239864
0.180416
0.105163
0.092344
0.190377
0.206573
0.123353
0.167928
0.214774
0.190837
0.152818
0.135204
0.191765
0.121781
0.115581
0.129200
0.108728
0.163783
0.118665
0.153687
0.096029
0.166569
0.320511
0.123439
0.150389
0.112844
0.121841
0.152757
0.124059
0.151986
0.072201
0.118681
0.102550
0.100610
0.107581
0.052893
0.078327
0.099554
0.056000
0.090722
0.117779
0.094413
0.073140
0.062114
0.098354
0.088800
0.155441
0.086406
0.121252
0.066724
0.094822
0.078581
0.068555
0.069522
0.061072
0.095297
0.095878
0.071415
0.068169
0.105058
0.104734
0.064690
0.092940
0.108952
0.074917
0.095493
0.058632
0.132934
0.133663
0.147145
0.130183
0.165172
0.178977
0.137132
0.151282
0.061165
0.090651
0.102699
0.176925
0.093951
0.124699
0.117080
0.155946
0.180001
0.146645
0.184946
0.168796
0.122256
0.122458
0.132104
0.141079
0.083086
0.106860
0.077033
0.123497
0.063638
0.070227
0.092118
0.068616
0.108313
0.155874
0.110080
0.082219
0.081468
0.098094
0.092750
0.100264
0.096962
0.083822
0.089139
0.116424
0.088227
0.127846
0.117921
0.074319
0.079548
0.093355
0.109993
0.107721
0.119459
0.055073
0.110874
0.100689
0.108677
0.066025
0.052580
0.107148
0.114053
0.164848
0.094171
0.084661
0.156796
0.129435
0.060895
0.125074
0.089637
0.124844
0.068523
0.128314
0.151973
0.094143
0.098874
0.070674
0.072362
0.092011
0.111202
0.163325
0.101720
0.050171
0.171356
0.154901
0.129385
0.151814
0.104101
0.067456
0.123406
0.099918
0.101739
0.131193
0.071778
0.133244
0.095218
0.064149
0.059589
0.076337
0.082916
0.063915
0.112758
0.059423
0.075809
0.174964
0.116606
0.132763
0.078885
0.079091
0.082307
0.075237
0.130985
0.102726
0.107877
0.102359
0.121227
0.093103
0.127525
0.172843
0.130458
0.077213
0.074895
0.125302
0.160616
0.130318
0.112295
0.120968
0.163812
0.092696
0.122005
0.130924
0.108236
0.128351
0.107375
0.091016
0.119029
0.117772
0.104929
0.121635
0.137624
0.128397
0.128933
0.178265
0.100294
0.106171
0.044183
0.077992
0.151028
0.141932
0.074672
0.082817
0.166580
0.093526
0.143565
0.191713
0.158765
0.091775
0.086734
0.101467
0.176030
0.134021
0.115785
0.150209
0.196033
0.142311
0.135090
0.155801
0.105985
0.130326
0.091166
0.110039
0.117833
0.096829
0.093729
0.113860
0.116292
0.060974
0.102276
0.070329
0.107423
0.078493
0.070826
0.124748
0.098341
0.088479
0.053276
0.105572
0.077118
0.066370
0.090353
0.123088
0.073645
0.143241
0.135623
0.139848
0.170422
0.159441
0.110317
0.090168
0.083339
0.061251
0.066861
0.048962
0.057778
0.086524
0.058380
0.118426
0.086542
0.090961
0.097240
0.135838
0.090387
0.084381
0.147135
0.157048
0.090904
0.071764
0.121561
0.157832
0.152420
0.077024
0.102587
0.098537
0.053856
0.149917
0.098248
0.097198
0.108944
0.179686
0.095750
0.138236
0.066059
0.089050
0.127583
0.150415
0.093421
0.128255
0.084193
0.040958
0.110296
0.112115
0.089155
0.072964
0.127671
0.110173
0.118794
0.128311
0.152122
0.071895
0.115692
0.094054
0.103308
0.047845
0.140425
0.139474
0.132864
0.232606
0.140742
0.165668
0.161866
0.100289
0.155055
0.124148
0.105197
0.151885
0.146677
0.149875
0.079837
0.137310
0.104553
0.122092
0.126213
0.087771
0.146277
0.181371
0.193742
0.121005
0.178085
0.148923
0.138581
0.146144
0.165919
0.132512
0.092151
0.121625
0.122193
0.149014
0.153260
0.174077
0.143493
0.125130
0.114117
0.200284
0.158088
0.148247
0.188000
0.122551
0.185630
0.163647
0.134984
0.110480
0.165225
0.165871
0.097513
0.127529
0.169059
0.163744
0.192036
0.177415
0.155916
0.128635
0.111942
0.098866
0.096384
0.094806
0.136200
0.085486
0.134929
0.113201
0.086040
0.128968
0.095597
0.098824
0.156831
0.137929
0.158541
0.170150
0.114688
0.155821
0.130842
0.118366
0.167407
0.111480
0.145542
0.119644
0.080803
0.169933
0.082148
0.121303
0.147598
0.110883
0.164633
0.095925
0.118659
0.120818
0.094318
0.082521
0.073275
0.085105
0.067748
0.080951
0.124093
0.109536
0.114407
0.088157
0.121406
0.118204
0.160621
0.139387
0.131909
0.136504
0.119652
0.208406
0.115618
0.147755
0.171977
0.122728
0.099218
0.122884
0.087685
0.149215
0.179563
0.122540
0.132336
0.134532
0.189456
0.099119
0.080330
0.095460
0.184954
0.164990
0.141072
0.164111
0.182838
0.178978
0.120590
0.199863
0.131844
0.120487
0.216541
0.124244
0.135185
0.122124
0.145399
0.147230
0.134074
0.108197
0.186415
0.128994
0.104941
0.095581
0.162790
0.128380
0.089260
0.153339
0.098981
0.094520
0.122598
0.108359
0.062656
0.099558
0.117089
0.092808
0.114605
0.093224
0.159826
0.119651
0.077094
0.126606
0.108325
0.180186
0.098817
0.132767
0.149833
0.092272
0.156327
0.146077
0.184834
0.067770
0.095212
0.089119
0.112511
0.108714
0.106992
0.142877
0.124580
0.053459
0.108418
0.110631
0.113040
0.081238
0.052762
0.116248
0.109493
0.105816
0.123685
0.085231
0.095884
0.124376
0.150689
0.084187
0.107691
0.114211
0.057619
0.090827
0.108539
0.157897
0.069736
0.047562
0.045472
0.066012
0.081791
0.051069
0.068960
0.067922
0.056007
0.079116
0.050377
0.053775
0.056473
0.052087
0.072594
0.086408
0.068521
0.081176
0.067637
0.131809
0.086770
0.047825
0.070101
0.061119
0.071120
0.061471
0.051718
0.096206
0.060018
0.070162
0.104459
0.063180
0.060848
0.070302
0.044656
0.088268
0.065911
0.038924
0.076175
0.050095
0.053180
0.052464
0.089216
0.064104
0.064446
0.094655
0.050774
0.081570
0.059957
0.058649
0.089482
0.043836
0.089574
0.100019
0.072824
0.074100
0.049743
0.089696
0.068938
0.084183
0.071488
0.098127
0.115274
0.066066
0.130797
0.089225
0.065473
0.120628
0.079872
0.052592
0.072115
0.072431
0.067070
0.076512
0.067913
0.073112
0.068860
0.064040
0.084704
0.066388
0.085141
0.112089
0.106855
0.080253
0.098324
0.052122
0.058273
0.050612
0.085203
0.095211
0.049456
0.058252
0.099644
0.104441
0.049127
0.086191
0.076778
0.068032
0.083395
0.086972
0.051679
0.069275
0.084028
0.106120
0.097348
0.092053
0.068462
0.077635
0.068863
0.055599
0.042593
0.039934
0.117173
0.101259
0.082956
0.084578
0.077002
0.101370
0.065088
0.157085
0.081768
0.081770
0.061511
0.076121
0.111362
0.081157
0.119345
0.060215
0.065020
0.139410
0.091119
0.080016
0.057348
0.057655
0.090335
0.122397
0.075243
0.099736
0.162632
0.172822
0.090372
0.081161
0.086823
0.058792
0.076546
0.070110
0.129484
0.069657
0.065020
0.046122
0.038778
0.100403
0.054464
0.083242
0.071242
0.071120
0.051007
0.046847
0.065899
0.070504
0.052824
0.046074
0.058602
0.056518
0.060886
0.062549
0.101224
0.067141
0.067863
0.047420
0.053999
0.071634
0.121100
0.121015
0.153045
0.095110
0.087451
0.063730
0.060237
0.062903
0.063239
0.085901
0.037398
0.087809
0.103756
0.049709
0.082397
0.054475
0.061805
0.086276
0.068654
0.080927
0.101557
0.090200
0.043065
0.099836
0.041406
0.091280
0.039685
0.034895
0.055676
0.042980
0.090723
0.053907
0.067285
0.067612
0.069098
0.066751
0.079972
0.082424
0.082388
0.063670
0.084324
0.051247
0.087792
0.044629
0.061511
0.052547
0.064845
0.122495
0.057956
0.082456
0.090127
0.048542
0.107142
0.081656
0.076558
0.057902
0.085044
0.066848
0.063393
0.064469
0.097114
0.085879
0.070048
0.058198
0.038677
0.088998
0.089052
0.097965
0.109158
0.072904
0.071031
0.038488
0.080302
0.078213
0.086638
0.087920
0.054745
0.120171
0.045904
0.059105
0.114626
0.048277
0.081444
0.074658
0.108131
0.090100
0.059366
0.041034
0.043845
0.048881
0.096093
0.061638
0.079722
0.057859
0.120910
0.069660
0.058341
0.151559
0.089391
0.046465
0.084572
0.076733
0.060056
0.084466
0.073195
0.041281
0.039536
0.059224
0.055338
0.099416
0.066682
0.108168
0.162333
0.067259
0.118514
0.077848
0.073053
0.092696
0.080926
0.115844
0.089689
0.085476
0.097689
0.079190
0.111803
0.077194
0.053213
0.100139
0.085430
0.043560
0.076189
0.043401
0.082021
0.105333
0.056577
0.065009
0.091354
0.066774
0.067020
0.076870
0.056873
0.097941
0.053152
0.090839
0.108989
0.118332
0.083668
0.060208
0.055737
0.056730
0.066146
0.048116
0.093295
0.076474
0.113043
0.073009
0.088964
0.041384
0.080986
0.059601
0.101200
0.069723
0.029081
0.066991
0.043757
0.047394
0.119612
0.127977
0.060366
0.043828
0.103710
0.053376
0.069300
0.063824
0.058739
0.039017
0.065451
0.102498
0.066033
0.071222
0.065215
0.077880
0.063819
0.113115
0.054127
0.112624
0.070012
0.047087
0.113961
0.085055
0.045334
0.066115
0.121819
0.099374
0.073039
0.050128
0.103047
0.102154
0.079895
0.064160
0.097012
0.058952
0.050300
0.057029
0.089749
0.052319
0.090051
0.091244
0.077000
0.082557
0.055650
0.078849
0.056597
0.091449
0.104750
0.058489
0.089493
0.100452
0.117007
0.066985
0.076802
0.093140
0.054284
0.114449
0.140866
0.064869
0.065587
0.059760
0.061158
0.035362
0.054495
0.070350
0.070661
0.069521
0.095307
0.124705
0.100583
0.091031
0.097193
0.093748
0.053028
0.068729
0.068213
0.097739
0.106552
0.070143
0.046903
0.122395
0.066381
0.045550
0.048488
0.083764
0.052122
0.066435
0.057404
0.053103
0.065833
0.068505
0.077886
0.035838
0.080378
0.107059
0.078160
0.067054
0.097959
0.072120
0.054086
0.057564
0.062689
0.042539
0.102389
0.069457
0.062407
0.074267
0.041510
0.073729
0.094545
0.081467
0.083410
0.111574
0.104060
0.056734
0.098991
0.059499
0.084762
0.064421
0.095309
0.077736
0.142545
0.098159
0.079738
0.113981
0.093343
0.085095
0.073656
0.079191
0.119633
0.136456
0.087728
0.084056
0.157401
0.101260
0.113001
0.092707
0.100703
0.065620
0.104108
0.121635
0.081499
0.065631
0.095182
0.111844
0.087530
0.072708
0.105660
0.137357
0.090158
0.069705
0.108161
0.116946
0.089398
0.092622
0.120390
0.073298
0.130822
0.134552
0.097175
0.059296
0.067083
0.084672
0.097996
0.106767
0.092066
0.133611
0.103566
0.110361
0.141771
0.069928
0.068800
0.092855
0.117483
0.116824
0.079649
0.108781
0.110565
0.087695
0.086403
0.052464
0.134727
0.102988
0.130186
0.116672
0.075523
0.092359
0.107864
0.130660
0.105085
0.057824
0.143540
0.080532
0.083868
0.093190
0.068412
0.101198
0.128420
0.102009
0.087826
0.103273
0.055974
0.148296
0.162930
0.060345
0.093906
0.115953
0.071946
0.066736
0.095259
0.105851
0.136346
0.062474
0.086095
0.079856
0.105358
0.066589
0.055809
0.094633
0.060306
0.110186
0.099448
0.116710
0.088477
0.113597
0.114451
0.102019
0.133766
0.072592
0.065291
0.048239
0.098330
0.110772
0.070946
0.091398
0.099238
0.085124
0.077851
0.091731
0.148879
0.046768
0.140719
0.115351
0.062053
0.077973
0.103116
0.110952
0.092271
0.132520
0.148607
0.112606
0.158174
0.113396
0.087734
0.154610
0.104074
0.092313
0.112918
0.175921
0.093998
0.109546
0.144660
0.084737
0.146399
0.116374
0.156456
0.151672
0.126076
0.092750
0.130567
0.081570
0.098860
0.131016
0.107485
0.169388
0.167204
0.123551
0.130348
0.134765
0.108176
0.095579
0.100130
0.105463
0.149494
0.080347
0.086236
0.077117
0.072295
0.091980
0.096965
0.106845
0.121934
0.151316
0.148860
0.134397
0.133429
0.135411
0.147092
0.124338
0.101477
0.159705
0.074903
0.112720
0.137384
0.112168
0.115016
0.148433
0.179893
0.170763
0.111634
0.145405
0.102242
0.080888
0.057872
0.066597
0.082388
0.078860
0.098660
0.119115
0.128630
0.059817
0.124899
0.120352
0.164722
0.115180
0.120131
0.079077
0.104766
0.134265
0.108187
0.115226
0.093910
0.086123
0.076484
0.128867
0.079664
0.109158
0.088114
0.101472
0.078289
0.102493
0.071120
0.067279
0.135553
0.135870
0.134472
0.118574
0.058626
0.106950
0.127159
0.067778
0.076647
0.124767
0.091174
0.082044
0.117232
0.077838
0.090836
0.175188
0.156844
0.074270
0.100132
0.105416
0.087237
0.187712
0.125557
0.118746
0.133699
0.163204
0.114922
0.146250
0.133663
0.118547
0.137637
0.109530
0.069877
0.064491
0.076061
0.088793
0.086755
0.113771
0.100310
0.117910
0.106670
0.068981
0.120043
0.149711
0.107620
0.100168
0.091846
0.098030
0.057142
0.115412
0.124322
0.082325
0.124079
0.093461
0.100828
0.054486
0.101195
0.050349
0.097464
0.077274
0.082595
0.108233
0.084391
0.115939
0.152726
0.075876
0.104376
0.060710
0.077736
0.134854
0.136504
0.059450
0.080130
0.154185
0.122736
0.170920
0.101039
0.107882
0.106695
0.108687
0.128990
0.123142
0.168416
0.196379
0.095829
0.134994
0.181196
0.125973
0.102972
0.099885
0.112847
0.136511
0.143257
0.121173
0.104267
0.162912
0.104452
0.114211
0.193383
0.184581
0.132958
0.149565
0.178647
0.125597
0.098012
0.159324
0.137661
0.150367
0.100861
0.098152
0.071160
0.079467
0.105682
0.102510
0.102610
0.093231
0.153536
0.127979
0.146453
0.151162
0.108477
0.136214
0.146912
0.132847
0.160002
0.143541
0.133665
0.135771
0.139321
0.169409
0.172276
0.149330
0.154357
0.115701
0.107458
0.127823
0.137759
0.146337
0.168101
0.130625
0.146924
0.154096
0.170469
0.134829
0.141590
0.117237
0.152147
0.143603
0.084807
0.134847
0.075844
0.077455
0.097180
0.070053
0.126456
0.097492
0.096151
0.102887
0.095916
0.111071
0.135889
0.078889
0.140788
0.198897
0.106692
0.159557
0.181977
0.130429
0.104998
0.156171
0.133465
0.119210
0.059851
0.106426
0.077735
0.113179
0.152645
0.079346
0.104678
0.037665
0.144272
0.106835
0.124009
0.095615
0.091228
0.113304
0.156373
0.093890
0.102731
0.085306
0.066196
0.117020
0.085138
0.088094
0.080172
0.102570
0.116509
0.127945
0.066604
0.101322
0.154457
0.100861
0.078928
0.153099
0.071282
0.066001
0.060336
0.038203
0.080261
0.097448
0.065958
0.103786
0.055457
0.097206
0.133353
0.148337
0.040408
0.093087
0.112920
0.078807
0.128683
0.089244
0.116576
0.059325
0.087700
0.067624
0.063534
0.104023
0.074363
0.082881
0.092927
0.099651
0.119024
0.087593
0.093564
0.053693
0.100782
0.087933
0.066833
0.075708
0.057292
0.097609
0.102156
0.110956
0.148569
0.076431
0.098910
0.065003
0.128001
0.110037
0.113595
0.078846
0.122400
0.060925
0.116996
0.108441
0.117678
0.095081
0.097572
0.103302
0.136944
0.079071
0.072136
0.120811
0.105834
0.099770
0.073548
0.099578
0.072135
0.091596
0.063862
0.068855
0.114839
0.084433
0.124962
0.108747
0.069022
0.070825
0.087243
0.073654
0.117169
0.076553
0.069746
0.115760
0.104055
0.140834
0.079917
0.092109
0.109603
0.062874
0.103158
0.081024
0.076957
0.097998
0.119893
0.069322
0.119898
0.088093
0.094968
0.058590
0.113845
0.111250
0.064367
0.079833
0.080489
0.118530
0.174264
0.118939
0.137957
0.133642
0.159336
0.160467
0.146889
0.137692
0.137961
0.109331
0.123501
0.130211
0.125064
0.113648
0.114847
0.135538
0.102792
0.107284
0.126116
0.091326
0.156965
0.136150
0.174742
0.095901
0.165614
0.146597
0.093550
0.175122
0.089440
0.074131
0.074444
0.092233
0.076666
0.086128
0.085372
0.077719
0.094535
0.077542
0.066112
0.096359
0.115940
0.160104
0.140893
0.128993
0.096259
0.141664
0.112890
0.129855
0.141695
0.127289
0.138356
0.100375
0.100902
0.185468
0.099968
0.110329
0.120002
0.071455
0.121350
0.120010
0.093688
0.085339
0.131161
0.114917
0.075963
0.168056
0.077232
0.113000
0.163597
0.113634
0.083028
0.117509
0.084325
0.109524
0.146052
0.122153
0.090289
0.095574
0.069360
0.151762
0.106361
0.114933
0.094830
0.069748
0.123555
0.111683
0.094160
0.063289
0.156873
0.130076
0.091204
0.093328
0.118671
0.112718
0.093713
0.089347
0.071378
0.109121
0.162467
0.104495
0.111089
0.118648
0.130038
0.161930
0.094730
0.095619
0.146007
0.088467
0.109107
0.123527
0.118295
0.109249
0.159232
0.149399
0.171427
0.150887
0.087675
0.110894
0.090051
0.140056
0.152916
0.120600
0.111002
0.106739
0.134828
0.125184
0.098191
0.127881
0.076137
0.064265
0.077233
0.116808
0.072767
0.105955
0.121339
0.111806
0.108441
0.126738
0.116064
0.064998
0.111372
0.118288
0.095143
0.119454
0.139175
0.121448
0.156369
0.154977
0.093225
0.140769
0.100802
0.118649
0.133000
0.109696
0.090906
0.155753
0.140102
0.179643
