621	324	178	74
627	320	170	75
629	320	169	73
632	318	168	75
632	315	169	76
632	313	171	75
635	313	171	73
636	313	172	72
638	309	173	75
638	308	175	76
638	306	176	74
641	305	177	73
641	305	179	75
643	301	178	77
646	301	178	73
645	301	182	70
647	299	182	73
649	295	182	76
650	297	183	71
650	297	184	68
652	297	186	71
653	296	183	74
655	299	184	71
655	303	186	65
655	306	188	64
657	309	188	65
660	313	189	66
661	317	189	65
663	322	189	65
663	326	191	64
664	332	191	65
666	338	194	65
667	345	196	66
667	352	198	66
668	360	199	66
669	368	200	66
670	377	200	65
672	384	199	66
671	391	202	66
671	395	201	65
671	401	201	64
672	404	201	61
672	410	200	60
673	411	199	69
675	412	199	67
675	413	201	65
674	415	201	59
673	414	204	58
673	416	205	56
672	411	205	60
672	409	203	59
673	407	203	59
671	404	203	59
671	401	203	58
668	397	204	59
670	396	204	57
669	391	204	58
671	389	203	55
669	385	205	56
669	381	204	55
667	377	207	57
668	372	205	56
668	368	205	54
668	365	205	54
668	361	206	54
668	358	206	52
669	354	206	52
668	349	206	52
669	346	205	50
668	343	206	50
667	339	205	50
664	338	204	47
663	338	204	46
662	337	204	46
665	337	200	47
664	337	200	48
660	337	203	47
661	337	202	48
657	337	204	49
654	337	204	49
652	337	204	49
652	335	202	49
649	333	204	50
650	328	203	48
649	324	204	47
648	320	204	46
646	316	204	45
647	312	204	44
642	307	207	45
644	301	207	44
640	296	210	44
639	291	212	42
636	285	212	41
633	279	215	41
635	278	211	41
627	266	213	42
623	259	216	42
626	253	211	49
623	245	212	54
618	240	213	53
613	233	217	44
608	230	219	41
607	224	216	39
602	215	219	45
604	208	215	44
601	205	215	43
598	195	217	49
600	184	215	55
593	142	220	96
590	143	227	85
590	140	229	87
588	130	232	95
573	76	256	143
576	66	252	144
574	68	257	141
573	69	259	140
574	69	262	141
567	68	271	145
565	68	275	143
560	68	280	143
548	66	294	146
543	66	303	145
558	69	285	141
542	68	299	144
538	70	307	141
542	69	304	140
538	66	306	141
542	69	292	136
545	67	297	139
531	64	300	138
547	65	301	141
538	66	282	137
546	66	300	140
541	67	265	137
548	64	303	146
545	67	308	138
531	66	302	137
545	66	303	141
537	70	314	135
543	68	304	137
546	67	307	141
543	70	310	137
541	66	310	138
547	69	311	139
543	71	306	137
542	71	282	134
549	74	306	139
544	75	315	140
551	78	307	140
545	84	291	136
546	89	313	141
551	99	266	148
553	108	271	148
557	113	305	139
553	124	311	142
560	135	305	139
559	144	287	144
559	159	275	130
557	169	252	133
561	182	261	130
560	193	269	138
565	203	290	138
561	216	241	128
567	223	237	130
564	229	258	133
560	236	302	139
558	240	246	125
567	246	246	96
566	251	235	107
558	251	235	90
567	256	249	101
568	259	215	86
567	262	222	83
568	262	226	84
568	265	228	76
564	267	221	72
565	272	217	74
562	278	222	71
567	272	225	72
565	277	219	85
567	273	222	83
564	276	220	68
565	278	224	58
564	281	224	59
563	278	226	55
563	276	227	55
563	273	229	56
561	270	228	59
569	266	228	66
565	263	229	63
569	259	228	67
565	255	228	69
568	252	229	70
566	250	231	58
566	249	232	73
571	247	225	65
572	244	231	76
574	243	231	74
574	243	236	80
576	243	228	70
578	243	232	80
577	242	230	85
577	244	233	70
581	243	232	74
583	244	230	82
582	243	234	60
585	244	233	58
586	250	231	57
587	252	229	58
590	253	230	60
589	255	232	60
589	257	231	61
589	257	233	63
590	258	233	63
590	257	234	64
592	258	233	63
593	258	233	63
593	257	234	65
596	255	234	65
596	252	236	67
598	251	234	67
600	248	234	66
598	245	235	68
600	242	233	68
599	238	235	69
600	234	234	70
600	229	233	70
601	227	233	71
600	223	234	72
600	218	235	71
601	214	233	73
601	209	235	72
602	205	234	74
602	201	234	73
602	196	235	75
601	191	236	74
602	188	236	75
601	184	236	74
601	180	235	75
603	178	234	74
603	175	235	76
604	174	235	76
606	173	235	76
606	173	235	77
606	173	235	76
608	174	231	79
606	174	232	79
606	175	232	81
606	177	233	82
605	178	233	82
606	180	233	80
607	182	234	79
610	183	231	82
609	187	232	80
611	189	230	80
611	192	230	80
611	193	230	82
611	193	231	83
612	195	230	82
614	191	229	85
613	195	229	88
614	204	229	83
615	204	228	85
616	210	227	83
616	211	227	86
618	215	228	83
619	218	226	85
622	218	227	86
622	221	224	89
624	223	225	87
626	225	224	90
627	227	224	91
628	230	222	94
629	235	222	97
630	241	221	97
631	247	221	95
632	256	221	96
633	261	220	98
634	270	219	98
636	279	218	99
637	289	218	99
638	299	218	99
638	304	218	105
640	319	217	103
640	329	217	102
641	341	217	104
642	351	218	105
643	361	216	106
644	372	217	106
646	385	216	106
647	394	216	106
647	401	216	104
648	407	217	105
648	416	217	104
649	421	217	106
650	427	216	103
652	431	215	107
650	438	217	105
651	445	218	104
652	449	217	104
654	454	216	102
653	458	218	103
656	463	217	102
657	466	218	99
657	468	218	101
657	470	219	98
658	469	217	97
656	465	219	100
657	465	218	98
655	462	220	97
656	461	219	96
653	462	222	96
654	456	219	101
657	456	217	101
653	459	220	98
653	460	222	97
652	460	223	93
651	460	222	94
651	456	222	96
650	458	224	95
651	460	222	92
649	457	224	95
651	457	222	95
649	458	224	92
650	457	223	93
650	455	223	94
649	456	225	93
650	455	223	93
649	453	224	93
648	453	226	91
647	455	226	91
648	451	224	92
645	451	226	93
643	448	227	97
645	447	226	97
643	445	229	101
645	441	227	99
646	437	227	102
644	434	229	101
646	430	229	102
646	426	230	102
647	422	230	104
648	417	230	104
647	412	231	107
648	408	232	107
649	404	233	110
652	399	232	111
652	396	234	111
654	393	234	111
656	388	234	111
654	384	238	114
657	380	236	116
658	379	237	117
659	376	240	116
662	372	241	119
665	369	242	121
668	366	244	120
669	366	247	120
671	366	247	121
671	369	249	120
670	370	249	123
669	373	251	124
670	374	251	125
669	375	254	126
671	376	253	126
671	375	255	128
671	373	254	132
671	371	256	134
670	370	258	134
670	370	256	132
668	367	258	134
669	363	259	137
667	360	260	137
665	358	263	138
663	352	263	137
660	347	265	142
660	341	262	145
658	337	265	145
656	333	265	146
651	329	268	147
647	324	268	147
642	321	272	149
637	318	273	150
631	313	274	152
629	309	273	154
625	309	273	153
621	303	274	156
616	299	277	157
612	295	279	159
609	292	280	160
605	288	280	163
600	285	281	163
594	282	285	164
589	278	286	166
584	275	286	168
580	273	288	168
575	268	288	169
573	264	291	168
570	258	290	172
568	252	292	172
565	249	297	171
564	243	296	174
561	236	297	175
560	229	299	178
556	223	300	181
553	220	304	182
552	213	302	183
550	207	304	186
547	200	304	187
544	194	308	190
544	190	309	191
544	185	309	193
542	180	312	195
541	176	314	194
541	170	315	197
540	164	318	201
542	156	320	206
544	152	321	209
548	147	323	211
544	142	328	212
542	138	328	215
542	134	327	218
538	132	330	216
536	128	332	220
534	124	333	222
534	122	336	222
530	118	339	224
525	115	339	226
519	116	340	226
515	111	343	226
511	110	341	227
510	105	344	232
508	107	343	228
505	106	344	232
502	105	345	230
498	105	350	232
493	106	350	233
488	107	353	234
486	108	347	232
482	108	350	236
475	110	352	232
475	111	354	231
472	112	355	228
471	112	358	231
467	114	358	229
467	117	358	229
467	114	358	231
464	118	360	232
461	121	361	228
461	125	360	229
462	127	358	228
462	129	357	229
463	133	360	229
464	133	359	226
465	135	357	226
467	135	354	229
464	137	356	225
463	139	356	225
466	141	352	225
463	144	356	223
464	145	357	222
465	147	354	224
465	146	354	223
465	145	353	226
462	149	358	220
466	148	356	224
468	149	354	223
467	151	357	221
466	152	357	222
467	152	356	223
469	163	360	219
471	165	356	220
472	173	354	222
473	180	353	279
473	191	351	233
472	199	355	234
471	214	354	220
472	224	353	220
471	234	352	219
470	247	353	216
471	252	356	215
471	255	353	221
470	264	357	214
471	268	359	214
470	271	356	216
472	279	356	209
471	271	354	222
471	273	357	218
473	275	354	222
471	274	358	221
472	274	359	221
471	278	360	222
474	275	354	223
472	274	359	222
472	272	360	227
471	273	364	224
473	272	365	225
474	273	364	226
476	274	363	225
477	274	364	224
478	272	364	230
479	271	363	230
477	270	369	227
481	269	368	227
482	268	370	227
483	268	373	227
486	267	374	229
488	266	375	232
492	266	375	232
493	268	377	233
499	268	375	231
505	267	373	231
508	268	376	233
512	271	376	235
517	271	375	234
518	272	377	234
520	272	378	233
524	272	378	233
528	275	376	230
531	276	379	233
534	276	374	233
536	275	375	231
538	275	375	228
537	273	379	231
542	270	377	234
544	269	376	236
545	268	379	235
548	267	380	239
549	265	379	240
549	264	380	238
550	265	381	237
549	258	384	239
549	256	383	241
549	255	385	241
547	249	389	245
547	247	387	246
547	246	387	247
545	244	391	248
546	241	392	248
543	240	396	250
543	242	397	247
546	239	397	250
546	237	396	255
543	234	406	254
546	232	404	254
548	229	407	256
549	231	406	257
549	226	405	259
551	225	409	260
549	228	413	260
548	228	414	261
550	234	414	256
553	234	414	259
556	237	415	258
557	237	415	254
561	241	413	255
563	238	414	255
565	241	415	254
570	239	414	257
572	237	415	261
578	240	416	258
580	238	419	257
585	242	420	254
587	240	419	264
586	243	420	261
591	240	421	261
594	241	418	266
593	235	420	270
594	240	423	262
597	240	418	268
595	244	419	264
596	242	420	263
598	242	417	267
596	243	420	263
598	243	425	265
596	244	423	268
599	241	425	263
601	246	429	262
606	241	420	265
607	244	426	265
609	240	422	268
611	244	427	270
612	239	426	272
620	246	424	260
627	239	429	271
628	241	433	267
634	238	439	268
644	240	441	269
650	236	442	271
660	237	445	272
663	233	448	272
674	234	450	273
681	233	451	279
693	228	453	281
698	227	455	280
707	225	457	279
715	224	462	283
721	220	463	285
723	218	465	287
726	217	466	289
726	214	465	291
726	216	463	290
721	214	468	295
719	217	470	290
717	217	467	293
713	215	463	297
707	218	462	295
703	221	468	289
696	218	462	296
685	223	464	286
678	224	463	289
670	222	460	293
662	223	458	290
653	225	458	289
646	228	452	290
638	231	448	283
628	229	447	286
620	232	445	282
614	235	443	282
607	234	441	279
602	234	443	281
597	232	439	281
595	229	443	284
592	230	440	281
590	226	442	283
588	230	438	278
585	228	439	279
586	226	438	279
585	220	436	281
583	219	436	281
580	216	439	277
585	212	434	277
582	208	436	279
586	204	431	276
586	199	428	277
584	193	429	280
586	186	422	285
587	185	424	279
591	182	422	278
594	179	413	279
595	178	418	277
597	177	411	276
596	176	412	279
599	173	405	276
603	177	401	273
603	174	400	274
603	176	399	271
607	176	399	269
610	175	394	270
614	174	388	266
617	175	389	265
620	180	385	261
623	185	380	257
624	190	380	254
623	195	377	255
625	200	370	253
622	204	369	253
623	214	362	247
622	217	355	245
620	224	348	242
615	227	343	239
607	235	343	235
603	243	337	231
596	248	333	228
589	254	328	225
580	261	328	221
571	262	324	220
565	270	317	216
555	273	314	212
550	278	307	208
546	281	304	201
540	281	302	205
538	282	302	200
539	281	295	198
540	278	292	198
540	276	288	196
542	271	287	197
543	271	285	195
542	269	282	191
544	265	279	195
545	265	276	192
546	265	274	195
547	268	272	195
548	271	271	193
550	278	268	189
551	283	266	187
550	291	261	182
554	299	258	190
556	306	258	190
557	315	255	193
557	324	252	185
562	336	250	188
562	346	253	184
566	352	249	182
568	358	248	181
573	363	244	182
573	364	242	182
575	370	240	179
576	371	237	177
577	371	235	179
578	373	233	174
579	374	232	177
580	375	230	175
580	376	228	174
579	376	228	173
580	376	225	172
582	377	223	171
581	378	219	167
584	378	220	166
584	378	217	164
584	380	215	159
582	378	212	161
581	378	210	159
580	377	208	158
577	375	207	159
576	374	205	158
573	374	204	157
572	373	202	155
571	372	199	153
568	371	199	151
567	372	198	149
568	371	196	148
568	370	195	146
568	368	194	146
568	367	192	146
569	366	191	146
569	366	190	145
569	366	188	144
568	365	190	145
572	366	186	142
573	366	186	142
572	366	186	141
574	366	185	141
575	366	184	141
578	368	182	139
578	368	181	138
582	367	179	137
583	367	180	137
584	368	177	136
584	368	177	136
586	368	176	135
587	370	174	132
589	369	173	132
592	368	170	132
593	369	171	129
598	370	171	131
600	370	167	131
599	371	168	130
600	372	166	131
599	374	165	129
600	378	166	127
601	380	164	127
604	382	164	125
603	383	164	125
606	384	161	124
605	385	161	122
606	384	161	122
607	384	161	122
607	385	160	120
607	384	156	120
606	385	158	118
606	385	156	118
606	385	157	119
610	385	155	118
609	386	155	116
610	386	156	116
610	386	153	116
609	385	153	115
608	384	154	116
607	383	153	116
606	384	155	114
605	383	154	115
605	383	154	114
605	383	154	114
604	382	154	115
604	383	152	117
603	384	151	116
601	385	152	116
601	386	152	115
599	386	152	114
599	386	151	114
597	385	152	113
594	383	153	113
592	382	152	114
590	381	151	114
587	380	153	116
586	380	151	115
585	381	151	113
585	379	151	113
585	378	150	113
581	376	150	113
577	375	150	113
572	375	151	111
570	373	150	114
570	373	149	113
571	373	151	112
570	354	149	128
569	348	145	123
566	346	147	134
566	371	146	113
569	373	146	111
568	373	146	112
568	374	147	112
568	374	147	112
569	374	147	111
569	374	143	109
567	373	144	110
566	373	144	111
564	373	144	111
563	373	144	112
563	375	144	112
564	377	144	111
566	382	144	111
568	386	143	113
568	393	142	113
568	398	140	114
568	406	139	113
567	416	139	111
567	425	140	111
568	434	139	113
568	444	139	115
570	454	139	115
573	465	140	111
572	475	141	100
573	483	139	113
572	488	139	114
570	494	139	114
569	500	138	114
571	505	141	115
571	510	141	115
574	516	141	114
576	520	141	111
578	523	141	111
581	527	140	112
582	531	138	111
580	533	138	110
580	536	137	110
580	537	139	111
582	538	138	108
585	535	138	108
587	534	138	106
590	531	137	106
591	528	136	105
592	523	135	106
592	519	135	104
595	514	133	103
597	508	134	104
601	505	133	102
603	501	133	101
606	499	132	101
606	495	132	101
608	493	132	100
610	492	131	99
611	492	131	98
613	491	129	96
615	492	128	96
617	492	128	96
617	491	128	96
617	492	128	96
617	494	127	96
617	496	128	95
617	499	128	94
619	501	127	93
621	503	127	92
623	505	127	91
625	506	125	92
624	507	123	91
624	508	123	88
623	507	122	88
623	504	122	87
624	501	122	87
626	497	121	88
628	494	120	87
630	489	119	86
631	482	119	85
633	475	118	85
634	471	117	82
636	466	117	83
638	463	115	81
639	460	117	81
641	457	117	81
643	455	117	79
646	454	117	79
648	454	115	78
648	454	115	76
648	454	115	76
647	454	114	76
648	456	114	75
651	456	114	76
653	458	113	75
656	460	113	75
659	462	112	73
660	463	113	73
662	465	112	73
663	467	112	73
663	468	112	71
664	469	112	71
665	471	112	68
666	473	112	68
668	474	112	66
671	475	110	65
673	474	109	64
674	474	109	63
674	472	109	64
675	468	108	65
677	464	108	66
678	459	107	67
680	454	107	67
682	450	105	66
684	442	105	66
685	435	105	66
687	426	106	66
689	421	105	65
690	414	105	66
692	408	104	67
692	403	104	66
692	398	105	65
693	393	105	66
695	389	104	66
694	386	105	66
695	383	105	65
696	381	105	64
696	380	105	64
697	377	105	64
697	377	105	63
699	374	105	63
699	373	104	63
700	372	104	63
700	371	104	63
701	370	105	63
702	370	104	63
703	368	104	63
704	367	104	63
704	366	104	62
705	365	104	62
706	364	104	62
706	363	104	62
707	362	103	62
708	361	103	63
708	361	104	62
709	361	104	64
709	360	104	63
711	359	103	63
710	355	104	65
712	351	103	66
713	348	103	66
714	343	102	67
715	339	102	67
715	333	102	66
716	329	102	67
716	326	102	67
716	322	103	67
717	320	103	67
718	317	103	67
718	315	103	67
720	314	103	66
721	313	103	66
721	311	103	67
723	311	101	68
725	311	101	67
725	311	102	66
726	311	101	66
727	311	101	66
729	312	101	65
729	312	101	67
731	313	101	67
731	314	100	66
734	315	100	67
736	316	99	66
735	318	99	66
737	319	99	67
737	322	99	66
739	324	99	66
740	326	98	65
741	328	98	66
743	331	98	65
744	335	97	64
745	336	97	64
746	339	96	65
746	343	96	64
747	346	95	64
748	349	95	63
749	352	95	63
751	354	94	62
751	359	94	61
752	363	94	61
753	366	93	60
752	368	93	59
754	372	92	59
755	374	91	60
756	378	92	58
755	381	91	60
756	384	91	57
755	389	90	58
755	391	90	57
754	394	89	57
753	397	89	57
754	401	89	56
756	403	89	55
760	406	90	54
764	407	93	54
770	409	94	55
777	409	94	55
783	411	92	55
790	413	93	55
798	415	93	55
805	417	94	56
812	420	96	55
821	421	98	56
833	425	93	56
842	426	93	56
852	427	92	56
860	430	93	57
867	433	92	57
871	437	93	56
876	440	93	56
881	443	89	55
887	446	90	54
892	449	89	54
897	452	89	54
902	456	87	55
905	459	86	55
907	464	85	55
907	469	84	54
907	475	83	52
905	480	84	52
902	485	83	51
897	489	84	51
893	495	82	49
887	500	82	49
881	506	81	50
874	511	81	48
866	516	81	49
859	523	83	48
850	528	83	46
843	533	79	46
838	538	77	46
832	543	77	45
827	547	75	44
824	552	73	42
822	555	72	40
820	558	71	41
819	562	71	40
817	564	72	39
817	568	70	39
816	571	70	38
815	574	69	38
815	576	69	37
815	578	69	37
817	580	69	37
817	582	68	36
816	583	68	36
815	585	67	36
814	587	67	35
813	590	66	35
813	592	66	34
813	594	65	35
812	597	65	35
811	600	64	34
812	603	64	35
812	605	64	36
814	609	63	36
816	611	64	34
817	615	63	35
819	618	63	36
820	621	62	33
820	623	62	33
820	627	62	32
821	629	62	34
823	632	63	33
826	634	62	33
829	637	62	36
831	641	61	36
834	648	62	36
836	656	61	39
838	666	60	37
841	675	60	38
842	688	60	30
843	698	59	21
841	710	66	10
834	679	78	40
783	634	171	85
671	547	347	172
435	389	688	330
75	121	1204	598
0	0	1280	720
0	0	1280	720
0	0	1280	720
0	0	1280	720
0	0	1280	720
0	0	1280	720
0	0	1280	720
0	0	1280	720
0	0	1280	720
0	0	1280	720
0	0	1280	720
0	0	1280	720
0	0	1280	720
0	0	1280	720
0	0	1280	720
0	0	1280	720
0	0	1280	720
0	0	1280	720
0	0	1280	720
0	0	1280	720
0	0	1280	720
0	0	1280	720
0	0	1280	720
0	0	1280	720
0	0	1280	720
0	0	1280	720
0	0	1280	720
0	0	1280	720
0	0	1280	720
28	365	1251	354
31	516	1065	203
197	592	862	127
441	597	514	122
555	612	416	107
579	605	369	114
619	585	339	134
616	570	334	149
630	571	322	148
630	554	346	165
605	542	360	177
642	537	381	182
589	525	368	194
607	526	357	193
631	519	351	190
572	537	394	182
598	516	389	199
562	519	410	200
567	490	420	220
568	499	412	220
556	485	415	234
584	476	407	228
512	527	521	192
548	476	484	243
448	497	559	222
454	469	534	250
481	464	503	252
524	449	476	267
480	489	560	230
499	521	562	198
485	483	536	236
434	495	579	224
473	471	505	248
435	474	594	245
491	429	564	283
422	439	575	280
426	408	603	311
352	409	637	310
338	392	676	327
340	386	709	333
394	354	829	365
268	402	906	317
33	408	961	311
96	369	983	350
0	472	1194	247
40	435	987	284
0	448	1067	271
0	468	1031	251
28	431	977	288
12	426	1009	293
3	437	1059	282
10	443	1043	276
15	420	1001	299
8	400	1029	319
4	399	1050	320
0	432	1063	287
0	441	1071	278
0	421	1056	298
0	418	1125	301
10	398	1123	321
3	416	1168	303
46	408	1087	311
45	419	1122	300
0	433	1159	286
0	444	1163	275
3	521	743	198
0	583	538	136
0	623	519	96
17	616	483	103
0	622	528	97
14	627	490	92
11	626	435	93
2	620	383	99
9	623	376	96
16	631	360	88
26	572	411	147
0	618	446	101
2	622	495	97
0	590	466	129
0	624	463	95
20	617	436	102
14	628	431	91
4	625	409	94
0	617	412	102
0	606	429	113
0	605	428	114
0	567	429	152
0	633	390	86
4	603	380	116
0	624	353	95
0	637	359	82
3	634	344	85
3	641	359	78
3	639	327	80
0	653	283	66
11	643	303	76
0	642	317	77
0	653	271	66
8	650	239	68
9	656	264	62
7	658	238	60
3	659	199	60
5	657	178	60
0	661	227	58
0	658	189	61
0	661	236	57
0	658	219	59
4	660	189	57
5	660	164	58
3	664	171	54
1	663	219	55
5	663	238	55
2	661	231	58
6	660	223	59
2	662	225	57
2	661	223	58
0	660	224	59
2	661	224	58
0	659	223	59
2	662	220	56
0	659	223	60
2	662	223	57
2	663	223	55
3	664	223	54
0	661	216	58
6	664	218	55
0	665	225	54
1	664	222	55
0	661	216	57
5	661	223	58
3	664	224	55
0	663	222	55
0	664	229	55
0	663	225	56
0	661	221	57
2	664	217	55
1	665	233	54
0	660	220	59
0	659	220	58
0	658	222	61
1	662	224	57
0	658	220	61
2	662	217	56
0	658	227	59
0	659	216	60
0	662	221	56
0	660	227	59
0	663	219	56
3	662	234	57
3	660	232	59
3	657	234	62
0	654	242	65
2	650	239	69
4	645	237	73
0	635	244	84
0	632	258	87
0	612	133	107
1	616	145	102
0	599	132	116
9	596	193	123
5	583	323	131
5	574	314	139
8	559	305	151
4	546	315	158
7	537	377	172
14	533	301	154
5	519	355	187
0	509	392	186
4	503	421	202
4	496	337	177
1	495	328	159
0	491	311	159
0	483	333	168
2	480	325	165
0	474	321	170
0	475	328	158
8	480	406	182
189	548	390	170
207	551	368	164
229	554	350	161
248	557	314	161
248	559	322	155
217	556	357	159
267	556	303	157
240	555	330	157
236	555	339	157
258	555	310	158
229	551	362	159
262	553	314	157
218	550	362	161
262	550	308	158
238	550	339	152
248	550	328	155
259	550	317	154
232	548	340	165
265	548	308	160
237	552	336	159
258	552	317	158
289	555	284	156
243	559	321	154
0	462	351	179
0	472	339	170
0	483	382	175
6	489	382	186
0	495	429	164
0	502	425	184
1	519	372	168
0	533	360	167
1	545	405	162
1	554	403	152
4	566	328	145
4	582	324	132
2	593	330	126
0	599	329	119
0	606	323	111
3	616	299	103
0	624	291	95
0	628	288	91
0	630	277	89
2	632	276	86
1	640	276	79
2	643	271	76
4	648	265	71
3	648	268	71
2	650	269	69
0	648	270	70
2	647	268	70
4	647	267	72
1	647	275	72
4	642	273	77
2	634	274	85
2	630	298	89
1	616	301	103
2	615	315	102
0	608	306	109
0	607	302	107
1	603	311	111
4	599	314	119
0	594	336	125
0	592	327	126
1	594	325	124
5	590	337	124
1	589	347	126
4	589	340	125
0	585	430	128
2	583	396	129
0	583	347	131
9	580	342	126
6	577	363	134
3	577	341	134
12	580	350	123
0	578	336	133
8	578	361	129
4	575	325	134
11	579	362	128
6	575	351	139
0	575	352	134
14	576	365	132
22	580	407	130
10	577	359	130
1	575	323	134
15	577	360	136
2	574	343	135
0	575	366	139
7	578	342	133
11	580	345	129
11	579	345	131
8	576	362	132
0	575	360	132
3	577	356	138
3	575	356	133
2	576	349	133
8	577	347	127
1	572	352	136
5	575	360	138
0	574	330	134
6	573	367	142
0	570	349	146
29	577	328	121
6	574	367	145
0	571	365	137
4	573	382	135
0	571	348	144
4	575	365	127
0	573	365	140
0	572	375	132
0	574	368	139
0	573	338	126
3	576	388	143
0	571	346	136
5	574	381	145
0	571	393	137
0	569	359	147
0	570	325	127
31	583	359	136
0	573	378	136
2	574	364	139
4	577	369	129
4	577	378	138
0	573	331	125
21	584	378	134
0	576	363	137
4	580	375	131
0	576	366	128
1	583	399	130
1	577	360	134
2	577	379	140
1	576	334	126
77	587	344	132
0	574	378	139
0	579	399	132
1	582	359	128
3	582	383	133
0	578	343	125
9	584	383	135
0	577	359	127
2	587	403	132
0	575	382	134
6	583	372	126
3	580	390	123
4	581	389	130
2	580	380	126
3	580	374	127
3	576	375	131
2	580	382	128
3	578	377	130
0	582	370	128
3	578	387	135
4	579	381	132
5	580	381	132
2	580	385	135
0	575	392	132
3	581	380	132
2	580	385	132
1	583	378	126
0	577	387	140
1	582	382	127
0	577	423	135
0	579	409	131
0	581	403	129
0	582	388	125
0	582	363	123
1	583	395	131
0	580	406	128
0	579	395	132
4	580	379	127
0	577	384	130
0	580	406	129
0	581	384	125
0	579	394	136
0	575	387	126
3	577	389	136
1	577	412	136
0	576	368	127
1	580	392	135
1	575	408	140
0	577	388	133
0	579	408	130
1	579	395	128
0	578	427	130
0	578	374	130
1	577	384	132
0	576	396	129
0	577	417	132
0	574	369	121
0	576	396	134
0	576	428	132
0	576	365	126
0	576	382	134
0	579	396	129
0	580	413	130
0	580	397	125
2	580	413	134
0	581	417	125
0	579	416	133
1	581	397	129
2	580	387	126
5	579	399	135
5	582	390	127
1	581	385	127
4	581	396	131
0	580	371	127
2	581	409	136
0	580	439	135
1	581	381	124
3	583	397	129
6	582	393	131
7	580	410	133
5	582	412	132
6	580	405	132
7	581	400	132
5	581	407	133
1	584	410	127
1	584	435	126
2	585	443	125
3	585	419	125
10	584	425	128
1	584	429	122
3	583	409	124
6	584	410	133
2	581	435	133
4	582	409	130
5	581	424	134
11	581	399	132
5	580	452	135
4	576	362	121
0	577	416	129
5	578	423	134
4	581	440	133
5	581	392	128
9	580	452	136
5	581	477	131
10	581	397	131
0	583	403	127
7	580	391	132
5	581	394	131
3	581	399	127
4	579	401	134
1	578	385	127
8	580	363	129
21	587	426	130
9	583	386	126
0	579	409	133
1	581	421	130
0	576	415	135
1	578	407	135
0	576	405	129
9	578	421	135
7	581	436	130
44	584	410	130
6	585	413	124
10	581	397	129
7	579	424	131
4	584	434	131
5	583	355	129
3	587	415	121
10	584	414	128
6	583	424	129
1	580	419	133
3	580	417	129
6	582	421	132
2	582	421	130
5	580	420	132
6	580	383	131
4	587	417	128
11	586	430	128
0	584	363	128
13	587	410	128
12	586	413	127
7	583	428	130
9	585	455	130
43	582	437	133
8	587	415	128
9	586	412	128
5	585	426	127
3	581	432	131
12	584	396	130
14	582	393	134
14	585	386	129
3	585	401	130
0	572	427	143
4	581	467	135
11	587	471	132
0	586	482	132
10	579	468	138
7	585	507	134
11	587	425	121
11	586	417	127
11	584	400	131
12	585	430	131
0	587	463	128
5	584	433	132
8	584	442	131
12	585	456	133
7	581	496	135
44	581	396	135
17	586	431	130
14	587	414	126
7	584	437	132
3	584	457	133
7	582	430	133
18	586	503	131
0	580	517	132
4	569	536	150
15	565	444	148
4	578	491	141
0	566	491	147
5	571	492	146
11	579	505	140
15	567	477	145
1	570	513	143
34	588	597	131
68	569	574	150
24	566	581	147
47	572	535	143
24	576	516	137
25	577	380	140
6	578	430	133
1	576	362	130
119	611	449	108
52	586	494	127
22	574	555	144
12	572	512	140
5	573	476	143
17	583	531	136
1	567	458	144
8	570	487	149
6	577	539	142
0	579	566	137
1	576	568	143
11	572	473	147
59	593	541	126
9	583	414	133
16	596	480	123
8	582	419	134
16	598	452	121
2	586	385	128
7	590	447	128
0	587	410	131
0	586	394	131
0	588	360	127
0	588	375	123
1	587	361	127
0	586	357	126
6	586	347	127
1	584	355	134
2	585	366	129
2	587	333	125
3	588	345	126
7	587	336	124
5	589	334	122
7	589	348	128
4	587	319	122
4	589	353	126
2	587	320	122
6	588	337	126
1	582	312	122
2	587	357	132
5	588	328	130
10	591	357	128
6	590	383	129
5	583	295	131
4	607	347	112
6	592	326	123
9	593	308	125
7	592	351	127
12	589	295	124
18	591	308	119
27	594	300	119
8	589	283	116
33	594	261	113
25	594	263	125
0	591	280	116
70	592	266	125
1	592	304	117
0	587	268	123
34	593	274	118
2	593	294	120
0	586	280	119
0	589	235	116
8	594	234	119
6	595	296	118
0	587	285	120
0	592	243	114
56	604	272	115
0	587	240	121
4	594	271	113
0	590	303	119
0	586	294	121
0	587	284	116
0	586	252	113
0	589	267	113
0	587	278	116
1	590	285	115
0	590	309	122
0	587	293	117
0	588	250	121
21	597	298	122
0	583	261	124
7	591	289	128
5	591	297	122
0	586	294	118
1	585	251	121
10	593	289	121
0	590	294	123
81	599	252	114
30	604	304	115
175	632	232	87
186	660	260	59
162	647	258	72
188	661	261	58
68	597	167	100
134	647	218	72
191	662	250	57
76	599	155	96
112	648	219	71
179	659	255	60
187	651	246	68
193	661	247	58
74	598	164	101
141	647	218	72
224	660	216	59
208	661	237	58
195	660	251	59
181	651	262	68
217	665	227	54
234	670	211	49
139	629	186	89
108	635	220	84
9	616	239	99
0	620	222	92
0	632	208	87
0	641	183	77
1	651	178	67
0	661	178	58
0	674	180	45
1	682	128	37
0	690	83	29
0	698	47	21
0	670	84	49
0	625	155	94
0	551	336	168
0	364	573	355
281	189	566	279
473	242	557	272
322	237	592	234
419	239	520	309
347	240	603	258
407	211	599	283
376	226	567	313
337	234	615	272
312	212	598	267
380	228	579	354
320	240	656	273
321	218	588	275
386	218	517	269
359	225	487	276
432	233	586	291
358	225	583	276
333	214	568	264
382	236	498	282
393	234	555	269
336	238	599	232
395	222	557	268
441	204	580	282
351	203	514	264
427	273	475	257
350	231	510	227
432	269	506	245
384	266	558	220
383	272	455	244
443	287	515	243
484	272	538	253
368	280	474	252
431	279	492	264
420	275	519	263
486	277	510	278
403	287	463	247
444	314	416	270
450	323	490	236
489	322	493	218
469	330	421	263
456	313	404	209
523	337	388	232
560	319	412	239
492	315	435	229
502	305	491	261
414	301	530	261
499	261	579	313
463	221	629	391
368	206	683	360
338	262	747	449
232	260	849	440
202	215	905	468
170	215	1079	504
30	212	1158	507
205	193	1074	526
40	208	1086	511
20	178	1122	517
169	143	1069	519
100	149	1084	570
51	167	1222	552
17	170	1250	549
0	147	1230	572
0	148	1138	571
99	123	1173	586
0	107	1153	612
345	66	934	602
60	60	1083	651
0	77	1280	642
0	99	1280	620
0	106	1242	613
15	103	1264	616
0	97	1280	622
0	86	1280	633
14	85	1265	634
0	69	1280	650
0	65	1280	654
0	71	1280	648
7	46	1272	673
0	45	1280	674
0	11	1280	708
0	2	1280	717
0	0	1280	720
0	0	1280	720
0	0	1280	720
0	14	1280	705
105	0	1174	642
91	39	1188	680
203	0	1076	683
43	0	1236	716
14	0	1265	711
0	0	1280	696
0	0	1280	720
114	0	1165	720
66	0	1213	697
57	0	1222	681
14	0	1248	656
1	0	1262	704
104	0	1175	716
1	0	1278	672
0	0	1278	720
0	0	1280	705
0	0	1243	687
169	0	1110	606
96	0	1026	502
268	0	943	447
228	38	871	417
323	0	810	400
238	0	736	425
278	39	794	362
360	0	733	359
310	0	775	450
204	3	816	381
244	16	802	365
323	0	748	315
319	0	693	325
369	0	757	331
259	0	638	309
374	0	675	320
369	0	690	397
311	0	784	387
361	0	769	404
272	0	726	349
221	0	690	356
436	0	795	399
271	0	937	447
156	0	830	362
321	0	752	433
247	0	910	482
222	0	942	513
132	0	1006	465
438	0	841	493
187	0	986	576
67	0	1110	587
445	0	834	584
89	0	1021	559
477	0	802	506
185	33	890	490
247	0	848	421
228	2	756	455
178	8	795	421
217	36	721	371
306	58	728	377
275	45	772	447
208	45	855	473
270	0	976	586
99	0	1032	513
191	19	1029	627
50	111	1126	516
25	30	1130	639
0	18	1280	701
0	30	1280	689
0	37	1280	682
0	39	1280	680
0	50	1280	669
0	49	1280	670
0	42	1241	677
0	56	1238	663
0	66	1280	653
0	68	1280	651
0	72	1277	647
0	66	1280	653
0	59	1215	660
0	43	1270	676
0	27	1216	692
0	37	1272	682
0	52	1280	667
0	40	1264	679
0	44	1280	675
0	88	1267	631
11	89	1268	630
0	92	1248	627
0	86	1280	633
0	84	1279	635
0	88	1252	631
0	83	1279	636
0	91	1209	628
82	65	1197	654
70	83	1209	636
0	85	1170	634
0	22	1280	697
0	40	1087	679
275	1	1004	640
85	4	1086	655
0	93	987	626
57	74	982	580
102	38	982	561
127	93	1029	575
93	147	1020	572
163	77	1116	636
0	59	1095	640
234	0	1045	664
175	32	1015	639
0	70	951	614
51	94	935	564
59	121	876	463
212	122	773	468
200	111	777	470
140	143	829	448
167	143	755	404
256	202	745	408
336	187	798	397
254	155	710	395
305	165	719	382
301	153	757	481
178	177	854	468
268	170	860	414
139	164	795	417
229	174	753	434
327	157	800	428
202	158	712	365
339	232	653	367
328	177	791	462
208	132	754	455
232	134	722	420
268	177	686	370
322	164	617	361
412	226	659	353
324	225	756	316
264	217	644	322
294	232	631	318
232	227	625	292
354	225	529	292
390	239	497	238
465	268	449	212
470	233	378	252
509	253	384	227
490	268	382	221
505	254	373	237
494	252	369	225
549	268	338	240
498	291	391	203
516	275	393	219
482	293	389	195
531	290	379	205
489	285	402	200
532	269	371	205
506	287	356	208
536	286	352	184
563	261	343	232
628	264	337	194
638	274	293	193
580	289	292	176
630	278	292	183
613	277	276	181
603	289	278	156
624	295	240	135
676	307	164	116
707	329	93	75
717	345	65	45
717	346	63	46
717	346	64	46
718	345	64	46
718	345	64	46
717	344	64	46
718	345	63	46
718	344	64	46
719	343	63	46
720	344	63	46
720	344	63	46
720	343	64	46
721	344	63	46
721	343	64	46
722	343	63	46
721	344	63	46
721	344	64	46
722	344	64	46
722	345	64	46
721	344	64	46
722	344	64	46
722	343	64	46
722	342	64	46
722	342	64	46
723	342	64	46
723	340	64	46
725	340	64	46
726	340	64	46
726	340	65	46
727	339	65	46
728	338	65	46
728	338	65	45
730	337	66	46
731	336	65	46
733	335	65	46
734	334	65	47
735	333	65	46
735	332	65	47
735	331	65	47
736	330	65	47
737	330	65	47
737	328	66	47
738	328	66	47
739	327	66	47
740	326	66	48
741	326	66	48
742	324	66	47
742	324	66	48
742	323	66	47
741	322	66	48
741	321	66	47
741	320	65	48
741	319	66	47
742	317	66	48
743	316	66	48
743	314	66	49
743	312	66	48
743	312	66	49
741	310	66	48
741	309	66	49
741	308	66	48
739	306	66	49
740	304	66	48
740	303	66	49
739	303	66	49
738	301	66	49
737	301	66	49
736	300	66	49
736	299	66	50
735	298	66	49
734	296	66	51
732	295	67	50
731	294	67	49
729	292	66	50
730	291	66	50
729	290	67	51
730	289	67	51
730	288	66	49
730	287	66	50
730	286	67	50
729	286	67	50
728	285	67	50
727	284	67	51
727	283	66	51
727	282	67	50
726	280	67	52
726	280	67	50
726	280	67	51
726	279	66	50
725	278	67	51
725	277	67	50
725	277	66	50
727	276	66	50
726	275	66	51
726	275	67	50
726	275	66	52
726	274	66	51
727	273	66	51
726	273	67	51
726	273	67	51
726	272	66	51
727	271	67	51
728	270	67	51
727	268	67	51
727	267	67	50
727	265	66	50
727	262	66	51
728	260	67	51
728	258	67	53
728	257	67	52
728	256	67	52
727	255	67	52
727	254	67	52
728	254	67	51
727	253	67	52
728	252	67	51
728	252	67	51
728	251	67	52
728	250	67	51
729	250	67	52
729	249	67	52
728	248	68	52
728	248	67	52
728	247	67	52
729	247	67	52
728	247	67	51
728	246	67	52
728	245	67	52
729	246	66	51
729	244	67	52
729	244	67	52
730	243	67	52
731	242	67	52
731	241	67	52
732	240	67	52
731	239	68	52
731	239	68	52
731	239	67	52
732	238	67	52
731	238	67	53
732	238	68	51
731	237	68	52
731	237	68	53
731	236	68	53
730	236	68	52
730	236	68	52
730	235	68	52
730	235	68	52
730	234	68	52
729	235	68	52
728	235	68	52
728	234	68	54
729	234	68	53
728	233	68	54
728	233	68	54
727	233	67	53
727	234	67	52
727	233	68	53
727	234	67	52
727	234	67	52
727	234	68	53
727	235	68	54
726	236	68	53
726	236	68	52
726	236	68	53
726	236	68	53
726	237	68	53
727	237	68	53
726	238	68	53
726	238	68	52
726	239	68	54
726	239	68	53
725	240	69	54
725	240	69	52
725	241	68	52
724	241	68	54
724	242	68	52
725	243	68	52
725	244	68	52
725	245	69	52
725	245	68	53
725	245	69	52
727	246	69	53
727	247	68	51
727	248	68	52
727	248	68	52
727	248	69	52
727	249	68	52
728	249	69	52
728	250	69	52
728	251	69	53
728	251	69	53
728	253	68	52
728	254	69	52
728	255	69	52
729	256	68	52
728	256	69	52
729	257	69	52
728	258	69	53
728	258	69	52
728	259	69	52
727	260	69	53
728	261	69	53
727	262	69	53
728	261	70	53
728	263	70	54
729	263	70	53
729	265	70	53
730	266	70	53
730	267	70	53
729	268	70	53
729	268	70	52
728	267	71	53
727	266	71	53
726	265	71	53
726	263	71	54
726	260	72	54
726	258	72	54
726	255	72	54
726	254	72	55
725	252	72	55
724	252	73	55
725	251	72	53
725	251	72	54
725	250	72	55
725	251	72	54
725	250	73	55
726	251	73	54
726	251	73	55
726	250	73	55
726	251	73	55
725	253	73	55
724	252	74	56
724	254	74	55
724	254	74	55
723	256	74	55
723	257	74	56
723	258	74	56
723	259	75	57
723	261	75	56
723	262	75	56
723	264	75	55
723	265	75	55
724	266	75	55
723	267	75	56
724	269	76	55
724	270	75	55
724	273	76	56
724	274	76	57
724	275	76	56
724	277	76	57
724	278	76	56
723	281	76	56
724	281	77	55
724	284	77	56
725	285	77	55
724	287	77	56
724	288	77	56
724	289	77	56
724	291	77	56
723	292	78	56
724	294	78	56
724	295	78	56
724	297	78	57
724	299	78	57
724	301	79	57
723	303	79	57
724	304	79	57
723	304	80	57
722	304	80	57
721	303	81	58
721	303	80	57
721	303	81	57
721	302	81	58
721	303	81	57
720	303	81	58
720	303	81	57
720	304	81	57
720	305	81	59
720	305	82	59
720	305	82	58
720	306	82	59
721	307	82	58
721	309	82	58
720	310	83	59
719	311	83	59
720	313	83	58
719	315	83	59
719	316	84	59
719	316	84	58
719	316	84	58
719	315	85	59
718	314	85	59
717	312	85	58
716	310	85	59
715	307	86	59
716	304	86	59
716	301	86	58
715	298	86	58
715	297	87	59
714	295	87	58
714	294	86	58
714	294	87	57
713	293	86	58
712	293	87	58
712	293	87	57
711	294	87	58
711	295	87	58
711	296	87	59
710	297	87	59
710	298	88	59
709	299	88	59
708	302	88	59
708	303	88	58
707	304	88	59
707	307	89	58
707	309	89	58
706	310	89	59
705	312	89	59
705	314	89	60
706	316	89	60
705	319	90	59
704	320	90	58
703	321	90	58
702	320	91	58
701	319	91	58
701	317	91	58
699	313	92	58
698	309	92	58
698	304	92	58
696	299	93	59
697	295	92	57
695	292	93	58
695	289	94	57
694	286	93	59
693	284	93	58
691	283	94	58
691	281	93	57
690	280	94	57
688	280	94	58
688	280	94	57
687	280	95	58
686	280	95	59
686	281	95	58
684	283	95	59
683	283	95	58
683	285	96	58
682	286	95	58
681	287	97	58
681	289	96	59
678	290	97	59
678	292	96	59
677	294	96	59
677	296	97	58
676	298	97	58
675	299	98	58
674	300	98	58
673	299	97	58
672	298	98	58
671	296	97	57
670	294	98	58
669	292	98	58
668	292	98	57
667	290	99	57
667	290	99	57
667	289	99	57
667	290	99	57
667	289	100	57
665	289	100	58
664	290	100	57
664	292	101	56
663	292	100	57
663	294	100	56
662	294	100	58
662	295	100	57
661	298	101	56
660	299	101	57
659	302	101	57
659	304	101	56
657	307	102	58
658	310	102	57
657	312	102	57
656	315	103	57
655	317	103	58
655	320	103	56
653	322	104	57
653	324	104	56
650	326	105	56
649	327	105	55
648	330	105	56
647	331	105	55
646	333	106	56
644	334	106	55
643	336	107	56
643	338	106	57
642	339	106	57
642	341	107	57
643	342	107	57
643	343	108	57
643	345	108	58
643	347	109	57
643	348	109	57
644	351	110	58
645	351	110	58
645	354	111	59
645	355	111	58
646	358	112	58
646	359	112	58
648	361	112	59
647	363	114	59
646	365	114	59
648	366	114	59
650	369	116	58
652	370	116	58
654	370	116	59
655	372	117	60
654	374	118	60
653	376	119	61
654	378	119	60
654	379	120	60
656	381	119	60
656	382	121	60
655	385	122	61
655	387	122	61
655	389	123	62
654	392	124	62
654	395	125	63
656	395	124	66
654	397	125	64
656	399	125	64
657	401	126	64
656	402	128	64
655	403	128	64
654	403	128	63
653	404	130	64
652	404	130	63
652	406	132	64
652	406	131	63
651	407	133	66
649	407	134	65
647	410	135	66
646	412	137	67
644	416	137	66
642	421	138	68
641	429	139	69
641	436	139	71
641	444	139	73
652	452	131	80
637	466	74	74
635	478	69	75
634	491	63	73
632	502	57	72
632	515	65	69
629	523	65	70
629	553	93	54
629	540	70	71
627	561	150	61
624	552	155	78
622	559	158	79
622	564	158	78
621	571	159	79
619	574	162	77
618	579	162	80
617	584	164	78
616	588	167	78
618	590	166	76
620	591	168	76
623	590	167	76
624	587	168	77
624	585	169	79
625	582	169	79
626	578	170	79
628	575	171	78
633	571	173	77
635	565	174	81
639	560	174	78
643	552	174	81
644	545	175	81
647	537	176	82
649	529	177	85
651	518	179	82
655	510	178	81
657	502	179	81
658	494	178	82
660	487	179	79
664	480	177	79
666	472	178	78
668	465	180	78
670	458	182	79
674	452	182	79
676	445	182	80
679	441	182	79
679	438	183	78
681	436	183	79
683	434	184	78
684	432	184	77
687	429	185	78
689	426	185	79
690	423	185	78
690	422	186	78
691	419	186	78
692	416	186	79
692	414	187	77
692	412	187	78
692	410	186	78
691	408	187	79
691	406	187	79
690	407	188	77
690	405	188	79
691	406	187	78
690	405	189	79
689	405	189	78
690	407	189	80
690	405	190	80
688	408	190	78
687	407	191	79
686	411	190	76
685	409	191	79
684	406	191	81
682	405	192	80
682	403	194	83
681	400	194	82
680	397	195	82
678	394	195	84
678	392	195	82
676	388	197	83
674	385	197	84
673	382	199	84
672	378	199	84
669	375	201	87
667	373	201	86
665	370	202	88
664	367	201	90
664	363	202	87
661	355	203	96
660	353	205	93
655	354	207	91
652	351	207	91
648	348	209	92
643	346	211	94
642	344	208	93
638	342	210	96
638	341	211	95
635	338	212	96
631	336	214	96
631	335	214	97
630	332	215	98
628	329	216	99
630	326	216	99
630	322	218	100
633	318	219	101
633	315	218	104
633	312	220	101
631	309	222	103
632	305	221	103
631	302	224	104
632	299	226	104
635	297	227	106
637	294	225	105
638	293	227	107
638	290	227	108
639	288	226	110
638	288	228	109
639	288	229	110
639	288	231	110
640	288	233	112
643	288	231	109
643	290	234	112
642	290	233	108
643	289	235	113
643	289	234	112
644	288	234	111
642	287	236	113
642	285	237	111
638	282	239	113
636	281	239	112
636	278	238	114
634	275	238	114
633	273	239	115
632	269	239	114
628	264	241	117
626	260	240	117
622	259	242	119
620	255	241	116
616	252	241	120
612	249	242	120
607	246	243	121
598	241	247	121
593	236	245	124
587	233	244	126
581	234	246	118
570	231	251	122
563	227	251	121
552	226	254	121
547	221	251	120
536	217	255	124
527	213	256	121
516	211	257	123
508	207	258	121
497	203	262	123
490	201	258	123
480	196	260	125
471	194	261	126
464	190	261	127
458	189	261	127
454	185	259	127
445	184	263	129
442	184	259	129
432	183	264	130
430	183	261	130
424	183	261	132
420	183	262	133
416	184	264	134
414	185	261	132
411	187	260	132
410	185	256	129
406	185	258	131
404	185	258	129
403	185	259	132
402	187	257	129
401	186	254	131
399	188	251	128
394	189	251	128
392	188	251	129
390	188	248	130
387	188	246	130
387	189	243	132
381	192	243	129
385	191	240	132
384	194	238	128
383	193	239	131
384	192	234	130
380	191	234	130
378	191	234	130
376	191	234	129
378	192	231	130
380	192	230	130
384	194	230	130
389	195	230	130
397	197	228	131
403	199	226	130
411	199	225	130
419	200	228	133
429	201	226	134
436	202	224	127
447	204	224	127
459	204	224	128
471	205	225	127
479	206	226	125
491	206	226	126
504	207	227	125
517	207	225	125
525	208	224	123
533	209	225	123
541	207	229	124
553	208	229	122
564	209	231	121
571	208	230	122
579	208	231	122
584	208	229	124
587	210	231	121
586	208	234	121
586	207	236	121
584	206	236	123
584	202	236	125
584	201	237	124
585	195	237	130
586	194	239	131
581	191	242	134
578	185	243	139
574	193	241	130
571	184	242	140
569	183	242	139
565	182	244	138
561	184	246	137
557	176	246	142
551	174	247	144
545	171	247	144
536	170	250	143
529	165	250	145
523	162	250	145
519	159	248	147
514	159	246	147
509	156	248	148
505	156	248	147
501	153	249	150
499	155	249	147
495	154	249	147
490	152	248	150
485	153	247	149
481	152	249	150
481	152	248	150
481	152	247	150
481	154	248	150
482	157	248	148
483	159	251	148
486	159	251	148
489	162	250	147
492	164	249	142
494	164	249	146
498	165	249	145
501	168	249	144
507	171	247	140
512	173	246	142
520	175	246	140
523	177	247	140
529	177	246	141
535	179	248	139
541	182	246	137
548	183	246	138
552	188	248	136
560	189	246	137
568	192	245	136
573	197	246	135
580	199	243	135
587	201	244	135
590	207	245	131
598	207	243	134
604	210	242	131
608	213	242	130
613	216	240	129
616	220	240	127
618	220	239	125
618	223	238	123
619	222	239	125
620	225	237	124
619	225	237	126
616	225	236	124
611	230	236	122
608	229	236	122
606	230	234	122
603	234	234	121
601	236	233	119
597	237	233	119
596	239	233	119
593	243	232	117
589	245	231	118
585	248	231	117
580	249	229	117
574	252	229	115
569	254	228	115
565	255	227	114
564	255	222	114
562	256	225	115
561	257	224	114
560	258	223	115
559	260	221	116
559	262	217	116
558	266	216	115
569	271	209	112
563	271	209	116
571	277	207	113
562	273	198	120
568	278	209	118
569	280	208	119
572	282	206	120
578	286	203	122
580	290	202	121
583	292	201	121
586	295	200	123
589	298	200	121
591	301	199	124
594	305	196	122
595	308	195	120
595	309	196	124
599	310	194	122
597	312	199	123
600	315	196	119
599	314	201	123
600	315	205	125
600	316	204	124
597	320	204	123
597	315	207	126
595	319	213	123
591	317	210	125
593	314	213	128
591	314	215	127
589	313	217	126
589	313	218	126
589	309	219	129
586	312	221	124
584	308	221	126
580	310	224	126
577	307	226	129
575	308	227	128
573	309	227	129
570	312	228	128
569	316	229	130
568	321	228	132
567	326	230	132
566	332	231	136
564	340	235	137
562	350	238	138
560	358	240	138
557	367	243	140
556	375	244	141
556	382	244	139
556	390	245	137
552	396	246	136
551	397	249	137
552	399	249	138
549	400	251	138
550	401	251	139
548	403	253	137
548	405	252	136
546	405	255	139
544	408	254	138
542	410	257	137
542	413	255	135
543	411	253	138
544	413	253	135
544	417	254	132
545	416	253	133
547	421	254	129
549	422	252	127
550	422	251	127
552	424	251	124
553	429	251	120
556	425	250	124
559	423	247	123
561	426	245	121
562	425	245	121
562	427	244	119
563	426	245	120
567	429	243	116
567	430	241	115
570	431	238	115
571	431	238	113
573	433	235	112
572	435	236	110
573	434	230	109
571	436	232	109
576	436	229	109
577	437	226	108
577	436	226	111
579	438	224	110
577	437	226	109
580	438	223	109
579	436	225	113
580	437	223	111
581	436	222	114
583	436	222	115
585	434	223	117
587	433	224	119
588	435	223	118
587	429	223	126
587	430	223	125
585	431	224	126
583	432	225	125
583	433	226	125
582	432	226	128
581	434	228	128
578	436	232	128
577	438	233	127
577	440	234	128
576	438	233	131
573	442	236	129
572	440	237	133
574	441	236	132
571	443	239	133
570	445	240	134
572	448	238	132
570	449	240	135
572	452	239	133
569	453	241	134
572	452	239	136
571	457	241	134
568	457	244	135
569	461	243	133
568	464	245	131
567	467	245	128
566	471	244	127
570	474	240	126
571	477	239	125
569	480	239	123
571	482	237	123
570	485	236	122
571	488	234	120
571	488	233	119
572	488	231	118
573	489	229	116
573	488	226	114
571	487	226	113
573	487	223	111
568	488	225	107
571	487	218	104
568	482	219	105
569	478	215	103
567	469	213	108
572	466	204	105
573	461	201	102
571	455	201	102
574	452	194	98
576	445	189	96
575	437	188	96
573	433	190	97
575	424	187	96
574	422	188	95
573	416	190	96
572	410	194	97
569	406	196	96
566	404	198	96
563	403	199	95
560	400	205	97
556	399	200	98
554	397	208	101
551	396	212	101
548	397	216	100
544	398	218	99
542	400	219	99
540	400	220	101
537	402	221	101
536	404	223	101
534	404	225	102
532	408	224	101
531	410	227	101
529	411	227	101
527	414	230	101
523	415	232	103
522	419	232	102
519	422	234	101
518	425	235	101
517	429	236	101
517	431	237	101
515	434	239	102
513	437	241	102
510	440	243	101
507	444	244	101
504	448	244	102
502	451	245	102
501	457	246	99
500	460	248	99
500	464	248	99
498	467	250	98
496	471	252	97
494	473	253	97
493	478	254	96
492	481	255	97
491	485	258	96
489	486	257	96
488	488	259	98
488	493	262	96
486	495	263	95
484	498	264	94
481	501	265	93
479	504	266	94
477	506	266	91
475	510	266	93
474	513	266	91
471	515	267	91
470	518	269	90
467	520	269	92
465	521	270	91
464	522	271	90
463	521	271	91
461	520	273	92
459	519	275	93
458	516	279	94
458	512	278	94
457	508	278	93
455	504	279	95
454	499	281	92
452	494	281	92
454	491	281	89
453	482	282	92
454	475	283	92
456	469	282	90
456	464	284	89
455	459	285	86
455	450	287	86
455	443	287	85
458	440	282	86
458	435	283	83
457	432	283	79
458	431	283	80
457	432	287	76
459	433	283	72
457	435	286	73
458	439	281	72
456	444	283	72
454	449	286	70
459	454	282	66
461	459	281	61
462	466	266	68
455	472	277	75
456	474	284	74
468	480	271	67
461	482	275	73
477	491	261	74
469	493	270	71
479	503	260	69
475	507	266	70
485	516	262	72
485	524	264	69
488	525	263	72
490	523	260	78
488	526	263	82
490	511	257	100
485	500	264	119
487	505	265	124
485	515	269	110
492	556	262	85
493	491	259	138
497	573	256	70
496	579	256	55
495	577	256	56
495	576	254	56
494	573	255	57
496	568	252	58
493	564	255	59
492	560	256	60
492	556	254	61
492	552	253	62
493	548	254	63
493	545	255	64
495	542	254	64
494	537	252	64
492	532	254	65
491	525	253	74
492	519	250	74
494	516	250	74
497	511	248	68
498	505	248	70
501	499	246	70
503	493	247	74
505	489	246	72
508	482	246	73
510	476	244	73
514	469	243	74
516	463	242	74
520	457	240	77
521	449	239	79
523	441	238	80
524	435	236	79
525	430	237	77
526	423	236	79
530	415	234	82
530	409	232	83
530	403	233	83
531	395	232	85
533	389	228	84
533	383	229	85
535	380	226	84
538	373	224	86
539	367	223	88
540	361	223	89
539	357	223	88
545	352	218	90
548	348	216	90
548	347	218	90
557	348	210	88
562	347	206	88
562	348	206	87
570	351	199	87
571	352	199	87
575	352	197	91
580	355	193	87
583	357	190	90
588	360	189	92
591	363	187	91
593	367	188	91
595	364	185	96
595	369	185	95
598	371	184	99
601	372	184	99
609	376	179	99
614	378	171	102
618	381	169	105
621	381	165	105
622	379	163	107
625	385	163	103
628	388	160	99
631	390	153	109
634	385	156	112
632	377	160	112
635	372	160	104
635	366	160	109
636	366	159	110
635	362	161	109
638	356	161	108
639	353	161	110
643	349	159	108
642	348	159	112
642	348	161	106
643	342	160	108
649	347	156	103
646	339	160	105
651	342	156	100
652	340	158	99
653	338	157	100
652	336	157	99
652	337	158	102
651	334	161	100
653	333	159	101
653	332	161	99
655	330	159	101
654	331	161	97
656	330	159	98
656	331	159	98
656	330	159	99
656	332	160	95
656	329	161	102
658	334	158	100
660	331	158	101
660	330	159	103
660	332	158	105
661	331	157	104
660	333	159	105
659	330	158	105
660	333	160	102
660	332	159	106
659	331	160	103
659	336	159	104
656	333	160	107
658	335	158	102
656	335	160	105
656	336	162	102
657	335	161	106
658	336	160	102
657	337	163	112
658	336	161	107
661	339	161	102
660	334	160	108
660	339	159	104
660	336	160	108
663	341	159	102
662	353	151	96
664	342	159	106
661	335	164	109
662	340	160	106
664	339	162	105
664	338	162	108
668	341	161	119
664	327	177	129
658	341	200	128
662	337	203	116
647	334	218	121
644	323	218	140
646	323	217	140
648	324	216	143
650	325	220	140
651	322	220	144
652	327	220	139
656	324	218	141
657	323	221	144
659	325	220	145
662	325	220	147
665	326	219	148
666	329	221	147
