223	129	175	150
220	128	179	147
220	129	179	146
220	130	180	145
220	129	179	145
220	128	179	147
219	130	180	146
218	131	183	143
219	131	183	144
219	131	183	143
218	131	183	145
219	130	182	143
222	128	177	147
223	127	177	150
222	127	178	148
222	130	177	148
221	129	180	146
222	130	178	146
222	131	179	146
221	130	180	146
221	129	180	148
219	129	179	149
214	129	188	147
215	127	186	149
215	126	185	148
213	126	187	149
215	120	184	155
217	119	181	157
217	120	182	156
217	122	181	154
217	120	181	156
218	121	179	155
216	122	182	155
218	120	180	157
217	122	183	156
218	118	179	160
218	120	181	158
219	118	177	159
216	120	183	158
217	118	180	159
218	119	180	158
219	120	181	157
219	118	177	159
218	120	181	157
219	118	177	159
217	119	182	159
218	118	178	160
217	120	183	158
219	120	178	158
218	119	179	158
218	119	179	158
218	120	181	157
218	120	180	156
219	119	179	158
219	120	181	157
219	120	179	157
219	118	178	159
218	122	181	155
216	128	183	148
215	127	186	148
215	127	185	150
215	127	186	150
213	129	188	148
212	129	188	148
217	129	185	148
212	129	187	147
216	129	185	149
213	129	187	148
211	130	190	147
213	129	187	149
212	130	188	146
213	129	187	148
212	131	188	145
211	131	189	145
212	131	187	146
205	133	194	143
205	132	193	143
205	132	194	144
208	131	189	145
206	131	192	145
208	131	190	144
211	130	188	146
210	131	188	146
208	131	190	144
212	131	187	144
208	132	190	144
209	132	188	143
206	133	192	143
211	132	185	145
208	133	190	144
213	133	184	143
208	134	188	142
212	134	185	142
208	134	188	142
209	135	187	141
209	133	188	143
209	134	186	142
208	133	188	143
210	134	185	142
208	134	188	142
210	135	186	142
209	133	188	143
210	134	186	142
208	134	188	142
214	133	184	143
209	134	188	142
208	134	188	142
213	135	183	142
209	135	188	143
210	134	186	144
210	134	187	143
211	133	186	145
213	132	183	145
213	130	182	146
213	130	184	147
217	129	181	147
222	125	176	150
225	123	172	149
226	122	168	151
224	122	174	151
223	120	172	153
225	117	172	157
224	118	169	157
226	116	171	157
226	117	166	157
226	116	174	158
224	120	170	155
222	118	173	154
224	120	173	155
224	119	172	155
223	119	173	153
217	123	180	150
215	123	185	150
213	124	183	149
216	124	179	146
215	123	181	146
214	120	186	151
213	119	182	152
219	115	178	155
213	118	182	155
214	117	184	153
215	119	180	152
216	119	180	152
214	117	182	154
215	117	181	153
217	117	179	154
220	116	175	153
222	116	176	156
222	116	170	154
224	115	172	157
222	116	171	154
222	116	175	158
223	115	171	156
221	115	174	156
221	115	175	158
222	116	174	158
223	115	172	158
225	114	170	159
225	115	172	159
223	113	169	160
224	112	174	160
223	114	172	157
223	114	173	157
220	114	175	154
222	114	173	155
221	113	176	155
220	113	178	154
215	113	181	154
212	115	185	150
210	114	185	148
203	114	192	146
209	113	183	145
211	111	181	146
212	111	179	149
213	111	180	150
212	112	183	150
214	111	183	152
210	110	186	155
213	112	182	148
209	112	188	149
217	111	180	155
213	110	183	154
211	109	184	156
210	108	184	154
212	109	183	156
214	109	181	155
214	106	180	160
218	105	179	159
217	104	180	162
220	102	176	162
221	101	177	163
227	100	173	163
225	103	169	160
228	103	169	155
222	106	178	156
226	103	171	157
221	105	175	155
221	103	172	151
217	104	174	131
216	104	173	132
219	102	177	118
218	103	171	116
220	102	171	129
218	102	175	134
217	101	175	134
215	104	179	131
214	102	178	135
217	101	171	140
217	100	172	134
217	102	177	139
218	102	173	132
218	101	173	135
221	101	168	144
219	100	171	133
223	98	172	138
223	105	169	134
228	106	162	134
225	105	165	128
227	105	165	130
229	104	164	137
226	104	164	127
223	105	167	132
222	107	170	135
219	106	174	127
220	106	173	134
218	107	170	124
223	106	169	126
222	107	171	133
221	106	168	126
223	108	169	126
222	108	171	133
220	106	169	127
220	107	170	128
220	107	170	137
217	107	172	125
220	107	170	128
221	107	170	140
221	107	169	127
222	107	170	134
220	108	169	128
220	106	171	135
217	106	171	128
220	106	173	130
219	107	171	134
218	108	170	129
219	105	171	132
219	106	175	137
219	105	174	127
220	106	172	132
219	106	171	130
220	106	172	135
221	106	167	126
225	105	168	129
224	106	167	132
223	107	168	134
218	108	171	128
217	106	172	132
218	105	170	133
216	105	170	132
218	105	174	135
220	105	169	127
222	106	172	128
222	105	167	130
220	105	171	137
215	104	171	127
226	102	163	136
222	104	166	134
217	102	172	133
228	101	164	136
225	100	164	139
226	100	163	142
222	100	166	141
221	102	169	134
221	101	171	140
221	102	168	132
226	102	167	132
223	103	168	134
224	104	166	142
222	103	169	129
217	105	170	131
226	103	161	134
223	103	168	134
224	100	164	145
224	96	164	132
225	99	163	134
222	100	167	130
224	103	161	129
223	100	151	127
224	101	145	130
224	101	144	130
224	101	145	128
223	100	140	128
224	100	132	129
226	102	126	124
223	101	129	123
222	102	122	120
223	103	119	121
221	103	122	121
223	102	121	124
222	101	123	123
224	101	120	125
223	101	123	125
224	100	125	125
224	98	127	129
225	97	126	130
229	96	125	130
230	97	127	128
228	101	130	126
222	101	136	128
227	96	132	133
228	97	136	130
226	99	138	129
223	99	140	129
226	95	137	134
228	102	136	127
229	103	136	128
230	103	135	125
231	103	132	128
230	100	133	130
230	104	131	125
227	103	131	125
224	105	133	123
226	99	129	126
225	100	131	126
224	100	134	126
226	101	132	127
228	99	130	129
226	99	134	130
227	99	134	130
227	101	135	130
230	99	136	134
226	102	140	126
228	102	137	130
228	105	138	124
228	105	137	124
225	104	141	126
227	104	137	125
222	105	142	125
225	102	140	124
223	103	141	124
223	100	140	127
221	101	147	127
223	100	143	118
220	102	143	122
222	103	138	119
224	105	136	118
223	104	137	120
223	104	135	119
224	103	136	120
223	104	139	120
224	103	136	120
223	101	138	124
224	101	138	124
222	104	141	120
222	104	140	120
221	103	140	120
223	104	139	122
223	103	139	122
220	103	143	123
221	104	142	122
225	105	139	124
223	104	143	127
223	104	142	135
225	106	146	122
223	106	145	122
221	104	145	119
219	103	148	119
215	103	146	110
214	101	148	99
217	105	157	106
215	99	155	99
216	98	156	107
215	102	153	99
216	103	154	96
216	103	159	99
216	103	138	97
215	99	140	102
214	101	144	102
215	98	124	104
217	101	117	103
216	98	115	108
217	99	118	109
214	99	121	112
216	98	119	113
217	99	123	113
217	98	119	112
214	98	125	114
214	98	122	111
214	98	126	114
215	98	123	112
217	99	121	113
216	99	122	115
216	98	122	116
216	97	123	116
217	96	123	116
216	94	124	116
216	98	124	115
216	97	122	118
208	99	142	116
208	99	142	111
210	100	129	115
215	99	130	118
216	99	128	112
215	102	131	110
215	101	131	115
216	101	132	113
214	102	131	113
217	103	129	113
221	103	128	115
221	104	121	116
222	105	123	115
220	105	127	114
217	104	131	117
221	104	127	114
217	104	131	116
223	105	126	114
221	105	129	114
222	106	124	115
223	108	125	114
224	107	120	117
223	108	123	118
224	106	123	115
223	105	125	118
223	106	126	119
223	104	126	125
223	104	129	121
227	105	131	122
227	106	132	119
227	106	132	118
228	106	132	118
230	104	133	114
233	101	112	120
229	101	120	121
230	101	120	125
229	99	116	127
227	99	113	128
228	98	111	129
227	98	113	130
231	99	112	120
231	98	112	125
228	97	115	124
229	97	114	132
227	95	117	140
229	96	117	120
226	96	118	118
230	96	117	109
226	94	121	96
224	93	123	99
227	93	121	104
226	93	123	102
227	94	121	106
222	91	131	109
221	92	131	107
222	93	131	108
221	92	133	107
221	92	131	109
220	92	131	107
220	92	130	108
220	92	132	112
220	92	133	109
219	93	131	106
221	93	130	109
222	92	127	106
222	93	125	108
222	94	124	111
223	94	121	107
222	95	121	105
221	96	123	105
223	95	122	98
221	96	124	105
222	95	123	97
218	94	126	106
222	94	127	105
222	95	126	101
224	95	124	100
223	95	124	104
224	95	123	100
222	96	126	102
224	96	123	105
225	96	121	103
223	96	124	107
223	95	123	105
226	97	120	107
225	97	120	104
223	97	123	106
222	96	124	105
229	97	118	104
223	98	124	102
224	98	123	103
224	97	122	107
224	96	122	107
222	96	124	108
228	96	119	105
220	96	127	108
226	96	121	107
221	96	124	105
227	97	120	103
221	96	126	109
227	96	121	108
222	96	123	104
224	97	123	104
225	96	121	105
226	95	121	105
224	95	122	106
226	94	121	110
224	95	124	109
224	95	123	108
226	95	121	109
225	95	123	108
223	95	123	107
225	97	121	106
225	95	121	109
226	95	121	110
225	95	121	107
226	95	121	109
226	95	121	108
227	95	120	110
225	96	120	104
223	96	123	108
231	96	116	107
224	96	121	106
226	95	119	109
225	95	122	106
227	96	120	106
223	95	122	104
227	97	120	105
227	96	119	107
224	96	122	107
225	94	122	107
228	96	120	104
225	95	122	109
224	96	122	106
224	97	121	107
225	96	122	106
226	96	120	108
225	96	122	106
225	96	122	106
225	97	122	106
222	96	124	108
227	97	119	106
225	97	120	106
229	97	118	107
224	96	123	103
229	97	119	108
222	96	123	101
227	98	120	107
225	96	121	104
226	97	121	107
226	96	121	107
224	95	123	108
229	96	120	107
223	98	123	105
227	97	119	107
226	96	120	107
226	96	120	106
226	97	121	105
224	96	123	107
225	95	122	108
225	95	121	108
228	96	120	106
222	97	123	104
225	97	121	104
224	97	123	106
226	96	120	107
227	96	120	107
225	96	121	104
227	97	120	107
224	95	122	105
227	97	120	108
227	96	120	107
226	96	121	107
222	96	125	106
225	96	121	107
225	95	122	107
225	95	122	109
225	95	122	108
219	93	128	109
223	94	126	109
220	93	127	110
222	92	126	112
222	92	124	112
219	90	129	114
223	91	126	110
221	91	125	112
222	91	127	112
222	92	123	107
225	92	121	110
223	91	121	109
230	92	118	108
229	91	115	111
226	90	118	112
230	92	115	107
228	91	114	111
229	92	114	107
226	91	114	108
226	91	113	111
225	92	112	110
229	92	109	113
226	93	111	111
227	92	112	113
228	92	111	111
227	94	112	108
227	93	113	110
227	93	113	110
229	95	112	105
229	94	111	109
229	94	112	107
229	95	112	105
221	93	122	111
217	91	128	113
216	91	129	113
218	90	127	116
217	92	129	112
213	92	133	113
214	90	131	115
215	89	131	115
214	89	133	116
213	88	133	117
215	89	131	116
215	90	131	116
214	90	130	115
216	91	129	113
218	93	128	112
219	93	124	112
217	93	128	110
217	92	128	111
214	93	132	110
207	92	140	110
219	92	126	114
221	92	124	113
213	93	132	110
213	93	132	113
209	93	135	111
206	93	137	113
216	93	128	112
214	94	131	107
209	93	135	110
212	93	131	113
214	93	129	112
216	92	131	115
210	93	133	103
219	93	124	113
217	93	130	109
217	93	126	112
219	92	126	112
219	93	124	110
218	93	127	112
221	92	126	113
219	93	127	110
220	92	129	110
219	91	128	113
219	90	130	114
219	91	127	115
219	91	127	114
219	90	125	116
218	91	126	114
216	92	133	110
216	91	129	115
214	92	133	109
216	91	132	111
217	91	129	114
215	92	131	112
220	91	130	112
218	93	125	110
217	92	129	112
215	91	130	111
220	90	127	114
214	92	127	112
217	92	125	117
216	93	125	117
220	92	122	116
216	93	125	109
216	93	124	114
220	94	122	114
217	94	125	110
216	95	126	110
215	93	126	113
216	93	126	113
217	93	126	115
217	94	126	114
219	93	124	114
220	93	123	110
215	94	128	110
218	93	125	114
217	94	123	109
219	94	121	114
218	93	123	116
218	93	124	114
218	94	126	113
216	94	126	109
218	93	124	112
218	94	126	112
218	94	126	109
218	95	127	109
220	96	125	109
220	94	123	112
218	94	125	109
218	95	126	109
218	95	128	109
216	95	128	108
215	95	129	110
221	94	124	112
218	96	126	109
220	94	125	108
217	96	125	107
222	95	121	108
216	95	127	108
216	95	127	107
216	95	126	110
219	94	123	109
216	95	127	108
218	95	123	109
218	95	123	108
211	94	129	110
222	92	119	114
211	95	131	108
218	93	122	114
217	94	124	109
218	94	124	110
210	95	131	109
220	93	124	109
216	95	129	107
219	95	128	107
218	96	127	106
219	95	127	107
215	96	131	106
219	95	127	108
223	96	124	106
217	96	127	108
222	95	123	109
222	95	123	107
211	95	134	108
218	93	130	113
221	95	126	99
221	95	127	109
219	95	124	96
221	95	123	107
219	95	125	97
223	95	121	106
220	96	124	103
220	95	125	104
218	95	125	106
221	96	125	99
222	95	122	107
220	94	126	101
225	95	121	109
225	94	120	107
225	95	120	109
226	94	118	102
225	95	123	107
225	94	119	102
224	94	124	106
227	94	119	110
226	93	122	107
225	93	121	110
224	94	123	107
224	94	120	108
223	94	122	105
230	94	117	109
225	91	115	105
227	93	118	110
230	93	112	100
228	94	115	101
225	93	117	113
226	94	115	112
231	93	111	109
232	95	115	109
236	94	106	108
230	95	114	109
229	94	112	102
228	94	117	104
231	91	113	108
236	89	104	111
230	86	107	112
227	86	109	111
231	85	106	111
232	85	103	111
233	85	100	112
235	84	101	111
235	82	108	109
227	81	124	109
229	80	121	112
232	78	118	115
231	77	118	115
231	76	117	112
228	77	121	109
231	75	115	112
233	74	116	110
229	76	120	111
233	74	116	111
230	76	119	111
230	76	119	109
226	76	124	110
226	75	125	110
230	74	121	109
229	74	120	108
222	73	125	107
227	74	125	107
230	76	126	103
229	77	131	102
224	76	132	104
227	79	131	100
223	82	137	98
221	84	134	93
225	85	127	94
223	84	124	93
226	87	131	103
223	89	121	87
222	90	118	81
224	91	121	82
225	89	108	84
225	89	110	85
224	87	104	87
224	86	110	88
222	85	110	88
222	85	108	88
221	85	110	87
220	84	108	88
217	83	114	88
217	84	113	87
217	82	112	88
217	82	111	89
217	81	110	89
219	82	110	91
219	80	106	92
220	81	106	90
221	80	104	91
220	80	105	93
223	79	103	94
221	80	104	94
223	77	104	94
221	81	106	93
222	77	104	94
223	80	107	94
221	76	105	96
219	80	109	94
224	75	104	97
219	76	111	98
223	76	110	97
220	73	111	98
217	75	116	99
221	74	109	97
218	75	114	99
221	74	112	96
216	74	117	100
219	74	114	96
218	75	115	99
218	76	116	95
215	74	119	98
218	74	118	96
217	76	114	99
219	77	113	91
217	77	113	98
221	78	109	96
216	79	112	94
222	78	106	96
217	81	109	91
216	80	111	91
215	80	112	92
216	79	111	92
214	80	115	94
221	79	107	93
215	79	113	96
220	78	109	93
216	76	112	97
221	78	108	96
215	77	114	97
221	76	109	97
215	76	116	96
222	76	107	98
214	77	115	96
219	75	112	97
214	75	117	96
221	75	110	95
218	73	113	97
222	76	110	99
215	74	114	95
216	76	113	97
214	75	113	95
214	77	115	94
212	78	116	94
222	78	108	93
214	79	114	89
211	80	117	85
212	81	113	86
209	80	115	86
207	84	117	81
205	85	131	81
206	85	119	80
194	85	129	80
211	83	110	82
209	84	112	78
214	83	109	80
213	84	124	78
210	83	111	79
215	85	109	80
210	84	126	77
211	83	116	78
214	81	121	81
213	81	107	80
209	81	115	86
213	80	121	83
211	79	120	80
212	80	113	86
211	81	111	81
210	80	112	82
209	81	112	83
210	75	124	85
211	78	118	87
213	79	122	83
211	76	109	85
206	78	117	87
200	78	136	84
198	79	129	83
212	78	123	84
205	77	124	84
211	79	125	84
206	77	124	83
201	80	136	78
211	80	125	77
212	78	116	81
216	80	119	74
217	82	114	69
219	85	117	69
219	86	111	65
218	86	118	66
220	86	118	66
218	85	116	66
199	85	137	66
214	82	124	74
211	82	121	70
213	81	125	72
212	79	127	74
212	78	127	74
213	77	124	73
213	78	125	72
216	78	123	73
216	77	122	73
216	76	121	74
215	76	122	75
216	76	122	75
217	77	120	74
218	76	119	74
219	76	118	75
219	76	119	74
219	77	114	74
218	76	119	76
218	76	115	74
217	75	121	77
218	75	117	75
218	75	121	77
210	77	126	73
214	79	125	72
218	79	122	72
214	81	121	69
219	80	121	70
213	80	122	70
217	81	122	69
213	82	127	70
214	79	125	71
216	80	116	69
217	80	119	70
218	81	120	69
217	80	120	69
217	80	121	70
215	81	117	69
216	79	119	72
213	78	125	71
210	76	128	73
210	78	129	71
212	78	127	72
213	77	126	73
213	77	125	73
213	76	125	73
211	76	123	74
210	77	129	72
211	78	128	73
211	79	128	75
212	81	127	72
215	81	125	68
216	83	123	65
215	85	124	68
219	90	118	67
216	82	116	70
204	84	129	66
212	80	123	71
211	74	129	72
213	81	101	68
209	81	104	67
207	84	103	74
208	84	102	70
209	79	104	73
211	82	103	66
204	83	107	66
209	81	102	65
208	82	103	67
209	80	104	67
206	83	106	67
209	79	103	75
205	80	109	67
208	79	105	67
214	81	99	65
211	80	101	66
208	80	103	68
207	80	105	67
208	80	104	70
211	79	102	72
203	81	110	66
210	80	103	66
208	81	103	66
210	81	102	66
210	81	102	68
207	79	105	67
213	81	99	66
209	81	103	68
206	79	106	67
213	81	99	66
211	79	102	66
209	81	103	65
210	80	102	66
208	81	104	66
209	80	104	66
207	81	106	66
205	82	107	66
210	78	103	67
209	82	103	63
209	81	104	65
210	80	103	66
208	81	104	65
209	80	104	67
208	82	104	65
209	80	104	67
208	81	105	65
209	80	104	66
208	81	105	65
207	82	105	65
209	80	104	68
210	82	103	66
210	80	102	65
208	81	104	63
209	80	103	66
209	81	103	66
208	80	105	66
206	81	106	66
210	79	103	66
205	81	108	68
207	79	106	67
206	83	106	65
208	81	104	66
203	82	113	64
207	82	108	64
204	82	111	65
211	82	105	63
209	81	107	65
207	82	109	65
205	83	113	63
205	83	113	63
204	83	115	64
210	81	110	64
208	82	112	65
206	81	114	66
205	81	116	66
205	82	116	64
206	80	114	68
209	74	109	74
212	80	109	68
210	80	107	70
205	80	106	70
203	82	107	66
204	69	99	79
203	67	101	84
205	67	97	85
206	69	96	83
205	71	99	79
208	71	96	79
212	69	92	81
209	73	95	78
211	83	95	68
209	73	99	76
213	70	97	78
208	79	102	70
212	83	97	64
209	83	102	66
205	72	106	76
215	79	98	69
210	81	101	68
207	69	105	77
213	77	101	70
213	81	99	67
207	81	105	67
204	69	107	77
212	78	102	71
209	80	104	67
203	67	110	79
209	62	104	86
211	59	101	90
214	64	94	84
213	71	92	77
212	69	89	82
210	74	89	75
211	71	90	78
207	71	91	78
212	74	83	75
205	78	89	71
209	78	89	70
201	83	95	65
207	85	93	63
208	86	95	61
210	86	97	61
199	84	90	67
206	86	94	62
210	86	80	61
211	87	79	62
208	88	86	60
210	88	84	60
209	88	85	60
206	88	89	60
212	88	82	60
212	89	81	60
210	87	78	62
214	87	75	65
210	87	77	62
213	90	74	63
209	89	78	60
214	92	74	59
211	88	75	59
211	92	77	60
212	89	77	60
209	93	83	57
204	90	87	58
214	89	77	61
216	92	77	55
215	91	78	58
216	91	78	57
216	90	79	58
216	89	80	58
214	90	81	58
219	86	77	61
216	88	79	62
220	87	77	59
215	86	80	61
218	86	78	62
216	87	79	61
218	87	78	61
216	87	80	61
219	86	78	60
214	87	80	61
217	85	79	65
216	86	78	60
221	89	75	59
215	87	77	61
219	88	76	59
216	90	76	57
199	89	93	59
214	90	78	58
208	92	83	57
213	91	80	57
215	92	77	55
218	91	74	56
210	91	83	58
217	91	77	57
200	92	91	58
210	90	83	59
216	92	78	56
205	92	87	58
213	91	80	57
208	92	85	56
208	91	84	56
207	90	86	57
195	89	97	59
195	91	100	58
213	90	82	58
218	90	75	57
220	89	75	58
217	90	77	58
208	89	86	59
214	89	80	58
215	90	79	57
214	87	80	60
199	87	98	61
202	88	95	60
210	86	88	61
201	87	96	60
204	86	94	63
197	87	101	60
197	86	100	61
213	87	85	59
212	87	84	58
203	90	93	59
198	87	96	60
216	88	78	60
201	88	96	61
207	88	90	60
200	89	97	58
204	88	91	61
199	88	97	59
199	89	96	61
204	88	94	59
208	87	90	60
202	89	97	58
209	88	89	59
199	88	100	59
204	88	93	59
199	87	99	60
207	87	92	61
197	87	102	59
206	87	92	61
200	86	98	60
206	86	92	61
199	87	99	59
200	86	98	62
198	86	99	61
197	88	102	61
196	88	100	58
199	89	98	60
197	88	101	59
211	89	84	57
212	89	84	61
215	90	79	56
213	92	84	56
212	91	80	56
205	92	87	56
213	93	80	54
211	95	79	54
215	97	79	51
216	99	81	50
223	100	73	46
215	101	81	47
217	99	81	47
217	100	81	48
220	100	78	46
213	102	84	47
220	104	79	41
219	106	78	41
213	107	86	40
212	106	87	42
216	106	84	41
217	106	83	41
221	106	78	41
217	107	81	41
236	105	64	39
