387	50	35	32
386	48	34	31
387	48	34	32
384	48	33	31
384	49	33	32
381	50	34	31
386	48	34	31
386	35	34	32
381	34	32	32
372	35	33	35
371	35	34	35
359	39	31	35
341	41	32	32
324	35	29	32
304	28	30	32
288	21	34	32
288	21	34	32
281	15	33	33
270	23	32	31
256	26	33	30
244	31	34	31
240	31	32	30
239	32	33	30
235	31	35	31
232	31	35	32
230	32	34	31
227	26	33	32
224	27	32	30
224	26	32	30
218	28	30	32
215	30	31	32
232	36	31	34
259	42	32	34
264	39	28	33
264	40	30	33
249	37	28	34
242	33	29	33
240	26	31	34
240	22	30	35
241	21	30	33
240	21	31	33
241	16	31	33
238	11	29	34
236	9	28	33
242	10	29	33
238	13	31	34
238	13	31	33
232	18	33	32
232	23	33	32
229	32	32	31
230	41	32	30
234	50	31	30
235	50	31	30
232	60	34	30
235	68	34	30
239	74	33	29
239	80	32	28
240	82	33	30
240	83	33	29
244	90	34	28
246	95	33	27
240	97	32	28
242	98	33	28
244	99	34	28
245	98	33	28
247	101	35	28
248	102	35	28
251	104	35	28
255	107	33	27
257	108	35	28
257	108	34	28
259	109	34	27
259	112	34	27
262	114	34	27
262	119	35	25
270	119	32	24
270	119	32	24
277	119	33	24
275	119	33	25
268	117	35	25
263	115	35	26
262	113	33	25
261	113	33	26
253	108	36	24
253	104	34	24
250	104	35	25
242	105	37	28
231	107	36	27
232	106	36	27
226	105	37	26
221	103	39	25
221	103	38	25
226	102	38	25
222	103	39	26
222	103	39	26
223	104	39	25
223	105	39	25
226	107	39	25
231	107	38	25
233	107	38	25
232	107	37	24
233	111	39	23
240	113	36	24
237	117	39	24
245	119	38	24
252	120	39	25
253	120	39	26
254	120	38	25
261	119	35	25
260	120	35	25
253	117	38	25
255	113	37	27
254	113	36	28
257	106	39	28
262	99	34	28
256	94	35	27
251	90	34	27
246	86	34	28
246	87	33	28
240	87	33	28
243	88	34	30
241	93	32	30
240	101	32	31
240	110	32	31
239	110	32	31
240	120	32	31
241	127	31	32
239	130	31	34
240	132	30	34
243	135	29	33
242	135	30	33
247	133	28	35
245	133	29	36
245	135	29	36
251	135	28	37
256	138	28	36
257	139	28	36
263	139	27	36
263	137	28	36
266	135	27	38
269	132	28	39
274	131	27	38
273	131	27	38
276	128	26	39
278	128	24	40
277	125	25	40
278	123	25	40
279	120	24	40
279	120	24	41
278	119	24	41
278	119	25	40
274	120	25	39
273	119	25	36
272	118	26	34
272	118	26	34
268	120	29	31
266	121	31	31
262	121	32	30
263	120	32	29
264	121	33	28
263	122	33	29
263	122	34	28
266	121	35	29
267	121	35	28
268	122	35	29
266	124	35	27
267	125	35	27
269	129	35	27
272	130	33	27
272	133	33	28
273	135	34	26
273	139	34	27
272	138	35	28
274	141	34	27
275	142	35	28
276	142	35	27
275	143	35	27
274	146	37	27
274	145	36	27
274	147	37	27
275	146	37	27
275	148	38	27
279	149	36	27
279	150	37	26
278	150	37	26
280	150	37	26
288	146	37	26
291	142	38	25
293	144	37	26
293	147	37	26
293	146	37	26
295	146	37	28
295	148	36	28
294	151	36	27
293	150	35	27
293	151	35	27
294	151	35	26
297	152	34	28
297	153	34	29
296	153	35	29
296	153	35	29
293	152	34	29
293	152	33	28
291	150	34	26
288	146	34	28
287	145	33	29
287	142	31	28
288	140	31	29
287	140	31	28
288	138	31	29
288	136	31	29
289	133	31	31
292	132	30	31
293	130	31	31
293	131	32	31
296	130	29	32
296	129	29	34
297	129	30	34
296	129	29	32
295	127	29	33
294	126	30	33
289	125	29	35
287	122	28	34
284	121	27	32
281	116	29	34
281	113	28	37
281	114	28	37
279	111	29	38
283	110	27	37
285	108	28	37
290	106	28	37
290	104	29	37
291	104	29	38
290	101	30	39
287	97	28	38
283	97	28	40
286	98	27	38
288	96	28	40
288	97	27	40
289	94	28	40
290	93	27	41
288	93	26	43
292	91	25	42
296	90	25	42
296	90	24	42
304	89	23	44
312	86	23	42
316	84	23	44
320	81	22	43
320	79	21	45
319	80	21	45
320	78	22	45
320	78	21	43
322	77	22	44
322	79	22	43
321	79	22	43
322	79	22	43
319	80	23	43
315	82	24	42
310	83	25	42
309	86	25	40
308	88	26	40
307	87	26	40
305	88	27	39
303	88	27	38
300	89	28	37
300	88	28	36
301	86	29	36
301	87	29	35
298	83	29	36
297	79	29	37
298	79	28	34
296	76	30	35
295	74	29	35
295	74	29	35
290	72	30	35
284	71	30	34
282	69	29	35
281	67	30	36
281	67	31	35
280	67	31	36
282	66	30	37
284	66	29	37
284	68	29	37
284	66	29	38
286	66	30	36
286	66	30	37
288	64	30	38
290	65	29	36
289	66	31	37
289	67	30	36
285	69	29	37
286	69	29	37
287	74	30	38
292	79	29	37
284	83	29	38
285	89	30	37
274	91	28	35
274	91	29	36
263	94	30	36
269	98	28	36
264	99	29	35
261	100	28	35
257	104	28	37
257	104	28	36
251	109	31	35
251	111	31	33
252	113	31	33
253	113	31	31
249	114	33	31
250	113	33	31
249	115	34	31
247	118	34	32
245	119	35	32
246	125	33	30
245	125	36	30
245	126	36	30
250	124	35	32
255	119	34	30
256	116	34	29
262	118	34	31
262	117	33	30
263	118	33	30
257	116	31	31
254	114	32	31
252	108	32	31
252	104	33	32
256	98	32	32
255	97	33	32
256	92	34	32
256	89	33	30
256	85	35	32
258	83	34	31
258	81	34	32
258	81	34	33
260	79	35	32
263	77	33	33
264	75	33	34
263	72	32	34
255	73	32	35
256	74	32	35
260	76	32	35
277	78	32	38
279	75	30	39
268	74	29	37
270	76	31	42
271	77	30	41
286	81	29	39
293	88	29	39
300	91	32	39
309	93	30	37
311	89	31	38
311	91	31	36
316	87	31	36
324	81	31	37
329	78	33	35
335	75	32	36
337	75	32	35
336	74	32	35
338	75	33	35
340	74	34	35
338	74	35	33
338	74	35	33
336	74	37	34
335	75	36	34
338	73	38	31
341	70	38	33
341	69	33	33
337	67	35	34
327	69	35	34
327	69	35	33
313	71	36	32
304	72	36	32
298	71	35	32
292	71	35	32
282	72	36	32
283	71	36	32
279	73	36	32
274	72	36	33
271	75	34	35
271	77	35	34
268	78	35	33
268	78	35	33
268	80	35	34
269	82	35	34
271	84	32	33
266	85	35	32
266	84	36	34
266	85	36	33
265	86	36	33
263	89	36	32
255	96	36	32
253	104	37	29
262	110	38	29
263	111	38	30
262	118	37	27
255	119	38	29
260	120	36	29
259	123	37	28
256	124	38	28
255	124	38	29
250	125	40	28
250	124	37	27
247	125	38	27
248	125	38	28
247	122	39	28
248	122	38	29
248	121	40	28
256	120	40	28
261	118	40	27
257	117	40	29
263	117	39	27
263	117	40	27
267	115	40	27
268	113	39	27
263	112	41	28
259	110	40	27
258	104	42	27
258	104	42	28
263	97	41	28
259	89	44	26
265	83	38	27
260	77	41	27
258	74	41	27
257	74	42	28
256	72	41	26
253	70	41	26
251	71	40	29
244	73	42	29
237	74	42	29
236	74	41	28
230	77	38	28
227	85	40	30
231	95	41	28
226	101	41	27
225	103	41	29
226	103	42	30
236	106	37	28
243	106	37	29
240	104	41	30
242	102	40	29
245	101	41	27
245	100	41	28
252	98	38	28
259	96	38	27
260	94	42	26
265	90	40	27
263	86	39	26
262	87	40	28
261	83	40	27
257	79	43	27
257	77	43	28
258	76	44	29
257	76	45	29
257	76	45	29
264	78	41	26
264	81	44	27
263	83	45	27
258	84	43	28
252	84	44	27
251	84	44	27
248	82	44	26
247	79	44	25
251	75	44	26
250	73	46	25
250	70	46	25
250	70	46	26
249	70	46	26
248	66	44	27
245	66	44	27
239	66	45	27
236	67	44	27
235	68	45	28
233	70	45	27
231	75	43	28
233	81	44	29
235	90	44	30
240	97	43	29
240	97	43	31
241	100	41	29
235	100	41	28
224	98	41	29
218	96	43	29
221	95	42	29
220	95	42	28
220	92	40	27
218	88	42	29
218	84	38	29
210	81	42	31
209	79	40	31
209	79	40	31
210	79	40	32
213	79	38	32
213	79	40	32
210	76	40	30
207	76	41	31
207	76	40	31
208	76	42	32
213	78	41	32
219	81	40	32
228	86	39	33
236	91	37	35
236	91	37	36
245	92	36	35
252	92	36	35
262	91	35	37
271	90	35	38
274	86	34	40
273	88	34	38
277	83	33	40
281	78	34	42
287	72	32	43
287	66	32	44
284	61	32	44
284	61	31	43
278	57	31	45
270	53	32	44
263	50	31	45
258	49	30	47
255	49	31	47
255	49	31	47
252	50	31	49
250	53	31	48
252	54	30	49
253	54	32	51
258	57	30	49
259	57	29	48
265	60	29	48
271	64	30	52
284	73	29	50
286	80	30	49
289	81	30	48
290	82	29	47
284	81	30	48
287	78	30	47
294	71	30	48
302	65	30	50
303	59	30	50
304	58	29	50
290	55	29	49
279	52	29	50
269	51	31	50
258	53	30	48
252	56	33	48
251	56	32	49
246	62	32	47
241	65	33	49
240	67	32	49
243	68	33	48
246	69	33	49
246	69	33	49
247	68	32	50
242	68	32	50
235	69	33	51
239	72	32	50
250	76	32	51
252	77	30	50
260	76	31	51
260	75	30	51
265	75	30	51
267	72	29	53
269	69	29	52
269	69	28	52
272	67	27	53
268	67	27	53
265	70	26	53
259	77	27	51
255	84	27	51
255	85	27	51
245	91	27	52
231	100	28	53
232	114	28	53
231	125	27	52
218	124	28	52
218	125	28	51
219	124	27	52
227	123	26	52
226	122	26	53
223	121	27	53
224	123	26	52
223	123	26	52
223	124	26	52
223	124	27	52
219	121	28	52
215	120	27	50
214	117	26	52
214	118	27	50
213	120	26	52
215	126	27	53
219	136	24	51
211	145	26	53
218	156	25	54
218	155	25	55
228	166	25	55
218	175	24	56
215	178	24	54
227	185	26	55
241	187	23	53
241	187	23	54
239	187	23	54
255	184	23	55
256	178	23	55
260	174	23	55
267	171	23	53
267	171	23	53
264	167	23	55
265	167	24	54
263	162	23	55
253	161	25	55
263	164	25	54
263	165	25	54
255	164	27	55
252	170	26	54
258	176	27	54
268	179	27	53
267	180	28	53
267	180	28	53
265	176	28	52
259	171	29	52
251	166	30	52
248	161	29	51
249	159	27	51
249	159	27	50
249	158	27	51
252	155	28	51
252	153	28	50
254	158	27	50
254	166	27	50
254	166	27	50
259	171	28	49
265	172	28	49
269	172	29	48
258	172	29	47
254	172	29	47
253	172	29	48
255	169	30	47
252	167	32	47
255	161	32	46
251	154	32	49
252	151	32	47
253	152	31	47
253	147	32	46
251	146	31	46
249	145	33	46
248	144	32	47
248	147	33	47
249	147	32	47
244	150	33	46
243	149	33	47
255	155	32	50
257	161	31	50
260	161	31	48
260	161	32	48
261	160	31	49
263	156	29	50
264	158	28	49
264	149	28	50
267	146	27	52
267	147	26	51
268	143	26	52
268	140	26	51
270	132	24	52
270	125	24	53
270	122	23	51
268	121	24	52
268	115	24	54
272	113	24	54
279	115	23	53
287	122	23	52
285	125	21	52
286	125	22	52
276	126	21	53
279	126	21	52
279	123	21	52
279	120	22	52
281	114	22	52
280	113	22	52
276	109	22	52
274	104	22	52
270	100	23	54
264	103	23	53
261	105	23	52
262	105	23	52
255	106	24	54
245	108	25	52
230	111	25	50
219	116	26	53
220	124	27	51
219	124	27	52
200	124	27	52
206	126	27	51
206	125	28	51
204	127	28	51
210	127	28	53
210	127	28	52
212	128	27	52
219	129	28	54
225	131	29	53
227	128	28	53
231	125	28	53
232	124	27	53
230	120	26	55
232	119	26	56
235	119	25	56
238	120	23	58
242	124	23	58
241	124	22	57
254	125	22	57
262	125	23	57
251	119	24	57
253	116	26	56
262	114	26	56
262	115	27	56
267	110	27	56
274	104	26	55
273	98	25	57
271	97	23	56
269	96	22	55
270	96	22	56
266	95	23	56
264	96	23	57
266	97	24	57
270	100	24	57
273	102	24	57
273	102	24	56
274	101	26	57
284	101	26	55
277	98	27	56
266	95	28	55
266	92	28	52
267	91	28	53
265	90	29	54
264	89	28	53
263	89	30	53
259	87	30	51
255	87	30	49
255	87	30	50
254	86	32	51
253	85	32	51
255	84	31	52
261	84	31	52
265	82	30	53
265	83	29	53
269	80	30	53
272	80	29	54
266	80	29	53
266	78	29	54
271	75	29	55
271	75	29	55
277	76	27	53
283	73	26	52
286	68	23	52
284	63	23	52
279	57	23	54
279	58	23	53
272	55	24	53
265	50	25	54
256	48	25	55
246	46	26	56
234	47	26	58
234	47	26	57
231	52	26	58
232	57	26	58
223	55	27	58
217	53	27	59
212	53	27	58
212	52	28	59
204	51	28	60
205	50	27	61
207	52	27	61
203	53	29	62
198	53	29	62
199	54	29	61
191	55	30	62
191	54	29	62
183	58	29	63
183	61	29	64
184	67	30	64
185	66	30	64
186	69	30	65
185	71	30	66
183	74	31	66
182	77	29	65
185	82	30	66
186	81	29	65
194	86	29	65
203	90	29	65
200	89	30	66
191	89	29	67
196	90	28	66
196	91	27	66
200	90	26	67
208	88	26	66
211	83	26	67
213	77	25	67
215	72	24	65
216	71	25	67
215	66	25	69
214	65	24	70
212	66	25	71
210	74	26	71
211	82	28	71
211	83	28	70
204	89	29	70
198	95	30	70
199	102	32	69
202	110	34	67
211	116	34	67
212	114	34	67
215	118	34	65
206	115	34	66
213	114	36	66
219	111	34	64
217	105	37	63
220	105	34	63
218	100	36	64
214	93	40	64
219	89	38	62
223	86	37	62
222	82	38	61
222	83	38	60
223	76	38	61
218	72	38	60
215	66	39	61
212	63	39	62
210	61	38	62
210	62	38	61
212	60	39	60
216	61	38	59
210	59	39	59
196	56	40	58
192	52	41	58
193	53	41	58
192	48	44	57
191	46	44	60
191	42	45	59
194	37	44	57
192	35	45	54
191	35	45	55
196	31	43	53
195	27	44	53
194	25	45	53
194	24	43	53
192	26	44	53
193	26	44	53
200	31	43	53
201	34	41	54
200	35	39	53
203	36	38	56
211	40	37	56
211	40	37	56
212	43	35	56
211	48	35	57
209	52	33	58
205	56	32	56
204	61	31	57
203	61	32	57
200	64	31	58
198	65	31	59
195	69	29	59
195	71	31	59
205	70	29	60
204	70	29	60
205	67	27	59
203	62	27	59
192	60	28	61
192	59	28	61
193	61	30	61
193	60	29	62
194	66	29	61
192	60	27	60
179	56	28	61
178	56	29	62
171	55	31	62
172	56	30	62
169	53	30	61
164	49	28	60
152	40	27	63
147	36	26	62
144	33	25	62
144	32	26	62
144	31	25	62
149	33	24	63
151	34	23	61
141	32	22	64
131	36	22	62
131	35	23	63
126	40	22	61
122	38	22	63
118	35	23	63
117	31	23	62
111	25	24	61
110	24	24	61
100	17	25	61
89	9	25	61
80	2	27	60
72	0	27	54
62	0	30	45
63	0	30	46
49	0	32	37
51	0	32	33
50	0	33	29
46	1	33	24
41	0	36	17
41	0	36	17
20	0	38	11
8	0	41	10
0	0	72	11
0	0	92	16
0	0	96	38
0	0	169	41
0	0	250	56
0	0	292	82
0	0	441	141
53	0	486	360
13	4	526	355
4	0	535	359
1	0	538	359
7	0	532	360
1	2	538	357
1	4	537	355
0	0	538	360
3	3	533	356
0	0	536	360
1	3	530	356
1	0	534	360
0	0	528	359
1	3	532	356
2	0	533	360
1	1	530	358
1	0	529	360
2	5	526	354
0	0	527	360
0	2	517	357
0	0	531	360
0	0	517	357
3	0	526	360
0	0	523	355
0	0	513	359
3	0	515	351
0	0	496	352
2	0	483	343
4	0	491	322
17	0	495	295
34	0	445	301
36	0	452	278
25	0	437	257
0	0	453	118
77	0	254	88
98	0	241	46
100	1	222	43
104	1	178	48
104	1	189	48
106	1	220	66
119	3	226	69
113	1	194	76
100	1	190	81
101	2	181	88
102	0	178	87
96	1	182	96
90	1	153	82
77	1	166	82
68	0	188	88
64	1	185	85
63	0	191	91
63	0	197	93
63	0	171	77
64	1	176	77
73	2	190	78
113	2	163	74
116	2	156	71
139	1	136	61
153	2	148	67
165	0	112	43
157	0	100	31
149	1	128	35
124	0	141	33
110	0	181	37
113	1	220	53
112	0	220	55
110	0	211	54
113	0	215	54
113	0	224	54
111	0	239	54
110	2	221	46
115	2	232	45
118	3	228	38
115	0	238	34
128	0	228	33
106	0	228	33
95	1	261	29
92	2	282	31
85	2	302	43
54	0	386	115
37	0	423	240
78	1	424	325
50	4	468	350
32	9	496	347
17	7	518	352
8	6	523	349
8	6	522	353
4	6	528	350
2	4	528	350
1	0	526	360
1	5	530	350
4	1	530	352
6	5	526	354
5	3	528	352
9	0	525	360
4	6	528	349
5	4	528	353
5	4	527	351
6	3	525	356
3	5	527	351
5	4	524	352
7	4	523	355
6	6	524	351
5	6	525	351
6	5	526	351
5	5	525	351
12	0	522	354
33	2	505	354
38	0	495	351
45	0	483	351
33	1	498	350
47	0	480	351
45	0	483	350
38	2	471	354
23	6	505	353
17	2	518	357
14	4	519	354
9	5	525	354
7	6	524	351
5	6	522	350
5	7	526	348
3	6	522	349
1	5	524	353
1	4	529	353
1	1	528	356
3	0	527	354
2	5	525	354
2	5	527	352
0	2	529	353
4	6	531	353
4	8	529	349
4	9	527	347
1	8	531	349
1	9	527	349
3	10	525	346
2	9	529	347
4	9	524	347
4	6	525	349
6	7	524	352
5	10	524	347
5	6	528	349
7	8	523	346
6	10	525	349
5	7	522	351
5	9	525	345
4	9	523	346
5	9	523	347
7	10	521	344
9	5	515	354
7	10	520	344
10	9	515	350
8	9	519	346
7	10	527	349
7	7	523	351
3	6	527	351
3	2	526	350
16	0	519	351
24	2	506	350
39	0	498	352
45	0	484	345
45	0	480	334
68	0	449	310
114	0	408	324
46	0	433	321
97	0	402	344
72	0	419	302
91	0	390	275
77	0	408	264
97	0	394	251
88	0	430	148
77	0	306	58
113	0	118	60
110	6	40	57
104	13	36	55
106	18	37	56
97	22	37	54
98	23	37	53
97	24	39	53
100	20	39	53
100	16	41	49
108	12	38	47
111	7	39	49
111	8	39	47
101	4	41	49
99	8	44	48
113	14	44	46
119	19	42	44
123	18	41	44
122	17	43	45
129	11	39	46
125	6	37	46
121	2	37	48
122	1	36	47
119	2	34	48
120	2	35	48
116	2	34	46
116	0	34	46
111	0	31	40
106	0	31	36
105	0	30	31
106	0	30	32
102	0	30	30
107	0	29	33
107	0	29	40
119	0	28	48
131	2	28	52
131	4	27	52
128	5	27	54
128	10	25	53
126	14	24	51
124	16	23	52
124	17	21	50
125	18	21	50
122	19	21	50
118	17	20	48
113	15	21	47
112	15	20	46
117	8	21	44
117	7	20	44
110	0	23	43
110	0	19	32
103	0	20	22
97	1	48	12
105	1	67	15
132	0	71	17
136	1	98	21
184	17	85	14
193	32	78	13
176	39	85	21
172	43	65	29
172	37	67	35
176	54	73	34
176	61	89	36
176	64	72	44
107	0	42	32
92	0	36	30
91	0	36	30
88	0	31	29
96	0	28	27
99	0	26	23
95	0	25	21
99	0	25	21
98	0	26	21
112	0	26	22
111	0	28	22
105	0	30	22
106	0	33	25
110	0	42	28
110	0	44	29
113	0	44	29
115	0	45	28
118	0	44	25
119	0	44	22
120	0	35	20
120	0	34	19
124	0	37	21
134	0	35	18
135	0	33	16
142	0	31	14
142	0	31	11
141	0	25	10
134	0	38	10
129	0	41	10
131	0	40	11
123	0	45	10
119	1	42	13
118	0	41	15
114	0	43	14
105	0	42	14
102	0	43	12
102	1	44	14
101	0	45	12
101	0	49	11
109	0	39	12
111	0	41	10
117	0	41	12
117	0	42	11
120	0	42	12
119	0	46	11
147	0	22	32
160	1	28	40
165	4	33	57
163	5	46	73
176	27	56	110
173	20	66	166
158	2	66	193
155	8	67	208
149	1	75	190
140	0	82	222
143	0	83	196
145	0	76	196
154	1	79	208
170	9	74	247
167	0	82	264
177	1	74	256
165	0	79	243
168	0	65	248
177	1	54	232
170	0	67	239
167	0	71	241
156	0	110	213
151	0	218	192
170	0	219	223
165	0	185	231
151	1	83	266
163	0	61	225
156	0	59	242
147	0	64	230
147	0	63	254
133	0	82	274
136	0	86	274
128	0	89	281
137	4	85	228
146	0	79	266
147	0	75	290
134	0	90	290
152	0	95	302
154	1	86	299
149	7	75	234
155	0	73	262
154	0	69	242
152	4	69	203
154	0	61	232
154	6	65	199
155	3	61	226
157	5	61	215
153	5	66	197
160	7	65	244
164	19	66	233
168	21	67	217
168	27	66	189
170	31	64	185
170	31	64	175
172	33	61	194
171	34	61	205
164	29	60	211
160	40	58	208
161	39	57	228
161	37	60	235
157	42	55	205
158	47	52	206
157	43	54	64
153	41	51	30
155	36	52	28
154	37	53	28
152	33	53	29
151	32	52	29
151	31	52	30
150	32	51	30
150	35	53	30
151	34	52	32
151	38	52	31
148	39	56	31
148	39	54	31
143	39	54	31
140	39	55	32
141	39	55	32
143	39	55	32
145	39	55	32
146	38	56	32
152	35	56	32
156	32	56	31
155	32	57	32
158	29	57	31
164	26	59	33
168	23	59	32
167	19	60	33
164	16	61	33
163	15	61	34
161	17	63	33
158	22	64	33
158	25	64	34
160	29	63	35
158	34	65	37
159	34	64	37
160	38	64	37
159	43	64	38
158	48	64	37
154	54	65	37
156	59	65	37
155	60	65	36
157	64	65	38
159	68	64	37
160	73	61	36
162	78	62	36
164	79	60	36
163	79	61	37
164	81	61	37
167	83	61	37
166	83	61	36
167	84	61	36
167	87	60	33
167	87	61	34
167	86	60	34
166	87	59	33
168	87	58	33
171	86	59	34
170	82	60	34
171	83	59	34
172	80	59	33
171	78	58	34
175	75	56	35
177	74	57	35
178	72	58	37
179	72	58	37
180	69	59	38
182	66	58	38
182	63	59	38
182	59	59	38
183	54	59	40
183	55	59	39
184	52	60	40
182	48	58	39
180	43	59	41
180	39	58	40
179	33	58	42
179	34	58	42
181	31	59	42
181	30	60	43
184	31	60	43
187	32	61	43
188	34	61	46
187	34	62	45
187	36	62	44
189	37	62	47
191	41	63	46
193	44	63	45
195	44	65	44
195	44	65	44
196	41	67	45
194	40	68	45
195	37	69	43
193	34	71	43
193	29	73	41
194	29	71	42
197	26	70	41
195	22	70	42
194	18	69	43
192	15	68	42
182	14	70	43
183	14	70	43
174	17	70	44
174	18	70	44
169	23	72	44
171	29	71	44
172	35	71	44
172	35	71	44
171	41	70	43
174	43	70	43
179	45	70	42
183	49	70	44
188	53	68	43
189	53	68	43
192	56	68	44
194	58	67	45
197	62	66	44
196	63	67	43
195	63	68	43
196	63	68	44
200	65	70	43
200	66	69	43
200	65	70	43
201	65	71	43
202	66	73	44
203	65	72	44
205	66	72	45
206	68	72	44
208	70	71	43
209	72	72	41
214	72	70	42
213	72	70	42
216	73	70	42
216	75	70	40
216	74	70	42
216	74	70	42
220	76	70	39
220	76	70	40
220	78	70	40
220	80	70	40
225	83	67	39
228	86	67	39
228	87	66	41
227	87	66	41
227	87	63	40
227	87	63	43
233	88	61	44
235	88	60	44
235	89	61	44
236	89	61	44
238	90	59	45
241	90	59	45
242	92	59	48
241	91	61	51
240	90	62	50
239	90	62	51
239	88	62	51
238	88	63	54
239	88	63	55
239	87	63	54
237	83	64	55
237	84	64	56
231	81	64	55
225	80	65	55
223	78	65	57
220	75	68	59
217	73	69	57
218	73	69	59
215	71	70	56
209	68	74	55
208	68	74	51
205	68	75	52
206	68	76	53
205	68	76	54
208	69	77	51
209	71	78	48
211	70	78	47
214	69	77	47
212	66	79	45
213	65	78	47
213	59	79	45
211	54	81	45
214	49	79	43
217	44	80	42
224	37	79	41
225	37	79	42
232	33	78	40
238	29	77	40
241	25	78	39
243	19	79	39
242	13	82	38
244	13	78	38
245	8	81	37
246	6	82	35
246	8	83	33
245	10	83	30
244	14	85	28
244	15	84	27
248	21	85	27
251	28	83	28
252	36	82	30
254	42	82	34
252	47	80	33
252	47	79	34
252	49	77	36
254	51	75	36
248	55	72	36
242	56	75	36
237	60	73	37
236	59	76	37
234	67	74	36
236	75	74	35
238	82	74	35
239	86	72	33
241	91	71	34
241	90	72	34
243	92	73	34
241	91	74	35
240	87	74	35
241	81	70	35
241	78	72	35
241	78	71	34
238	76	72	36
233	75	68	36
227	75	69	36
222	74	68	37
223	72	67	38
223	72	68	38
219	69	67	38
218	69	68	38
222	68	66	38
219	66	66	38
224	64	64	38
223	63	64	39
223	60	64	38
221	55	61	40
224	52	62	41
225	48	59	41
228	46	59	41
226	45	60	41
226	39	58	41
216	31	59	42
204	23	58	41
195	18	59	41
181	16	60	41
182	15	60	41
175	16	60	40
170	19	60	38
169	28	59	35
173	33	60	34
160	33	62	32
160	33	62	32
156	35	63	31
155	37	62	30
152	39	64	31
155	42	64	30
154	43	63	31
154	43	64	31
158	47	63	29
160	49	63	28
160	52	63	28
165	57	62	29
162	61	61	29
163	60	61	29
159	68	59	29
158	72	61	30
153	79	58	32
145	85	57	31
137	86	57	30
136	87	59	32
129	90	57	31
123	90	54	31
115	92	55	29
100	93	57	31
85	98	55	28
85	98	55	27
71	105	56	28
64	113	55	26
52	118	53	25
40	123	53	24
29	127	52	24
30	126	51	24
22	131	50	24
21	130	52	25
24	127	50	24
36	120	46	23
49	112	47	24
48	112	48	23
58	105	46	23
70	99	45	22
72	93	45	22
75	89	44	22
76	84	43	23
75	85	44	23
74	82	43	23
82	80	43	23
91	75	43	23
97	71	42	25
100	66	41	25
100	66	42	26
103	61	41	25
109	55	41	24
109	49	42	24
104	40	41	25
100	34	42	26
99	34	43	26
96	31	43	26
94	31	44	26
95	33	43	26
94	37	42	26
95	41	43	25
95	40	44	26
99	45	43	26
107	52	43	26
112	56	42	26
120	61	43	27
128	63	41	26
128	63	42	27
132	63	43	27
135	63	41	28
143	62	41	28
147	62	41	29
146	63	41	29
146	63	41	29
153	64	42	31
155	64	42	32
154	61	41	33
158	57	40	35
163	54	39	35
163	55	39	35
162	52	39	34
163	50	38	35
170	48	38	35
168	45	38	34
167	40	38	35
167	40	38	37
167	35	38	37
170	31	37	38
172	27	37	39
176	25	36	40
180	25	36	40
180	26	36	41
181	26	35	41
183	26	35	41
181	29	36	42
176	33	35	44
174	41	34	45
175	41	34	43
173	48	34	43
176	52	35	43
178	52	36	41
173	48	37	41
176	47	38	39
176	47	39	39
183	43	40	39
177	41	41	38
176	38	41	38
175	34	42	39
168	32	41	39
168	32	42	40
163	24	41	42
155	19	40	43
156	17	40	43
161	16	39	43
161	17	39	46
161	18	39	45
157	16	38	47
158	13	39	47
164	11	36	48
172	7	37	49
172	4	38	50
172	5	38	49
170	0	40	50
166	0	41	48
168	1	40	49
168	2	42	51
171	4	41	50
171	4	41	50
177	4	40	50
182	6	39	49
191	2	39	52
189	0	41	48
186	0	40	44
186	0	40	44
186	0	37	45
184	0	34	45
185	0	33	46
187	0	29	44
186	0	27	43
186	0	27	43
182	0	26	44
179	0	25	44
176	0	24	46
177	0	25	47
177	0	26	50
177	0	26	51
173	0	27	53
172	0	28	55
173	1	27	59
177	8	30	56
183	14	30	54
183	15	30	55
185	20	30	52
189	23	31	53
188	27	32	53
192	32	32	52
196	35	32	52
196	36	32	52
197	39	33	52
199	42	32	52
195	43	32	52
192	42	31	50
187	40	32	50
188	40	32	50
186	38	31	50
187	38	32	49
187	39	32	49
189	41	32	46
189	42	33	48
189	43	33	47
190	45	34	46
194	46	35	47
200	47	35	48
204	48	34	46
200	48	35	46
200	49	34	46
192	49	34	46
189	49	33	47
185	48	34	48
184	48	35	48
184	48	34	47
184	49	34	46
184	48	35	47
179	46	34	48
177	46	33	46
177	45	34	48
182	45	33	48
182	45	33	47
186	44	33	48
191	42	32	50
190	40	31	50
189	39	33	48
188	34	34	47
188	34	33	47
181	32	33	46
174	27	34	47
171	25	36	47
170	24	36	46
171	23	36	45
172	23	36	44
173	20	37	46
175	17	37	46
171	9	38	45
167	2	38	46
165	0	39	41
166	0	38	41
166	0	40	39
167	0	41	36
163	0	43	34
156	0	43	32
159	0	43	36
158	0	43	35
162	0	44	40
162	1	44	45
169	10	41	45
174	19	40	45
182	28	39	44
182	29	39	43
187	33	37	46
186	38	37	46
186	41	36	45
189	42	36	45
188	43	37	44
188	43	37	45
186	42	39	44
184	40	40	45
185	40	40	45
191	40	41	46
195	42	41	45
195	42	42	45
196	44	41	45
195	48	42	46
192	51	41	45
188	54	41	46
186	57	41	46
186	58	42	46
185	62	42	46
189	68	42	45
188	72	42	44
187	73	43	43
185	73	44	43
184	72	45	44
180	69	45	42
179	66	47	41
177	63	49	40
179	62	49	40
187	61	49	37
186	60	50	38
189	62	50	38
191	62	51	36
189	64	52	36
189	66	52	36
191	72	53	35
190	71	53	35
186	74	55	35
183	77	55	35
178	78	55	35
172	77	55	35
169	74	54	36
169	73	54	37
164	72	55	36
162	71	55	38
169	72	55	37
166	71	56	37
164	67	59	40
164	67	58	39
167	67	57	39
170	68	58	39
178	69	58	38
189	68	57	39
198	64	57	41
197	65	57	39
201	64	57	39
204	60	57	38
200	60	58	39
198	58	60	40
192	56	62	38
193	55	61	39
184	55	62	40
179	53	65	38
174	53	66	39
171	54	68	40
173	57	67	38
173	56	68	39
173	56	69	39
178	55	68	40
174	49	69	43
176	47	69	41
174	43	70	43
174	42	70	42
167	39	70	42
171	38	67	42
179	37	68	44
185	39	66	43
181	42	66	44
181	43	66	43
175	45	64	42
172	48	63	44
175	55	63	45
177	64	62	45
178	75	60	43
177	74	61	44
179	81	60	44
181	84	61	44
181	87	58	44
182	88	58	43
187	86	57	42
188	86	55	43
198	82	53	42
195	78	54	41
188	74	53	40
187	71	53	39
190	67	54	39
189	67	54	39
190	63	54	38
186	59	54	38
180	53	54	39
174	50	54	39
170	49	54	38
171	50	54	37
168	50	54	39
169	54	53	38
169	57	53	37
169	59	52	36
169	60	52	35
169	60	52	35
170	59	51	34
171	57	52	33
174	51	52	32
174	42	52	34
173	39	51	33
175	38	51	33
179	33	51	35
176	32	51	33
184	33	51	33
191	34	51	32
184	39	51	30
184	38	51	31
179	43	52	32
181	53	51	32
185	64	51	33
195	74	51	33
195	82	49	31
197	82	49	31
193	87	50	31
189	92	50	31
188	96	49	31
185	101	49	31
186	104	47	31
186	104	47	31
182	103	48	31
173	97	47	29
168	89	48	30
168	80	48	29
171	71	47	29
172	71	47	29
179	63	47	30
184	54	46	29
186	47	46	30
187	42	45	31
191	36	44	33
191	36	44	34
189	35	44	34
184	34	44	34
174	34	44	37
171	39	43	36
170	46	43	35
171	45	44	35
173	56	43	35
180	66	42	36
179	77	43	35
183	86	41	33
186	93	41	34
187	92	41	36
189	98	42	35
196	99	43	36
201	98	43	37
208	95	43	38
215	87	44	38
215	86	44	38
212	80	45	38
216	73	45	39
217	71	47	40
224	69	47	39
231	68	48	39
231	68	49	40
239	70	50	40
244	74	52	40
247	80	53	39
248	86	53	40
245	90	53	39
244	90	54	39
240	94	53	35
234	96	54	35
229	99	54	34
230	99	55	33
232	98	56	32
231	98	56	33
234	93	55	32
236	83	55	32
232	70	56	31
229	53	58	30
228	35	57	30
228	34	58	32
232	18	57	32
231	4	59	33
233	0	58	30
234	0	59	27
227	0	58	25
227	0	59	24
219	0	58	24
210	0	58	26
206	0	56	29
204	0	56	37
203	2	54	39
202	3	54	38
207	12	55	39
211	18	55	39
211	21	55	39
213	23	55	37
215	22	54	38
214	22	54	39
218	21	54	39
221	21	54	39
228	20	52	39
227	23	52	40
225	27	51	41
225	28	51	40
226	36	51	40
226	46	51	39
228	52	52	39
231	60	51	38
234	65	51	38
234	65	50	38
233	71	51	38
233	74	50	38
230	72	49	39
226	67	50	38
223	57	49	39
224	57	48	39
223	42	48	41
224	24	48	42
219	9	47	41
224	0	48	38
224	0	39	25
225	0	40	25
218	0	24	16
207	0	36	10
200	0	36	10
194	0	20	10
195	0	27	15
194	0	29	15
196	0	46	23
195	0	50	37
200	9	50	38
197	16	50	36
199	22	49	36
199	21	50	35
205	22	51	36
200	22	51	34
202	21	50	34
209	21	49	34
206	18	50	35
207	18	50	35
198	18	50	35
193	19	51	36
190	29	49	33
192	38	48	32
194	46	49	31
194	46	50	30
196	51	49	30
199	54	48	30
197	54	49	30
193	54	50	32
197	54	49	31
197	54	49	31
199	50	48	32
196	40	50	32
187	24	49	32
178	14	50	33
186	7	50	34
187	7	51	35
191	5	50	35
189	5	50	34
188	5	51	34
184	7	53	34
180	10	53	34
181	10	54	34
180	16	54	33
178	19	56	33
179	23	56	33
176	24	56	34
176	24	56	34
176	24	56	34
174	23	56	33
169	21	55	32
167	17	54	30
162	7	56	32
155	0	55	28
155	0	57	29
148	0	57	17
146	0	59	11
156	1	40	14
201	3	16	53
209	5	16	81
208	2	19	110
208	1	20	144
204	0	20	158
177	0	52	100
182	0	57	28
190	5	56	32
191	4	56	31
196	17	55	31
201	24	53	33
198	29	53	31
194	33	54	32
190	36	53	33
191	36	52	32
189	39	52	33
192	41	52	34
195	43	52	34
199	41	51	34
198	36	51	33
199	36	51	33
195	32	51	33
193	27	52	34
196	26	50	33
200	26	50	34
195	28	51	35
196	29	49	33
192	30	50	36
191	33	48	35
191	37	47	36
191	42	47	36
192	47	48	36
192	47	47	35
195	53	49	35
197	59	49	35
199	63	48	34
199	67	47	34
202	69	48	33
202	69	47	32
207	70	48	32
211	70	49	32
219	65	48	31
225	64	48	32
234	63	46	31
235	63	46	31
242	62	49	31
255	61	48	32
259	59	49	32
256	60	48	32
253	63	49	31
253	63	49	31
249	69	48	32
247	74	47	31
242	79	48	31
243	81	46	31
239	83	46	32
240	83	45	31
235	84	46	33
232	83	46	32
227	82	47	32
225	78	47	32
222	69	48	31
223	69	47	31
221	55	48	31
208	39	48	31
204	24	48	31
209	15	48	32
203	10	49	33
205	10	49	32
199	9	50	34
198	14	49	32
199	21	49	34
196	27	49	36
194	33	49	36
194	33	49	36
194	38	48	36
192	40	47	36
187	40	50	35
184	35	49	35
178	31	49	32
177	30	48	33
169	25	51	34
166	22	50	34
164	15	49	34
159	10	51	34
163	3	49	35
162	3	49	35
166	0	48	31
173	0	48	20
187	0	33	17
215	0	16	55
207	0	16	85
208	0	17	104
194	0	24	120
190	7	27	144
185	1	32	152
175	1	44	158
167	0	60	165
165	0	62	167
168	0	68	169
171	0	77	180
182	2	80	195
187	1	87	178
192	1	88	173
193	1	87	178
193	0	87	164
200	4	98	177
210	5	97	156
209	7	100	172
200	13	107	174
200	9	109	174
195	14	115	173
189	10	115	166
179	7	112	147
179	3	100	148
171	0	109	158
171	1	99	155
161	0	93	152
161	3	79	147
152	3	71	147
148	1	74	150
147	2	83	166
146	3	80	160
143	2	77	150
136	1	70	123
141	2	67	125
142	4	73	140
153	7	82	150
153	5	85	152
162	8	85	177
165	7	81	162
164	4	62	160
147	0	65	158
145	1	61	157
145	0	61	159
148	2	58	169
151	14	58	163
158	21	58	163
165	22	57	169
162	25	57	158
164	25	56	158
166	25	59	164
165	6	57	134
168	6	50	48
170	0	47	26
190	2	23	82
187	13	41	89
184	10	42	130
175	0	38	87
186	0	31	86
184	1	26	71
188	1	20	71
188	1	19	70
191	0	17	76
189	5	17	85
182	0	21	83
179	0	17	94
176	0	16	117
174	0	19	124
173	0	19	118
171	0	18	132
175	0	18	123
179	0	20	127
178	0	21	102
180	0	18	94
185	0	18	95
199	0	16	93
197	1	18	91
199	0	19	86
208	0	20	71
208	1	19	70
213	0	21	71
214	0	22	95
209	0	28	117
199	0	37	117
195	2	37	76
197	1	34	76
193	1	42	92
193	9	46	90
191	2	57	110
187	6	66	115
189	8	72	125
187	5	80	132
191	2	79	134
193	2	72	114
197	1	71	101
204	2	73	114
196	0	70	105
197	0	69	103
204	1	61	96
216	2	59	89
215	1	59	85
215	0	51	74
216	1	57	77
216	0	59	77
216	0	55	71
218	0	55	61
220	0	48	54
223	0	60	56
232	1	63	58
233	0	63	60
245	0	58	56
257	3	45	47
271	0	32	40
241	0	107	24
194	0	198	25
157	2	274	33
107	0	324	50
80	0	286	164
96	62	287	290
76	0	446	345
0	0	531	355
2	0	525	359
0	0	529	360
0	3	532	356
0	0	529	360
0	2	533	357
0	0	536	360
0	1	532	358
0	2	530	357
0	0	529	360
0	1	531	358
0	1	528	358
0	0	524	360
0	4	520	355
0	0	528	359
0	4	529	355
0	0	525	359
0	0	530	359
0	2	523	357
0	0	519	359
6	0	511	360
2	0	515	360
2	0	520	360
0	0	528	360
0	1	530	358
0	3	530	356
1	0	522	360
0	2	531	357
0	0	525	360
0	0	514	358
10	0	516	360
0	0	517	358
4	0	532	360
0	4	516	354
0	0	516	360
2	0	506	356
0	0	476	355
0	0	445	340
9	0	403	331
7	0	451	355
4	0	484	358
0	0	445	352
6	8	527	351
0	1	525	357
0	0	514	355
3	0	524	360
0	1	533	358
0	2	526	357
0	0	510	356
5	0	519	360
0	0	526	360
0	0	524	360
0	5	518	353
1	0	527	359
0	1	511	353
9	0	526	360
0	0	521	356
0	0	521	359
0	0	519	360
0	0	498	359
3	0	474	351
0	0	464	342
8	0	449	345
60	0	412	328
63	0	418	325
30	0	422	294
103	0	338	297
156	0	210	265
193	0	148	235
210	13	115	216
203	16	127	214
216	20	107	216
189	2	183	234
202	2	118	234
220	0	91	221
196	0	119	214
212	7	96	226
162	0	209	224
149	0	193	256
169	0	149	261
175	0	146	243
201	0	92	244
212	0	59	112
209	6	47	113
193	5	51	103
195	13	44	40
192	22	39	27
193	27	39	27
193	33	40	27
191	33	40	28
191	33	41	28
191	33	41	28
195	33	42	27
201	33	42	27
210	35	43	27
218	36	41	27
221	37	42	26
221	38	42	27
225	39	42	27
229	41	41	28
233	40	41	29
237	40	42	29
242	39	42	30
242	40	41	29
247	40	41	30
250	38	41	30
255	36	41	29
257	35	41	30
259	34	42	30
259	34	41	29
260	33	42	30
261	32	42	30
262	33	42	30
263	32	42	30
263	30	42	29
263	30	42	30
264	29	42	29
266	28	42	28
267	26	43	29
267	23	42	28
263	20	43	29
263	19	43	29
262	17	41	29
260	15	42	28
258	15	42	28
260	15	42	29
260	16	42	30
260	16	42	30
261	18	42	30
263	18	43	30
265	19	43	32
268	21	44	31
272	24	45	32
271	24	44	31
275	31	44	32
278	36	45	31
279	41	45	34
279	43	44	33
276	45	45	33
275	44	45	33
272	43	46	32
272	42	45	32
269	41	46	32
267	41	45	33
265	45	44	34
265	45	44	32
260	48	45	33
253	52	45	33
247	55	45	34
239	58	45	34
231	62	46	33
231	63	45	33
226	65	46	34
218	66	47	34
212	67	47	34
204	66	47	34
199	64	47	34
199	63	46	34
192	60	48	34
186	55	50	35
182	52	50	35
175	49	50	33
170	45	52	33
170	45	51	34
168	42	51	33
167	39	50	32
166	35	49	33
170	32	50	34
171	27	48	35
170	27	48	35
175	23	47	35
180	16	46	37
182	10	46	38
186	6	46	38
187	0	46	38
186	0	45	36
187	0	46	32
192	0	47	24
194	0	47	15
202	0	34	11
205	0	36	11
206	0	36	12
226	1	23	22
232	3	35	38
253	43	25	53
253	48	33	71
260	41	37	112
251	26	48	132
243	1	56	149
244	1	61	155
248	0	58	156
254	9	60	121
257	3	61	121
256	2	61	129
264	2	63	148
273	8	66	150
278	1	60	132
288	5	60	134
292	10	77	127
294	4	80	145
300	2	56	127
311	4	53	125
318	4	47	126
322	5	52	137
324	3	54	140
323	4	61	149
323	6	65	142
320	5	69	154
311	3	72	138
312	0	69	104
319	6	80	143
313	0	85	143
317	2	86	125
323	6	88	130
323	2	88	132
324	1	89	131
323	0	91	116
325	1	92	114
328	0	89	117
362	42	62	92
366	44	61	80
375	52	50	61
342	1	63	75
344	5	75	84
350	3	77	109
355	4	82	112
358	0	82	111
361	0	84	111
358	0	82	105
361	0	83	118
355	0	90	118
350	1	93	116
338	0	88	105
336	0	87	83
330	1	82	85
331	1	82	84
333	8	81	77
332	3	77	85
335	14	57	59
340	14	59	69
344	16	65	80
342	14	66	86
344	7	74	106
346	15	79	96
343	9	75	98
344	0	65	106
343	8	45	88
341	0	28	71
347	0	26	74
353	0	29	71
353	0	30	75
353	1	32	79
351	1	34	78
352	1	33	78
347	3	34	72
345	10	34	74
346	3	34	82
343	5	38	88
351	9	34	101
351	8	36	102
358	6	38	103
356	0	41	118
350	2	44	117
344	2	54	125
348	0	44	118
349	1	45	122
351	1	46	128
358	0	45	116
360	0	52	139
368	0	44	107
370	0	46	127
370	0	46	125
372	0	50	131
372	0	52	128
371	0	54	130
373	0	53	46
373	1	52	42
372	1	51	42
372	3	51	45
375	6	53	44
379	6	53	46
378	4	53	46
385	1	54	44
385	2	54	44
390	0	54	44
392	0	55	42
397	0	56	36
420	0	34	34
427	0	29	31
427	0	29	31
429	0	29	30
429	0	30	26
428	0	31	22
430	0	31	23
432	0	31	22
431	0	31	21
433	0	32	20
435	0	33	22
436	0	33	23
439	0	33	26
443	0	34	30
443	0	34	28
445	0	33	30
446	0	34	30
447	0	35	32
446	0	36	33
449	0	36	30
449	0	36	31
453	0	38	27
457	0	39	28
464	0	40	27
471	0	39	24
439	0	77	22
440	0	75	25
441	0	80	25
442	0	81	25
441	0	81	25
442	0	82	26
441	1	80	27
441	0	81	26
437	0	82	30
430	0	80	32
424	0	78	33
419	0	76	37
413	0	74	40
412	0	75	40
410	0	76	46
406	5	73	49
396	10	74	50
386	18	71	49
370	25	70	50
370	25	70	50
359	32	70	49
346	39	70	50
335	47	69	50
324	57	71	48
318	65	72	49
319	65	69	48
309	73	69	47
300	81	68	48
291	87	69	49
284	93	69	48
274	96	68	46
276	96	66	47
266	98	69	49
257	100	67	46
249	102	67	49
247	103	66	49
245	104	68	51
244	105	67	49
246	104	68	50
249	103	69	51
256	100	67	51
264	98	66	51
273	94	66	52
273	95	67	53
282	95	67	50
291	94	68	52
303	95	69	55
317	95	70	56
328	95	71	56
328	94	71	56
338	95	70	54
349	95	72	55
360	95	73	55
370	96	74	56
380	96	74	57
381	96	73	58
388	96	76	57
397	96	76	60
404	99	77	58
414	100	74	58
417	103	76	61
418	103	75	61
421	108	77	62
427	113	80	60
429	117	78	59
432	120	81	60
436	123	80	60
437	122	79	59
438	122	82	59
442	126	84	59
446	126	83	60
446	128	83	58
447	130	83	60
448	129	84	61
447	133	84	61
446	136	81	56
446	138	80	58
444	141	81	57
441	144	79	55
440	144	80	54
438	146	78	56
435	150	78	55
429	152	76	55
419	155	78	53
411	158	77	51
413	158	77	52
408	160	77	50
405	163	75	51
402	168	75	48
402	174	73	49
396	179	72	47
397	179	72	47
391	184	71	48
385	189	70	46
376	197	67	46
370	202	67	47
370	202	67	46
370	202	67	46
366	211	65	45
362	215	65	47
359	218	63	46
355	220	64	47
355	222	64	47
354	223	64	46
353	226	63	46
352	229	64	46
349	228	63	45
344	226	63	46
341	228	63	45
341	228	64	45
337	228	62	45
335	228	62	45
334	230	61	47
332	232	62	46
330	233	61	43
330	232	61	45
328	230	61	45
327	227	57	43
322	223	58	42
319	216	56	42
316	212	56	41
316	212	57	42
311	206	56	41
307	201	56	43
302	196	56	42
299	191	56	42
292	187	57	40
291	188	57	41
287	184	57	40
285	181	57	39
282	180	56	38
281	180	55	39
279	181	55	39
279	181	55	39
277	182	55	39
275	183	55	40
273	183	54	37
271	182	53	35
273	180	52	36
273	180	53	35
273	176	54	35
272	174	54	35
274	170	54	36
274	169	55	34
279	168	54	34
279	169	54	34
283	168	53	34
286	166	53	34
288	165	53	33
290	165	52	33
290	164	53	33
290	164	53	33
290	163	52	33
292	159	52	33
291	158	52	33
292	154	52	34
291	150	53	33
291	150	53	34
292	147	52	34
294	143	51	34
293	137	50	34
292	132	50	35
289	128	51	36
288	127	53	37
286	122	52	39
285	119	50	35
282	114	50	36
282	107	49	38
281	101	48	38
280	102	47	38
275	96	49	39
274	88	47	38
271	81	47	40
267	76	47	40
265	71	46	40
265	71	45	41
263	64	44	42
260	58	43	43
258	54	43	41
254	48	40	41
252	43	39	41
251	42	40	41
248	39	39	41
243	34	38	41
236	31	36	42
230	29	35	42
224	26	34	43
224	26	34	42
218	23	33	41
210	20	34	42
205	17	34	41
198	15	34	39
192	12	35	40
192	12	36	40
186	10	35	39
182	8	37	40
176	6	36	39
172	4	35	41
167	3	33	42
167	3	34	41
164	1	31	43
159	0	29	40
152	0	26	38
142	0	23	35
132	0	21	30
133	0	20	30
122	0	19	27
112	0	19	24
103	0	17	23
94	0	18	21
86	0	19	19
85	0	19	19
78	0	20	17
69	0	22	16
63	0	22	15
56	0	24	14
49	0	25	13
49	0	23	13
43	0	25	15
41	0	24	14
40	0	24	15
35	0	28	13
33	0	29	15
35	0	29	15
47	1	25	29
59	17	25	36
63	27	31	42
62	19	32	54
49	5	42	69
50	11	63	94
47	4	63	105
49	3	52	88
47	6	56	98
45	3	56	101
43	3	55	94
43	3	56	93
44	3	56	96
45	4	50	91
45	5	55	108
42	5	62	118
48	7	56	129
41	2	50	89
41	3	42	94
46	4	37	97
49	11	35	96
46	0	46	115
44	0	101	95
19	0	103	83
18	0	92	76
56	1	40	103
71	0	46	57
87	0	36	58
112	0	34	21
116	0	22	19
126	0	24	28
134	0	24	30
143	0	26	34
150	1	26	50
158	9	27	53
158	9	28	53
169	20	27	51
180	29	27	51
192	37	28	52
208	45	27	51
218	59	29	46
218	48	30	55
231	63	30	50
237	57	32	63
246	66	34	64
255	74	35	63
260	82	37	67
257	78	38	72
266	89	37	66
262	96	48	67
277	102	40	69
287	109	40	70
296	113	42	74
298	114	43	74
304	119	47	72
313	126	47	72
323	128	49	77
332	131	50	75
342	137	53	76
343	137	51	75
353	141	52	75
357	139	58	76
367	141	58	77
369	139	65	77
375	137	66	75
372	136	69	74
375	134	70	74
381	130	73	76
384	126	79	75
392	119	82	64
396	110	87	69
397	110	86	72
396	99	95	71
399	85	98	69
398	74	107	72
399	62	110	65
398	49	114	63
399	49	112	63
399	37	111	53
395	24	112	58
393	13	109	60
387	3	113	63
382	0	108	59
384	0	109	57
378	0	106	51
372	0	84	45
365	0	63	37
357	0	39	29
349	0	25	22
350	0	23	22
341	0	16	16
329	0	14	16
321	0	13	13
309	0	14	16
296	0	21	23
295	0	22	23
283	0	28	30
271	0	33	42
263	0	42	55
257	0	46	68
258	6	47	72
258	5	48	73
253	19	44	72
252	30	41	69
249	37	43	67
244	45	42	64
242	50	42	61
243	50	41	62
238	53	41	60
237	56	42	56
239	56	42	55
238	56	43	53
240	55	44	52
241	56	44	51
243	55	44	50
243	53	43	49
247	54	41	48
248	55	40	47
249	56	39	47
249	57	40	47
251	60	37	47
254	63	35	46
256	66	34	46
257	68	33	45
256	70	32	43
256	71	32	43
258	71	31	44
259	73	30	43
262	74	30	42
266	74	29	41
269	73	29	39
270	74	29	38
274	70	29	37
276	66	29	36
277	62	28	34
275	58	30	33
273	55	32	32
272	55	33	31
271	53	33	29
270	53	36	28
270	54	36	28
271	52	37	32
272	52	37	33
272	52	37	32
273	50	38	35
275	49	39	35
279	48	37	32
280	47	38	32
280	46	38	36
280	46	39	36
282	45	38	35
281	44	39	37
277	43	39	39
278	41	40	38
278	39	41	37
278	39	40	32
283	38	40	33
289	36	41	34
292	36	42	34
297	36	44	34
300	37	45	35
300	36	45	35
303	38	47	37
312	40	47	37
320	42	45	37
331	46	45	35
338	48	47	37
339	48	46	37
343	50	53	38
354	53	53	37
366	56	52	37
375	55	56	38
380	52	61	45
381	52	60	47
383	46	63	50
385	36	68	55
387	26	70	52
384	14	78	52
384	1	81	54
384	1	81	53
386	0	83	38
384	0	89	28
383	0	92	19
382	1	59	15
375	0	73	14
377	1	59	15
421	0	14	68
426	0	12	99
429	0	11	111
429	0	12	115
424	6	15	123
422	0	17	142
419	0	18	143
415	0	17	93
415	0	15	120
413	0	18	122
406	0	18	127
408	0	19	134
400	3	28	147
385	4	55	176
387	0	48	210
383	3	46	185
386	0	54	199
387	0	49	197
387	3	55	172
401	4	55	181
407	0	60	175
416	2	66	162
415	3	62	137
415	2	62	141
415	1	62	142
417	0	53	120
422	1	47	96
420	0	51	83
419	1	57	92
421	2	63	126
410	0	71	99
401	2	84	114
385	2	93	116
371	2	108	125
354	1	139	144
352	0	139	144
331	2	156	148
299	4	176	148
277	1	155	121
272	0	132	108
270	10	185	146
270	9	210	175
266	23	218	174
262	34	218	174
253	46	235	175
291	82	186	139
243	59	222	157
243	56	224	164
239	65	214	148
295	110	162	109
230	59	210	143
224	54	199	132
216	40	167	123
215	38	157	113
196	29	197	125
192	18	133	103
183	10	171	124
189	5	114	108
194	4	136	119
194	4	150	127
211	5	126	123
217	13	113	126
223	20	121	138
222	26	131	155
224	27	79	143
220	29	86	136
218	32	76	139
213	32	67	135
207	34	60	129
200	33	44	81
195	37	35	48
194	39	34	30
191	42	33	30
189	43	33	30
188	46	34	30
188	46	34	31
188	45	33	33
187	45	33	33
184	41	33	33
175	36	35	35
172	33	35	30
169	31	35	28
172	31	34	29
171	31	35	30
174	29	36	30
177	28	36	30
179	26	37	31
174	24	37	34
172	24	38	36
172	24	38	34
169	24	38	39
171	24	37	29
170	23	38	32
169	21	39	36
171	18	39	37
171	18	39	39
171	16	38	38
169	11	40	39
171	10	40	39
175	14	40	36
183	16	41	40
182	16	41	39
189	20	41	40
199	24	41	39
208	26	41	34
216	28	40	36
223	30	41	35
224	30	41	38
231	34	41	39
240	37	41	41
242	41	42	31
250	43	41	36
256	46	42	35
256	46	42	34
263	45	44	35
267	45	46	34
274	45	47	34
285	44	45	34
287	46	47	33
288	45	47	32
292	47	48	33
297	46	47	34
295	48	48	33
294	50	49	35
294	53	49	33
294	53	49	34
298	57	48	36
301	60	48	34
306	63	48	35
307	66	46	35
304	66	47	38
304	66	47	42
305	66	47	43
305	66	48	44
305	68	48	38
302	70	47	46
298	74	46	50
297	75	47	49
293	79	46	50
290	84	46	52
289	87	47	55
288	91	48	56
288	94	47	58
288	94	47	61
285	96	48	60
284	96	47	62
280	96	46	63
278	98	46	64
274	98	45	65
274	98	45	65
270	100	44	66
265	100	46	68
258	102	46	70
253	102	44	71
247	103	42	73
247	103	41	72
240	101	44	75
239	98	44	77
238	95	46	76
240	90	46	74
243	87	46	72
245	88	43	72
251	86	44	69
257	83	46	68
263	83	47	66
269	82	48	63
276	81	50	61
273	81	53	62
278	82	54	59
280	81	55	55
279	80	56	53
278	81	54	55
276	82	52	53
276	82	52	53
275	86	48	47
272	90	45	40
267	94	43	35
256	97	44	42
250	101	41	48
250	102	40	47
243	103	41	60
241	104	38	60
243	108	38	63
251	111	38	64
257	113	35	63
256	112	36	62
262	114	35	65
273	113	34	65
281	113	32	66
289	113	33	66
294	115	31	70
294	115	31	69
296	122	31	72
302	129	32	81
302	137	32	84
308	143	34	78
310	150	36	89
311	151	35	86
309	160	36	82
308	166	37	82
300	174	40	81
290	179	44	84
277	182	50	83
274	183	52	85
262	185	56	78
253	184	53	73
248	181	52	69
236	179	57	64
222	175	65	61
224	176	63	61
220	172	68	57
217	164	71	56
219	159	68	48
223	150	70	45
223	142	69	41
226	142	66	42
215	136	70	40
220	133	64	37
219	131	61	38
219	132	57	36
212	129	53	40
211	130	52	39
204	127	51	44
196	130	45	44
181	142	41	43
169	146	38	49
163	154	37	50
163	153	36	51
150	163	40	51
132	177	42	49
119	188	46	50
112	199	48	49
112	212	51	47
112	212	56	47
120	225	60	45
131	238	61	41
147	247	62	39
165	248	53	39
176	248	54	40
176	248	54	39
185	248	43	40
185	262	45	41
188	268	35	48
186	284	40	37
186	288	50	32
186	287	50	32
185	297	52	29
189	298	53	31
205	299	40	27
226	300	30	29
247	295	23	29
247	295	23	30
258	293	22	30
260	297	21	29
269	292	19	31
269	292	20	32
268	292	25	35
267	292	27	36
263	291	26	34
257	285	31	35
245	281	35	34
242	277	29	31
238	277	23	27
238	278	21	25
235	272	16	29
227	268	18	32
225	260	16	34
211	266	22	25
207	256	30	32
205	254	35	36
197	253	39	37
187	256	41	37
166	263	53	31
152	260	63	31
145	267	62	21
145	269	63	19
136	252	64	34
127	253	67	30
119	252	67	31
114	252	68	32
109	249	70	35
107	249	71	34
107	253	72	32
105	252	77	33
