120	74	396	357
114	71	399	355
115	68	399	358
111	70	403	358
111	66	406	361
107	68	411	358
110	62	400	367
104	62	415	363
101	59	427	365
104	61	429	361
103	62	437	359
105	61	429	361
104	63	435	360
107	65	443	359
96	66	453	356
93	66	460	357
91	67	477	359
91	66	465	359
92	65	471	360
81	63	482	363
87	62	467	364
88	63	481	363
81	61	490	368
84	62	483	367
85	62	481	366
88	62	483	369
85	62	483	368
87	62	490	370
82	59	490	372
84	58	498	374
83	58	492	374
85	57	496	376
95	55	488	378
92	56	497	380
97	57	493	377
95	55	492	379
102	58	507	379
100	57	506	381
115	54	501	383
121	53	514	386
140	52	499	386
136	51	491	388
151	53	501	388
162	54	498	385
170	53	498	385
173	53	500	386
188	54	505	388
183	51	505	388
199	54	500	387
203	52	490	387
213	54	488	388
223	56	494	388
227	56	496	388
231	55	495	390
227	55	492	390
240	56	488	390
244	58	490	389
257	58	490	389
252	59	495	392
249	58	502	394
261	61	493	389
255	60	499	390
273	62	490	389
268	61	502	393
269	66	520	392
268	64	514	394
271	65	502	397
280	65	495	395
279	66	504	395
294	71	500	392
285	71	509	394
284	70	507	395
286	72	498	395
296	70	514	393
285	73	523	397
298	74	501	398
295	74	500	396
296	74	498	395
305	75	497	394
300	77	503	396
305	74	505	398
305	74	498	400
306	73	497	400
312	74	495	400
308	75	505	402
304	74	504	405
316	73	493	405
314	72	507	407
312	69	499	412
314	71	500	411
316	73	496	410
311	74	507	412
328	73	494	414
315	73	508	411
322	71	498	415
328	73	500	416
322	72	510	418
327	72	502	418
331	70	498	423
334	69	493	424
340	69	495	426
334	69	491	425
341	70	480	425
338	72	480	424
340	74	476	422
340	76	482	421
336	79	487	419
339	79	481	419
344	81	495	419
333	83	495	420
342	85	489	418
339	85	490	420
357	89	481	416
341	91	489	414
357	92	471	413
342	98	492	411
355	98	489	412
341	101	488	411
352	103	488	411
333	105	510	409
346	103	487	412
333	105	509	413
346	112	493	407
334	113	515	406
336	114	510	411
334	113	509	408
328	113	509	410
329	111	505	414
327	114	508	411
329	112	506	414
326	119	512	409
322	116	515	412
329	120	509	408
324	118	513	413
328	124	514	407
323	123	505	407
332	123	504	405
323	126	514	406
330	125	503	409
330	128	502	406
327	126	499	408
342	127	495	407
326	128	501	407
344	128	493	407
331	131	500	404
332	131	492	405
340	130	497	405
333	134	501	403
343	135	486	405
331	136	500	403
349	137	476	405
336	136	492	404
338	139	492	404
339	141	493	402
332	143	492	400
345	143	485	400
343	143	482	400
335	145	491	399
341	144	483	402
334	150	492	397
343	149	480	397
339	149	490	397
342	152	483	395
336	151	491	399
339	152	484	397
335	152	501	395
343	154	487	395
338	153	488	397
344	156	496	394
336	158	498	391
339	159	489	393
346	154	502	398
339	156	495	396
341	158	493	393
337	158	495	393
343	159	486	395
341	159	488	394
343	162	487	392
345	161	485	392
348	161	481	392
343	164	487	387
345	167	500	386
342	167	497	386
344	169	486	383
347	172	484	380
347	171	495	382
347	174	488	378
348	174	489	376
346	177	489	376
348	176	501	374
342	180	491	374
349	180	495	374
344	178	492	375
347	179	490	373
348	178	494	372
347	180	497	374
347	180	493	373
351	178	494	373
350	176	487	378
348	176	492	378
347	175	491	377
352	175	495	380
352	176	488	377
350	178	506	376
349	179	498	375
356	178	488	376
359	179	487	373
365	176	476	380
364	173	478	383
365	175	474	382
365	173	472	383
369	175	478	379
367	172	484	385
368	174	478	382
373	177	468	381
373	173	467	383
370	171	469	385
368	168	470	387
369	173	469	381
371	168	470	388
370	175	482	381
371	168	472	389
369	174	476	382
374	167	475	386
372	174	483	383
366	173	480	380
366	172	484	382
365	175	478	380
385	170	455	384
376	169	473	385
367	173	488	382
373	175	480	380
370	169	482	387
370	171	480	384
370	174	474	382
368	169	474	385
382	171	456	383
381	169	455	385
380	174	451	379
381	171	470	381
374	172	478	380
381	173	470	377
382	171	467	381
381	171	467	381
380	169	468	382
378	166	471	385
374	165	466	385
378	165	460	388
368	160	477	394
371	161	480	391
366	163	488	390
372	163	482	388
364	163	481	388
362	162	485	390
363	160	484	390
363	162	484	389
352	161	497	391
356	160	489	390
351	163	494	387
352	164	488	384
348	167	485	383
341	168	483	382
341	172	477	376
343	168	473	379
343	168	473	380
335	172	484	377
339	173	483	375
332	174	483	372
336	175	477	371
329	175	485	369
333	175	480	370
324	181	485	367
323	183	491	365
323	185	482	363
321	186	495	361
320	187	489	361
319	187	491	359
326	187	485	359
321	185	486	362
326	187	482	360
325	186	483	363
328	186	476	361
327	186	483	360
327	185	478	363
329	186	479	360
330	186	487	362
332	185	475	361
332	186	486	362
338	184	468	362
344	187	464	358
342	186	462	360
345	186	467	359
350	184	456	360
345	182	461	363
349	185	452	360
350	186	458	359
346	184	457	362
346	184	456	361
351	181	443	363
346	184	459	363
348	178	452	368
348	178	458	367
347	176	458	369
346	177	459	368
344	176	458	370
349	183	447	363
347	176	453	370
346	178	449	368
349	181	449	366
352	181	444	364
353	176	445	373
356	183	451	366
359	179	443	369
358	169	440	380
359	181	443	366
363	170	434	378
363	176	438	374
362	176	438	371
363	176	436	371
362	180	436	368
363	181	436	368
364	181	432	368
359	188	438	362
360	190	438	358
359	190	437	357
358	190	439	358
356	191	439	359
357	191	440	358
357	192	434	356
359	191	420	357
356	193	437	358
353	192	439	356
355	192	436	356
357	192	433	356
358	191	433	356
356	192	438	356
359	191	431	357
353	191	438	356
353	191	437	356
346	190	444	356
343	189	443	357
343	188	445	357
335	188	452	357
326	188	458	357
323	190	457	353
317	191	464	352
310	190	470	354
312	190	461	355
306	189	457	353
306	189	465	352
292	190	479	355
292	188	473	354
293	188	468	355
293	189	467	354
285	190	475	353
284	190	484	353
273	189	489	353
270	188	490	353
265	187	498	352
264	189	497	353
260	189	501	350
257	187	504	350
255	187	501	349
255	184	492	349
253	184	506	348
253	183	506	349
253	182	489	347
253	180	494	350
257	177	481	350
269	175	477	351
270	171	482	353
268	169	476	354
266	169	478	353
266	167	479	351
261	162	480	354
261	161	477	350
258	158	475	350
263	158	472	353
261	154	475	351
265	149	461	353
258	148	466	352
255	145	473	353
247	143	480	352
261	144	468	351
251	140	483	352
249	140	477	351
256	137	480	352
252	134	468	351
252	130	468	354
252	132	465	351
253	127	468	356
252	127	473	354
253	124	465	355
254	123	484	355
250	122	469	355
247	122	481	356
251	122	475	352
250	118	468	355
261	118	450	354
262	116	457	355
250	114	471	356
265	116	455	356
264	114	457	355
264	113	457	356
258	111	461	355
260	110	456	358
260	109	457	356
256	108	458	357
255	106	469	359
250	104	472	358
257	104	460	362
248	102	473	359
248	102	470	361
256	101	465	362
249	100	471	360
250	98	468	364
247	97	475	358
242	97	481	361
245	94	472	361
248	94	475	362
241	93	479	363
237	90	488	368
235	89	484	364
239	87	496	367
231	85	489	368
234	85	489	368
230	85	488	369
225	83	496	370
223	82	498	372
221	82	498	369
225	82	507	373
220	82	505	374
221	82	505	372
224	81	503	375
227	79	514	376
228	78	512	378
229	78	518	380
231	78	526	378
234	79	521	382
229	77	517	379
229	78	510	380
233	77	517	381
234	81	556	378
230	76	558	384
235	81	561	375
240	82	549	373
239	79	544	370
246	84	536	367
249	87	551	365
241	86	507	362
256	88	506	363
253	89	567	364
258	86	600	375
270	88	589	372
270	88	562	374
275	87	544	374
283	86	538	375
282	87	507	369
282	86	541	374
286	86	451	365
293	86	605	386
285	86	612	383
289	87	563	380
287	86	538	374
284	78	457	379
299	77	619	394
290	78	646	395
297	76	485	380
291	76	526	389
290	75	543	395
285	76	495	385
286	73	551	394
287	76	493	386
288	72	543	396
294	73	539	403
294	74	509	401
299	72	581	413
302	77	541	398
313	76	550	417
310	80	505	399
318	80	445	388
336	79	506	406
344	81	479	401
357	86	461	396
374	82	456	413
372	81	503	423
368	80	510	426
375	83	353	390
376	81	312	377
376	86	371	370
399	83	450	408
395	82	312	389
414	84	404	403
434	87	380	407
434	85	351	419
431	87	333	411
431	86	336	418
435	84	318	411
435	88	316	398
431	89	295	392
430	87	256	385
440	89	208	370
444	85	196	369
446	86	204	367
450	84	197	367
454	86	200	365
456	85	200	367
453	87	206	365
457	87	214	367
452	87	231	367
449	86	228	366
446	85	234	369
443	88	263	369
447	89	416	374
437	88	426	374
443	89	420	373
437	89	427	373
425	90	435	375
415	89	446	374
406	91	458	375
407	91	459	373
401	91	466	374
394	94	470	369
390	94	468	369
386	95	475	367
374	95	487	364
366	95	488	366
362	95	492	367
356	95	488	365
346	96	491	366
339	94	490	367
342	93	479	368
358	94	462	367
358	96	461	366
378	95	444	363
393	97	436	364
378	95	450	364
363	96	470	362
355	94	483	366
351	93	486	369
354	96	483	361
337	97	499	358
338	99	506	357
328	101	522	354
364	104	489	353
396	104	456	352
372	109	481	348
354	110	511	344
349	109	524	345
310	111	567	342
368	103	520	350
346	108	529	345
326	104	569	349
405	105	482	348
405	106	476	351
410	106	473	344
409	102	475	350
411	100	476	350
404	100	489	355
401	100	497	349
412	100	489	346
399	96	500	350
418	99	489	345
410	106	496	339
405	99	507	342
416	105	509	329
425	107	499	329
445	103	480	328
437	98	479	333
443	101	477	333
464	91	462	340
476	91	455	337
449	84	486	343
497	83	438	343
499	86	434	348
476	86	461	343
461	88	479	343
474	101	461	325
462	96	469	328
480	91	456	334
443	89	485	328
503	98	434	319
491	81	467	329
520	90	442	317
520	85	408	322
518	85	406	324
533	82	391	326
520	84	398	326
509	75	404	333
502	79	411	330
456	82	464	327
379	84	524	325
395	82	518	324
391	79	523	326
380	81	539	326
405	83	523	323
427	80	504	325
480	78	447	325
509	81	414	321
505	80	415	320
521	76	410	321
531	74	402	321
521	71	417	325
545	67	393	325
537	64	393	329
544	66	384	330
549	69	384	326
548	72	388	322
535	73	420	321
516	81	442	314
506	83	445	312
466	84	494	315
477	89	479	308
509	94	451	301
504	98	450	297
496	91	444	300
484	90	448	302
479	96	450	300
474	94	449	295
461	92	449	299
448	89	453	300
434	93	451	297
430	91	448	299
428	94	449	299
414	91	458	300
410	90	448	302
399	90	452	302
393	90	442	303
381	91	445	301
384	92	440	301
376	92	443	300
365	90	449	303
362	90	446	302
352	89	451	303
355	86	443	304
351	88	447	304
326	88	468	303
298	88	496	306
291	87	505	306
311	84	488	309
304	80	491	311
283	79	507	315
331	77	464	314
298	75	494	318
318	73	464	316
287	70	491	321
289	69	495	324
283	70	508	323
302	68	478	324
258	65	522	325
274	71	506	323
290	71	486	321
299	68	471	322
315	67	463	325
340	71	438	320
330	74	448	314
362	75	412	312
319	71	452	319
352	77	414	310
334	77	432	313
305	80	443	308
330	81	424	308
278	80	463	310
310	83	428	305
282	85	449	304
228	84	500	304
259	84	460	307
291	85	431	305
267	88	457	302
297	89	422	301
265	87	434	303
247	91	462	303
273	87	433	304
244	93	463	299
276	92	425	302
275	90	427	297
261	93	429	295
304	92	393	297
262	89	422	297
291	91	398	298
201	88	467	301
208	89	466	304
322	90	348	298
330	92	336	294
336	92	328	291
327	91	331	293
328	90	327	293
313	85	339	300
278	79	373	309
228	88	417	301
303	78	345	310
321	77	326	302
293	69	349	308
303	70	337	305
287	65	350	310
259	66	378	314
219	68	416	312
170	59	449	332
165	59	445	331
179	55	450	336
190	60	442	329
186	57	442	333
199	58	432	330
219	59	388	325
223	66	415	320
231	58	364	326
234	58	396	326
223	60	399	325
231	65	409	320
223	50	416	334
219	63	419	324
216	66	434	315
213	65	440	316
215	62	424	320
210	57	453	322
196	62	442	321
187	39	443	343
182	61	458	323
181	53	453	333
182	66	467	317
179	56	458	327
180	47	463	335
186	62	440	318
200	41	434	338
190	55	434	330
189	52	451	330
191	54	440	328
194	55	428	325
193	48	435	334
193	57	424	325
194	51	426	330
191	51	416	328
183	60	433	324
182	55	428	329
175	51	433	332
174	57	434	324
170	46	449	336
166	59	425	324
184	58	439	321
166	63	438	318
198	62	390	316
240	72	338	302
245	63	316	308
234	53	331	314
269	55	294	313
229	56	333	312
274	47	290	321
297	49	270	319
286	56	282	309
255	60	321	303
297	57	270	312
272	62	310	301
241	60	326	304
301	55	255	311
275	65	292	298
261	70	301	297
308	65	245	298
314	64	237	303
316	67	229	300
321	65	220	301
314	69	227	297
322	70	214	297
330	68	204	300
318	71	216	300
269	75	265	294
267	70	273	295
331	67	202	297
354	69	176	295
356	64	170	296
364	62	159	299
370	67	154	294
355	68	172	294
342	68	188	295
212	50	321	315
239	53	297	312
285	39	250	327
297	7	242	360
318	81	219	290
322	71	219	291
321	69	218	292
327	57	212	305
332	25	210	338
333	3	213	358
332	0	213	365
334	36	213	332
335	12	214	349
341	0	209	362
345	2	203	365
342	12	205	355
343	15	207	349
342	25	209	340
341	41	210	323
343	39	206	326
345	33	204	334
343	19	208	343
332	45	224	318
328	17	223	344
328	59	223	303
327	22	229	337
323	25	236	338
323	57	259	310
325	50	286	311
323	59	303	300
321	59	307	300
320	61	342	299
322	75	382	287
313	92	420	301
315	100	439	264
308	106	453	267
312	109	452	260
310	112	460	262
309	118	464	259
308	117	472	262
302	112	481	263
300	109	498	264
299	107	494	268
301	101	517	275
302	97	536	282
302	87	556	298
304	93	569	287
304	95	414	281
298	89	591	283
299	91	371	291
303	97	330	271
304	92	419	274
297	86	413	287
312	85	531	287
296	81	488	294
307	81	615	296
308	94	632	280
324	94	588	281
321	91	633	288
325	91	630	285
323	96	632	281
333	86	633	292
337	84	624	298
341	75	615	296
341	74	616	299
338	74	610	306
345	89	606	280
351	87	594	284
355	91	589	282
351	79	591	291
360	91	577	280
362	77	581	294
373	73	571	298
375	80	567	295
377	76	571	297
377	73	570	306
385	72	564	304
386	66	560	308
386	75	564	296
385	71	557	301
384	74	557	300
385	82	556	293
381	81	560	294
381	76	557	302
382	72	558	302
382	67	556	308
387	73	554	300
384	71	557	305
382	77	551	297
381	73	550	298
377	74	549	298
377	76	553	294
371	69	565	305
376	64	552	308
375	73	554	297
372	68	557	301
376	68	547	301
374	72	552	297
368	69	556	299
361	84	567	286
355	79	568	290
354	55	561	318
347	66	576	303
349	43	532	330
353	71	552	301
357	59	550	308
353	55	552	314
348	56	562	315
349	60	556	312
347	52	554	319
346	72	547	301
349	69	547	307
341	72	553	306
340	79	557	304
346	72	555	311
342	82	561	300
343	78	560	304
341	85	560	291
345	82	558	298
343	78	562	302
341	82	566	301
347	85	561	298
343	80	569	302
347	89	569	297
351	91	572	304
359	92	569	332
359	95	573	302
359	96	571	299
361	93	575	314
373	94	566	295
378	93	564	308
386	97	560	302
386	96	558	305
389	99	556	298
399	99	543	291
403	96	543	304
411	99	541	298
412	96	540	314
413	98	540	300
414	97	533	310
422	102	525	293
412	99	530	301
425	101	512	302
426	104	509	297
424	106	512	293
426	103	506	297
426	102	500	302
433	101	487	302
429	97	482	307
435	91	469	317
439	90	466	323
436	93	462	317
440	92	461	312
434	94	471	315
442	100	476	310
437	97	467	307
436	101	474	309
438	96	474	311
436	94	472	314
439	98	469	311
436	98	465	314
440	103	464	304
438	101	463	304
433	103	467	306
439	105	458	308
435	107	452	301
436	106	443	299
439	108	433	301
440	110	434	297
437	108	433	299
443	108	436	297
437	99	449	315
445	103	446	307
439	104	456	310
443	101	452	313
442	104	467	313
443	106	468	320
433	108	478	310
444	107	463	327
437	107	470	308
437	104	469	327
440	106	462	327
439	107	460	321
441	107	461	328
433	104	473	319
442	107	462	348
433	101	473	318
438	102	464	331
442	105	467	336
433	105	471	318
441	104	464	340
438	105	468	324
441	102	463	326
442	104	464	337
437	99	473	337
442	99	467	340
442	97	465	343
440	102	477	342
435	101	466	324
442	100	471	343
438	98	476	337
442	103	474	340
426	100	475	333
434	103	495	351
434	102	490	337
423	100	510	340
424	100	503	331
418	98	531	331
422	96	535	332
419	99	552	332
428	98	531	343
410	94	531	325
435	98	358	330
430	97	596	313
430	81	589	336
433	83	572	341
427	86	610	338
423	72	425	370
431	89	589	323
431	80	584	336
436	77	581	338
431	85	619	332
431	77	613	343
428	73	617	349
425	75	607	351
417	78	622	341
412	82	628	341
403	91	630	339
412	87	616	339
410	89	618	354
422	84	585	362
423	88	563	352
425	90	563	342
417	92	590	341
417	89	589	351
428	82	387	358
429	97	560	338
428	85	533	350
424	93	529	343
416	91	538	343
417	90	555	348
417	97	536	346
422	89	552	358
423	97	513	346
427	96	523	340
420	99	416	322
424	104	446	317
424	109	444	322
416	105	488	331
420	97	503	349
424	98	511	345
410	98	519	339
420	99	376	326
422	95	387	310
413	100	480	330
407	98	483	358
408	102	433	333
408	99	411	339
412	96	368	312
407	104	351	301
423	103	377	335
410	92	400	389
424	89	381	418
416	86	359	354
419	90	368	411
423	84	363	428
422	86	346	400
424	84	358	423
425	86	345	423
427	83	348	420
424	85	346	425
427	81	343	398
430	84	339	421
425	86	349	429
420	80	339	403
423	81	342	406
424	78	339	417
421	83	342	426
418	78	346	424
416	81	350	437
414	80	349	378
416	80	358	432
416	75	359	451
406	80	363	394
413	84	354	429
412	81	356	426
403	78	365	451
399	87	346	354
409	81	346	418
404	84	347	379
411	80	353	441
401	78	343	371
409	82	348	427
407	76	346	429
405	82	338	379
409	78	344	407
407	78	351	405
405	82	357	422
405	75	345	410
407	84	359	436
404	81	357	440
403	89	336	342
404	87	347	401
404	87	360	433
397	87	342	351
402	88	356	436
398	86	341	361
407	90	344	405
404	81	346	378
407	85	355	437
398	90	341	341
409	88	346	401
405	90	353	430
399	86	339	326
406	96	340	330
398	91	354	425
401	85	348	332
405	93	343	400
406	84	352	409
408	83	347	432
406	81	348	409
410	82	348	414
411	81	349	438
405	84	346	357
412	83	348	445
405	88	340	319
415	94	337	334
417	88	342	392
419	82	345	414
426	88	340	444
415	86	333	332
422	91	334	364
424	89	339	415
418	85	349	435
413	86	339	365
420	93	341	414
410	79	351	429
416	89	340	367
419	90	345	418
417	81	345	415
419	82	347	423
418	80	349	438
418	81	334	423
419	85	338	407
420	85	342	420
421	85	342	430
421	89	329	357
423	86	337	400
426	86	343	404
428	86	340	429
421	85	334	361
431	85	333	382
434	83	333	398
437	84	344	422
432	79	343	431
436	83	338	388
444	87	345	422
449	86	340	422
452	84	333	400
454	85	345	420
452	84	342	415
459	88	342	402
460	83	344	399
466	84	349	416
466	83	344	402
468	89	347	427
464	96	337	332
471	87	334	403
468	83	350	428
472	85	337	388
476	87	346	421
470	84	333	386
476	80	334	400
475	81	343	423
470	80	347	441
467	84	323	320
470	87	331	359
474	82	336	405
472	80	343	406
473	79	343	397
476	83	347	424
469	80	341	383
476	78	338	394
474	83	347	422
466	79	347	405
471	77	336	388
472	75	344	420
470	71	338	395
475	69	339	413
476	78	347	431
467	77	345	365
475	76	341	418
468	63	346	409
476	74	338	410
473	69	345	431
473	72	338	429
470	72	334	376
478	73	341	436
470	82	331	336
478	82	327	385
469	69	347	425
465	70	349	434
463	76	343	365
465	73	351	430
457	74	352	364
462	70	356	434
450	76	350	345
463	69	339	422
452	69	353	400
457	63	353	425
457	63	348	405
458	64	356	440
444	64	364	415
455	67	352	416
447	55	357	431
446	71	357	412
454	62	347	396
457	72	352	415
446	61	360	414
452	72	353	430
448	68	350	376
453	70	352	417
443	63	357	429
443	72	354	407
437	67	361	428
440	67	343	391
445	70	353	438
428	66	365	398
434	74	357	430
408	77	352	330
402	75	357	420
387	67	353	380
398	70	353	431
379	61	357	434
368	62	357	455
345	71	359	357
354	68	352	404
341	55	363	442
340	68	347	365
329	63	361	414
323	60	358	424
308	60	367	444
302	66	348	354
300	62	356	393
305	59	353	416
298	62	355	413
290	58	357	418
295	62	352	398
298	63	353	407
297	60	347	399
300	65	347	389
293	56	358	440
282	51	341	342
287	63	353	413
274	60	352	337
278	49	352	447
270	55	353	352
271	47	361	433
259	43	361	412
257	39	355	389
263	35	350	400
257	34	364	419
260	33	346	385
268	31	347	422
261	32	358	433
259	35	339	347
257	31	349	397
266	31	351	426
255	29	343	349
259	30	352	461
267	20	350	437
256	17	351	384
264	30	355	433
265	28	358	418
261	22	364	435
261	31	341	341
263	23	351	407
258	23	359	402
271	29	358	432
263	33	360	358
266	22	364	422
262	25	366	423
270	31	352	358
272	24	361	438
274	26	362	417
276	25	361	437
279	25	359	424
280	26	351	409
288	26	349	423
293	26	344	396
305	29	344	444
306	25	348	431
308	32	326	343
314	27	332	363
320	23	334	382
326	23	344	436
329	26	343	394
339	20	335	399
341	24	345	436
344	26	339	323
350	28	351	428
360	18	342	340
373	20	341	394
378	19	346	408
382	23	351	434
383	33	343	339
396	28	340	417
398	18	349	424
408	31	356	437
408	7	355	368
413	30	359	436
415	25	361	420
423	30	344	376
430	31	351	417
433	33	347	383
441	33	351	420
441	36	360	428
445	39	362	408
447	33	352	418
447	35	355	427
449	44	344	359
456	50	348	415
459	41	338	388
467	46	340	417
477	51	327	424
480	49	317	421
484	46	310	399
486	49	301	374
482	52	287	392
481	50	311	351
484	58	295	323
479	58	294	332
472	63	300	319
476	60	297	361
477	65	310	315
473	64	304	317
469	61	307	340
469	62	313	339
479	63	308	332
473	60	312	354
482	64	310	335
480	62	324	365
488	57	306	334
492	60	323	375
494	61	329	403
493	65	344	396
495	57	318	395
490	63	333	385
489	65	314	378
487	69	316	386
482	72	321	379
476	73	317	363
479	77	317	340
469	86	330	330
469	93	320	336
466	80	321	357
462	94	327	363
467	92	322	360
466	92	321	363
478	94	314	356
487	93	299	361
493	91	293	366
501	81	282	388
492	106	293	372
496	96	283	371
488	117	297	365
490	127	291	350
491	122	286	352
479	133	298	333
477	125	300	337
483	142	297	320
478	144	305	302
486	144	304	275
510	152	296	256
506	153	314	267
505	153	341	256
525	162	305	245
517	161	349	252
508	167	398	254
509	159	417	265
509	160	431	271
515	172	436	264
517	175	434	254
518	173	433	251
521	168	431	272
527	183	422	240
527	181	408	284
521	192	403	242
526	191	399	244
526	192	375	241
523	188	373	252
520	193	340	236
517	196	334	231
511	197	331	231
511	198	333	229
509	203	326	221
508	205	325	229
504	205	319	229
505	206	312	237
499	201	318	230
506	206	314	224
500	216	316	231
499	206	315	233
502	212	317	223
495	218	322	220
495	225	316	217
497	213	325	223
488	224	319	213
491	212	329	224
488	224	309	215
494	210	323	226
483	228	328	207
485	224	328	212
476	226	331	213
482	230	317	207
583	223	209	213
608	230	166	207
616	228	156	203
614	227	156	200
609	227	159	200
609	225	163	205
607	224	163	207
605	221	163	210
597	220	171	212
600	220	171	214
602	215	166	216
592	208	175	225
590	218	173	218
571	227	192	207
581	230	192	204
576	233	198	199
562	211	201	221
526	160	234	283
544	108	218	332
519	61	244	377
533	56	226	423
514	73	244	373
518	75	241	381
523	19	238	436
511	83	243	477
496	142	256	389
487	35	256	471
483	25	260	428
453	1	290	593
429	145	328	505
427	171	327	523
421	186	326	293
445	171	298	295
443	174	303	278
441	172	305	281
430	169	305	289
441	164	284	295
426	162	300	304
430	160	296	297
430	159	296	300
430	154	300	306
433	148	297	312
427	152	308	341
429	150	307	444
426	136	314	486
442	146	301	523
426	128	329	558
422	138	362	563
426	232	404	443
433	228	315	448
416	233	341	448
410	234	350	434
419	231	336	454
407	240	364	420
425	132	356	533
422	226	388	473
415	241	380	431
414	247	375	419
410	251	387	423
404	256	390	415
398	258	418	408
380	259	438	407
395	245	445	425
399	171	442	482
397	188	467	392
381	167	473	502
396	157	492	478
401	146	479	448
399	192	479	509
398	220	482	453
402	193	498	437
418	40	523	469
428	27	550	554
432	63	578	628
422	66	605	420
411	104	609	538
418	93	645	408
403	120	685	447
407	172	717	505
412	174	729	507
410	204	749	446
412	209	751	396
421	259	746	330
432	263	757	270
422	274	765	348
432	296	777	391
428	289	761	372
430	300	750	332
436	296	710	407
437	298	641	362
426	299	569	401
424	289	641	411
422	292	605	400
416	287	628	386
422	294	593	412
422	296	573	402
420	293	550	410
435	292	507	404
428	289	499	384
424	290	500	366
414	298	503	355
441	292	486	355
429	297	494	374
438	290	506	358
437	300	520	376
434	295	519	398
458	290	523	377
433	293	577	380
428	292	605	403
435	288	515	413
442	288	463	415
447	283	471	387
445	285	479	375
450	279	463	379
451	283	486	386
452	287	497	385
467	282	531	397
444	284	605	398
462	287	579	369
458	287	606	227
475	297	565	187
480	287	554	199
484	292	538	185
486	293	532	179
495	279	509	193
489	268	496	194
485	250	476	210
485	240	487	218
482	232	500	226
483	230	499	229
483	225	509	234
484	221	520	240
490	224	531	235
482	230	562	232
484	243	588	217
483	242	591	224
482	249	611	216
487	249	622	225
487	250	632	221
485	251	619	226
493	280	590	213
490	249	595	235
482	275	558	250
486	260	516	250
486	278	458	338
472	277	398	367
484	277	370	398
479	270	363	374
476	278	322	310
480	277	301	212
479	284	311	189
478	288	301	177
476	288	325	171
478	285	285	168
474	290	284	165
472	286	273	167
472	287	274	162
471	284	278	164
467	285	279	163
469	284	275	163
465	283	279	163
467	280	274	164
463	277	273	165
463	274	273	166
461	271	267	165
459	271	270	165
459	268	269	166
458	266	271	165
454	259	269	170
453	253	267	171
451	256	272	166
450	257	271	166
446	249	267	171
445	253	268	164
440	248	271	167
438	247	268	166
435	246	273	165
437	245	270	165
430	244	270	165
432	243	269	162
426	232	268	171
431	240	267	163
424	239	269	163
424	237	263	163
424	238	263	161
418	228	264	169
419	235	267	162
413	234	267	161
409	226	262	166
410	232	264	160
406	231	264	158
404	232	263	156
402	230	261	157
397	230	264	159
399	228	260	158
402	228	258	156
397	226	259	157
398	223	259	159
393	223	267	158
395	219	261	161
394	218	263	160
398	218	257	161
389	216	263	161
399	215	252	161
394	213	254	162
396	213	250	161
390	211	254	161
401	212	255	160
392	211	274	162
389	211	307	165
390	208	254	166
385	208	255	164
385	207	256	163
386	207	253	163
382	207	259	163
380	203	260	167
379	201	263	169
372	200	286	168
370	201	297	169
368	200	326	172
362	203	290	170
366	201	296	167
363	200	289	169
367	200	277	167
360	200	280	166
366	200	282	166
363	201	294	163
361	199	310	166
359	199	267	164
360	197	262	166
359	196	263	165
365	195	257	164
364	195	260	165
362	194	266	164
363	194	277	164
356	191	294	165
354	191	326	169
357	189	266	169
362	188	271	166
360	188	278	166
355	187	290	166
350	185	332	172
352	185	268	167
357	185	266	166
364	184	259	167
367	184	275	165
361	185	286	165
356	181	320	168
353	181	263	168
362	183	265	163
354	183	299	165
354	184	284	162
353	185	301	161
349	188	268	157
354	172	263	169
361	187	273	156
354	186	307	157
348	185	258	158
349	187	255	154
351	187	253	158
344	148	259	195
361	183	283	165
349	183	254	163
339	185	259	156
343	185	256	159
340	162	259	181
350	184	262	161
346	184	258	158
337	178	259	166
344	183	251	160
337	177	258	165
343	176	251	168
345	172	250	173
347	177	250	167
343	145	252	198
354	177	264	168
344	180	280	157
343	180	269	156
341	152	255	184
356	168	241	166
358	161	237	173
362	163	236	169
361	159	234	172
359	150	240	178
357	143	261	184
352	139	276	190
348	134	249	197
365	131	253	199
366	119	229	209
367	112	243	215
364	111	247	216
363	113	253	212
367	108	259	217
371	98	241	227
377	93	236	233
382	92	234	229
386	90	212	231
384	89	210	235
385	89	202	243
387	91	250	238
389	90	209	246
389	91	207	250
397	92	213	256
405	91	207	262
408	94	238	254
392	95	282	257
400	97	291	281
379	104	311	310
391	108	291	327
395	99	274	364
386	105	286	460
387	109	294	437
366	110	306	403
387	108	290	438
366	113	298	391
390	107	294	439
369	110	298	420
368	102	301	467
367	100	302	498
358	96	315	509
359	99	318	433
356	88	318	436
371	104	322	462
366	100	327	441
372	100	325	388
367	94	279	312
383	97	313	296
386	104	330	442
370	93	348	437
358	97	319	367
377	100	339	376
376	101	343	479
365	117	317	413
384	113	308	391
390	125	357	412
387	126	397	472
401	145	392	464
381	146	404	454
406	149	400	418
385	152	314	395
369	151	257	378
370	149	232	263
399	142	221	286
353	147	269	279
366	143	250	294
374	145	266	298
362	143	420	314
360	142	451	311
343	145	310	306
357	144	304	300
326	152	265	312
342	148	235	267
348	154	224	259
347	157	221	261
344	162	254	296
337	165	268	358
331	161	250	378
325	164	250	364
324	160	233	365
318	151	235	368
321	151	233	354
321	149	235	343
321	150	249	313
322	149	241	341
311	154	278	266
322	150	283	247
321	156	258	246
318	154	263	258
315	154	260	245
313	153	264	257
311	154	260	252
313	154	248	251
309	159	242	242
304	160	244	245
305	163	264	243
304	167	293	227
306	170	294	223
296	170	324	228
292	168	331	246
291	172	303	256
295	171	293	218
297	172	281	220
289	171	287	228
285	175	293	222
284	170	291	234
276	171	298	264
279	173	294	220
278	172	297	243
273	176	296	215
274	175	297	235
272	176	293	232
269	175	299	227
267	176	260	231
268	176	249	226
268	165	262	232
266	161	250	237
263	163	250	220
261	176	298	221
252	183	320	205
253	188	318	203
249	188	323	217
244	194	305	195
252	193	321	192
247	194	310	177
247	196	336	217
241	193	323	184
240	196	316	184
234	193	325	187
226	195	352	193
223	200	385	192
214	204	397	195
217	203	381	193
214	208	385	182
210	212	379	174
211	214	377	163
203	216	366	155
202	215	372	153
202	215	367	152
197	215	391	151
200	213	373	152
200	216	359	150
197	215	423	151
192	218	360	158
199	214	364	155
198	218	352	159
198	214	348	160
199	216	346	158
199	217	349	155
199	219	365	155
193	218	358	154
201	219	380	154
197	219	358	156
200	217	366	156
199	221	363	154
197	219	356	155
197	218	373	152
195	213	358	156
196	209	345	159
197	202	340	169
194	202	346	168
192	203	351	168
194	203	347	169
192	207	362	165
193	213	365	156
193	210	358	154
189	207	355	156
194	210	356	153
191	209	355	154
192	210	355	150
193	213	359	149
195	216	354	144
196	217	382	145
190	217	406	147
189	213	429	150
182	217	442	149
183	218	435	150
187	219	431	151
183	219	429	158
191	216	416	159
195	217	410	160
198	218	400	161
196	220	377	162
189	219	373	167
191	218	358	165
188	217	363	162
189	215	357	163
186	217	356	166
184	217	361	162
181	217	366	159
182	218	363	158
184	218	364	157
183	218	362	154
184	219	359	155
182	219	361	159
179	218	370	164
181	221	361	167
176	222	364	173
177	222	363	173
176	223	360	177
172	223	364	180
172	228	357	179
173	232	349	177
169	230	356	182
165	231	357	193
164	230	358	191
164	232	362	191
164	234	361	195
163	233	360	182
161	231	360	202
160	229	363	188
156	232	364	193
161	228	358	194
156	236	364	190
157	233	365	191
156	234	364	194
154	235	366	197
153	234	367	199
152	236	366	203
150	235	368	223
148	239	365	195
148	235	370	211
145	240	355	195
144	241	373	192
142	237	377	212
140	238	375	207
141	239	369	212
141	241	374	210
140	240	371	211
140	240	382	212
137	239	381	213
135	242	386	210
133	242	385	210
134	243	378	210
131	242	385	211
135	241	378	211
135	242	376	212
132	242	380	215
130	244	382	216
127	245	385	213
129	245	384	214
129	245	381	210
129	246	384	205
127	245	385	201
129	246	378	196
128	246	380	188
129	242	380	197
127	244	383	188
129	242	377	197
126	244	384	193
126	246	382	188
126	246	384	189
128	246	378	188
128	245	384	184
130	245	374	187
128	247	376	191
123	247	383	190
120	249	385	191
125	253	381	182
123	250	383	189
125	252	380	182
121	249	380	192
122	254	382	181
122	250	382	187
120	253	384	188
121	253	383	184
123	252	386	191
124	249	382	189
119	248	387	196
123	254	381	189
120	251	386	190
116	254	385	193
125	253	388	185
120	250	380	197
122	253	386	186
121	249	383	197
118	256	386	187
122	254	385	186
117	250	384	192
119	253	385	192
121	251	384	192
118	254	387	191
120	251	385	191
116	253	391	191
117	255	388	190
116	252	391	188
116	251	391	194
113	256	397	189
116	251	392	191
116	251	391	194
115	257	393	187
116	253	388	186
116	253	390	194
117	255	394	187
117	250	391	196
115	250	397	193
116	254	395	189
119	251	395	192
120	250	391	193
121	252	391	191
120	250	391	192
120	256	393	186
127	250	386	190
127	251	388	194
131	253	388	189
132	252	391	187
131	249	391	191
142	252	390	190
143	249	389	193
154	250	383	190
160	248	386	190
166	251	388	188
164	246	394	193
170	251	394	186
182	244	383	194
185	246	391	192
195	248	385	188
203	246	389	192
210	246	387	188
216	243	385	191
224	246	385	185
227	244	390	186
234	244	391	183
238	247	391	180
236	241	387	184
242	241	389	181
251	241	389	184
254	242	392	181
264	239	388	183
270	238	388	192
272	240	389	182
274	240	394	183
284	238	390	188
289	237	392	196
295	239	389	186
297	237	396	194
302	239	393	188
310	239	390	187
317	238	393	189
323	237	393	187
330	236	396	188
335	237	392	190
333	238	394	185
339	239	394	185
340	237	400	190
345	238	393	188
349	238	393	192
351	235	392	200
351	237	395	201
350	235	392	206
350	237	395	199
354	236	393	199
356	236	398	201
358	235	386	212
355	237	393	206
358	236	392	214
359	234	394	215
358	234	393	218
366	234	390	220
366	234	394	221
364	235	391	225
367	235	392	226
368	234	391	232
369	233	389	236
374	232	386	246
373	233	392	259
375	232	391	263
375	232	392	281
377	234	388	259
385	233	386	265
382	234	383	267
381	235	392	261
380	234	387	273
385	235	382	267
384	236	385	264
376	237	398	269
391	238	381	269
392	239	373	271
392	238	380	274
392	240	380	271
391	239	379	269
392	241	371	271
393	237	380	273
397	239	376	273
395	240	378	272
394	241	377	274
399	241	384	272
399	241	380	274
400	242	384	276
401	242	380	272
401	242	382	276
408	240	378	276
409	243	379	272
412	243	379	270
420	245	374	267
418	245	379	273
419	245	377	272
417	246	384	271
419	248	386	271
423	248	384	274
426	250	385	275
430	248	382	282
430	250	383	279
431	250	383	286
432	250	381	277
439	250	386	269
440	251	388	280
443	252	385	274
442	253	381	278
449	250	380	270
451	250	382	273
447	252	388	273
451	249	381	278
452	248	381	277
451	249	380	275
449	248	382	276
450	249	382	272
453	250	386	268
452	250	389	273
455	249	383	278
455	251	383	276
456	251	381	278
459	248	385	273
458	247	384	278
463	245	379	276
461	246	380	275
461	246	382	275
459	248	383	280
463	246	386	278
466	249	380	278
466	247	382	273
466	249	383	273
468	249	384	275
472	248	376	269
467	247	380	272
471	248	374	269
466	248	379	268
483	248	369	266
461	254	383	267
465	247	380	269
475	247	377	267
465	251	381	268
476	250	373	269
466	253	379	271
470	252	381	273
470	254	375	273
469	252	380	270
470	254	378	272
471	253	379	275
472	253	378	276
473	254	377	272
475	252	377	283
479	254	377	279
478	254	381	284
482	249	374	285
485	236	371	268
483	236	371	271
483	214	389	260
487	185	377	258
488	159	380	262
490	139	385	266
498	119	374	275
499	120	380	275
502	106	377	269
515	94	373	276
516	87	379	280
523	77	383	283
528	72	381	286
531	74	377	289
533	66	373	271
537	59	374	282
547	54	378	283
553	51	379	285
552	50	385	284
552	50	385	295
564	45	378	277
570	47	373	277
574	45	378	281
575	46	379	285
583	42	379	287
577	45	387	289
585	43	381	288
588	45	383	281
591	44	385	285
595	45	382	283
597	52	377	280
595	52	380	281
599	61	379	279
599	70	379	282
603	81	378	280
603	92	378	278
602	102	384	280
601	104	379	289
601	116	380	286
600	124	381	284
601	133	390	285
602	146	386	285
603	159	381	285
600	161	383	291
598	175	382	289
596	192	382	278
590	207	384	281
584	223	384	280
577	234	382	283
574	234	386	292
571	242	387	283
566	249	379	282
558	255	384	282
549	260	379	272
544	262	381	273
539	263	385	276
535	265	382	281
528	268	386	283
522	273	384	281
518	277	382	282
513	278	381	285
511	279	383	289
506	281	385	284
501	283	384	284
499	283	382	287
495	286	381	287
492	286	383	289
493	289	383	288
492	289	380	282
487	291	381	275
482	292	382	274
476	293	384	274
471	295	389	275
472	296	388	273
469	296	387	271
467	297	387	273
464	302	388	277
461	305	384	264
456	307	389	270
457	307	387	275
456	308	382	273
449	309	389	270
446	310	390	273
443	313	393	278
443	314	388	274
445	314	389	278
444	316	385	277
442	318	388	278
440	319	386	277
437	319	389	281
439	319	384	282
437	319	383	282
438	319	387	282
434	322	383	281
431	323	384	280
432	322	386	279
426	326	389	279
426	323	389	279
427	326	385	278
427	327	385	274
426	331	385	276
423	330	388	270
422	331	389	277
424	330	390	273
420	332	389	276
423	333	385	275
421	333	387	274
419	335	387	276
417	335	391	279
418	334	389	280
419	336	387	281
416	336	387	280
417	335	385	282
417	335	390	284
414	336	389	288
413	337	387	284
411	337	389	287
412	338	385	285
410	339	392	288
409	340	386	288
414	342	380	287
414	343	378	287
409	344	383	285
410	342	385	290
407	343	387	287
407	345	384	286
407	345	384	287
407	344	385	286
405	347	384	286
406	348	382	287
402	348	385	287
405	349	383	287
402	349	387	290
401	349	388	290
404	351	385	289
400	350	388	287
398	350	389	290
399	351	386	287
396	351	388	286
402	353	386	285
398	350	387	285
394	352	390	283
394	353	390	283
393	353	394	281
393	353	393	279
393	353	388	276
392	353	389	287
395	355	385	278
396	354	385	281
397	357	381	277
393	354	385	281
394	356	381	281
391	353	389	282
390	357	393	282
389	358	390	278
387	357	385	283
390	359	385	285
390	359	386	283
386	356	389	283
390	359	381	281
387	356	383	283
387	358	380	283
387	358	380	285
387	360	380	281
383	360	387	284
387	360	386	284
386	357	384	286
382	360	386	283
382	359	386	287
386	359	377	286
382	360	382	285
383	360	383	284
381	359	385	283
383	360	372	285
381	357	358	282
383	358	382	277
374	358	368	279
382	359	382	274
379	357	361	271
386	355	367	269
384	356	373	268
385	356	372	271
384	357	368	271
387	355	365	269
385	357	369	266
383	357	367	265
390	357	369	268
383	360	361	269
390	358	366	267
384	363	374	264
383	362	361	270
386	360	342	264
387	361	366	260
383	362	374	254
380	362	377	249
379	361	380	258
375	361	388	248
376	360	389	253
373	361	396	246
379	360	389	249
375	362	391	245
379	369	385	237
380	369	384	246
380	369	380	248
379	370	382	250
379	371	382	248
380	369	383	261
376	370	385	254
378	370	381	258
378	370	366	263
379	371	373	264
379	370	379	269
381	370	386	267
381	369	377	273
382	368	381	276
382	371	374	270
384	368	388	276
379	370	380	269
383	369	377	275
383	372	370	268
385	372	382	268
385	373	367	267
387	375	377	270
386	376	391	267
382	376	397	264
384	374	384	269
388	376	387	265
386	376	380	269
385	376	384	265
385	376	388	261
381	375	365	261
378	377	370	254
380	378	373	254
376	377	375	258
373	376	369	272
381	378	371	289
381	380	377	287
377	380	377	290
395	382	379	271
380	381	368	285
393	382	376	283
380	385	386	275
378	385	384	284
387	385	380	284
381	385	383	269
377	384	393	277
378	387	405	278
378	386	393	264
375	387	396	279
375	389	403	271
373	388	403	283
369	392	410	276
358	393	426	283
353	392	413	309
335	398	434	309
348	392	440	289
337	390	449	269
326	390	467	263
341	393	437	259
350	395	426	246
350	391	424	252
353	394	421	241
356	394	412	236
361	395	401	231
364	396	393	228
368	392	391	229
369	393	393	237
365	396	404	230
367	399	395	208
369	398	400	193
364	395	397	197
363	394	392	205
366	393	384	218
369	391	402	192
373	391	401	212
374	386	402	224
376	380	395	229
372	381	392	225
372	380	385	241
372	378	384	245
370	380	379	244
365	386	374	273
373	393	366	298
373	393	368	317
375	395	375	311
363	396	372	309
371	396	378	312
360	394	402	312
355	396	399	307
360	397	420	312
346	400	428	298
370	399	405	291
346	400	432	294
344	398	438	307
352	398	440	294
349	400	441	299
341	398	444	291
328	394	433	307
322	390	442	305
305	382	431	312
287	365	468	329
282	373	467	324
262	367	494	322
249	371	505	319
237	377	510	311
226	377	525	318
236	378	525	297
234	381	510	313
247	384	523	295
243	387	526	304
270	384	485	304
279	383	491	308
285	389	478	317
294	391	484	304
305	392	452	314
317	380	463	300
321	365	421	307
331	367	394	305
324	374	368	278
329	353	372	307
330	376	362	297
318	358	387	205
325	359	383	167
321	369	376	145
315	337	377	178
323	335	364	184
319	330	356	187
312	329	355	190
311	328	352	192
309	332	333	188
311	338	317	181
309	337	309	182
303	347	305	176
298	341	303	182
293	336	301	189
293	331	290	192
288	331	287	196
291	330	282	197
289	327	280	201
292	326	285	199
285	327	291	199
289	330	291	196
288	334	294	194
288	331	295	195
288	335	295	191
292	340	295	185
295	341	288	185
299	340	274	184
305	338	272	187
307	337	279	188
306	335	269	187
308	334	271	191
308	330	277	194
308	327	275	197
311	323	281	200
308	323	281	200
312	320	281	203
315	316	282	206
314	316	288	205
314	315	297	207
312	316	304	206
309	314	307	209
312	317	313	206
315	317	314	204
312	317	318	204
309	317	323	202
295	319	330	197
292	319	317	196
275	319	327	196
257	320	382	194
359	318	356	199
214	320	483	198
210	320	493	200
179	320	516	202
182	318	508	215
202	312	496	223
173	317	529	204
210	318	489	198
373	312	338	204
440	314	282	181
452	315	264	180
463	317	256	179
467	318	259	177
471	315	246	178
471	317	253	176
475	315	242	178
475	315	251	178
461	313	257	178
447	315	284	176
421	312	305	181
465	311	271	182
495	312	231	180
461	308	252	177
493	310	225	179
496	310	234	178
485	300	238	189
513	297	225	195
521	312	212	180
528	321	207	171
526	333	206	162
527	312	213	187
526	276	217	217
543	42	205	466
512	130	251	377
528	68	234	457
526	159	287	373
528	223	419	301
519	310	526	282
514	347	579	223
533	352	585	177
543	356	595	199
541	346	471	256
548	343	470	310
540	318	457	334
553	335	432	343
551	307	395	290
548	312	418	388
552	297	382	422
555	300	352	419
565	304	324	415
576	290	291	423
576	291	290	422
592	289	254	430
620	279	228	432
633	287	224	426
652	277	219	435
649	318	226	396
654	321	225	398
645	335	236	381
631	343	251	364
619	370	267	343
621	373	262	336
619	383	269	329
620	383	266	330
623	395	264	317
627	403	260	309
623	419	273	293
623	433	278	278
646	456	257	261
645	447	256	265
713	463	200	254
727	479	195	235
733	552	214	162
657	612	277	105
594	431	186	245
562	361	227	303
548	340	342	327
551	374	363	331
578	370	351	303
541	324	426	346
1048	338	228	309
1086	334	193	291
1058	339	218	287
1076	342	203	282
1073	336	206	290
1077	334	202	284
1076	333	203	287
1078	329	201	290
1075	341	204	279
1072	343	207	283
1069	349	209	278
1070	347	209	279
1075	347	204	276
1078	378	201	250
1059	334	212	305
1079	344	200	284
1075	376	204	248
1072	336	206	319
1073	365	206	261
1076	357	203	294
1071	340	207	286
1076	316	203	329
1048	326	219	305
1038	351	234	279
793	314	264	327
1041	346	238	297
1070	337	209	283
1076	322	203	292
1085	320	194	289
1098	323	181	285
1093	312	185	291
1091	313	188	298
1107	294	172	349
1097	283	182	290
1111	252	168	314
1107	226	171	308
1113	217	166	321
1116	219	163	312
1056	235	223	351
962	136	279	382
472	236	410	333
458	214	319	351
468	213	314	323
463	206	297	332
467	197	288	327
464	158	268	328
506	28	284	394
494	9	327	385
471	0	437	380
431	0	458	376
467	0	425	305
421	0	443	306
444	13	406	277
424	47	453	375
778	472	362	247
630	398	443	288
789	432	335	285
798	393	308	277
767	345	328	291
766	306	312	285
758	261	309	287
553	550	293	169
524	517	306	200
500	489	317	229
473	467	335	252
445	446	349	273
390	427	386	291
389	427	389	292
369	406	387	313
354	389	374	330
355	374	364	345
349	357	378	361
344	342	381	373
343	338	378	377
336	325	380	391
330	311	354	401
330	297	321	391
323	289	304	397
320	274	301	397
316	278	304	390
315	267	299	393
312	259	297	393
309	248	294	394
303	242	298	392
293	232	304	392
290	234	307	392
290	223	304	388
287	215	306	390
283	206	308	393
277	198	310	391
274	189	315	392
272	193	317	388
273	181	315	390
269	175	320	392
268	167	321	390
267	161	322	391
267	151	319	391
267	153	319	389
267	147	318	389
267	136	315	389
264	131	320	392
263	123	323	391
264	116	327	391
265	118	327	389
265	114	327	391
265	111	327	390
264	112	333	392
264	107	331	393
262	105	335	394
264	105	334	394
266	101	334	396
267	98	335	394
269	97	333	394
273	96	333	392
277	98	337	394
279	97	333	393
286	100	335	395
294	105	339	393
304	108	341	395
320	109	338	393
335	111	341	392
337	110	336	393
353	109	344	388
369	107	342	387
382	104	340	391
393	101	340	394
403	101	339	393
405	99	337	394
413	100	338	392
421	103	339	394
427	106	338	391
434	106	335	393
437	108	336	391
438	107	335	394
440	111	340	391
442	116	341	391
442	124	352	389
449	128	354	385
456	139	349	374
457	135	352	382
457	144	355	377
457	147	364	373
457	156	364	366
459	158	365	362
457	163	369	358
457	162	372	359
456	166	370	355
461	165	368	354
460	165	371	355
459	166	372	350
460	164	374	352
459	165	375	349
461	166	377	352
461	165	376	351
462	164	380	352
464	163	382	352
459	166	388	356
460	166	386	351
460	169	388	354
463	167	385	354
460	167	389	354
462	169	385	355
463	169	380	356
464	169	381	357
465	170	375	358
464	168	376	361
464	168	375	362
466	170	371	363
465	169	372	363
465	171	372	360
466	170	368	365
466	169	365	361
466	169	363	356
466	168	362	361
466	168	364	361
466	170	363	361
466	170	365	363
467	171	366	359
468	170	364	364
468	172	365	364
468	173	366	365
469	173	365	359
471	172	364	367
471	174	365	365
471	173	367	369
469	174	366	367
472	176	363	363
473	175	364	364
473	175	362	361
470	174	366	366
472	174	365	364
472	174	364	366
