822	522	164	99
833	515	158	108
859	506	149	121
865	497	150	129
866	497	148	128
876	489	150	136
894	481	137	143
901	474	139	148
906	452	142	168
922	443	136	172
924	442	133	171
927	434	141	174
963	435	114	176
976	440	130	182
983	449	128	180
991	465	120	163
989	463	124	164
999	478	112	149
999	492	108	137
994	503	107	128
990	516	110	119
989	522	109	126
989	521	110	127
983	510	116	140
976	506	121	145
966	512	128	140
953	514	139	140
948	519	141	133
948	518	141	135
943	523	141	129
931	524	145	133
911	530	156	126
885	532	176	120
871	532	186	120
873	533	184	119
866	531	185	120
863	531	176	119
861	530	166	119
852	526	167	119
842	522	172	119
844	523	169	119
837	522	173	119
832	523	180	118
815	522	197	120
807	526	204	121
808	529	196	121
807	529	198	120
795	529	192	121
795	530	172	121
795	527	152	123
790	527	148	123
765	524	169	124
767	522	167	127
775	521	158	126
750	519	179	133
741	516	183	134
737	509	170	141
722	507	170	142
729	505	166	142
724	487	159	160
721	483	153	163
718	479	151	166
711	477	154	167
705	484	155	159
702	481	159	164
700	485	150	159
688	482	140	164
684	478	121	168
676	475	119	173
666	474	122	177
663	473	127	175
663	478	119	181
663	489	113	176
661	494	108	172
657	504	106	167
658	503	101	170
657	500	103	171
644	496	112	178
636	498	114	181
637	497	107	183
631	494	106	184
626	491	104	189
624	489	108	192
623	489	108	193
620	487	107	195
621	484	106	200
621	482	108	201
620	480	108	203
621	478	108	204
620	478	109	205
619	477	109	205
618	477	110	205
616	477	111	204
616	476	109	204
616	476	110	204
616	476	108	204
616	477	107	203
617	478	105	203
617	477	104	203
618	477	103	204
620	475	102	205
618	475	101	201
618	473	102	205
620	472	100	201
624	476	97	200
623	488	101	193
627	470	99	202
616	471	109	191
620	468	106	211
619	472	107	213
617	472	112	210
616	474	109	213
616	477	110	208
613	475	112	212
614	477	109	215
616	478	109	220
612	470	114	227
615	474	112	232
608	469	118	230
615	482	113	228
605	470	121	239
609	474	119	241
604	466	124	251
607	490	122	226
598	471	130	245
602	487	127	229
599	493	130	221
594	485	134	228
595	484	133	231
591	469	138	248
600	485	127	231
592	462	138	254
604	472	126	241
599	451	131	254
606	456	123	248
602	442	128	253
605	431	124	264
608	436	123	253
603	417	129	258
605	408	128	259
605	405	129	254
610	410	125	248
612	422	119	237
615	433	122	225
616	433	120	222
616	422	122	229
614	424	124	229
612	434	125	214
615	430	122	218
613	424	123	225
613	412	124	238
611	425	125	225
607	422	128	220
605	423	128	226
608	407	126	238
607	397	124	250
600	414	130	236
602	405	127	240
602	398	127	250
597	415	131	236
599	408	129	240
598	408	132	239
597	383	131	264
594	429	134	218
598	397	126	246
594	411	131	234
597	407	128	239
594	422	132	226
598	425	128	217
594	421	130	222
597	420	129	222
595	412	129	233
594	418	130	227
595	405	130	237
594	390	131	253
593	396	134	249
589	391	135	254
590	405	133	241
590	392	135	254
590	414	133	232
592	404	134	242
589	411	135	237
589	415	135	232
587	415	136	235
588	414	134	233
583	417	138	233
585	418	136	236
585	422	133	236
584	424	134	239
581	426	137	240
586	425	135	239
580	428	140	244
577	429	142	247
577	431	147	249
578	432	145	253
581	433	151	255
584	429	146	239
589	432	147	260
584	433	150	259
590	433	153	257
590	432	153	259
594	431	152	261
590	433	152	261
591	432	152	259
594	430	152	260
596	429	148	263
597	429	147	261
596	426	149	259
595	425	149	263
599	423	146	263
594	424	151	262
598	415	148	268
598	423	150	261
600	419	149	263
599	421	149	263
598	417	151	263
604	422	146	253
602	418	149	265
610	414	145	248
610	413	144	269
609	416	145	262
607	418	149	265
612	417	143	253
613	414	142	268
614	418	141	244
614	423	143	239
617	424	137	219
610	417	141	223
605	421	144	221
607	423	142	214
605	421	144	227
602	425	148	231
602	419	152	258
598	417	156	254
596	412	157	263
593	406	160	273
596	406	157	270
593	405	160	273
595	398	158	279
595	403	160	274
602	406	153	254
599	416	156	260
602	413	150	261
593	408	160	256
594	408	161	268
591	408	164	261
588	406	164	256
586	409	168	259
582	406	171	255
591	410	169	262
579	408	178	235
592	414	165	254
595	406	162	254
591	408	165	262
598	405	160	252
593	407	162	260
596	402	166	238
590	407	168	257
592	401	164	243
594	403	162	263
591	400	165	255
587	403	166	205
595	405	160	232
589	400	168	262
581	397	177	226
589	401	165	259
589	398	171	218
585	405	168	221
594	399	166	257
592	397	162	252
587	398	170	184
593	401	158	236
586	397	169	204
580	399	173	194
591	398	166	229
587	395	167	258
585	389	168	243
585	387	169	258
573	391	182	199
590	395	161	250
577	388	179	221
589	389	159	257
567	387	187	190
586	387	161	250
565	380	190	228
581	389	171	253
575	380	182	223
584	383	168	260
569	380	181	222
583	393	168	257
596	382	165	228
581	381	179	252
578	380	188	281
572	379	189	262
580	378	187	290
581	379	186	280
583	379	179	267
581	379	188	291
575	378	188	290
576	376	191	263
570	376	191	280
561	377	204	301
564	374	208	292
556	375	210	320
553	374	218	320
544	375	222	334
557	369	218	303
546	374	224	334
540	366	232	337
549	352	230	360
542	358	227	356
539	341	239	333
541	329	234	359
531	324	246	371
532	318	251	333
527	318	254	365
521	315	263	382
522	314	263	388
518	307	270	380
513	304	276	409
536	296	265	388
527	290	267	402
510	297	278	413
529	288	271	411
510	283	279	410
501	276	290	418
504	270	291	424
503	268	292	436
493	271	299	441
496	264	299	442
489	261	309	444
487	246	316	454
498	254	312	438
494	256	314	434
503	248	310	450
496	245	319	445
507	244	322	431
499	245	328	378
526	235	299	460
511	224	331	471
514	220	330	447
522	204	332	475
519	193	341	471
514	181	350	475
505	163	365	516
490	153	383	523
503	156	381	527
482	131	395	515
509	136	386	565
498	112	393	511
512	113	384	591
497	120	397	556
489	113	404	541
512	131	401	578
497	129	406	551
513	116	411	583
519	115	402	551
511	143	408	564
517	127	413	580
515	136	407	471
541	139	384	574
562	107	378	588
523	106	405	547
577	88	353	522
555	94	371	511
578	78	348	482
491	85	442	484
538	94	402	451
442	113	478	443
631	54	323	443
629	82	314	433
648	113	342	391
647	62	369	449
620	62	395	519
631	28	391	511
605	25	391	551
648	30	347	486
621	75	367	484
656	15	354	546
663	15	352	527
669	16	370	519
627	23	404	648
566	10	472	685
578	12	467	609
564	16	469	672
526	5	522	663
501	39	533	639
484	31	546	658
489	9	542	677
483	12	541	665
482	25	540	658
492	17	526	666
483	16	526	664
487	14	530	671
495	9	522	676
486	6	538	672
498	3	524	674
485	3	540	663
494	0	529	664
486	0	538	650
479	6	535	646
490	3	534	643
491	1	525	634
479	6	532	616
474	7	544	581
498	11	538	551
549	0	486	540
589	0	438	490
590	10	452	521
568	7	461	611
485	4	540	630
470	1	548	643
466	27	562	654
502	9	522	664
461	7	561	684
474	29	546	660
507	1	530	671
482	11	550	655
493	12	538	646
528	0	574	490
645	36	556	590
687	18	569	588
699	14	562	614
728	18	546	551
730	36	537	622
724	4	544	564
726	122	547	591
707	187	557	532
726	22	536	638
692	155	574	545
728	17	512	646
716	6	532	692
679	219	576	500
694	6	504	673
655	12	511	659
619	5	523	679
622	12	507	667
591	14	511	676
579	5	492	660
581	17	492	683
552	277	506	429
683	11	379	539
634	11	419	630
559	6	494	702
521	326	517	381
673	2	378	577
609	4	432	633
534	18	485	692
489	244	521	457
486	19	504	694
497	0	488	709
461	62	514	647
468	68	485	642
435	296	512	414
468	3	506	685
466	20	492	698
444	3	496	707
465	0	489	702
466	13	478	687
460	10	499	689
451	5	501	701
450	15	511	683
451	44	522	654
475	27	511	682
459	244	522	467
450	46	513	672
451	45	547	653
458	18	536	687
460	108	531	611
485	54	497	595
457	43	514	655
466	23	543	676
458	58	527	656
495	21	524	658
510	42	509	662
499	48	528	640
500	50	535	630
505	64	546	610
508	56	538	622
497	96	503	591
532	24	536	638
526	6	553	634
516	202	542	497
518	98	496	582
538	40	546	640
550	22	523	675
539	16	511	674
515	27	512	658
511	37	529	659
513	23	499	611
473	20	565	604
471	27	539	646
503	18	503	653
462	6	521	657
424	30	530	644
433	8	495	651
407	12	501	581
445	19	497	667
446	11	495	643
429	24	488	646
419	11	500	654
406	37	487	619
414	25	503	632
410	14	500	620
397	28	520	626
416	34	517	605
451	6	495	595
442	5	491	575
453	13	494	513
577	6	378	462
579	5	391	445
643	0	352	438
595	7	369	410
632	5	337	402
624	2	338	356
635	11	326	331
648	6	318	329
644	6	292	368
621	6	330	392
609	4	331	469
624	0	307	420
486	12	432	569
491	4	438	548
511	37	413	557
505	10	414	552
508	39	409	603
513	20	410	613
512	38	391	528
494	47	406	603
515	47	392	580
504	70	374	563
485	246	393	442
489	92	392	567
518	83	371	548
490	93	391	568
513	104	360	541
528	113	325	450
506	121	344	492
497	112	361	553
486	110	372	501
486	123	367	523
509	114	341	483
493	127	350	464
494	133	341	502
495	122	345	468
486	132	344	497
504	128	333	491
517	134	308	492
508	137	317	481
507	140	321	477
513	138	308	483
506	145	316	433
492	144	327	419
499	140	328	422
498	141	317	435
492	137	316	444
497	141	319	455
497	135	313	405
518	133	306	443
504	135	311	447
511	127	300	427
516	128	307	453
533	134	285	435
519	128	296	416
511	123	316	453
521	125	305	425
511	122	314	442
521	123	302	441
517	123	305	439
531	115	293	453
520	119	296	420
510	123	319	447
514	116	318	405
517	118	303	455
520	122	298	424
514	118	303	452
515	119	302	447
505	118	306	439
481	116	333	445
519	113	290	434
503	121	297	439
488	122	320	392
508	127	307	455
501	120	299	431
491	133	312	452
511	119	296	450
501	133	296	439
496	125	302	459
512	123	284	461
493	122	310	455
479	293	333	302
494	278	295	313
510	142	288	427
523	137	300	432
547	154	292	440
551	157	295	460
534	162	316	471
553	177	318	464
572	177	287	450
546	190	325	436
575	204	304	457
581	196	312	435
578	194	331	453
615	194	314	450
623	198	304	443
626	194	293	459
656	189	265	459
631	197	288	427
627	191	298	456
624	188	314	409
609	188	315	459
609	181	319	413
610	187	392	418
645	181	291	434
619	183	329	423
631	181	313	420
608	190	330	412
610	190	316	412
597	182	363	423
606	189	318	421
611	177	317	439
599	178	324	472
627	178	293	326
656	182	257	327
655	180	256	367
648	178	269	373
618	144	300	454
603	217	332	361
669	161	244	330
663	178	260	309
647	171	278	331
644	174	287	378
635	160	289	373
615	162	305	379
627	164	298	393
626	160	295	426
638	152	291	381
630	144	293	435
651	144	282	369
638	133	293	390
661	129	270	369
642	149	282	340
642	128	292	420
615	148	312	321
671	116	259	400
645	118	288	393
630	145	304	394
606	137	329	335
670	136	270	356
638	120	299	439
599	179	326	297
627	101	292	416
641	126	295	433
599	166	318	317
642	126	273	353
651	127	263	338
617	209	289	389
607	116	294	437
617	123	296	483
602	155	314	437
599	146	317	445
599	144	300	449
604	130	296	458
594	127	284	476
602	125	277	478
593	133	297	470
594	115	287	499
589	112	302	499
580	99	294	512
601	102	276	512
587	103	294	510
586	112	296	497
587	109	288	503
591	110	288	507
583	111	287	502
591	111	287	510
576	109	293	505
594	111	283	510
581	111	287	501
586	120	303	500
574	128	286	500
587	123	283	509
576	120	281	509
579	126	277	504
579	119	284	509
581	137	284	482
568	136	300	493
569	135	301	499
572	135	292	499
565	145	308	486
566	136	300	500
561	141	294	494
571	163	304	471
561	129	286	518
569	135	295	507
551	141	313	492
556	129	297	506
567	154	296	492
548	145	309	443
536	188	344	371
561	157	325	388
574	172	286	477
559	240	310	385
552	221	311	285
559	212	299	316
602	190	259	395
581	195	300	332
608	201	266	358
598	216	276	335
621	199	263	355
644	209	216	289
663	215	196	274
659	202	192	284
665	198	196	279
675	204	190	277
672	199	203	276
683	201	191	272
671	195	208	281
684	198	196	291
665	191	208	286
659	195	219	282
673	205	206	287
663	186	213	264
660	198	222	271
662	198	213	258
664	194	209	262
664	185	210	267
657	184	217	280
667	173	213	276
658	177	214	269
655	175	213	281
650	180	222	280
659	179	212	289
670	171	199	265
669	175	207	261
666	172	209	262
669	173	211	252
669	177	204	265
668	172	198	269
668	170	203	270
671	171	198	259
659	167	209	279
661	168	203	272
658	169	203	278
670	165	202	271
668	163	198	275
672	167	199	274
659	167	212	288
646	168	228	325
663	165	221	285
658	166	221	313
671	163	217	292
675	161	204	286
682	152	195	262
671	165	212	261
688	159	199	257
679	162	212	279
693	150	206	271
671	156	228	280
691	148	209	285
683	157	217	276
681	139	215	279
686	141	216	283
677	129	223	306
659	136	240	319
672	129	223	299
669	128	221	293
678	127	218	292
668	132	222	309
678	135	215	303
685	151	210	287
659	144	224	301
673	136	221	292
671	143	222	287
674	136	216	299
691	159	201	285
685	150	201	273
665	139	215	296
670	152	214	278
660	142	228	291
661	144	221	298
669	152	215	290
672	164	213	269
655	140	222	299
658	143	220	287
676	152	206	277
659	148	220	282
672	163	214	260
661	159	220	272
649	161	237	264
651	168	236	256
652	158	241	263
651	158	231	271
652	165	234	265
649	158	233	281
652	163	235	277
650	165	231	280
647	156	243	281
650	152	227	282
647	157	236	271
648	159	239	260
642	165	231	261
647	150	231	264
646	162	234	248
644	154	239	253
646	168	232	240
647	155	227	255
645	157	231	255
645	164	233	245
642	167	231	247
642	154	237	258
642	167	245	254
647	158	241	265
646	176	235	254
648	152	237	268
647	175	234	253
649	163	226	247
644	165	231	247
644	164	234	251
647	167	229	246
646	161	227	257
646	157	232	257
644	156	241	270
641	159	238	269
644	160	232	277
644	156	241	269
644	168	233	270
646	165	240	264
645	166	233	266
646	168	233	267
637	153	238	278
629	162	230	277
631	153	241	278
642	148	236	278
637	150	237	274
638	150	236	284
640	159	235	268
640	130	233	286
639	131	236	281
639	128	237	278
635	126	238	280
636	124	239	283
633	128	235	275
631	125	234	280
632	126	234	282
632	126	231	277
630	122	231	282
633	133	230	272
630	120	235	278
632	118	230	285
633	124	228	281
633	127	228	279
633	126	226	281
632	132	226	273
632	119	222	291
634	137	225	272
629	126	234	285
634	141	226	263
635	136	229	275
640	138	222	277
654	148	211	274
649	171	215	264
647	155	219	286
650	152	227	277
645	155	230	276
595	146	272	304
549	158	325	333
530	130	338	477
527	164	363	414
519	212	358	455
540	220	349	425
528	141	355	504
502	208	350	376
543	120	322	545
512	103	354	558
533	107	344	567
505	134	371	535
519	179	368	477
538	112	338	531
510	173	350	475
543	138	331	444
533	70	345	591
535	74	331	579
522	107	345	540
519	117	368	512
498	227	384	369
531	104	322	460
530	121	338	488
538	88	351	470
534	153	361	404
572	104	326	438
529	121	376	394
555	120	308	427
582	107	287	470
547	123	321	411
571	113	297	454
552	121	327	392
563	116	304	434
566	120	307	409
579	115	284	438
566	123	306	444
583	128	315	392
563	146	332	354
583	130	292	424
597	122	298	408
589	121	303	409
588	110	292	422
600	119	278	499
614	111	325	372
601	103	321	551
574	104	346	557
567	122	357	534
570	175	349	485
576	126	342	541
581	152	357	508
576	136	346	542
602	112	324	478
594	234	355	389
609	113	317	497
595	130	334	437
584	181	353	350
626	118	287	468
624	112	305	429
593	128	326	440
571	151	343	427
582	189	322	522
563	172	362	525
556	234	370	424
581	168	348	405
558	183	339	528
561	170	370	533
553	228	374	408
595	213	326	433
612	200	312	470
605	188	318	432
601	184	307	465
629	193	299	429
615	199	309	515
642	198	325	514
650	199	321	447
674	195	309	444
663	192	301	463
680	195	292	443
687	177	294	515
682	165	325	515
663	144	341	550
658	152	347	496
665	161	348	497
669	127	341	538
675	147	339	401
696	154	298	480
691	147	331	512
678	152	336	478
682	147	340	510
691	142	336	547
681	142	336	521
669	159	353	496
670	154	342	459
689	150	319	504
678	163	344	540
710	180	306	503
685	172	309	509
655	229	341	427
680	192	321	481
660	208	336	447
660	226	326	465
688	201	297	474
660	214	299	463
651	226	306	409
676	224	292	474
670	218	303	463
650	257	311	405
662	263	307	432
668	264	314	395
668	228	294	456
660	259	298	434
668	255	298	440
654	264	320	438
679	272	307	419
663	251	321	448
664	272	320	436
679	274	316	424
677	259	307	433
681	280	301	418
667	279	325	416
683	265	314	429
679	236	306	445
666	237	316	453
668	230	308	464
689	243	302	394
681	241	305	439
675	253	309	423
673	239	314	429
677	231	302	440
672	219	301	473
665	217	314	469
667	217	312	468
664	212	317	471
682	206	300	478
659	220	325	465
698	206	286	477
679	211	307	449
675	218	304	407
671	220	303	446
671	248	309	409
697	230	288	330
679	229	283	379
666	228	288	395
670	229	296	370
655	228	290	386
666	216	280	379
647	239	281	366
686	225	250	284
707	243	207	288
687	198	234	354
671	202	246	382
662	205	256	387
666	201	251	394
663	203	255	394
676	199	243	379
664	218	244	372
679	212	232	357
661	230	246	347
667	226	244	348
660	233	250	328
663	234	255	344
667	242	249	348
668	252	244	339
664	274	252	280
712	276	199	300
688	280	223	333
681	288	230	372
679	327	241	332
689	321	232	345
693	314	238	355
679	318	238	381
685	314	242	389
669	287	254	393
629	358	299	267
645	291	282	336
659	285	268	316
693	347	239	369
709	340	237	316
701	330	228	372
694	356	239	357
710	343	234	319
701	339	235	366
700	337	232	349
707	339	223	360
708	338	224	333
713	333	219	342
708	353	228	318
710	319	220	374
711	360	231	262
738	334	191	297
729	343	202	308
714	329	218	350
713	320	231	361
706	320	232	378
704	289	266	382
692	353	247	336
733	273	208	348
738	282	201	392
711	278	227	418
708	261	240	426
702	312	249	373
703	288	237	405
700	312	243	371
710	288	244	397
706	305	245	386
697	341	242	346
713	287	233	369
700	337	236	355
713	291	228	379
699	351	237	347
714	253	228	399
698	257	241	443
685	297	276	393
690	301	249	389
691	345	231	345
703	323	226	383
702	329	230	381
701	319	229	382
695	337	234	369
699	323	231	364
693	344	238	371
694	332	244	382
681	353	241	364
691	329	232	378
675	317	233	397
680	375	229	331
667	360	235	338
676	327	225	378
662	364	231	345
666	346	227	361
657	387	233	322
664	387	229	319
658	378	232	328
671	348	227	363
662	387	232	323
673	335	225	369
668	340	227	364
668	320	228	386
672	358	222	351
674	373	231	333
673	372	223	338
670	353	226	357
667	349	227	364
664	348	227	367
658	374	228	338
660	359	224	352
654	377	226	338
663	352	218	360
654	355	223	359
653	368	226	346
650	360	229	353
651	387	225	325
657	363	214	344
650	346	226	363
645	379	222	329
653	345	219	360
647	356	220	353
644	360	228	349
645	343	230	362
649	342	217	368
642	354	234	351
644	349	229	360
647	346	226	363
646	342	226	368
640	335	232	378
644	352	233	357
644	351	234	360
638	350	232	361
637	339	232	369
638	321	229	398
647	322	217	391
642	337	219	372
640	341	227	365
640	332	241	372
645	317	216	380
636	313	224	379
635	322	227	366
630	325	232	361
628	315	233	369
634	329	222	372
628	340	224	358
631	339	220	361
627	344	225	359
629	353	224	348
626	344	226	343
630	352	221	353
628	352	223	352
630	353	221	353
632	361	218	346
629	362	223	337
629	373	221	340
625	371	234	337
624	369	231	325
628	380	223	335
628	372	225	342
626	380	225	326
630	385	220	328
629	380	224	330
629	384	227	322
631	385	220	326
633	385	220	327
631	391	219	324
633	394	217	325
635	389	215	314
631	398	216	318
634	394	214	300
636	408	212	308
627	399	220	299
643	411	206	303
631	405	220	292
642	420	216	296
629	412	218	302
641	421	206	296
629	425	218	287
629	418	214	296
628	418	215	300
617	426	221	290
609	446	226	271
612	417	219	295
612	451	221	265
606	436	220	279
600	452	233	266
602	444	225	271
607	454	220	263
601	451	223	264
612	450	214	264
615	441	210	271
622	412	204	301
606	451	229	263
621	409	205	301
608	450	231	264
615	409	214	304
602	446	233	266
608	437	221	276
604	443	235	267
613	439	216	267
611	442	221	261
606	437	225	267
607	436	224	266
610	434	222	265
612	434	221	264
606	435	226	262
606	429	225	268
612	427	225	267
606	427	229	266
608	424	228	268
611	420	227	271
610	426	232	268
613	418	225	271
613	421	228	272
615	413	223	277
612	413	230	277
615	416	228	276
614	402	226	292
618	405	223	289
624	389	219	305
615	402	232	288
618	389	227	307
617	391	231	295
626	376	222	310
619	368	231	272
629	351	216	324
620	344	232	291
644	358	206	312
639	331	214	313
640	330	212	302
641	325	210	302
640	319	206	303
634	322	213	303
638	316	209	306
637	313	210	301
627	365	219	260
638	317	203	309
651	300	203	341
651	294	204	332
658	291	196	360
658	304	197	299
630	315	220	374
629	336	238	327
644	309	211	340
635	313	218	345
636	313	217	368
643	314	211	376
630	318	227	324
646	300	209	358
654	299	196	344
653	302	204	347
651	306	205	330
663	303	194	325
655	308	198	328
660	306	193	324
676	303	181	254
684	301	168	286
650	306	203	343
662	309	191	303
646	318	203	307
678	308	175	254
679	330	172	244
659	309	194	361
673	314	186	270
646	327	206	283
667	312	179	288
659	310	184	323
687	311	163	253
675	310	172	290
651	330	191	282
677	309	172	264
675	313	168	283
631	316	212	336
654	315	190	321
681	313	167	246
674	314	168	269
656	315	186	359
647	318	196	344
672	319	176	254
706	334	137	219
699	319	146	234
686	319	157	259
702	322	145	247
702	329	145	225
704	323	142	230
703	316	142	243
702	313	144	238
696	315	152	263
691	313	156	271
701	311	151	228
701	308	149	244
701	311	150	235
699	311	147	240
702	311	143	240
702	312	143	238
698	313	145	225
701	316	144	209
700	329	145	179
698	335	146	182
700	319	146	196
700	317	142	199
698	316	148	213
699	315	152	205
700	317	146	216
701	316	146	195
701	321	147	204
701	319	158	206
704	319	152	195
703	320	155	199
706	320	149	198
707	318	146	202
706	319	146	201
708	325	147	224
701	330	153	243
707	328	152	262
711	326	151	228
708	329	155	247
711	358	156	220
733	349	142	206
730	378	145	184
733	378	147	201
738	344	142	191
740	364	143	188
734	376	143	175
738	384	143	190
740	358	138	209
739	365	142	189
741	371	136	195
734	362	146	196
737	368	143	192
734	371	147	185
731	370	147	185
729	368	148	196
727	355	148	212
713	355	158	214
716	360	147	231
715	360	156	224
703	358	160	196
704	358	159	206
698	358	159	217
676	357	189	275
666	353	194	241
669	345	198	258
670	349	193	241
659	348	203	316
652	352	209	235
657	349	203	322
623	352	234	227
653	352	206	330
659	351	198	237
656	355	195	236
642	364	197	302
637	370	199	321
632	366	201	246
631	372	206	265
633	376	216	318
633	376	213	316
636	384	205	314
641	393	203	310
638	387	206	297
642	393	198	316
636	396	208	313
638	400	205	305
632	403	209	306
614	396	225	307
619	404	219	313
613	406	224	308
595	406	242	310
628	409	205	309
596	406	237	305
623	414	211	300
606	408	226	305
620	416	212	298
615	412	217	304
604	412	228	302
597	409	234	308
602	409	230	306
587	407	244	310
600	405	233	309
588	404	244	311
583	400	252	313
581	394	256	316
585	391	251	317
585	390	251	314
575	384	258	314
583	377	254	320
588	376	246	314
581	375	252	316
580	372	254	317
582	371	251	318
585	370	247	318
578	367	256	319
581	362	251	323
600	374	231	308
610	376	221	305
607	374	224	312
606	365	225	316
605	364	223	317
603	363	226	316
619	361	210	318
594	366	235	313
606	369	220	309
598	361	228	324
601	381	223	301
628	407	198	275
602	425	219	259
595	422	227	261
599	428	218	256
595	429	224	257
588	428	225	259
591	434	220	254
591	442	222	249
591	445	220	250
595	442	221	253
591	452	223	247
590	451	225	251
591	454	222	251
591	457	222	249
587	458	224	250
586	461	228	247
585	462	226	249
582	465	227	247
579	469	227	244
575	466	229	246
572	466	231	248
573	468	232	244
574	467	230	248
572	469	232	244
573	469	231	247
569	470	235	245
569	470	233	242
570	473	232	243
571	471	231	242
572	470	230	246
575	475	224	242
573	472	223	243
573	472	222	244
574	469	220	246
573	474	219	242
574	469	217	246
571	476	217	240
571	462	215	253
570	470	213	244
570	465	213	250
569	473	214	242
567	466	214	249
568	470	214	245
570	463	212	252
566	475	214	240
569	468	213	248
568	470	214	245
567	468	215	247
567	469	215	247
566	466	215	250
568	470	216	246
569	467	215	249
567	467	217	249
567	473	219	244
568	470	217	245
567	467	218	250
568	472	219	243
568	471	218	246
567	472	219	245
568	470	218	245
568	471	218	245
568	470	218	245
569	468	216	247
568	470	218	245
568	470	218	246
569	472	218	243
569	471	219	244
569	470	220	245
571	471	218	245
571	473	218	241
571	469	217	245
571	471	218	243
571	471	218	242
573	470	219	243
573	471	222	240
573	472	223	240
572	464	226	248
573	464	222	247
573	464	222	249
573	465	219	247
571	462	223	251
572	454	223	258
571	465	227	247
570	440	233	272
573	438	228	274
575	428	235	282
569	426	246	285
574	425	250	286
573	440	221	273
571	431	232	279
562	421	252	289
562	419	251	290
561	446	241	263
565	458	236	255
557	465	243	245
556	455	245	256
556	454	246	253
555	462	247	249
558	461	245	246
576	462	228	247
551	423	255	284
548	408	252	305
551	397	243	309
549	375	238	329
554	356	230	346
555	354	223	349
558	333	221	370
554	319	220	379
550	311	227	395
550	307	224	397
558	313	224	399
553	297	221	410
548	297	228	413
559	303	219	415
561	299	214	410
561	306	223	404
568	310	215	406
566	308	217	402
577	323	206	390
588	328	198	386
600	348	185	361
595	348	198	365
600	351	193	364
600	357	197	358
610	354	190	359
614	353	186	340
586	367	220	242
620	378	189	279
608	358	211	252
604	372	215	239
613	356	218	286
629	360	203	354
605	352	252	322
648	354	191	358
605	365	243	236
656	355	179	361
584	371	241	220
658	333	190	378
657	355	186	356
610	365	241	288
633	348	220	312
665	338	175	377
664	359	178	354
666	357	178	352
656	358	198	311
661	350	188	364
654	361	185	316
652	345	187	365
633	357	203	247
669	329	171	387
627	355	212	329
638	344	208	352
647	348	205	348
630	352	215	327
650	349	201	362
654	348	196	356
654	348	198	354
655	350	198	354
654	353	197	352
648	355	206	350
658	356	203	342
666	364	214	341
652	365	218	344
658	366	222	345
642	368	236	345
651	367	228	344
659	369	206	344
656	372	213	338
664	372	207	339
661	373	212	340
666	375	213	339
662	371	213	340
662	380	218	333
668	378	215	333
654	378	227	338
665	380	218	334
671	383	207	334
661	382	220	333
675	386	204	328
667	385	216	331
680	385	199	330
676	390	222	316
677	387	213	326
680	391	215	323
684	389	203	324
679	385	195	330
689	390	176	325
680	397	191	315
678	394	181	319
665	394	193	319
683	391	175	322
672	394	183	321
672	394	184	319
678	391	179	325
664	394	195	322
688	390	168	325
688	385	168	330
660	388	190	322
685	391	161	286
663	389	190	314
690	388	160	324
690	381	162	333
687	382	165	333
683	381	170	333
692	390	164	320
698	390	163	320
691	387	174	323
692	391	172	320
683	379	186	333
697	381	178	328
696	382	184	325
690	381	197	328
703	376	194	328
696	381	201	321
696	381	209	318
700	379	218	316
695	377	231	313
700	375	232	312
699	368	240	317
696	364	245	322
706	368	242	315
712	368	238	314
724	370	229	280
737	376	219	292
746	382	218	266
744	381	220	285
750	390	218	268
750	394	220	268
751	401	223	269
754	406	222	264
755	411	216	249
754	410	220	249
752	415	221	251
754	415	221	249
750	417	224	246
752	416	222	253
749	415	224	255
751	416	223	253
749	417	222	249
749	415	219	246
748	417	213	226
754	420	207	177
754	418	206	196
747	424	215	179
739	420	213	164
754	420	205	181
754	420	207	183
745	422	218	178
757	425	205	191
758	427	207	182
760	427	202	211
758	429	202	227
753	432	203	248
754	432	198	236
749	434	208	240
752	434	204	239
750	434	204	245
753	435	199	240
749	436	205	238
751	439	194	234
753	436	199	262
752	437	183	259
752	435	194	239
751	444	191	173
757	445	175	185
758	447	175	182
760	447	170	184
760	448	170	182
760	445	170	193
759	449	171	194
758	446	172	217
759	452	171	233
748	449	178	262
752	447	178	236
746	451	180	258
751	451	175	246
749	454	173	261
751	455	176	249
749	454	176	253
749	455	175	249
745	453	177	261
746	454	177	257
743	453	176	259
742	452	175	260
738	450	180	261
737	449	180	260
734	448	182	263
733	448	180	265
732	447	180	261
742	448	169	260
739	448	170	264
743	447	165	264
748	447	162	264
749	447	160	266
747	446	164	265
753	446	159	252
753	444	157	255
752	443	157	264
751	444	160	262
751	442	162	266
752	440	159	258
754	438	157	271
753	439	159	272
754	439	159	270
753	439	160	272
752	439	160	262
754	434	160	275
749	435	163	224
754	437	158	257
753	435	161	271
746	431	167	233
755	436	160	228
754	425	160	248
754	424	161	246
753	420	161	245
756	423	160	250
747	420	165	212
749	423	162	194
756	420	153	198
757	419	149	180
756	417	150	193
756	419	151	196
753	419	150	183
752	418	152	196
751	421	152	188
749	419	155	188
748	422	157	188
747	421	160	191
744	425	162	186
744	423	164	193
742	428	172	186
738	432	177	177
731	431	196	177
732	431	191	199
727	435	197	173
727	433	219	182
710	431	239	250
712	437	244	247
711	444	259	247
709	445	259	248
708	451	263	245
708	458	274	238
697	459	289	237
704	460	289	236
704	461	291	237
697	460	296	237
710	463	290	234
699	463	302	232
707	464	297	233
695	464	311	231
697	463	310	234
690	463	317	234
703	464	308	231
693	464	316	230
690	462	317	229
697	459	312	230
693	459	315	229
702	457	306	230
695	457	311	228
698	455	308	226
693	450	311	230
691	449	311	226
692	447	310	227
695	446	307	227
688	444	311	226
698	443	300	228
691	442	308	229
692	440	305	228
699	440	297	227
694	440	303	228
691	440	304	229
701	440	294	230
688	440	309	230
685	433	309	236
703	429	295	243
689	438	304	232
694	439	300	232
675	440	320	232
678	441	313	233
682	437	303	236
673	432	293	241
683	427	289	244
683	421	277	252
696	406	246	267
699	384	230	290
694	358	222	314
704	334	209	327
701	338	211	327
697	312	213	357
704	314	201	292
725	312	174	258
724	337	162	232
723	347	156	217
722	315	160	263
713	313	153	282
705	339	158	199
697	372	149	181
689	318	143	277
649	329	186	366
653	331	188	363
649	334	196	363
646	328	188	369
648	357	179	348
595	323	195	296
598	313	211	360
597	311	205	370
577	313	221	372
579	302	219	406
539	299	255	404
551	288	238	422
562	291	229	415
566	296	223	412
574	303	213	406
569	305	205	392
573	311	207	398
576	310	196	391
592	313	184	393
595	310	181	397
604	313	173	395
598	315	176	384
601	316	176	392
605	318	171	385
601	312	176	373
613	316	168	388
608	308	171	386
618	313	166	389
604	296	175	392
627	301	161	396
630	291	155	400
630	296	159	396
636	289	157	404
635	289	160	396
641	293	160	394
641	290	163	395
643	289	165	391
644	292	166	392
646	291	169	390
650	292	171	390
648	296	177	384
651	294	180	383
652	298	182	379
653	299	181	379
651	295	184	385
628	295	211	295
665	270	180	371
629	281	216	329
660	280	188	324
600	293	244	277
600	282	249	308
605	279	249	321
617	295	240	305
648	283	212	303
681	281	186	300
635	293	226	307
660	275	198	346
644	289	214	308
646	283	217	299
680	288	178	315
647	284	204	317
667	283	198	304
658	286	209	290
660	279	211	361
664	277	222	402
657	279	228	399
656	284	205	397
650	279	217	396
659	294	195	388
652	287	204	391
658	282	200	397
657	284	204	358
656	283	210	396
653	285	208	392
654	287	212	387
653	286	218	384
649	288	221	388
649	291	216	391
656	290	213	388
653	290	216	380
649	292	219	395
657	293	207	396
654	299	209	391
654	298	205	389
651	298	213	392
652	298	222	396
651	301	218	389
654	299	213	388
647	303	213	391
652	303	205	392
652	304	205	392
652	305	205	392
650	305	208	392
648	306	212	393
643	310	224	386
645	311	220	390
636	312	227	386
638	309	229	384
637	311	227	392
631	312	234	390
631	312	230	386
625	311	233	393
628	314	233	387
627	313	227	388
628	313	239	394
623	315	243	391
624	315	241	390
631	315	232	387
634	317	225	385
620	320	233	384
629	315	241	385
628	321	235	378
627	316	228	385
621	316	227	385
624	318	232	384
630	316	226	386
621	317	231	386
626	315	244	387
619	321	244	384
621	320	238	388
618	323	236	379
626	320	237	380
626	318	228	378
630	318	222	385
630	317	248	384
632	329	234	378
627	320	237	375
630	320	226	382
637	315	241	383
629	320	252	380
623	322	240	381
624	318	240	385
625	317	233	382
632	316	241	376
628	322	245	376
625	321	245	380
633	319	249	375
628	322	251	381
621	328	248	365
621	318	250	378
629	324	248	375
630	343	246	358
625	332	255	365
621	339	258	355
629	337	245	363
626	336	253	362
629	341	237	359
627	342	243	359
628	341	240	358
629	343	234	357
627	342	231	350
629	343	233	355
643	340	225	340
624	345	236	348
632	341	229	345
620	345	240	351
638	341	221	344
623	347	237	354
635	342	214	343
619	345	240	355
632	344	218	345
631	343	227	351
622	342	229	351
644	339	216	336
628	347	221	345
633	345	218	313
628	343	215	362
641	341	213	344
628	347	214	324
625	344	226	352
648	345	206	269
639	342	209	323
646	345	204	327
659	345	186	252
674	346	161	238
679	348	158	250
678	347	156	222
693	346	147	212
694	342	145	211
693	341	145	210
692	340	147	205
690	340	149	207
692	339	145	206
688	337	148	206
681	336	153	206
678	335	154	208
672	333	159	214
674	329	157	235
664	334	162	231
672	330	149	218
669	325	152	220
671	324	153	220
666	326	154	235
671	327	147	224
669	326	150	210
668	335	145	206
667	332	146	230
666	327	145	212
671	327	141	209
671	333	140	200
667	334	141	202
678	336	136	198
659	345	149	198
672	330	139	215
674	328	135	208
673	326	137	207
669	328	140	206
669	332	139	200
668	346	141	191
678	346	130	187
647	335	160	202
672	332	139	202
656	341	152	195
672	326	137	204
658	324	149	218
667	331	144	200
665	336	141	193
658	320	149	211
662	326	146	222
663	326	144	211
667	332	141	193
653	326	153	208
664	325	144	207
660	323	148	202
657	328	147	197
670	336	140	191
654	327	152	202
660	330	148	211
655	327	152	210
654	328	157	218
627	334	176	221
640	329	174	230
620	331	188	257
608	335	204	302
585	331	230	343
577	331	242	338
576	334	242	353
588	334	230	346
588	336	228	326
582	334	235	361
591	331	225	356
590	331	229	329
585	335	232	363
588	335	226	353
583	334	235	335
587	341	229	360
589	339	225	346
589	340	228	350
583	342	230	331
586	343	232	360
594	341	220	347
583	347	228	353
587	342	229	343
584	349	231	359
590	346	220	357
583	340	228	320
588	347	225	363
594	347	218	357
583	346	227	348
585	348	231	350
583	343	232	308
585	347	230	358
581	347	224	353
584	345	231	351
584	348	226	349
581	348	229	352
580	347	230	332
583	350	227	363
585	349	219	354
576	347	234	351
580	349	229	349
574	348	234	352
588	343	224	355
574	350	230	323
574	345	230	364
582	346	216	353
572	349	231	355
581	345	222	356
571	346	229	356
577	344	225	359
573	344	227	358
575	342	222	353
570	341	228	348
564	340	233	349
580	340	223	356
573	343	223	345
578	338	221	345
575	336	222	355
571	333	228	351
574	334	223	336
566	331	232	358
574	332	226	357
572	331	223	343
574	330	224	350
577	329	220	330
582	329	217	335
592	324	226	307
564	327	266	363
590	318	237	332
572	324	236	359
565	325	237	355
557	326	251	359
563	320	225	357
566	316	226	365
558	317	232	370
556	317	238	372
562	315	237	372
564	312	232	374
557	312	230	379
554	313	238	377
560	312	228	375
552	313	232	379
557	312	232	377
555	310	232	377
561	311	224	379
550	314	231	378
546	314	237	377
544	315	240	375
555	312	232	379
549	314	231	381
553	316	229	378
551	320	227	374
553	317	223	382
548	319	229	381
556	318	219	384
551	324	224	380
543	321	233	380
552	322	219	377
547	321	224	382
555	321	217	382
543	321	228	383
552	323	218	376
549	322	246	378
557	325	216	373
544	324	231	373
552	321	222	378
543	324	248	376
552	324	230	376
548	325	262	376
545	325	252	380
547	323	251	380
552	320	244	378
544	321	242	378
543	324	244	379
559	323	225	373
547	325	234	374
547	325	232	369
539	323	232	369
551	315	230	373
553	319	221	369
563	316	224	341
553	313	221	382
563	309	218	345
551	309	228	382
566	300	220	377
550	307	223	374
569	303	210	337
554	302	221	382
562	302	215	344
561	301	218	370
563	303	212	334
568	301	209	365
567	304	204	326
601	299	184	310
577	303	200	311
567	300	213	350
613	299	171	257
629	300	154	282
623	297	158	267
633	300	152	259
633	302	152	240
635	299	149	242
636	298	149	237
637	299	149	234
637	298	149	243
635	299	151	239
641	298	147	239
641	300	150	233
637	299	153	240
640	298	149	245
638	301	155	236
636	296	163	245
642	299	165	238
643	296	165	241
641	298	164	240
639	296	164	239
644	296	157	250
625	301	168	269
610	300	181	260
612	304	173	270
572	301	215	379
580	299	220	350
567	298	229	381
573	296	223	381
557	296	242	384
569	293	232	383
555	301	244	379
577	313	231	362
558	298	240	355
582	310	221	353
565	303	232	349
561	299	242	367
569	320	230	316
561	305	237	375
568	302	232	358
574	301	220	329
582	310	219	322
586	311	211	283
606	317	191	279
602	313	191	283
597	322	200	298
590	322	208	283
589	321	210	306
590	329	208	265
605	329	193	281
604	326	193	258
574	336	241	330
556	342	248	326
551	355	246	330
541	342	247	335
519	383	271	308
536	380	251	316
515	406	242	285
439	422	313	271
412	436	334	259
344	453	406	245
272	464	469	247
288	459	442	252
224	468	502	242
182	475	467	238
162	459	437	253
114	445	442	267
85	452	398	259
88	448	393	261
58	414	349	302
22	452	344	266
3	470	348	246
0	481	344	237
0	488	361	231
0	492	339	226
0	481	320	235
0	472	294	244
0	463	247	254
0	452	218	251
0	445	185	237
0	447	181	235
0	435	159	257
0	458	136	253
0	473	121	240
0	469	115	241
0	460	116	248
0	460	114	245
0	456	77	183
0	444	150	228
149	483	263	190
226	510	253	203
227	501	234	175
