593	256	52	86
590	254	52	86
587	252	52	87
583	249	52	87
579	247	51	87
575	245	52	86
571	243	52	86
564	243	52	84
559	241	52	86
554	239	52	87
553	238	52	87
552	235	52	88
550	232	52	88
546	229	51	88
543	226	52	89
540	223	52	87
539	219	52	89
539	218	52	89
540	216	52	89
542	214	51	88
544	212	50	89
546	210	50	89
547	209	52	90
549	210	52	90
552	208	51	90
556	208	49	90
558	207	49	89
560	207	49	89
560	206	49	89
560	206	49	88
558	205	50	88
554	204	49	88
553	203	49	89
553	202	49	89
552	200	50	89
551	198	49	89
548	199	48	88
545	198	49	89
542	198	49	88
540	198	49	89
540	197	49	89
540	199	49	88
540	198	49	89
540	198	49	89
543	198	49	89
544	197	49	90
546	198	49	88
548	197	48	89
551	197	48	88
555	197	47	88
557	197	46	89
558	196	47	90
560	197	45	90
560	196	44	90
562	195	44	91
562	195	44	89
562	200	45	85
560	200	43	85
557	200	43	84
553	199	44	85
552	197	41	86
548	197	43	88
543	196	42	88
540	196	41	90
540	197	39	88
538	200	41	80
542	196	41	90
543	195	40	91
543	197	39	88
540	194	40	91
537	192	40	95
536	192	41	95
533	192	41	95
535	193	42	90
534	194	44	88
536	192	43	91
537	194	43	89
534	195	47	90
534	194	45	89
534	195	46	86
536	195	46	87
538	195	47	86
540	196	47	82
546	194	44	85
548	196	45	79
548	194	47	81
549	197	46	81
547	196	45	82
543	191	46	84
541	189	47	84
540	184	47	90
541	192	49	81
545	191	50	84
549	189	51	85
552	190	53	83
554	190	53	82
555	189	52	82
552	184	52	87
553	182	52	90
551	182	54	89
548	179	56	90
546	183	59	83
545	183	59	84
542	182	59	86
539	179	59	90
536	173	60	94
535	167	61	96
534	165	63	96
535	165	61	96
537	164	58	97
539	165	58	96
540	162	59	98
540	163	60	97
537	159	60	101
536	160	59	99
534	158	59	102
529	155	60	103
525	150	59	107
518	152	62	104
518	145	61	109
516	143	61	108
514	141	62	109
513	138	62	109
516	131	60	112
519	122	63	117
526	114	62	117
526	112	65	119
527	110	67	121
533	108	67	120
535	104	67	123
536	102	67	124
534	100	69	123
534	97	72	126
540	101	70	128
544	117	70	120
542	134	73	123
544	148	71	118
545	159	73	119
551	166	73	118
559	165	77	124
572	169	79	123
584	177	82	123
595	185	85	124
599	192	89	125
600	197	89	124
601	204	91	129
600	211	93	123
599	217	94	123
599	219	97	123
604	225	94	124
608	232	93	125
610	234	94	123
610	236	98	123
606	237	100	121
598	236	105	122
586	234	112	123
577	236	120	118
571	231	128	115
555	227	137	121
548	227	141	118
540	224	144	119
533	222	151	126
525	223	152	128
515	222	159	132
512	221	151	144
504	220	153	145
492	218	150	158
475	217	166	172
465	219	181	180
462	221	183	182
456	223	185	180
456	225	182	187
444	228	194	191
447	227	193	189
442	229	194	196
438	230	192	200
438	228	189	208
431	223	193	219
426	211	201	220
416	211	211	223
407	200	208	225
401	199	205	227
397	191	207	234
400	189	201	238
404	188	206	243
408	186	206	231
412	186	203	240
409	191	187	235
397	186	209	253
385	188	210	254
380	182	221	257
375	178	225	260
377	178	232	252
381	177	236	255
381	174	240	258
379	167	240	265
387	163	243	264
381	158	236	268
382	161	228	260
384	157	251	259
381	148	234	269
382	151	224	262
380	151	227	262
391	151	256	259
398	146	221	262
396	141	224	261
400	140	217	257
397	136	251	259
394	133	251	250
388	127	249	247
391	121	230	242
383	118	243	240
371	114	252	240
377	108	258	239
375	103	253	239
368	100	265	242
367	102	259	240
380	101	254	233
370	99	256	235
377	96	257	241
396	95	232	236
392	90	229	227
404	85	218	225
415	82	211	227
419	77	208	231
421	72	209	234
425	72	206	229
423	73	209	234
422	75	207	231
416	77	203	235
405	81	206	238
399	82	202	233
388	83	205	231
377	79	207	232
372	78	205	236
371	76	202	233
379	73	197	239
381	74	197	237
378	72	200	238
386	76	194	239
405	79	172	240
411	77	159	243
431	75	132	243
445	74	117	232
442	68	115	239
449	70	117	240
450	67	143	244
469	69	140	252
488	68	137	252
491	69	154	248
500	68	173	244
512	70	187	243
518	69	197	245
519	76	217	238
523	76	226	236
528	77	231	231
532	77	236	234
531	77	244	235
535	75	251	237
533	76	260	236
531	70	266	237
526	72	269	232
523	72	268	218
525	74	265	203
520	75	269	199
528	75	272	199
532	76	269	195
537	79	269	193
543	79	266	195
546	80	265	194
545	81	261	190
545	81	260	187
548	80	252	182
553	79	246	179
554	80	242	181
552	79	238	181
555	79	229	182
558	81	223	182
547	81	235	182
541	80	236	179
539	78	239	183
547	78	224	177
552	76	216	183
545	76	224	178
545	77	218	168
572	78	203	184
532	80	137	157
528	79	98	161
521	81	104	159
520	79	104	160
519	77	105	161
521	77	107	163
521	77	106	164
525	77	111	163
529	77	105	163
534	76	103	162
541	77	87	163
543	79	89	161
545	77	84	165
534	75	98	166
518	74	111	168
514	72	114	167
512	74	115	165
510	73	119	166
507	74	122	168
503	77	127	169
503	78	131	170
497	77	134	171
492	80	140	169
485	82	157	170
479	84	162	171
473	85	169	171
469	88	175	169
467	87	182	168
463	86	189	167
465	86	194	165
469	87	196	166
468	88	197	164
475	92	196	167
475	93	196	166
476	93	194	165
478	94	194	164
476	93	195	165
477	93	194	166
479	91	194	166
479	89	198	169
481	89	202	168
486	90	222	165
478	89	206	166
485	90	203	163
483	88	206	161
486	86	210	165
491	86	208	163
491	87	211	168
494	89	210	164
495	90	211	164
495	92	214	167
498	94	213	167
505	95	213	167
514	97	208	167
520	100	211	168
530	106	207	168
533	113	218	168
539	116	196	164
551	127	186	167
547	132	188	163
552	138	188	162
554	145	186	164
559	152	187	163
567	162	181	169
573	174	178	172
577	184	174	166
579	194	173	171
578	202	164	170
575	207	159	167
571	212	146	164
565	217	154	161
561	217	146	163
558	220	150	162
556	223	147	160
554	222	145	162
551	224	147	163
549	226	143	166
547	229	142	163
544	231	144	163
544	233	145	163
543	234	141	159
543	231	144	165
545	229	134	161
549	222	131	165
552	222	128	162
555	220	129	162
557	217	127	162
558	210	121	158
550	206	124	162
545	203	124	157
543	203	125	158
541	205	126	163
543	207	128	161
549	212	128	164
555	219	127	161
561	220	128	161
563	220	130	160
570	220	126	160
573	219	128	161
579	217	127	162
583	216	127	162
586	218	126	161
590	222	125	162
589	226	128	160
588	228	128	158
588	230	125	160
583	232	128	162
578	232	128	163
575	235	130	163
571	238	131	162
569	242	129	162
569	239	125	163
566	241	129	160
563	238	130	166
562	238	128	166
560	235	128	167
554	236	129	167
553	236	129	163
553	235	130	167
553	235	128	162
554	233	128	166
555	235	129	160
557	234	130	160
557	235	130	157
557	234	130	159
558	234	132	163
560	235	134	160
563	234	133	165
561	236	132	166
560	238	135	161
562	241	135	163
561	238	132	171
562	235	132	162
563	236	133	170
561	234	136	168
560	234	137	172
562	232	138	166
561	232	139	172
561	231	138	170
561	233	135	173
560	231	136	178
559	232	139	174
562	231	138	173
560	231	145	176
562	231	139	184
560	233	141	177
561	234	142	181
561	233	152	185
561	233	145	177
562	233	140	179
562	229	147	182
565	232	148	180
568	233	143	180
570	233	142	180
574	232	141	182
574	235	142	180
577	235	144	184
577	239	152	177
581	237	142	179
582	237	141	181
582	239	139	177
584	241	135	165
586	243	131	163
587	245	129	159
589	249	127	157
590	251	127	160
592	255	126	164
593	258	126	160
595	264	125	157
597	267	126	157
598	273	126	157
600	274	128	156
603	277	126	158
607	281	129	158
611	286	129	156
615	286	130	157
620	287	128	158
623	289	129	156
623	290	129	156
624	290	129	155
624	290	130	155
627	289	127	155
628	289	127	154
627	287	127	155
625	287	127	156
625	286	126	155
620	284	127	158
619	287	126	156
616	286	126	157
612	287	128	157
609	288	127	154
610	286	125	156
610	286	125	157
610	286	127	160
611	287	127	156
612	288	127	158
611	289	126	159
610	285	126	161
610	288	125	157
606	288	124	157
605	288	126	158
603	288	125	158
601	288	125	161
599	286	128	159
602	285	127	161
602	284	128	160
602	287	128	160
598	285	130	170
602	282	128	163
605	285	129	143
610	289	114	154
605	286	119	134
605	287	113	161
603	276	132	144
590	281	116	167
600	291	155	125
798	284	120	156
795	286	121	153
795	287	119	149
796	286	121	153
796	287	119	150
794	286	118	149
791	283	119	149
790	279	119	150
789	278	119	151
786	278	119	150
785	277	119	150
786	276	119	152
785	274	118	150
785	276	121	152
786	278	119	150
784	277	117	148
784	276	118	153
784	277	118	152
784	278	120	150
785	273	119	155
785	275	117	152
784	276	116	152
781	277	119	152
776	268	119	155
770	274	122	148
764	273	125	147
760	272	126	145
756	272	128	142
755	271	133	141
754	270	129	143
751	271	132	139
749	269	138	138
742	268	137	145
736	268	135	145
728	267	137	145
721	266	140	147
721	264	137	147
717	263	139	146
716	261	141	146
713	259	145	148
713	259	143	146
707	257	151	147
705	256	153	146
700	253	152	147
696	249	153	145
690	243	157	148
687	243	152	147
686	244	159	146
691	243	159	144
692	243	161	147
698	245	159	143
704	244	156	143
710	245	156	144
712	243	158	143
716	241	157	144
714	242	157	146
715	241	158	143
710	240	164	147
710	241	166	143
707	240	169	142
709	238	167	143
708	238	169	142
711	237	168	144
717	236	163	144
717	235	164	144
722	233	161	143
724	231	160	143
725	229	160	146
727	228	159	144
728	228	159	147
732	227	160	144
733	225	158	147
734	227	160	148
735	229	156	146
734	229	157	146
732	229	156	146
728	229	150	147
724	231	150	147
720	233	146	145
718	233	143	146
717	232	139	146
715	231	140	148
716	230	139	146
714	231	140	145
712	228	138	142
711	230	139	145
707	228	141	144
704	228	140	146
702	229	141	143
698	228	141	144
700	229	140	144
700	231	139	142
704	231	138	141
706	232	139	142
705	232	141	144
706	232	141	145
701	233	145	145
698	233	144	140
695	232	146	142
693	234	144	141
691	233	146	140
688	232	147	142
691	232	143	142
687	232	146	146
689	232	146	145
685	233	146	147
683	234	139	152
679	235	137	149
671	234	136	151
670	235	136	149
665	232	133	145
660	229	131	151
653	228	132	151
651	229	128	165
646	233	127	140
640	233	130	139
641	234	129	137
643	233	132	136
644	234	136	136
648	234	135	139
651	235	136	131
654	231	141	135
653	230	138	128
650	231	137	130
647	227	128	131
650	227	125	131
651	227	117	131
652	227	112	126
654	227	107	126
654	228	97	126
655	228	93	126
656	228	87	122
658	224	85	126
589	232	74	97
594	234	70	99
598	228	73	102
601	229	67	98
601	230	69	100
597	231	70	100
594	233	63	98
591	235	60	94
587	234	60	95
583	234	55	94
578	233	56	91
573	232	57	92
567	231	54	90
566	232	50	86
567	233	44	82
569	230	44	83
570	229	43	86
571	230	43	76
573	230	41	69
572	229	38	70
573	231	38	67
573	230	35	65
573	228	38	64
512	211	34	70
510	213	34	65
509	215	34	67
507	216	34	65
506	217	35	68
506	215	35	70
509	217	35	68
511	217	36	69
511	217	35	70
511	217	39	74
512	219	39	76
513	224	42	76
513	226	38	77
514	228	42	76
515	230	43	79
515	231	48	82
515	231	48	80
512	232	51	80
512	232	50	81
511	232	50	80
509	233	51	80
509	233	51	78
509	234	51	79
507	233	55	73
508	234	53	69
509	233	50	69
509	232	48	65
508	230	45	63
508	229	43	57
509	229	41	53
507	232	39	44
507	230	38	42
507	231	38	39
504	231	40	37
504	229	40	39
502	231	42	36
498	234	44	33
497	237	42	32
497	237	39	31
499	236	37	30
497	235	38	31
503	237	34	31
507	236	31	32
510	234	29	33
512	232	28	32
513	234	29	28
510	232	33	28
496	233	45	30
490	231	58	59
506	236	80	103
616	232	69	117
622	233	64	115
624	233	65	115
626	234	64	113
627	235	64	114
626	235	66	111
625	235	65	113
626	235	62	114
626	236	61	114
624	235	62	115
621	235	61	117
616	235	61	122
615	236	60	133
613	236	61	135
613	236	62	133
612	236	62	133
609	236	62	133
608	234	64	133
603	234	68	133
598	232	72	136
599	231	70	137
598	231	70	136
597	229	70	136
601	231	69	133
606	231	68	131
607	232	67	131
613	233	65	129
617	232	62	131
616	231	62	129
616	231	61	127
616	228	60	128
614	227	60	129
613	226	61	130
612	227	65	128
613	225	66	133
612	225	70	130
598	228	84	124
619	220	70	132
621	221	67	134
616	221	73	135
613	220	77	136
608	220	83	137
596	218	93	139
605	215	85	142
604	215	86	139
606	215	85	140
606	214	84	141
601	213	89	141
611	211	79	143
604	213	84	140
600	210	87	142
595	211	91	143
589	209	96	143
584	208	100	144
579	208	107	144
572	208	115	143
564	208	124	143
560	206	130	145
549	205	138	144
531	206	155	144
535	207	150	140
521	208	164	140
525	208	159	143
517	208	165	144
505	209	176	141
496	210	182	140
485	211	189	142
485	209	188	143
477	210	196	143
467	208	205	143
460	205	211	143
454	204	213	145
450	203	218	146
441	202	221	147
451	202	207	146
435	201	212	147
436	200	211	149
424	200	223	147
411	200	235	144
398	200	248	147
383	200	259	144
368	200	275	140
357	201	283	136
355	201	281	142
345	201	287	144
331	201	290	151
336	201	279	156
332	201	287	156
318	201	305	162
317	201	310	157
311	200	314	160
312	199	310	161
317	201	311	161
310	201	272	163
303	201	288	161
304	200	301	159
302	202	315	159
304	200	311	160
308	200	282	163
305	201	259	160
313	197	252	163
315	192	241	167
318	192	242	173
328	189	266	181
335	193	244	174
338	192	290	179
338	193	226	174
335	191	205	182
339	192	208	175
336	191	199	182
335	192	204	175
332	192	197	182
342	192	191	177
331	195	196	180
348	193	182	178
345	192	182	187
360	193	166	180
335	195	182	180
345	194	169	184
348	195	167	186
342	197	169	197
348	197	168	196
354	199	196	191
354	195	168	195
340	197	213	200
340	197	209	197
343	193	208	200
335	197	191	194
336	197	204	197
337	195	210	213
339	197	205	202
339	198	207	201
340	198	204	197
337	195	204	202
332	196	199	210
329	196	207	202
323	196	199	203
319	196	205	210
311	194	212	196
303	196	205	194
296	196	217	183
297	195	216	184
285	195	228	186
283	195	235	189
279	194	233	183
273	196	243	185
268	200	247	176
271	201	235	174
260	197	248	181
255	196	254	187
249	197	257	188
243	196	265	188
237	195	272	184
234	194	271	188
229	195	279	184
223	193	278	190
219	193	282	189
215	193	283	187
212	192	288	193
204	193	292	198
198	194	297	190
331	192	165	191
400	187	199	140
364	193	148	181
388	190	151	175
483	183	126	110
498	182	118	108
496	183	126	107
502	184	129	114
505	184	124	110
510	182	120	111
512	181	123	117
514	180	122	119
516	181	120	116
520	180	118	116
523	181	119	115
526	180	117	113
528	182	117	112
532	182	115	110
534	181	114	110
535	182	117	113
539	182	116	113
538	181	115	116
541	182	115	119
541	180	115	125
543	181	113	121
542	181	115	119
547	180	112	119
549	182	113	118
550	182	108	115
553	182	110	114
557	181	112	115
560	181	107	117
560	179	108	118
560	180	108	116
561	181	110	115
561	178	110	115
562	179	112	115
567	181	111	115
569	181	112	113
569	182	115	116
566	184	118	113
564	183	119	116
561	182	120	119
558	183	122	116
558	183	122	116
558	182	122	117
558	181	123	119
560	184	124	115
562	185	125	116
561	186	128	115
561	186	126	114
558	187	130	115
558	186	127	115
556	187	128	115
555	186	129	116
552	186	132	118
553	186	130	116
556	185	129	116
555	185	130	117
555	182	131	118
557	182	130	117
558	182	130	118
561	181	129	117
557	183	130	118
555	183	131	118
553	185	129	118
550	183	129	120
547	184	130	119
544	182	134	117
546	180	134	118
552	181	129	118
553	181	131	117
558	181	128	118
558	181	129	120
553	181	134	119
551	180	131	118
548	179	131	119
548	179	133	118
549	179	131	119
549	178	134	119
552	179	130	119
555	179	132	119
557	180	130	119
558	178	130	120
559	179	127	119
561	178	130	119
558	179	128	120
560	179	132	119
562	180	133	118
568	180	132	117
574	181	126	119
579	183	121	120
577	183	125	116
584	185	114	119
588	182	111	120
595	182	103	120
599	181	101	122
602	182	102	119
603	183	101	120
607	184	100	119
608	184	103	117
610	184	106	113
611	183	109	117
614	181	114	117
617	183	113	116
617	182	119	116
618	181	120	121
622	183	124	120
626	182	125	118
630	183	126	118
638	183	127	118
642	184	123	117
642	184	126	117
641	185	130	119
641	185	132	116
640	184	133	118
641	184	138	116
644	185	141	114
648	185	147	117
654	185	147	118
657	187	150	116
656	188	157	120
662	188	158	122
666	187	150	123
666	186	150	121
667	184	148	125
666	181	152	130
673	178	146	130
673	176	157	135
675	175	154	129
685	175	154	137
693	170	159	145
707	165	158	148
716	165	161	147
727	165	163	134
729	165	169	133
729	165	166	135
732	165	169	135
732	163	168	146
729	163	167	147
731	163	170	137
735	164	171	143
734	166	169	139
737	165	176	145
739	166	170	140
743	165	173	154
745	167	167	141
751	167	170	139
754	167	171	142
757	168	170	141
758	169	165	141
758	169	164	141
757	171	163	142
755	172	162	142
751	177	160	144
746	180	161	143
744	183	159	142
741	184	160	142
741	184	160	140
741	183	160	142
741	181	158	141
737	180	166	142
739	180	160	142
736	179	165	142
735	179	163	145
736	179	162	142
735	180	163	141
735	181	165	143
736	182	167	143
738	182	165	143
740	181	167	142
741	182	168	144
742	184	169	141
744	183	170	141
751	182	170	142
752	183	170	142
758	182	167	142
760	184	166	144
762	184	167	141
760	185	168	139
760	186	170	140
759	185	170	141
759	185	167	142
757	185	168	140
756	187	170	141
755	190	167	141
753	191	167	142
750	193	167	142
745	195	167	140
743	193	171	142
743	192	173	140
743	191	174	142
745	190	177	142
751	189	178	144
756	190	180	144
761	189	182	143
762	188	186	142
763	188	188	141
764	188	187	141
763	189	188	142
764	189	190	142
766	190	189	141
767	190	190	141
769	189	191	141
770	190	191	140
769	189	191	140
767	189	192	141
765	188	192	141
764	187	192	142
765	189	193	140
766	188	193	141
764	187	194	141
763	188	195	141
765	189	194	139
764	189	193	141
761	190	194	139
758	190	193	140
755	191	192	140
752	192	192	140
749	193	193	139
747	193	194	140
747	192	195	141
749	193	195	140
748	193	194	140
745	194	196	140
749	193	196	141
751	194	196	141
752	195	193	142
749	195	198	142
748	194	197	142
747	194	198	143
748	193	194	142
746	194	194	140
743	194	198	144
743	193	196	143
746	191	196	145
743	192	199	144
749	191	194	146
747	192	200	143
746	192	200	143
745	192	199	143
744	191	202	142
742	192	200	142
746	190	198	143
747	189	199	144
748	187	199	145
754	188	196	143
751	189	200	143
752	189	197	145
753	188	191	144
750	191	190	144
749	188	189	150
752	188	182	150
751	190	182	144
757	189	176	147
758	190	178	146
758	190	175	147
757	191	176	145
754	191	173	146
751	189	173	146
749	189	173	146
747	191	173	144
752	190	172	143
751	190	173	143
757	192	170	144
758	193	170	140
758	193	174	143
761	193	164	136
756	195	167	139
751	195	169	139
751	195	165	136
751	195	168	140
750	194	169	141
757	194	168	140
755	194	169	140
755	194	170	141
755	193	165	142
750	194	167	143
748	191	176	145
752	189	173	152
752	188	174	147
751	188	172	145
753	186	176	146
755	183	166	142
753	185	171	143
751	183	173	143
758	181	175	142
759	181	171	142
765	180	172	142
768	180	174	140
766	180	176	139
769	178	175	140
770	179	169	138
767	177	172	141
767	178	169	139
765	180	170	139
763	180	168	139
762	181	165	140
755	183	173	141
752	183	171	139
741	183	171	143
737	185	174	139
732	186	181	140
730	186	181	140
730	186	176	141
737	187	167	137
734	188	170	136
739	188	168	137
737	189	168	139
740	187	165	138
737	189	159	135
737	187	165	132
734	188	165	129
735	186	166	133
735	188	164	134
742	188	163	132
740	190	166	133
743	192	163	137
743	188	170	141
740	187	168	143
737	189	166	156
732	184	172	135
736	186	168	150
732	192	168	170
736	186	165	152
732	188	167	168
738	179	170	147
738	186	172	169
566	223	329	180
379	237	249	300
385	241	248	292
387	243	248	282
392	242	243	282
395	236	242	295
399	241	253	279
399	239	248	309
399	238	251	294
402	239	248	305
403	237	251	308
406	238	247	293
409	240	250	278
416	236	249	274
414	237	248	263
414	234	248	255
412	232	252	274
410	235	254	268
410	234	254	270
411	233	255	273
413	234	253	273
416	235	253	275
416	235	254	268
420	234	257	266
422	232	257	263
424	231	263	275
430	233	257	264
435	232	258	259
438	232	251	264
445	233	251	252
451	233	244	266
435	234	266	264
438	233	259	264
449	234	264	263
456	237	251	250
449	238	264	257
450	238	276	248
482	240	248	251
470	240	257	254
462	241	280	252
428	243	322	247
446	238	307	253
427	243	318	258
446	242	306	238
452	242	287	237
441	245	304	251
428	244	329	249
438	242	319	249
435	241	330	247
427	241	332	250
433	241	328	251
455	239	311	251
431	241	335	252
484	240	292	249
434	239	341	270
466	240	313	252
442	235	344	279
425	240	361	257
482	240	308	255
505	238	280	248
492	240	296	251
500	239	282	251
499	241	291	251
485	241	299	252
498	241	288	248
474	242	309	251
497	242	288	247
482	242	300	252
494	243	290	250
490	246	296	249
480	246	310	246
485	244	305	245
489	243	300	248
488	242	307	245
499	238	296	251
494	239	303	249
510	237	290	250
506	240	297	249
510	240	298	252
507	240	289	251
510	241	281	249
502	245	276	250
506	245	265	249
504	241	267	250
495	246	274	249
498	243	269	255
499	248	270	250
500	247	269	252
500	246	267	251
499	249	269	252
498	247	266	248
496	247	265	250
492	245	268	253
489	247	270	248
489	248	268	248
491	247	268	255
491	247	268	251
492	247	269	252
495	248	269	250
496	245	270	252
501	243	268	252
502	246	273	251
503	244	271	251
502	246	273	248
498	246	273	252
497	246	269	250
490	245	273	255
490	246	273	249
491	247	271	250
493	247	272	253
498	245	270	255
502	245	270	254
499	248	272	250
498	246	272	252
491	246	276	256
484	248	283	253
494	247	271	257
495	248	271	255
495	249	274	256
506	247	268	256
498	250	276	253
506	247	270	256
501	250	274	253
490	249	285	255
506	250	269	257
501	249	271	255
489	248	280	255
495	247	279	259
504	248	262	257
503	247	264	258
502	248	260	257
502	246	253	258
498	246	250	259
498	245	248	258
497	244	247	258
498	242	242	254
498	243	238	243
501	244	234	256
499	243	239	255
497	241	232	258
496	243	236	260
495	243	232	255
494	244	223	251
495	244	217	259
493	246	216	256
493	245	214	257
492	244	211	258
492	245	211	256
494	246	209	254
491	247	210	256
493	248	207	253
490	246	212	254
491	247	208	253
490	246	212	253
493	242	203	252
491	245	211	254
492	246	208	253
497	246	204	252
501	248	211	254
502	252	209	252
506	253	207	253
509	256	202	250
506	255	205	254
507	258	204	252
506	255	203	257
509	256	201	256
513	257	199	256
516	259	202	254
520	259	199	252
522	261	197	252
519	263	196	252
512	265	199	254
508	266	200	255
500	264	200	251
498	263	198	257
497	261	200	256
498	261	204	255
503	259	205	254
508	259	207	255
514	259	210	253
514	259	208	255
512	258	216	252
512	263	213	253
509	263	212	252
510	263	211	253
509	265	211	252
508	267	214	248
509	268	212	248
508	267	202	246
504	266	197	246
500	264	201	254
501	262	192	263
505	265	176	229
384	260	121	332
381	258	115	345
380	261	113	345
375	261	117	350
377	260	112	352
377	262	112	352
385	265	110	347
380	265	120	353
390	266	133	341
377	268	130	347
138	257	217	190
142	262	215	190
125	263	244	192
146	260	228	192
150	255	228	194
159	255	226	193
164	254	213	189
171	254	210	200
177	256	207	198
187	258	200	203
197	259	193	205
201	260	191	210
206	262	187	209
212	263	182	209
219	264	175	215
228	263	167	216
231	261	168	221
241	265	162	229
251	262	149	231
257	262	146	229
267	267	139	260
271	267	136	271
272	267	134	264
273	270	133	274
282	279	123	280
287	278	116	290
285	273	119	311
287	276	122	312
290	274	113	294
288	275	115	303
287	275	111	290
289	275	110	296
283	270	117	309
287	274	120	292
305	274	118	303
296	278	120	305
296	274	139	319
341	279	214	312
322	275	232	318
308	278	242	320
292	274	256	330
318	276	232	323
293	273	254	334
273	270	267	336
270	270	265	333
278	276	287	322
246	267	295	327
324	282	255	304
315	277	226	298
326	270	211	297
234	272	256	304
252	272	258	301
317	272	254	302
307	267	265	299
301	266	256	296
310	264	252	300
216	263	264	292
275	253	248	302
190	261	286	289
200	257	253	295
178	254	234	291
181	255	216	290
200	251	248	285
175	249	217	282
193	255	208	288
206	255	210	287
208	254	226	283
229	253	222	291
203	251	194	292
204	251	214	287
279	256	281	342
198	246	296	311
192	249	282	308
202	251	272	317
208	245	277	302
213	246	268	314
191	240	232	314
215	246	210	331
189	246	162	321
196	247	151	327
200	248	148	326
0	195	129	193
0	196	128	189
0	191	127	191
0	191	128	189
1	188	126	190
0	184	128	191
0	181	128	195
0	179	123	193
0	176	121	193
0	175	117	193
0	175	118	189
0	176	128	196
0	174	124	202
0	176	107	197
0	177	112	196
0	175	112	195
0	177	111	190
0	176	112	189
0	176	116	192
0	176	115	191
0	178	117	190
0	179	122	188
0	181	127	188
0	181	131	187
0	183	135	186
1	185	141	184
5	183	147	184
9	185	143	176
13	189	141	182
15	187	148	182
16	190	147	175
21	192	155	184
26	190	164	186
31	191	187	187
27	189	164	192
35	189	160	188
35	189	159	189
36	189	159	187
35	189	158	190
39	186	158	193
41	186	160	192
46	184	160	190
47	184	163	193
51	182	165	192
52	182	165	188
54	181	166	193
54	182	167	187
53	182	167	190
56	181	170	189
56	182	167	183
56	179	168	185
57	177	168	186
61	175	169	189
61	178	161	186
60	175	167	186
59	179	160	183
59	173	167	194
57	174	168	186
58	173	167	188
56	174	165	187
56	171	170	191
54	175	162	187
65	177	180	202
47	179	165	188
53	174	187	196
147	195	216	283
118	189	245	284
141	192	217	280
127	186	229	285
143	186	213	284
141	179	225	285
164	181	207	285
143	175	228	291
156	185	223	284
175	185	205	285
151	184	224	283
394	169	257	220
386	189	267	215
177	189	195	286
128	177	243	289
396	172	253	214
386	172	259	217
169	184	198	282
396	166	241	217
385	174	254	219
168	188	198	286
152	186	213	281
150	180	216	287
153	183	216	282
145	183	222	283
169	183	203	278
140	177	229	285
140	173	244	287
410	158	240	224
401	179	253	220
405	168	246	227
402	169	244	226
396	178	248	228
412	170	236	230
179	196	202	278
146	184	233	281
164	187	216	282
408	166	240	219
402	170	247	227
393	171	253	230
410	170	240	231
402	169	246	230
399	169	246	233
401	174	241	230
403	172	240	234
400	172	241	241
413	168	232	245
411	172	231	249
403	172	238	253
398	173	236	253
190	208	206	269
160	202	216	269
172	203	215	272
163	205	214	271
170	208	204	268
168	204	211	271
146	205	226	275
167	208	212	265
181	208	193	270
194	208	184	266
177	210	200	266
185	208	189	275
183	209	196	269
196	208	181	274
201	207	178	272
202	207	174	272
211	206	171	273
204	206	173	293
212	203	160	285
229	207	146	263
213	200	160	277
219	202	149	292
224	199	146	270
0	194	161	208
7	194	148	211
3	197	153	207
2	196	154	207
2	196	155	208
2	195	158	207
4	193	159	209
3	194	157	211
0	194	162	210
1	191	160	211
1	192	157	208
1	190	150	207
0	190	147	205
0	191	154	206
0	192	156	205
0	193	159	208
1	194	159	209
2	195	163	206
2	191	161	208
0	192	157	206
0	190	158	206
0	190	157	207
1	193	153	204
2	198	151	203
2	200	156	203
3	200	152	202
2	196	145	202
2	192	142	202
2	190	141	201
5	189	147	200
12	192	160	200
18	196	154	192
25	197	177	198
32	202	175	196
46	204	162	191
62	206	144	193
59	204	143	192
64	203	140	189
64	203	140	181
67	204	138	179
70	205	139	179
69	205	143	180
71	206	141	179
66	208	143	176
63	207	150	176
61	205	149	180
58	203	147	180
56	202	145	185
55	201	148	190
61	202	142	205
69	198	136	213
68	196	139	217
70	194	136	221
68	193	136	222
69	192	133	222
70	192	131	225
69	191	130	227
69	191	129	226
68	193	129	224
68	194	127	219
68	196	126	216
70	195	120	222
72	194	118	213
71	196	119	213
71	196	120	210
72	198	119	205
75	196	116	202
73	198	121	200
74	197	119	201
74	200	121	199
74	199	128	197
75	197	123	200
74	201	125	197
76	199	127	198
75	203	128	198
76	201	125	198
73	203	130	198
73	204	130	198
72	203	128	199
69	209	131	196
72	211	127	197
74	215	127	194
78	216	127	194
82	217	127	194
88	221	122	193
92	221	125	195
97	223	119	194
98	222	120	197
101	226	117	195
106	226	117	198
110	229	117	192
112	231	116	193
115	232	116	192
118	231	117	193
120	234	122	191
121	234	124	193
122	235	130	191
122	240	139	187
123	241	143	187
125	243	139	188
124	242	148	190
123	242	149	191
121	242	149	192
122	242	151	194
124	243	153	194
125	246	156	191
127	248	157	189
129	250	159	188
128	249	165	189
128	249	167	192
128	247	171	192
127	252	173	188
127	251	177	188
126	253	180	186
123	252	183	187
124	254	183	186
123	254	185	186
124	250	188	192
125	250	196	189
121	248	201	193
122	248	207	191
121	246	216	191
120	246	226	187
117	244	230	196
117	245	240	190
113	243	245	187
113	244	253	177
114	245	255	180
112	242	257	179
112	244	266	175
112	246	269	177
114	246	269	173
110	244	270	178
112	246	273	174
112	246	274	175
112	246	277	174
113	246	279	175
113	248	281	174
113	248	283	173
114	249	283	171
111	249	284	173
110	250	288	172
108	251	291	169
110	251	288	170
113	253	291	169
114	252	286	170
114	253	290	171
119	253	287	171
117	251	293	173
117	252	291	172
121	253	289	172
122	251	285	177
124	251	282	173
129	250	274	172
130	251	262	171
131	250	252	172
131	250	257	175
131	252	246	175
131	252	245	175
129	254	241	172
129	254	235	173
127	256	234	172
125	256	233	171
119	258	235	171
117	259	234	169
118	259	231	172
116	259	232	174
114	258	231	177
107	260	238	177
104	261	240	175
98	260	243	177
91	261	247	178
91	261	249	179
91	261	251	178
90	261	253	178
93	260	253	177
90	258	256	175
92	256	255	175
93	253	258	176
93	251	256	175
97	251	265	174
95	250	266	177
97	250	263	177
94	250	264	177
92	251	258	176
88	252	258	175
91	252	255	176
87	252	258	175
90	252	257	176
94	251	260	177
89	248	264	176
88	247	260	177
92	247	257	177
93	248	257	176
94	247	259	179
94	246	259	179
93	246	257	176
96	245	255	176
91	244	258	177
91	243	257	177
86	242	262	175
85	239	262	178
84	239	262	178
82	239	264	177
82	239	266	175
85	236	268	179
88	237	266	179
89	232	266	182
90	231	268	181
90	230	267	181
87	228	269	184
83	228	265	183
76	226	268	182
74	225	265	175
69	225	259	167
68	221	257	169
69	217	253	172
72	215	249	173
74	213	249	174
82	218	239	169
83	216	235	171
81	216	234	172
84	214	231	184
87	215	226	170
90	212	222	176
99	213	217	173
106	212	217	174
109	213	221	167
109	210	214	169
110	207	210	169
111	204	205	170
108	203	205	173
101	203	202	172
97	203	206	175
97	204	202	172
90	205	190	175
86	206	197	174
76	206	195	176
71	206	198	176
70	205	198	177
64	204	194	177
69	206	202	181
69	206	189	177
76	207	190	177
74	205	190	178
80	204	188	175
77	204	189	176
75	205	188	179
80	205	186	175
75	204	188	177
76	205	188	179
82	203	189	177
77	203	190	176
83	204	184	175
81	203	185	175
87	203	184	176
79	201	189	174
73	204	177	172
79	202	182	175
73	203	185	176
78	203	182	178
79	204	183	178
78	204	185	173
75	204	187	178
82	204	180	173
76	205	190	173
83	204	185	176
79	206	188	175
79	206	187	176
82	207	187	173
78	206	190	178
88	206	181	175
88	206	188	177
92	205	184	174
84	204	190	173
89	205	183	177
88	206	186	175
88	210	183	174
83	213	187	169
86	215	186	169
97	214	182	171
91	212	189	171
101	212	178	174
95	212	180	171
106	212	171	172
100	215	165	175
107	214	162	171
110	216	160	175
108	215	156	179
109	216	152	176
111	215	154	176
112	215	144	175
111	215	144	179
111	216	133	183
114	217	127	184
114	217	119	182
114	218	117	179
115	217	111	180
114	217	107	180
114	218	106	174
113	219	104	176
112	219	103	174
110	218	104	175
107	221	106	175
101	219	111	194
98	220	117	188
102	221	112	187
97	221	117	184
95	223	119	180
92	222	124	182
92	225	121	179
91	226	121	172
94	228	117	169
97	230	118	168
100	230	117	166
103	234	116	164
106	234	113	162
106	233	112	164
113	235	108	161
110	234	111	158
114	234	110	160
114	236	108	161
122	238	108	156
127	240	105	160
135	241	98	160
137	243	98	154
135	244	104	153
130	243	109	156
132	244	107	156
131	247	111	154
135	248	108	153
134	248	107	156
142	247	102	150
141	247	103	144
141	247	105	146
144	246	108	151
150	247	105	151
153	251	105	147
160	253	100	140
165	253	97	143
159	252	111	142
161	250	110	160
159	252	121	172
171	251	115	177
169	254	121	178
177	255	118	179
181	259	124	175
187	261	122	177
198	259	114	175
197	262	122	174
199	262	121	177
199	261	123	177
202	264	120	178
204	265	123	179
205	267	122	180
207	266	121	178
208	268	121	177
208	269	123	179
213	267	117	179
212	271	123	179
215	272	121	175
217	273	123	179
220	273	121	179
220	275	124	178
225	274	120	177
227	273	121	180
233	271	118	181
236	273	120	179
240	275	119	178
244	277	117	178
242	276	122	177
240	281	124	177
241	280	119	179
238	280	123	178
239	283	122	175
238	283	122	174
237	285	122	172
239	286	119	174
238	286	121	175
238	286	120	176
238	285	116	177
239	285	115	176
238	288	115	171
245	287	107	173
245	288	109	167
248	286	106	165
248	285	107	160
249	281	105	163
250	275	105	160
250	270	104	159
254	266	102	159
256	263	104	160
266	263	98	159
261	265	103	152
263	266	107	146
267	266	105	148
267	265	104	146
269	265	107	145
269	263	106	145
276	260	98	145
271	259	107	143
277	258	102	142
276	256	102	142
275	254	106	143
277	253	103	145
276	253	105	145
278	250	103	146
281	247	101	147
278	245	105	148
282	244	102	148
281	241	100	148
285	238	98	149
280	237	104	147
285	236	100	146
283	235	102	143
282	236	103	140
279	236	105	137
283	236	103	135
278	237	102	133
278	235	103	132
277	234	103	127
276	232	103	125
278	233	101	121
279	232	100	121
279	234	100	119
282	234	99	117
282	233	99	115
279	232	101	111
283	231	97	108
276	230	103	107
274	228	104	109
275	226	102	110
274	227	104	112
275	227	103	113
279	226	100	117
275	227	103	119
280	226	95	123
275	225	99	128
270	226	107	133
276	227	101	137
275	228	104	145
279	228	103	151
289	226	94	158
286	225	97	162
292	224	92	166
291	223	90	167
296	225	88	171
294	225	92	169
292	224	95	168
294	225	94	170
294	228	96	169
294	229	98	167
294	230	98	168
296	231	98	167
297	232	95	174
297	233	99	172
298	232	98	178
301	233	96	180
300	234	98	171
299	234	100	169
298	234	102	169
297	233	101	176
299	231	100	168
296	231	101	175
295	232	102	182
292	232	105	178
291	233	105	180
288	231	106	180
288	231	106	181
289	230	105	183
285	228	108	182
285	231	107	181
287	229	103	182
285	229	104	181
285	230	102	180
288	228	99	181
286	228	98	178
284	227	97	181
280	224	101	185
282	223	103	188
279	222	110	190
285	219	107	190
287	218	106	194
289	217	102	195
288	210	102	191
291	208	100	200
293	206	97	202
294	205	97	209
296	201	96	197
297	203	99	205
298	204	98	202
300	201	99	206
300	202	100	200
302	203	100	207
306	203	102	189
307	203	101	197
310	206	101	204
309	205	104	196
312	205	107	222
314	207	107	206
314	207	106	212
316	206	105	213
315	206	105	214
317	207	108	216
317	205	110	216
319	204	105	223
322	205	111	227
322	205	109	230
323	205	112	230
324	205	112	235
325	207	114	236
324	208	115	243
327	214	114	242
332	220	115	244
332	219	116	249
335	225	115	250
336	231	116	247
343	233	114	249
352	236	119	251
358	241	117	251
367	244	115	253
372	248	114	239
377	248	118	241
383	249	116	236
381	249	118	253
370	245	150	222
378	260	130	248
378	251	145	245
387	264	133	245
396	266	133	250
402	268	138	233
407	285	141	230
408	282	142	242
409	288	141	240
407	290	142	249
403	294	141	251
400	291	142	256
395	298	142	251
398	305	137	248
401	305	133	257
400	302	139	254
406	285	182	226
733	224	131	183
734	228	123	181
732	226	125	184
731	228	124	182
733	226	122	185
735	228	120	184
736	229	124	176
737	230	124	181
740	228	125	184
743	230	122	183
744	230	126	182
747	229	123	185
750	230	123	184
752	231	123	187
752	233	125	184
749	235	128	185
749	238	126	176
745	238	129	183
746	239	124	180
742	240	129	181
746	242	123	183
745	242	128	185
747	250	125	179
748	247	126	184
746	251	126	180
746	251	125	182
748	252	123	183
747	253	124	183
744	254	128	185
751	255	123	184
747	254	126	184
748	253	127	186
750	251	124	196
747	252	124	184
749	248	121	190
749	251	119	184
748	250	122	183
749	248	120	184
748	246	122	186
749	249	119	182
750	246	122	186
748	249	120	182
751	243	122	188
750	241	122	183
751	242	121	182
751	239	123	184
753	236	121	183
753	232	121	184
752	231	121	185
753	231	122	185
752	232	120	184
751	227	123	187
753	228	120	186
752	229	123	184
752	226	121	184
753	223	120	185
752	223	121	186
753	220	120	184
754	219	119	184
757	216	117	188
759	217	120	184
763	216	117	187
765	216	121	186
767	217	123	186
769	219	118	182
768	220	118	182
770	218	121	184
769	222	118	177
768	223	118	176
768	222	118	180
769	222	119	172
764	230	121	161
768	225	120	168
761	229	123	163
767	224	121	170
764	229	122	164
673	292	119	99
684	296	108	89
680	301	113	81
681	299	114	84
691	301	105	81
687	300	98	81
692	297	105	81
690	294	96	86
693	294	105	78
683	290	95	82
685	288	100	80
684	284	101	81
682	278	98	82
680	271	105	84
679	267	94	84
673	263	97	80
673	259	94	77
671	251	92	81
661	248	100	85
659	246	95	85
655	241	91	85
647	236	104	92
641	235	109	91
640	233	110	87
635	231	116	90
637	233	111	84
641	229	104	84
634	224	89	82
629	220	94	80
624	217	94	86
621	213	101	83
617	207	94	86
611	210	97	83
611	206	94	82
614	204	87	85
608	200	92	82
608	197	87	85
607	193	87	85
604	193	87	83
601	192	89	84
601	187	87	86
592	187	95	83
590	186	94	85
594	185	91	86
590	180	97	87
587	176	96	87
586	176	93	85
585	176	95	82
586	173	91	83
575	174	98	80
571	174	98	81
581	173	90	84
579	167	90	85
575	167	91	83
570	165	100	85
572	164	92	82
574	158	89	84
571	155	93	82
568	146	98	87
565	142	95	84
560	141	99	85
556	140	95	86
550	138	98	85
550	138	93	84
545	137	90	81
544	140	91	83
545	139	97	78
544	135	91	79
553	138	87	78
551	135	85	71
555	136	89	75
550	133	88	69
559	135	88	69
555	131	88	71
558	131	88	70
555	130	88	69
552	130	92	75
550	129	90	73
551	132	91	67
552	131	86	68
553	131	87	69
552	131	88	68
554	132	86	66
550	133	88	65
550	132	89	65
550	129	87	68
550	130	85	71
547	130	86	70
546	132	88	71
544	132	91	71
546	129	88	74
547	134	90	70
545	133	88	71
543	134	91	71
544	134	89	71
545	134	88	70
547	136	86	68
547	135	87	67
551	134	83	71
550	136	84	69
548	137	86	70
549	140	86	67
548	140	87	67
549	140	84	68
550	140	83	70
552	141	81	72
546	141	85	67
544	142	87	72
546	140	82	74
543	144	83	65
543	143	84	68
541	143	87	69
541	142	88	69
541	141	85	71
539	142	87	71
539	140	87	69
541	141	84	68
540	141	84	70
535	144	88	71
535	141	87	73
534	144	87	77
532	143	88	73
536	145	87	73
535	144	86	71
537	143	83	67
531	145	86	68
532	143	85	66
530	142	86	67
529	141	87	68
527	142	90	66
528	144	90	66
529	144	87	66
525	143	92	68
526	142	91	73
523	142	95	76
529	145	88	76
522	143	93	69
526	143	90	76
524	144	92	73
533	143	86	75
519	144	99	62
525	142	91	68
523	143	87	67
521	142	92	68
519	140	95	70
514	142	98	68
517	145	96	73
510	143	96	75
512	141	98	75
514	141	97	70
510	141	101	64
509	141	106	68
511	139	108	66
511	137	113	80
521	136	88	83
516	143	91	70
513	144	92	66
510	144	93	64
511	145	92	63
511	144	91	63
510	142	92	63
509	141	93	63
511	144	93	59
510	142	93	66
512	144	93	60
510	142	93	68
509	143	94	64
513	144	94	60
513	143	92	62
512	145	93	62
513	143	93	62
513	145	94	62
516	143	94	63
521	144	89	61
520	141	91	60
519	143	91	64
515	141	92	64
515	141	91	63
513	138	90	63
514	137	91	64
516	139	93	65
517	140	92	70
519	142	92	63
523	145	88	66
522	144	90	69
517	143	96	65
525	145	89	64
521	143	91	66
520	144	93	65
520	143	93	61
521	143	91	66
520	142	89	62
522	143	89	70
521	144	91	67
519	144	92	70
523	145	91	68
522	144	90	68
518	144	92	68
511	142	97	69
519	141	87	65
516	143	87	67
516	142	89	65
516	144	90	66
519	144	90	67
524	145	86	65
523	145	91	65
525	145	90	64
526	146	94	64
524	146	92	63
524	147	96	64
531	146	88	71
521	145	93	70
527	144	88	75
516	144	99	71
523	142	100	75
521	146	92	73
529	143	87	72
524	144	91	75
524	146	92	69
526	145	91	69
519	145	99	70
524	144	97	72
523	144	95	72
528	146	95	74
518	147	99	66
528	146	90	71
522	146	94	68
526	145	89	66
522	146	92	69
522	146	91	69
529	145	88	70
522	148	91	68
525	145	92	69
532	143	91	70
523	145	95	71
531	143	97	69
524	146	94	66
527	142	103	68
527	149	90	64
530	145	93	63
520	148	97	64
516	147	102	61
525	149	95	63
534	145	86	60
526	148	96	59
526	148	92	61
529	150	96	59
517	141	120	73
617	76	130	113
604	83	145	115
618	79	135	119
608	88	143	115
621	82	129	115
622	84	132	115
625	81	131	117
624	79	132	119
622	82	130	120
623	84	131	119
623	82	130	125
622	81	127	130
623	82	131	133
624	83	124	133
625	83	122	136
624	87	124	145
624	85	127	154
624	87	126	178
623	90	124	179
622	90	122	175
621	91	120	166
621	89	117	167
620	91	117	170
620	91	117	174
621	93	118	176
620	92	119	180
619	90	119	181
618	89	118	180
617	88	118	180
616	88	119	181
616	89	119	180
617	88	118	182
617	87	120	181
616	87	122	180
617	88	121	181
618	88	122	181
618	87	123	180
617	88	123	181
615	86	123	181
614	87	124	179
615	89	122	179
614	88	123	180
613	91	122	179
611	89	124	180
611	90	125	181
611	90	126	180
610	91	127	179
609	89	128	180
610	92	124	178
612	89	124	182
613	89	122	181
613	92	121	178
612	92	123	178
615	89	121	182
617	91	121	181
620	92	124	182
622	93	121	180
625	94	122	180
625	94	121	178
625	95	122	181
622	93	122	183
623	93	122	183
622	95	121	180
620	94	121	180
618	93	122	181
616	95	122	179
615	96	122	180
614	99	123	176
614	99	123	177
612	98	123	182
611	98	124	180
609	100	124	179
609	100	126	179
609	101	129	178
610	101	130	176
611	99	131	176
609	99	134	176
609	101	136	175
607	99	138	177
607	100	141	178
604	101	142	175
603	103	143	177
600	100	145	181
599	103	147	177
596	100	146	179
592	100	148	177
588	98	151	176
583	98	150	176
578	96	151	178
573	95	154	178
567	94	155	176
560	89	156	179
554	87	159	178
548	84	162	179
546	79	160	179
540	73	163	180
536	68	164	181
532	63	167	182
532	58	165	180
530	48	162	179
526	42	169	185
527	37	167	186
527	36	164	187
525	36	164	183
520	38	169	180
523	37	165	182
520	37	167	179
518	34	167	181
516	33	168	181
513	32	169	182
511	31	171	183
509	29	171	184
506	26	174	186
504	27	172	184
501	30	172	182
501	28	171	186
501	28	172	186
501	28	172	187
500	26	173	190
275	125	201	244
273	125	200	246
274	124	197	246
273	125	193	248
271	126	191	250
269	127	190	248
268	128	188	247
267	129	187	246
270	130	180	241
271	132	173	242
273	128	163	247
274	130	146	242
275	128	143	254
278	128	142	243
281	129	141	237
282	130	144	240
278	132	150	229
293	134	140	233
298	134	134	255
287	134	145	240
304	135	130	238
305	132	129	247
310	133	123	244
311	134	123	245
313	133	122	245
315	133	118	243
317	134	115	239
319	133	112	236
318	133	111	235
319	131	109	233
319	131	110	231
321	132	109	227
322	132	108	225
322	132	107	228
319	133	111	226
315	133	115	223
308	134	120	228
300	135	125	220
293	138	133	224
287	141	138	224
282	145	143	219
279	147	146	222
275	146	153	221
271	145	156	224
267	148	165	217
266	151	170	221
265	149	177	225
262	150	184	222
258	151	194	224
259	155	197	228
256	156	191	221
259	160	191	215
260	162	188	214
257	163	187	202
254	165	178	203
254	163	167	206
253	164	158	201
248	164	171	209
247	165	174	202
244	165	184	202
240	166	176	200
227	164	180	201
221	163	187	210
217	162	191	207
210	162	198	208
208	160	196	211
204	159	193	212
