668	449	116	139
670	449	116	134
673	447	116	134
675	445	115	133
679	437	113	131
681	425	114	130
684	415	114	129
684	398	111	126
672	382	117	127
661	371	114	132
657	366	111	129
654	355	111	131
648	350	111	131
635	345	111	131
616	342	111	129
597	337	112	130
584	333	111	131
579	328	109	131
576	324	109	132
576	320	110	133
576	317	109	132
578	314	108	131
575	310	108	132
573	306	108	132
574	303	108	131
575	301	107	130
576	299	107	130
580	295	106	130
584	293	106	129
587	291	106	130
591	290	106	129
593	288	105	129
596	287	105	130
600	287	105	129
602	285	104	129
606	286	104	129
609	286	103	128
613	285	103	127
613	285	105	127
616	285	104	126
615	284	104	127
615	285	106	126
615	286	105	126
616	286	105	126
619	288	105	125
623	289	106	125
626	291	105	123
629	292	106	123
633	294	106	123
635	294	106	124
638	295	106	123
640	298	107	122
642	298	108	122
644	299	108	122
645	300	109	122
645	302	112	121
645	303	112	119
644	304	107	118
642	303	103	119
640	305	99	118
637	303	101	120
636	302	102	119
635	303	101	119
634	303	101	119
633	303	100	120
633	303	101	119
632	304	100	119
631	307	100	118
631	307	101	119
631	308	102	118
630	308	104	119
630	309	107	118
631	307	110	119
632	307	109	120
634	306	106	122
634	304	110	124
637	302	107	125
639	302	104	127
640	300	101	128
640	300	100	128
641	302	99	128
641	301	99	128
642	302	99	128
641	301	100	129
641	303	99	128
641	303	99	128
640	304	100	128
639	304	99	128
636	305	99	128
634	305	99	128
629	307	98	128
624	306	99	128
620	307	98	128
614	307	98	128
610	307	97	128
605	308	98	128
601	308	98	128
597	308	98	129
593	309	97	129
588	309	97	129
584	310	97	129
579	310	97	129
575	310	97	130
571	311	96	129
567	312	98	128
564	313	98	127
561	312	99	128
557	314	101	128
555	314	105	129
550	317	110	128
546	317	115	128
544	320	120	125
543	321	125	123
541	322	130	123
541	325	137	121
542	323	139	123
541	324	141	122
542	329	143	116
544	324	145	121
544	325	145	118
547	330	144	109
548	337	141	102
552	339	137	99
554	341	134	97
557	343	134	95
558	347	133	95
558	350	133	95
560	354	133	95
561	359	132	94
562	354	133	100
562	361	134	98
563	365	133	98
563	372	133	94
565	373	133	95
564	379	132	94
565	375	133	99
566	366	133	110
566	368	134	112
568	376	136	107
571	386	136	97
577	388	136	96
584	392	137	94
591	381	135	103
592	388	136	98
594	387	135	101
596	373	135	115
597	379	137	113
598	390	138	102
602	393	136	100
603	376	135	116
603	366	134	129
604	370	133	126
604	379	133	119
605	369	133	130
605	391	133	111
605	391	133	111
603	384	134	117
600	390	135	112
600	388	135	113
598	380	136	119
598	392	135	108
603	393	135	108
611	398	137	108
622	404	139	104
634	405	140	105
642	404	141	107
649	405	144	111
658	404	146	114
672	398	148	125
688	405	150	122
699	403	155	128
711	402	159	132
723	403	161	131
742	401	163	129
757	389	166	137
762	376	171	143
764	369	170	143
772	364	171	145
780	360	175	146
784	354	175	149
791	353	175	150
796	352	176	150
801	349	176	152
797	343	178	155
794	344	178	154
790	342	177	156
785	346	176	151
781	343	176	153
781	341	175	153
784	347	174	147
781	343	175	151
775	350	174	147
773	353	173	148
782	353	173	149
788	355	173	147
782	352	172	148
776	359	172	142
773	356	171	144
773	360	170	141
772	358	166	145
763	363	169	143
764	365	165	143
761	364	166	146
760	367	166	144
759	366	166	146
764	368	166	145
770	367	167	147
773	369	166	146
770	368	167	148
764	369	167	147
768	365	164	147
773	368	164	147
775	366	163	148
774	363	162	147
771	362	162	146
766	358	161	148
762	357	159	146
763	352	157	148
762	351	156	146
760	349	154	145
757	347	154	145
756	346	152	145
757	342	154	149
760	343	152	145
760	339	153	148
759	339	153	146
757	336	152	147
761	337	153	146
766	336	153	147
766	334	153	147
764	337	151	143
763	337	148	142
761	337	148	142
760	338	147	140
759	337	146	142
759	337	144	142
759	338	145	143
760	341	144	142
759	344	143	142
760	351	142	142
758	355	143	141
756	356	144	143
755	362	144	143
754	368	144	140
753	368	143	144
751	375	143	144
750	379	143	144
748	382	143	147
746	387	142	145
745	392	141	147
745	397	140	145
742	401	139	146
742	406	137	146
741	410	137	147
740	415	136	148
740	420	134	148
738	425	134	148
736	430	134	149
735	434	134	150
733	440	135	150
733	444	136	151
737	449	135	152
738	453	134	154
735	457	134	154
731	459	134	155
727	461	134	155
723	462	134	156
719	463	134	155
716	464	133	156
711	465	133	157
707	464	132	158
702	464	131	158
698	462	130	159
694	461	131	159
690	460	129	160
684	459	130	160
680	458	130	161
675	458	130	162
671	458	131	161
665	457	131	160
662	456	130	161
656	455	132	161
651	454	132	160
646	453	131	160
639	451	130	159
633	451	129	159
627	450	129	159
619	446	133	161
614	445	129	160
607	445	128	161
601	442	129	162
594	441	128	163
588	441	131	164
583	442	135	164
578	439	136	167
574	438	136	167
570	437	134	168
565	435	141	170
562	434	136	169
556	434	149	170
552	432	140	169
549	431	146	170
546	431	140	172
541	431	142	172
538	429	144	171
535	429	145	169
531	430	146	170
529	428	146	170
526	427	148	170
523	425	153	171
521	426	154	171
520	423	156	172
519	425	156	172
518	422	157	174
516	422	159	179
514	421	162	178
512	419	165	179
515	420	163	181
517	420	163	180
516	417	163	183
518	418	162	182
519	418	166	182
522	417	164	182
522	415	166	183
526	417	165	183
531	414	163	183
532	416	165	185
536	418	163	180
538	417	163	185
542	419	163	183
548	420	160	182
547	419	164	184
551	422	163	180
550	422	166	180
551	422	166	182
551	420	164	177
551	419	165	177
548	416	166	179
548	417	166	177
545	414	165	180
542	412	166	179
538	410	168	179
533	410	168	181
530	409	166	179
526	408	167	179
522	405	166	178
515	405	169	180
512	404	167	175
507	403	168	180
504	403	166	174
501	400	166	181
497	400	166	177
493	399	166	178
489	396	166	181
484	395	167	180
481	394	167	180
478	393	169	181
476	392	168	180
474	393	170	180
471	391	173	183
471	389	173	186
471	390	176	184
473	392	175	185
475	392	175	186
477	392	174	184
478	394	174	186
479	394	174	183
480	395	175	185
481	396	175	185
482	396	174	185
482	395	174	186
483	397	174	185
484	398	174	184
485	397	175	185
484	397	176	187
488	398	173	184
488	400	173	186
487	403	175	179
491	407	171	176
491	413	171	172
493	415	168	169
495	421	166	163
497	422	166	163
499	422	163	163
498	422	165	162
501	422	162	162
500	422	164	162
502	423	163	161
499	422	166	161
501	422	164	162
504	422	164	161
505	423	165	160
506	427	165	159
509	429	166	163
514	431	165	160
516	435	166	159
520	439	166	162
525	442	165	156
530	445	165	161
533	450	167	163
539	453	165	160
543	457	167	164
546	461	168	164
549	464	169	164
554	468	169	166
559	470	168	165
559	475	170	168
562	478	171	163
568	480	170	170
568	482	173	168
570	484	173	169
571	487	175	168
570	487	178	168
571	488	178	168
570	488	179	166
568	488	181	169
569	487	179	167
571	485	176	169
572	486	171	166
575	505	165	145
577	491	159	150
573	477	157	165
572	487	157	164
567	515	167	137
562	474	176	177
562	502	178	151
562	495	178	160
563	471	180	182
562	472	182	179
565	485	181	162
572	465	176	174
573	463	178	172
575	457	178	174
579	450	178	171
582	451	176	168
586	444	175	166
590	436	174	170
590	433	176	170
593	428	175	168
596	423	175	169
598	428	175	159
604	417	170	162
607	413	170	162
610	409	170	161
613	403	169	160
617	399	168	161
620	395	169	161
622	391	168	157
626	385	166	157
630	381	165	158
634	377	164	157
637	371	163	154
639	363	154	152
640	365	164	151
643	356	159	154
645	350	153	153
647	348	158	155
649	344	155	152
650	342	159	153
653	338	153	149
655	334	156	150
655	329	154	153
656	326	158	153
657	322	157	148
659	318	155	149
661	312	150	147
662	309	154	150
662	305	136	145
666	310	159	142
669	303	149	145
670	299	144	146
671	296	155	146
673	291	146	144
676	287	155	149
677	283	152	147
679	278	143	149
681	277	150	148
681	273	154	149
682	272	154	151
685	267	154	153
685	267	154	151
691	264	151	152
691	264	154	147
693	261	154	147
696	258	153	149
700	255	151	150
701	252	151	149
706	251	149	149
705	250	151	150
710	248	149	149
710	246	151	149
713	243	150	148
714	240	150	149
719	238	147	149
718	237	148	148
719	235	148	150
721	234	144	148
721	235	146	142
721	234	146	143
721	236	145	142
721	238	144	138
718	243	145	133
715	242	137	134
712	240	142	140
710	238	142	140
707	241	136	137
701	239	142	140
698	238	133	136
694	237	141	141
692	236	140	139
690	235	142	139
690	235	141	138
689	233	139	137
688	230	139	137
687	229	140	136
687	227	139	133
686	224	138	132
684	222	137	129
683	222	137	132
681	221	132	127
679	220	137	135
678	224	131	126
677	222	136	133
676	223	134	128
675	224	135	131
673	224	133	129
671	225	133	128
668	235	136	130
664	249	135	121
659	249	133	120
652	271	131	114
642	275	131	120
631	292	130	121
615	302	129	122
603	324	130	113
594	322	129	117
587	343	131	113
580	340	130	117
572	365	129	109
564	362	130	113
562	379	133	112
560	380	132	111
559	382	131	116
557	386	132	114
554	384	132	122
552	388	131	123
550	395	131	125
547	394	133	130
545	408	133	120
544	402	135	128
540	413	136	122
542	413	134	124
541	410	133	130
539	413	136	126
541	416	134	127
540	419	131	121
539	417	133	125
538	415	132	127
538	417	132	123
538	419	131	125
539	416	130	122
538	423	132	119
537	419	134	120
541	413	128	123
536	418	135	119
541	412	132	124
542	408	130	122
544	401	128	124
541	401	133	130
542	399	135	126
542	393	129	125
541	402	133	115
537	397	134	117
531	394	135	118
527	392	137	121
526	389	134	119
523	389	136	119
515	383	136	123
517	376	134	138
517	376	139	140
512	393	141	119
500	387	143	129
504	385	134	128
503	381	138	139
505	384	141	137
513	383	135	135
510	379	141	140
514	386	138	134
515	379	134	141
516	382	139	141
518	380	129	140
512	384	141	140
510	375	129	142
507	381	144	143
509	379	135	144
502	382	146	147
506	386	141	142
501	389	146	148
499	390	147	149
493	407	151	141
495	405	149	146
492	404	148	155
486	420	152	144
488	415	148	152
482	419	153	156
481	422	153	155
480	429	154	156
479	428	153	155
477	433	155	161
476	434	155	158
475	437	155	155
474	435	155	161
473	436	157	162
472	435	155	161
469	435	157	159
468	435	156	157
465	436	157	155
455	442	158	145
451	431	156	153
452	432	156	148
453	425	151	147
455	418	151	147
454	413	153	150
454	411	153	149
453	406	152	151
455	405	152	151
454	401	152	151
455	399	151	149
457	396	151	150
457	392	150	147
460	394	150	142
460	386	149	146
461	386	149	143
461	381	148	146
463	382	148	143
464	377	144	144
464	379	146	141
467	373	142	142
468	373	143	140
469	371	142	139
470	369	143	139
472	366	141	139
472	365	141	138
474	362	138	137
473	362	141	137
474	364	140	133
472	362	139	136
468	360	140	137
466	361	140	135
462	366	142	132
462	370	139	129
460	371	137	129
455	372	140	129
452	373	142	130
450	374	142	129
448	374	140	128
447	375	141	130
445	376	139	130
444	375	139	133
443	377	140	133
446	376	140	134
445	375	141	137
446	375	139	137
446	372	137	138
449	372	140	139
448	373	143	138
450	370	144	144
450	369	143	144
452	372	144	142
451	377	144	137
452	389	144	127
453	369	142	148
453	370	144	146
453	371	144	146
455	371	143	147
455	370	143	147
456	370	142	148
455	370	143	148
454	371	142	146
453	373	143	148
450	373	142	149
447	374	144	150
445	376	145	151
441	382	146	147
438	383	145	149
434	384	146	153
430	388	146	150
427	390	147	151
422	397	148	150
419	397	149	150
415	397	150	153
411	401	151	156
407	402	151	154
402	404	153	160
399	406	153	156
398	406	154	163
395	416	154	156
397	415	147	156
393	423	151	156
394	421	149	158
400	420	137	158
395	422	142	160
397	422	138	159
400	424	132	159
402	427	126	153
412	429	114	149
417	432	104	145
417	433	100	143
413	437	104	137
409	438	111	133
405	440	120	134
401	441	128	134
401	440	133	136
402	444	136	130
404	448	139	129
408	445	139	133
411	449	141	131
416	447	140	133
421	452	141	130
425	449	141	134
430	452	140	133
435	451	140	135
439	454	140	134
445	454	140	133
450	457	140	134
456	457	140	135
460	457	140	135
465	458	141	137
470	459	141	138
475	462	142	136
480	466	141	135
485	467	142	137
489	467	142	139
494	467	143	141
498	470	142	140
503	474	143	138
507	473	144	140
512	475	143	139
515	474	144	143
520	475	143	144
522	477	144	146
526	481	146	144
531	483	145	142
534	484	145	143
538	484	146	145
540	485	146	147
540	485	145	145
538	487	145	142
529	491	146	140
521	486	144	141
512	485	144	139
502	482	144	140
492	482	144	137
486	478	144	137
478	474	144	137
470	470	144	137
460	466	143	138
457	466	142	137
459	460	140	140
449	458	141	138
442	457	142	136
440	452	141	138
436	451	141	137
431	450	141	135
429	447	140	136
426	445	140	137
423	445	139	137
420	443	139	138
417	444	139	137
412	443	139	139
406	444	140	137
403	444	140	137
399	443	140	138
396	443	140	138
392	444	140	137
389	444	140	137
386	443	140	138
384	443	140	138
380	442	140	138
376	439	142	139
373	438	142	138
370	435	144	138
367	434	145	140
364	433	146	140
362	432	146	141
360	432	149	141
358	432	149	140
355	430	150	141
357	432	149	140
357	431	149	140
359	431	149	140
359	431	150	140
362	431	149	139
365	427	148	140
368	429	148	138
370	424	148	141
375	419	148	142
378	417	149	141
382	413	150	143
385	409	150	144
388	407	152	144
393	403	151	145
399	398	153	147
404	393	154	147
408	384	156	148
411	376	157	149
415	366	158	151
421	356	160	152
424	344	162	152
428	328	165	154
431	312	167	156
431	296	172	163
428	282	177	171
429	268	178	173
428	253	182	181
422	250	188	181
418	249	193	182
419	247	195	189
420	253	199	192
420	257	204	196
420	257	207	201
418	262	212	210
419	275	217	206
422	279	219	209
423	278	222	216
423	284	225	221
424	293	229	221
425	286	230	229
428	296	233	227
432	284	235	235
436	283	236	232
439	277	240	236
444	272	241	237
450	267	242	238
457	264	242	242
462	260	244	241
468	255	245	243
473	254	248	245
478	253	250	242
483	247	250	248
489	244	253	247
494	240	254	248
499	236	254	250
502	233	257	255
504	236	259	251
507	231	259	254
506	235	257	253
508	237	259	251
510	235	259	251
513	237	259	248
513	236	261	249
513	238	262	248
515	239	261	248
516	238	262	249
511	237	261	250
512	240	261	249
515	245	260	247
520	247	260	247
524	248	259	247
530	248	260	246
534	241	259	251
539	229	261	255
546	231	259	248
549	232	255	247
555	236	255	243
562	238	252	241
569	241	250	240
575	239	248	243
580	241	248	239
581	241	248	240
576	241	244	240
567	246	245	238
568	250	239	236
569	251	236	233
563	254	234	228
546	246	234	234
535	247	233	229
529	246	232	225
522	246	229	223
516	247	225	220
508	244	222	220
502	240	221	220
501	231	220	225
498	231	221	219
489	225	221	221
489	220	220	220
490	222	222	216
493	219	220	216
496	219	219	218
496	221	216	214
497	220	215	217
501	222	214	215
504	225	213	213
517	230	206	215
534	232	209	217
542	232	209	219
546	234	211	217
555	238	213	217
566	237	214	216
567	236	219	217
572	233	220	216
576	226	220	220
579	220	221	221
578	214	220	224
578	217	219	222
579	214	218	221
578	210	215	222
578	208	212	223
570	210	204	220
560	205	204	223
553	204	202	220
539	206	206	215
515	204	204	212
496	203	196	210
486	195	185	214
476	195	185	214
469	192	186	217
461	194	187	215
453	194	186	216
448	197	181	214
444	196	179	215
441	195	179	215
440	193	178	219
441	193	178	217
442	191	187	213
443	179	180	218
443	172	185	225
439	173	192	223
447	185	197	215
456	185	196	217
459	181	192	220
461	180	192	225
467	185	188	223
476	182	182	230
483	183	178	228
484	181	179	230
489	182	176	229
495	183	175	227
499	184	174	226
499	181	175	228
501	182	174	228
503	184	173	227
509	185	172	226
509	186	176	225
507	185	180	225
505	185	181	225
499	185	183	225
492	181	184	226
485	180	183	225
476	180	183	224
469	178	182	225
458	178	183	225
449	178	183	223
441	178	182	223
432	181	181	222
424	180	182	222
416	180	183	221
406	178	185	222
398	179	185	219
389	176	187	223
384	177	189	222
378	182	193	218
375	178	198	222
368	182	205	218
366	183	213	216
363	187	220	213
364	186	228	213
361	186	235	212
363	186	240	210
366	186	243	208
370	187	244	207
373	187	243	205
377	185	240	203
381	190	237	194
386	188	231	196
396	191	221	185
397	192	215	178
394	201	216	164
394	189	217	174
392	181	220	184
390	190	224	176
389	189	226	181
388	202	228	173
387	195	230	183
385	208	233	175
384	208	236	181
383	215	236	177
382	214	239	183
380	219	240	182
378	235	244	173
377	234	246	179
376	242	248	177
374	232	250	194
373	250	253	181
371	245	257	193
369	261	259	180
370	252	261	194
369	258	264	192
365	264	269	193
365	260	270	202
367	285	272	184
366	275	276	200
362	280	280	201
358	297	285	192
353	300	286	196
350	312	290	192
347	310	293	202
340	325	297	198
336	333	298	196
331	331	301	204
326	353	307	192
321	354	306	200
316	334	312	228
307	364	319	211
302	364	320	218
294	378	326	214
290	370	328	234
283	379	331	231
276	387	336	232
271	400	342	232
267	416	344	226
266	407	346	243
260	409	351	250
259	398	353	272
254	406	354	267
250	410	363	274
250	421	363	269
246	452	369	252
247	381	373	329
248	392	371	319
244	434	379	277
248	374	386	340
257	414	384	301
281	409	383	297
323	397	380	298
361	398	379	288
410	363	363	309
476	316	353	329
538	269	356	358
591	257	370	351
639	248	381	343
687	237	388	346
722	254	399	317
757	236	401	332
788	218	407	342
811	227	412	328
827	217	416	335
839	219	413	333
890	221	366	328
885	224	377	322
874	226	397	328
861	216	411	345
899	228	375	339
911	233	357	345
850	195	418	379
846	229	418	356
856	248	405	336
844	242	411	349
836	247	412	352
861	248	390	351
824	236	427	364
845	240	410	370
832	247	426	368
842	237	435	384
854	240	424	386
865	227	414	405
870	239	408	402
877	249	401	396
892	253	387	397
897	208	380	458
899	224	374	448
902	228	374	455
906	218	369	469
907	216	372	477
905	215	371	477
905	219	373	479
905	228	369	469
902	221	375	481
898	225	379	479
892	222	387	481
882	235	397	469
874	248	401	461
865	264	412	444
854	253	423	454
843	265	432	441
836	252	438	453
828	249	444	459
828	248	440	461
826	260	443	447
832	243	434	469
832	234	440	476
838	239	437	469
842	226	433	490
849	216	429	496
852	207	427	506
862	206	413	510
867	211	408	502
868	208	408	507
872	210	406	502
874	205	405	507
878	205	401	510
879	212	397	498
881	220	398	494
880	223	399	489
878	211	401	501
880	223	396	493
879	249	399	466
875	245	404	470
876	244	403	470
873	246	402	469
872	246	407	466
871	239	408	457
868	234	410	479
867	234	412	474
868	228	411	480
866	238	412	476
868	235	411	478
869	232	408	481
868	246	411	469
873	243	406	475
877	240	398	478
880	239	399	477
883	235	396	478
884	238	394	480
882	238	395	477
884	238	392	480
882	233	397	480
878	228	401	487
875	231	404	488
878	235	401	442
876	228	402	489
878	231	401	473
886	218	393	487
887	217	392	484
895	223	381	467
905	226	370	449
914	191	365	476
916	198	363	445
901	190	378	448
888	182	391	466
878	249	398	411
880	237	399	418
868	194	406	484
862	205	417	470
863	199	416	479
863	209	416	490
863	218	414	492
865	226	414	488
868	248	408	462
869	259	406	453
872	292	405	421
874	310	401	400
877	303	401	409
876	348	401	364
878	370	397	347
879	370	397	346
877	389	399	323
869	398	407	316
857	397	422	317
841	399	437	313
817	434	462	279
792	457	487	254
753	484	521	229
697	510	516	204
656	519	492	194
621	523	457	192
599	578	394	140
577	614	309	103
527	646	279	72
462	663	264	56
430	677	218	42
381	680	205	39
340	676	183	42
312	666	161	53
310	650	144	68
320	623	133	95
334	589	136	130
333	546	157	173
294	500	210	217
104	434	410	278
116	364	413	339
125	292	412	376
145	279	400	350
185	275	390	315
220	259	378	309
235	244	377	303
257	231	369	297
290	224	356	295
303	215	353	290
310	214	345	279
326	212	337	267
355	213	324	262
378	211	318	255
381	200	322	256
382	194	320	251
387	186	317	257
396	188	311	249
403	180	311	253
411	178	310	258
414	172	310	270
415	169	309	283
425	164	250	324
429	203	298	266
428	206	299	277
430	220	296	271
434	269	296	236
441	255	289	263
442	259	287	285
447	290	282	270
450	285	279	301
454	309	278	271
453	313	276	279
479	325	220	287
523	357	147	255
527	371	161	243
476	379	192	219
476	371	265	221
468	374	276	216
473	373	268	221
475	375	239	218
473	376	276	218
475	377	271	216
481	375	259	218
483	380	241	214
482	381	276	214
480	378	276	218
483	380	271	216
484	381	262	217
482	385	220	220
502	385	217	235
540	383	166	237
548	370	143	248
534	372	183	221
513	378	204	217
486	372	265	225
483	376	272	213
482	371	271	217
483	375	271	210
481	374	271	211
481	372	271	214
480	373	271	211
480	374	270	209
479	374	269	209
477	373	269	210
484	370	245	211
477	363	271	215
473	358	275	217
470	348	280	223
471	342	281	227
465	333	287	241
466	325	283	249
463	315	289	259
463	307	291	265
458	299	281	267
465	296	285	264
465	289	283	271
468	287	273	276
479	277	265	284
485	274	261	288
489	272	254	288
492	274	242	280
503	283	215	257
508	281	213	253
508	300	196	240
494	280	223	268
489	282	223	272
491	319	223	235
475	276	247	283
479	330	244	229
499	336	228	229
511	330	218	233
519	331	218	231
520	313	223	250
525	332	229	229
525	305	230	256
539	329	226	228
543	322	228	238
543	330	232	230
542	317	227	242
534	314	236	243
525	309	241	248
546	320	217	236
518	320	236	240
546	320	205	240
508	316	238	248
521	323	219	239
528	338	204	233
497	322	229	243
504	327	212	242
481	316	227	228
460	310	254	262
487	315	225	247
471	313	243	246
504	315	210	246
490	314	221	245
508	310	202	229
509	310	201	191
527	317	187	209
486	311	212	187
500	311	208	202
523	310	176	227
484	312	212	214
485	312	224	234
471	320	220	223
460	318	207	222
454	313	208	224
451	317	208	228
451	313	199	226
450	316	231	229
449	314	194	219
451	318	223	226
445	311	198	225
441	320	238	218
438	301	197	229
440	314	239	219
439	293	191	230
438	309	235	215
437	287	205	232
438	301	231	218
437	291	190	221
436	296	217	223
431	291	195	219
432	300	210	216
427	299	191	217
429	303	212	222
422	305	193	214
423	316	216	220
418	315	190	210
423	325	220	220
432	321	169	217
410	337	214	212
413	341	210	211
413	340	203	214
420	344	202	208
425	349	215	214
421	340	197	217
426	349	225	219
428	348	216	219
435	357	209	215
437	362	225	214
440	354	236	225
443	371	235	214
443	364	231	225
445	388	240	207
446	370	226	230
450	392	237	214
452	386	237	226
458	394	237	221
457	395	238	226
461	402	237	224
460	407	235	222
459	414	235	218
457	413	237	223
453	417	240	223
449	414	237	229
447	416	242	227
441	417	233	227
441	428	239	218
434	416	207	229
434	422	229	228
429	416	241	232
413	428	250	218
403	417	202	227
396	416	226	232
392	419	214	228
389	411	204	233
413	418	169	225
391	413	191	226
436	416	145	224
406	418	177	207
427	420	162	227
407	420	188	228
443	426	168	227
409	425	207	226
417	424	229	233
419	429	197	224
454	425	166	219
459	422	164	223
449	424	188	227
443	426	227	231
452	425	200	231
477	426	186	225
476	426	180	231
474	431	215	226
476	432	198	234
480	434	213	229
481	437	200	231
519	437	160	222
497	440	189	221
538	440	149	209
508	435	181	208
505	435	216	224
512	428	215	232
518	424	187	226
551	419	153	223
525	420	176	218
538	406	168	223
556	402	147	222
541	397	149	199
548	383	154	219
504	379	215	215
542	374	155	223
531	371	160	213
540	370	154	220
513	368	178	213
537	368	155	220
531	369	159	206
499	366	190	214
523	366	164	218
508	365	172	210
521	366	158	216
481	365	206	219
513	368	161	221
513	367	158	218
484	367	186	218
498	368	178	224
483	367	197	234
471	374	203	230
488	379	213	226
476	378	198	223
483	379	240	227
488	375	207	224
493	369	190	225
494	367	211	225
500	368	216	224
502	357	194	224
506	361	229	220
511	349	229	224
512	350	228	216
511	337	223	222
513	359	226	194
508	330	216	217
501	336	224	208
495	343	222	196
491	361	221	176
491	316	208	213
495	326	212	199
495	315	209	203
497	341	208	170
494	300	210	200
497	336	204	161
493	312	207	173
491	318	207	162
487	289	206	183
484	313	204	156
482	264	206	199
478	256	202	203
475	262	202	188
471	257	201	190
468	277	200	162
465	271	200	160
464	283	197	146
461	281	197	143
462	278	194	141
464	276	194	138
463	271	194	139
464	268	195	138
465	264	195	139
465	213	197	188
472	244	193	155
470	194	197	202
473	199	194	199
474	233	195	164
477	204	196	194
478	210	194	188
479	218	197	180
482	221	195	177
483	220	195	178
484	219	196	180
485	221	196	179
487	216	194	184
488	221	195	179
488	222	196	180
489	224	196	178
491	219	195	183
492	220	196	182
491	218	196	185
494	242	196	162
492	210	196	195
495	217	195	187
495	217	196	188
497	221	195	183
495	237	197	168
496	224	195	180
498	246	195	159
496	223	198	182
499	248	197	158
497	221	197	185
500	243	195	165
499	222	196	186
499	239	196	171
498	218	196	193
500	232	194	182
499	255	197	161
496	230	196	188
496	243	195	180
496	248	194	179
494	261	194	173
491	276	197	164
490	290	197	159
488	266	187	187
487	281	198	182
485	288	198	180
483	284	198	189
481	286	197	195
478	290	197	197
478	295	196	198
474	304	200	197
473	310	199	196
468	319	203	193
467	320	205	200
464	320	207	205
464	322	208	206
459	322	212	208
459	323	207	211
459	321	183	203
467	323	206	218
465	322	209	218
467	321	208	218
476	319	200	217
478	315	199	218
487	314	189	215
496	316	180	208
505	321	168	198
512	323	157	188
523	325	143	181
530	325	136	175
529	330	140	165
530	323	150	171
533	328	151	164
540	316	155	172
547	328	155	160
549	308	152	175
545	309	158	170
545	308	156	166
557	311	146	161
566	301	143	165
575	299	137	163
583	286	142	168
590	286	138	162
586	289	145	155
574	280	146	160
570	269	144	165
568	264	145	164
564	262	140	164
555	261	141	161
543	259	142	161
530	257	144	160
522	251	143	162
516	248	139	162
508	243	141	163
501	239	137	163
494	234	138	163
490	232	138	162
487	226	138	163
483	224	136	162
478	216	137	164
473	211	138	164
467	208	138	163
459	202	137	163
451	199	136	163
445	196	136	163
443	193	133	162
440	191	133	161
439	188	133	161
439	186	131	162
437	186	132	161
436	186	132	162
438	187	131	161
439	187	131	163
442	188	130	162
446	188	128	162
449	190	129	162
454	191	130	161
460	190	129	160
461	189	131	162
452	188	138	163
454	189	133	163
453	190	133	163
457	193	130	162
458	196	132	161
456	197	133	162
457	201	132	161
457	207	133	157
459	206	132	161
460	208	130	161
462	208	130	161
463	209	130	161
464	208	130	163
469	210	129	162
471	211	129	161
475	210	128	161
478	211	128	160
481	210	129	162
481	207	132	164
482	207	134	163
484	206	135	163
480	204	141	164
486	204	139	162
493	203	135	162
496	202	133	161
500	201	133	161
507	202	129	159
513	201	125	158
516	200	126	159
519	200	127	158
525	199	125	158
526	200	126	157
532	197	122	160
535	200	124	157
537	200	123	159
542	201	120	158
540	200	124	159
538	201	127	160
538	203	127	159
536	205	129	159
537	205	127	160
538	209	127	157
532	210	134	160
524	212	140	159
526	214	136	159
524	215	137	159
520	217	139	158
517	218	142	158
517	222	142	155
513	218	146	159
512	221	146	156
517	220	139	158
502	222	152	157
507	218	137	161
493	219	149	161
492	222	147	157
491	218	149	162
499	219	144	158
493	215	151	162
503	216	144	159
497	211	152	163
508	212	144	159
510	208	145	162
515	208	143	157
518	206	146	158
523	206	141	156
529	203	140	158
530	201	140	158
531	199	142	159
535	200	143	156
537	195	145	157
544	192	144	158
547	191	145	158
550	187	147	159
553	185	144	158
553	180	147	163
555	180	147	161
556	180	148	159
558	180	149	159
562	177	148	161
563	173	147	164
564	174	148	161
567	175	149	162
567	174	150	162
569	173	148	162
571	175	148	160
573	174	147	160
574	171	147	161
577	171	147	160
576	166	149	163
579	165	146	162
577	167	150	160
580	166	147	160
581	166	148	160
579	167	151	159
585	165	146	161
577	167	154	159
581	167	148	159
580	165	150	161
583	166	148	159
583	165	150	160
585	166	150	159
587	165	150	160
588	164	149	160
586	163	151	161
584	164	151	159
581	166	151	157
578	169	150	154
574	171	151	153
569	170	150	153
565	170	150	153
561	168	150	154
557	171	150	153
554	168	150	154
550	168	151	153
546	168	151	153
543	165	151	156
541	166	151	154
538	163	153	156
541	164	149	155
538	162	153	156
542	161	149	156
540	158	153	158
542	158	150	159
543	157	151	159
545	154	148	162
545	155	149	160
547	154	148	161
546	151	148	165
548	149	148	167
549	154	147	161
549	147	147	170
551	148	145	169
550	150	146	167
549	148	147	169
550	151	146	166
549	149	147	168
546	152	148	166
543	152	150	167
539	155	150	164
535	155	150	166
529	159	151	163
523	159	151	165
517	159	153	166
509	159	155	168
504	161	154	167
499	160	153	170
488	168	158	163
487	164	154	168
481	163	154	172
473	174	157	164
471	169	153	170
468	169	152	171
466	169	146	173
458	171	152	173
458	180	146	164
446	172	154	173
464	173	132	171
463	175	128	168
465	176	121	165
463	179	118	161
460	180	117	157
455	184	122	152
450	183	131	155
444	185	140	156
439	186	148	157
434	184	155	158
431	182	164	161
427	187	170	155
427	186	174	158
425	185	179	157
426	186	179	157
426	187	183	156
428	187	185	157
432	190	184	157
435	194	184	157
439	192	185	163
443	198	183	160
446	198	185	167
451	200	186	169
453	204	186	169
459	207	185	172
465	212	184	172
467	219	187	169
471	224	188	168
474	227	190	169
478	232	190	168
481	233	188	172
485	238	189	171
487	240	188	172
489	245	188	172
490	248	191	173
492	250	190	175
494	257	191	172
496	262	190	173
496	267	193	174
497	272	193	174
498	276	193	174
498	280	195	176
497	283	198	177
491	283	198	177
484	283	198	178
473	282	201	181
466	281	202	183
460	280	205	186
457	280	206	188
451	281	207	193
441	283	211	197
431	285	214	199
423	286	215	202
427	282	212	202
439	278	210	205
439	278	208	207
425	284	209	207
398	284	215	208
380	285	214	215
370	291	209	215
353	299	211	219
346	306	206	220
351	315	199	221
360	323	194	218
371	331	191	215
381	339	187	213
389	344	184	211
399	347	184	211
413	352	178	209
430	354	173	206
451	354	170	204
466	352	169	204
475	349	168	204
459	349	175	204
439	350	176	204
431	356	172	198
420	366	170	190
416	357	167	199
414	359	165	200
412	364	162	201
408	366	160	206
415	383	155	193
425	394	158	188
437	394	157	189
438	373	163	213
433	370	168	215
431	384	163	197
415	370	168	212
412	384	163	196
394	364	169	218
396	384	161	195
374	364	176	216
368	366	184	213
369	367	184	210
371	371	184	204
378	363	177	211
370	358	185	214
368	360	187	211
370	364	185	205
376	364	182	204
377	358	185	208
379	362	185	202
382	357	189	208
393	377	168	191
375	371	175	199
362	366	190	209
359	368	195	210
356	371	198	210
352	370	203	213
350	371	204	215
351	375	206	215
369	384	194	210
379	394	193	204
395	387	187	208
398	385	200	211
404	381	203	205
434	402	183	190
430	383	193	206
427	376	203	210
437	375	201	207
437	370	207	210
432	375	206	202
425	363	208	210
416	361	213	209
435	366	193	202
430	358	203	206
429	356	206	204
433	350	207	208
428	349	209	206
425	345	209	207
431	347	203	203
429	340	206	209
436	347	205	201
441	346	201	202
440	344	203	206
445	346	203	205
451	350	201	202
457	355	196	199
464	356	192	201
469	359	192	201
469	361	201	202
474	364	202	202
478	370	203	200
485	370	202	202
483	373	206	202
485	371	203	203
486	374	204	202
490	374	200	201
495	374	202	201
499	376	205	200
505	380	207	195
515	379	205	196
524	379	205	194
535	369	203	198
545	372	204	191
554	369	203	193
563	366	202	188
558	362	202	187
550	368	202	173
544	351	199	183
545	356	199	175
546	347	197	177
548	341	196	175
545	330	195	180
538	345	196	161
533	318	195	180
532	331	192	163
530	315	193	170
530	303	192	179
529	313	191	161
530	293	192	172
527	302	190	159
525	274	192	179
524	280	190	172
524	269	191	175
524	261	191	178
527	259	188	176
526	248	189	179
529	255	185	167
529	226	187	190
534	236	185	173
535	219	187	183
539	217	187	182
536	207	186	187
531	219	190	171
531	229	190	162
531	232	187	157
530	226	190	165
530	238	189	153
529	231	187	161
529	233	188	160
528	230	190	164
529	235	189	160
528	234	189	162
528	236	189	161
527	235	190	164
527	236	190	162
527	239	190	160
527	239	188	161
527	238	193	164
527	241	190	160
525	239	191	161
525	233	192	169
525	241	192	162
524	225	192	177
525	221	190	180
524	219	192	181
526	213	189	188
526	220	191	181
524	217	192	185
526	210	191	191
527	215	191	186
525	216	193	184
527	212	191	189
528	215	191	185
524	223	194	177
526	208	189	193
528	215	189	187
527	219	190	181
529	227	186	174
529	252	187	148
530	231	185	168
535	265	177	135
535	218	171	177
541	247	162	145
541	244	164	147
536	233	173	163
532	239	179	166
530	233	182	176
534	236	181	171
525	241	190	176
523	246	190	175
522	250	190	176
522	253	188	176
524	254	183	178
528	259	173	177
532	262	173	175
534	260	172	176
534	259	171	177
535	255	162	179
532	254	160	180
529	257	158	175
523	250	163	179
519	250	163	176
512	253	166	171
505	254	168	166
499	254	165	164
491	249	168	168
485	243	169	170
478	240	165	170
471	240	168	168
464	232	170	172
458	230	165	172
453	221	169	176
448	225	161	170
443	216	167	175
438	215	155	173
437	211	169	173
429	206	170	174
423	200	167	178
419	198	161	177
415	199	166	174
410	197	165	174
407	192	170	176
403	187	167	179
401	183	168	180
400	178	162	185
399	178	174	184
396	173	175	189
393	171	176	190
390	171	179	190
394	176	174	186
399	178	176	182
401	172	178	189
405	168	180	191
409	168	180	190
410	164	183	193
415	164	181	192
421	161	182	195
425	161	182	193
430	161	184	193
431	159	185	196
432	165	187	190
434	165	186	192
433	166	185	193
431	167	184	192
429	171	184	192
432	174	184	187
441	177	180	186
451	183	180	180
452	179	184	186
452	180	184	185
450	187	184	178
452	183	182	181
448	179	184	186
448	186	184	177
450	173	183	190
452	196	183	165
455	199	180	159
456	188	182	165
456	182	182	171
457	176	181	175
456	158	182	189
455	179	183	172
455	170	183	177
453	157	184	189
452	158	185	194
453	168	185	184
454	160	185	192
454	164	183	193
458	163	182	194
461	192	182	170
466	204	179	155
467	200	182	160
469	221	181	144
470	222	182	147
470	219	180	155
473	235	179	142
475	240	179	145
477	250	178	144
477	255	179	143
480	256	178	141
480	262	177	143
480	266	178	144
481	272	177	141
482	278	177	142
482	283	177	143
482	285	178	145
483	291	178	145
484	295	177	145
485	300	177	144
491	303	175	144
497	308	176	142
496	311	177	143
495	310	176	146
494	316	177	142
493	316	176	145
493	316	177	146
494	322	176	142
495	327	176	138
495	330	175	140
496	333	174	139
496	337	173	137
497	337	172	136
496	341	172	135
495	343	172	135
494	345	172	134
494	346	171	133
494	350	171	131
495	352	170	131
495	352	170	133
498	353	169	133
499	352	169	131
501	353	169	131
503	353	169	131
505	345	169	138
507	344	169	137
506	305	169	179
511	329	166	157
504	360	170	128
502	361	169	130
499	365	171	128
499	368	170	127
498	370	170	130
498	373	171	130
499	374	170	132
499	376	169	130
499	378	169	132
500	379	168	131
500	379	167	128
499	374	166	131
495	376	167	127
495	373	165	128
497	359	162	134
493	365	163	127
495	343	163	145
494	344	162	141
493	333	161	152
492	329	161	158
491	330	159	157
490	348	158	143
487	346	159	142
503	328	112	161
484	369	157	121
482	373	159	120
481	375	159	119
480	376	160	117
480	374	159	120
479	371	159	121
480	375	159	119
479	378	160	114
481	380	158	110
482	377	159	110
483	373	158	110
484	372	158	109
485	330	157	149
497	307	146	162
492	353	150	115
491	354	156	109
491	344	157	114
493	343	156	112
493	338	156	113
494	336	155	111
496	334	154	110
497	325	151	112
496	325	155	113
496	323	157	113
495	314	156	124
494	311	155	127
495	324	154	119
495	326	154	116
494	326	155	116
496	316	155	127
501	302	118	144
499	316	150	133
498	305	128	145
498	315	150	132
497	318	154	134
497	310	153	141
498	313	145	142
500	314	152	135
498	315	154	138
500	313	152	137
499	334	154	121
499	340	154	114
501	341	154	110
501	339	154	112
502	332	154	119
504	338	153	113
504	339	154	113
504	340	154	112
507	341	153	110
508	343	153	108
507	345	154	106
509	346	152	107
509	344	154	105
510	345	152	105
511	343	147	109
512	333	153	115
512	316	153	130
515	295	144	159
521	348	141	106
515	354	150	102
521	348	149	100
562	302	120	131
579	282	103	149
563	288	124	156
540	304	152	141
572	297	107	156
557	318	135	138
546	312	147	148
543	315	149	150
543	319	151	151
543	324	150	152
550	329	131	151
541	375	156	116
549	356	147	144
534	396	158	114
530	384	162	132
527	398	165	127
524	368	171	159
519	395	176	138
517	386	178	149
513	396	182	146
515	368	172	174
512	368	183	178
514	364	166	182
514	365	180	185
519	365	170	181
524	378	165	179
535	381	152	169
538	383	146	173
536	382	145	170
544	381	135	170
543	386	135	162
554	389	128	157
561	390	126	156
566	390	124	153
572	389	125	153
576	388	127	151
582	385	127	152
589	383	126	151
595	380	127	151
603	378	128	150
610	376	127	151
617	373	128	150
624	369	126	150
629	366	129	150
635	363	128	151
642	360	128	151
641	359	129	149
630	355	130	151
624	352	131	152
623	349	130	153
615	346	134	154
604	343	131	153
587	341	134	154
576	339	141	154
578	336	140	154
583	333	141	155
585	330	141	155
580	328	140	155
576	326	140	155
572	324	143	156
577	324	139	155
574	323	143	155
576	322	141	155
574	323	143	155
572	322	144	155
570	321	144	158
574	321	141	158
571	320	144	159
577	320	142	158
575	320	144	158
576	319	144	158
575	320	143	156
567	319	148	157
567	318	147	157
567	318	145	159
568	316	144	160
566	316	147	160
564	316	148	158
560	315	147	157
558	315	144	158
556	314	145	158
552	314	148	159
555	315	144	158
552	315	146	159
553	315	145	158
553	315	144	158
554	316	145	158
557	316	141	158
560	318	140	158
558	320	143	158
559	321	144	160
562	323	142	159
563	326	141	158
562	329	143	158
567	331	142	158
568	332	142	158
570	334	144	158
577	336	140	157
579	337	140	156
583	337	139	156
586	339	136	155
584	340	138	154
581	343	143	151
579	345	142	152
577	347	142	151
577	348	138	153
576	347	138	152
574	348	139	152
572	348	140	152
571	348	140	150
569	347	141	151
570	346	140	152
570	346	140	151
572	345	140	151
571	344	142	152
572	343	141	151
571	342	143	151
572	341	144	152
573	340	143	152
577	337	139	155
576	335	141	156
575	335	142	157
577	332	140	157
578	330	139	159
576	326	140	163
579	325	139	164
578	324	141	164
580	323	140	164
577	322	143	163
583	321	138	165
582	319	139	164
580	319	141	164
581	318	140	164
580	317	142	165
575	317	145	166
571	317	147	166
570	319	144	167
564	321	145	167
557	322	147	167
550	326	149	165
545	327	147	164
539	329	148	166
533	329	149	167
528	330	148	167
523	332	148	168
515	332	151	169
508	333	151	169
502	334	151	169
498	335	148	169
493	335	148	169
491	336	145	169
490	338	140	168
488	340	138	164
489	341	132	161
489	339	128	161
489	340	123	157
487	341	121	152
482	342	125	150
477	341	130	151
473	341	139	152
468	339	147	156
465	340	154	155
462	339	160	157
458	335	167	160
457	336	171	157
458	329	165	163
459	328	163	160
463	331	177	156
471	332	143	152
486	337	160	140
485	336	160	148
498	335	150	151
471	341	178	153
476	338	180	161
475	344	181	160
479	351	181	160
480	355	182	162
482	366	183	156
483	369	183	160
486	377	183	156
490	378	184	159
491	384	184	158
496	395	184	154
497	395	183	158
500	407	185	153
502	405	184	159
502	418	186	151
516	415	176	159
506	431	184	155
508	432	187	159
508	445	189	156
510	447	189	158
511	458	190	156
515	461	190	161
