438	33	127	132
436	31	130	131
443	39	125	128
447	50	124	121
459	59	114	115
462	72	113	107
479	75	96	109
471	77	104	108
485	83	92	106
477	91	103	102
485	102	97	94
486	112	96	91
495	113	88	96
490	113	93	96
500	127	87	86
498	131	91	83
499	132	90	81
498	132	90	80
499	131	87	81
499	130	87	81
498	132	85	79
498	133	85	78
503	131	81	76
503	132	80	75
498	132	85	74
502	132	81	74
500	132	82	74
500	132	81	76
503	134	80	76
501	135	83	75
497	132	89	76
496	131	90	76
495	121	93	83
492	116	95	88
491	115	95	89
488	115	96	88
486	117	97	86
486	115	97	88
496	117	88	86
499	125	85	78
495	115	91	87
495	116	90	86
493	112	92	92
491	112	94	92
495	117	89	86
499	114	84	89
505	115	79	88
506	118	79	85
502	118	84	87
502	113	85	89
499	114	86	92
499	116	85	88
501	121	86	84
500	119	87	85
498	117	89	86
498	119	89	84
497	119	89	84
497	119	90	81
496	116	93	82
495	117	94	80
496	115	94	83
495	115	94	82
497	115	91	84
506	115	82	83
504	115	85	84
504	110	86	87
499	109	93	87
497	110	95	85
496	109	94	84
498	110	92	84
498	111	90	83
498	110	90	84
498	109	89	85
498	108	90	84
498	108	90	83
497	108	88	83
497	109	88	85
496	107	89	86
498	110	87	83
499	110	86	84
500	109	84	84
501	107	83	84
500	107	82	83
499	105	83	85
497	97	84	93
495	97	86	92
505	88	77	100
498	90	85	98
495	96	93	93
504	102	90	87
501	102	98	86
500	101	100	85
499	85	98	100
499	92	101	92
496	95	107	90
500	95	107	87
497	96	110	78
497	96	110	85
495	96	113	86
496	96	115	83
498	97	114	89
500	95	111	93
502	94	111	92
502	95	110	91
518	93	99	94
539	98	82	75
541	92	79	87
546	91	76	84
543	92	78	82
542	92	79	82
541	95	80	77
541	97	81	78
540	98	83	78
540	92	83	86
539	88	85	87
537	89	87	85
537	94	87	82
538	96	88	81
539	97	87	81
541	91	86	82
541	94	86	82
540	94	87	77
542	97	87	80
542	98	90	77
542	95	89	77
536	91	93	83
538	92	90	84
538	91	90	82
537	95	90	78
541	95	89	76
539	87	92	81
542	84	91	85
546	84	87	82
543	85	90	83
551	85	81	82
556	84	76	85
558	81	77	84
559	82	77	80
559	85	78	74
559	85	77	73
557	85	78	73
556	87	78	70
553	87	79	68
553	85	79	69
553	84	79	70
552	84	80	70
553	83	81	71
554	78	82	78
552	76	84	79
552	78	85	74
552	78	84	73
552	77	85	72
554	78	81	74
553	78	82	76
553	80	82	73
556	80	82	75
553	79	88	75
555	80	87	73
558	81	88	73
558	83	85	72
557	81	84	76
560	81	86	79
551	81	96	75
551	82	95	76
542	82	104	70
546	77	99	79
541	73	105	80
543	73	102	84
537	71	107	91
539	71	104	90
540	76	103	85
542	76	100	88
547	75	96	90
558	73	86	92
558	71	87	85
556	71	88	95
555	67	90	89
553	66	92	82
552	71	91	84
551	73	93	80
550	64	95	90
550	63	94	90
552	64	94	85
552	67	92	77
550	66	94	77
550	67	94	84
551	69	94	82
552	70	93	80
553	72	92	90
553	72	93	84
555	72	93	77
554	73	94	89
552	71	94	82
553	72	93	74
551	72	94	89
551	71	93	88
554	72	92	77
559	69	89	78
562	69	85	72
563	70	84	74
561	70	85	72
557	70	89	74
560	71	87	76
561	68	85	71
559	65	87	70
557	65	89	71
560	63	87	70
562	67	85	69
563	69	85	68
564	67	84	68
564	63	83	71
564	62	83	72
564	61	83	73
564	62	84	72
565	64	82	72
566	63	81	73
567	61	80	74
567	62	79	73
571	61	76	73
572	61	75	72
571	61	74	72
571	62	75	72
571	60	75	74
571	61	75	74
571	54	77	81
576	57	77	79
576	59	84	77
582	58	84	78
583	56	83	79
585	57	83	79
587	58	91	77
588	59	92	78
587	58	93	76
582	57	97	78
583	59	95	79
582	58	96	78
579	56	99	82
583	55	97	83
585	54	97	82
587	52	97	82
588	51	96	84
588	51	97	84
586	52	98	83
586	51	98	86
589	54	96	83
599	59	88	80
601	60	90	82
601	59	89	83
606	55	86	84
604	58	87	80
600	57	90	81
598	57	90	82
600	62	88	78
600	62	88	79
602	65	89	77
607	62	87	82
613	62	84	78
613	62	84	79
612	62	85	81
612	62	84	81
610	64	86	80
607	65	86	78
606	67	85	75
609	68	83	74
619	68	73	75
619	69	74	74
626	69	68	70
631	68	66	71
631	63	68	77
629	64	68	75
626	63	69	76
627	64	69	74
624	62	70	78
623	62	72	78
626	61	72	79
627	61	75	78
628	59	77	80
627	58	77	81
629	58	75	81
627	57	75	83
625	59	77	81
625	60	74	80
624	61	77	80
624	61	78	81
624	60	79	83
626	58	78	83
626	56	78	84
627	54	78	84
626	57	79	82
625	56	79	83
625	57	79	83
624	53	79	88
625	52	78	88
624	50	80	92
625	49	83	95
624	49	83	95
627	43	84	100
636	39	79	102
638	36	75	105
645	36	72	104
643	39	73	102
645	37	71	104
646	36	73	107
647	33	73	103
649	30	75	110
648	31	78	106
650	30	78	110
651	30	77	109
649	32	79	108
641	31	84	109
639	43	85	95
637	49	87	89
637	55	87	85
637	52	86	88
640	59	84	83
641	61	84	82
641	61	83	82
639	60	85	85
638	62	85	82
637	62	86	82
635	60	86	85
635	59	86	86
650	61	72	83
651	62	73	83
652	65	74	81
654	66	73	80
653	65	74	81
651	65	74	81
651	66	72	79
649	65	71	81
651	67	72	80
650	66	73	79
651	64	74	81
652	64	75	80
652	65	78	80
652	65	78	80
652	64	77	82
652	64	78	82
651	62	76	83
648	60	78	85
647	61	79	82
649	61	80	83
652	61	82	81
653	61	81	81
655	64	82	77
654	65	81	75
652	63	79	77
650	64	77	79
648	65	78	82
648	67	78	80
649	66	78	82
652	60	80	87
652	56	87	92
652	57	88	91
654	57	88	91
655	58	87	90
655	57	89	91
656	59	91	91
655	58	90	92
655	58	91	92
653	58	92	93
654	57	92	94
654	56	95	95
655	55	96	98
656	63	95	89
656	81	92	73
657	87	90	70
654	89	93	69
658	86	91	72
659	86	90	71
661	86	87	71
660	85	85	72
657	86	87	73
658	85	86	75
658	85	86	77
655	85	90	76
654	82	91	78
655	82	92	80
653	84	92	79
654	85	92	79
653	84	93	80
652	88	92	75
652	93	92	71
653	102	94	66
656	99	94	66
656	101	93	64
655	99	94	66
654	97	94	68
653	96	94	70
655	94	92	73
655	93	92	74
657	93	91	74
657	93	92	75
656	92	94	76
656	91	95	77
656	90	95	78
655	90	97	79
655	89	97	79
655	88	98	80
655	87	98	81
656	88	99	82
657	87	99	82
664	89	94	81
664	89	92	81
668	89	91	80
670	90	89	82
677	92	82	81
684	90	74	80
683	90	72	80
684	90	74	80
683	94	75	79
685	96	75	77
689	96	72	76
689	94	74	78
689	93	75	84
691	92	74	84
689	92	75	85
690	91	74	86
691	85	74	93
690	78	75	102
689	81	79	100
689	83	79	98
690	83	83	100
691	82	81	103
690	69	77	116
687	77	82	106
686	95	83	90
686	92	82	93
688	108	82	80
691	108	82	83
690	108	82	84
691	105	81	83
690	104	78	86
690	103	78	86
689	105	80	87
689	106	81	90
689	107	79	88
688	107	76	88
688	104	77	90
688	106	75	89
688	106	76	91
687	106	77	93
686	108	76	93
687	106	76	95
687	104	75	96
687	103	75	97
687	105	78	93
686	118	80	79
686	128	81	73
685	137	81	65
686	134	81	66
686	132	81	68
686	129	81	68
685	127	83	71
685	128	85	71
687	131	83	69
686	132	84	68
687	132	84	69
686	131	80	70
684	130	81	71
684	129	82	72
686	128	84	73
687	127	85	74
688	126	85	75
688	125	86	77
688	125	85	77
688	125	84	78
687	124	86	79
690	124	87	79
689	124	88	79
690	124	90	79
690	125	89	77
688	126	88	77
686	124	88	79
686	124	89	80
686	124	89	79
688	124	90	81
688	132	91	73
688	133	90	73
689	131	90	73
689	135	89	71
689	133	90	72
689	130	91	78
689	125	91	84
688	118	93	91
689	113	96	94
688	111	94	96
689	111	93	97
691	109	93	98
690	108	99	99
691	125	103	83
692	135	96	74
694	140	92	71
693	141	92	70
694	139	95	70
695	137	94	73
696	135	93	74
697	133	92	77
696	134	90	78
695	135	90	78
695	135	91	79
698	115	91	100
698	134	89	81
697	123	89	94
696	131	87	85
697	133	87	84
697	131	86	89
697	131	87	89
701	133	86	88
701	132	87	87
702	136	88	80
702	135	86	80
703	136	87	80
704	139	88	78
705	143	94	72
707	143	96	70
707	140	98	72
706	139	98	73
707	138	101	75
707	135	101	74
707	133	102	79
709	129	103	80
708	127	105	82
709	127	104	82
710	125	106	83
711	123	107	85
711	121	109	85
710	118	109	86
710	113	112	91
710	112	112	92
714	108	113	94
716	106	115	95
716	104	117	95
717	104	115	95
716	101	116	96
716	100	115	97
719	95	119	101
723	90	117	107
723	91	117	103
724	91	113	102
723	95	120	97
725	95	117	97
723	97	124	96
723	95	127	100
723	91	126	105
721	86	128	109
721	81	123	112
719	78	127	115
717	81	125	112
720	95	118	99
720	98	112	99
717	99	116	100
717	99	116	100
718	99	116	101
718	98	116	102
722	96	121	100
723	95	127	101
722	97	128	102
720	96	118	103
719	96	120	103
722	96	128	103
723	95	137	103
720	94	137	105
718	93	142	106
717	95	138	106
717	96	136	105
718	97	139	106
718	97	144	106
717	94	144	107
717	95	136	109
716	83	129	124
715	89	130	115
716	97	120	110
716	99	114	115
716	102	120	112
715	101	121	112
715	103	119	110
715	103	118	110
715	115	118	105
715	134	118	92
717	135	120	93
715	134	122	96
716	133	120	94
716	132	119	92
717	131	122	92
716	133	124	96
716	134	123	98
716	134	122	94
715	132	122	96
714	133	123	97
717	132	123	98
718	134	123	99
717	135	125	97
718	134	125	100
720	132	122	100
718	132	123	100
721	132	123	101
721	133	124	101
722	133	125	102
724	131	122	103
724	131	126	104
725	130	125	104
725	120	123	113
725	123	123	112
725	122	127	112
720	125	134	107
720	126	137	107
720	126	140	106
719	128	144	109
718	128	145	117
716	126	148	121
716	124	148	124
716	124	145	118
716	123	144	119
716	124	140	124
721	125	137	131
714	124	143	131
712	122	142	130
715	122	143	129
714	122	143	128
718	122	141	131
717	118	143	132
711	115	145	137
715	116	145	141
718	115	141	145
719	114	141	145
720	113	154	146
722	111	145	148
722	107	164	150
727	107	168	151
726	105	161	150
727	106	169	150
725	103	158	154
725	100	151	157
725	96	152	171
728	95	144	172
730	93	146	175
727	96	146	174
726	90	150	177
730	91	150	177
730	89	150	176
736	104	151	160
740	100	157	167
741	100	154	169
743	131	153	140
743	128	149	143
743	114	153	152
743	114	168	150
747	112	157	149
748	113	161	151
750	114	157	144
749	109	156	146
752	102	155	153
752	109	157	149
756	104	159	152
754	105	159	153
755	104	160	152
757	96	158	160
756	98	163	157
761	99	164	158
758	93	162	162
758	95	159	161
760	92	164	162
760	94	169	160
760	96	173	159
759	93	179	161
760	89	179	166
760	89	179	166
757	94	191	160
764	95	185	157
763	106	192	153
760	109	194	154
760	101	194	160
761	102	193	159
760	88	191	160
757	91	191	157
762	93	191	153
765	94	187	150
766	91	198	154
765	92	199	154
764	85	201	160
760	83	198	163
759	81	188	173
761	86	187	171
764	90	194	162
761	90	181	160
766	92	185	157
764	94	174	155
758	95	176	155
759	94	174	159
758	94	177	164
760	94	176	164
764	92	184	171
768	91	187	165
767	90	186	155
767	89	178	160
765	90	193	156
768	89	191	160
766	89	197	161
767	90	199	167
772	90	189	172
772	88	191	174
773	91	184	173
773	91	185	172
771	93	181	171
770	95	179	169
770	95	175	169
773	97	169	167
776	93	172	168
777	94	170	168
780	91	172	168
777	92	172	166
774	94	172	164
773	96	183	164
771	96	175	165
771	96	182	165
773	81	192	178
770	82	213	175
767	79	219	179
765	88	226	177
764	89	225	199
759	91	229	197
759	93	229	198
754	94	236	195
756	89	234	199
759	90	234	205
758	93	235	206
757	94	235	205
754	92	234	204
755	90	222	206
754	93	199	206
755	93	177	207
753	93	168	209
754	90	168	212
749	90	162	214
750	93	166	215
749	90	170	215
751	95	172	217
750	90	178	226
751	92	175	224
752	92	176	225
751	92	177	221
754	96	172	216
752	91	180	229
755	94	180	221
757	92	179	223
756	89	184	224
759	91	185	227
760	88	189	228
762	92	185	219
759	90	191	234
759	92	195	231
762	93	193	222
761	92	193	224
760	92	193	230
762	90	195	232
765	89	192	228
764	92	191	224
764	87	192	234
766	88	191	244
767	96	203	241
768	113	206	212
766	129	200	200
768	132	207	200
766	131	200	202
766	131	187	212
770	129	176	217
772	133	171	207
773	135	163	205
772	135	164	205
772	135	155	217
770	137	191	219
765	133	199	215
767	135	183	214
767	138	173	219
767	135	171	222
769	143	166	225
769	144	165	223
769	139	163	213
765	134	173	219
765	134	173	227
765	135	171	226
763	133	172	227
767	141	167	223
766	140	166	220
770	135	168	220
766	121	163	232
770	131	158	222
768	136	169	221
766	133	173	225
768	157	179	209
768	167	192	198
768	175	211	192
768	173	211	195
767	176	209	191
768	172	219	194
765	175	218	193
765	169	200	207
770	182	170	199
768	181	174	198
768	188	164	201
770	189	159	208
769	194	159	198
770	187	158	203
768	189	170	202
766	191	171	199
768	193	177	202
770	190	179	209
768	189	181	208
773	187	178	208
770	192	181	204
771	192	179	206
765	193	182	205
771	192	183	205
770	192	180	204
769	186	185	210
775	188	186	211
770	189	193	209
777	189	189	211
775	187	188	213
769	185	189	213
772	185	184	213
769	187	178	214
769	188	180	212
775	186	164	215
776	192	165	219
769	194	168	221
767	194	166	216
766	188	169	220
764	187	171	220
768	192	178	218
762	192	181	218
774	192	168	215
763	189	188	215
760	188	176	220
761	193	168	215
761	191	166	225
757	194	177	221
761	189	167	221
760	186	173	223
762	193	175	218
763	191	175	222
756	194	182	225
760	188	177	236
760	185	172	240
757	217	182	212
759	239	176	195
760	237	172	199
761	250	180	186
756	247	190	187
755	237	203	196
754	245	206	200
753	247	210	198
753	247	212	198
750	247	216	206
748	241	219	225
751	256	228	214
750	259	228	211
749	262	199	209
750	262	199	207
748	263	167	224
746	263	175	236
746	259	167	225
744	263	171	236
752	263	172	233
749	259	174	240
751	260	181	233
752	254	181	233
753	255	183	229
752	254	183	229
741	246	192	243
744	244	188	244
732	268	195	207
732	280	197	198
734	280	202	202
739	285	205	207
751	261	191	225
745	270	200	215
754	261	182	211
750	264	174	213
741	272	173	204
734	274	186	204
733	276	183	207
734	267	180	217
736	268	182	214
743	272	181	210
752	271	179	209
753	258	178	221
752	266	172	211
751	264	171	212
744	244	169	235
747	254	165	236
742	279	164	212
742	253	163	231
750	254	164	226
749	254	164	225
758	267	174	216
751	257	177	226
754	268	173	214
754	268	169	220
749	278	160	217
748	272	157	221
741	296	169	201
732	291	196	222
721	293	216	234
713	301	227	223
711	308	233	217
711	310	235	215
721	317	226	211
728	310	224	220
715	312	224	227
691	320	236	224
694	313	241	239
694	315	242	234
698	311	236	234
701	309	190	243
712	304	167	263
705	303	174	260
684	301	194	274
689	300	190	277
677	303	204	275
669	310	201	246
684	313	193	255
699	308	189	268
703	315	194	257
700	310	196	265
702	319	197	277
704	323	197	257
704	320	200	255
697	326	206	246
690	326	210	251
689	328	210	251
690	326	209	259
685	325	216	252
682	327	225	237
688	343	220	225
674	340	225	225
673	336	227	229
659	336	231	233
652	337	238	231
655	337	220	227
661	334	192	230
669	337	187	226
667	340	188	225
671	335	189	241
673	336	192	239
668	334	197	247
659	339	199	245
652	340	194	243
653	331	196	252
648	326	199	258
646	339	202	246
651	322	198	264
659	342	211	243
668	331	197	253
665	329	200	253
668	326	200	255
660	327	201	255
650	331	199	255
644	337	200	250
643	331	198	258
643	340	195	248
644	337	199	249
650	339	196	246
660	344	191	241
666	333	191	251
659	334	192	252
660	332	193	252
649	334	199	251
646	340	185	248
649	372	190	232
651	391	183	204
652	385	183	223
652	384	187	224
651	388	195	220
655	391	190	195
654	396	189	185
645	397	203	181
640	398	200	182
639	397	200	182
634	396	197	193
631	398	200	203
631	400	199	208
636	399	194	206
642	396	185	205
642	397	184	208
646	390	184	213
648	391	184	211
647	395	186	209
644	398	182	205
635	400	184	207
635	400	186	207
634	401	186	203
638	398	185	206
643	397	183	205
652	392	178	212
660	390	177	212
658	392	183	209
658	392	180	209
655	393	182	210
648	398	185	208
639	401	182	204
637	397	178	208
635	397	180	206
643	395	183	211
651	394	183	210
655	393	185	210
655	390	191	213
647	403	199	208
647	404	201	206
634	406	198	209
613	405	202	211
605	408	193	205
607	407	193	210
616	410	190	218
616	407	189	219
631	403	179	224
645	400	175	230
645	401	180	223
642	400	176	223
634	399	179	224
636	400	175	222
627	405	175	215
617	406	174	211
611	405	176	210
595	403	198	207
599	404	200	207
599	405	201	207
607	406	198	206
618	402	190	205
619	403	198	199
621	397	188	211
613	399	186	216
610	400	188	214
601	400	185	213
601	404	187	216
607	404	188	214
618	401	185	212
631	394	180	222
626	400	182	215
636	400	174	219
633	399	172	217
621	397	185	221
607	399	192	222
600	398	179	226
601	401	179	223
607	403	185	227
621	395	183	239
631	402	174	242
639	403	166	236
636	393	167	237
636	395	167	234
628	396	164	234
618	400	162	238
612	405	167	233
611	402	174	233
614	393	178	233
612	394	180	232
623	398	169	234
631	403	160	233
633	401	160	237
630	395	158	228
628	397	157	227
629	398	158	224
621	400	158	229
618	406	146	227
614	403	147	225
605	402	164	221
610	401	156	218
609	400	158	221
627	403	136	218
630	404	136	215
620	403	142	209
615	401	142	211
609	411	142	206
608	406	145	210
593	404	154	211
585	405	164	205
616	406	138	210
620	406	140	207
621	404	143	212
621	408	145	208
624	406	141	206
622	401	142	211
614	403	144	210
601	409	154	209
616	408	136	214
616	407	134	215
620	402	130	218
615	410	138	207
618	411	140	204
626	410	139	209
606	410	166	206
604	408	168	211
604	403	167	210
605	402	161	219
600	406	158	216
590	408	164	213
578	407	168	213
578	399	169	220
581	397	168	222
585	400	162	220
589	399	164	222
590	397	161	221
593	401	159	217
593	399	158	220
597	401	151	218
600	399	138	224
586	402	143	218
585	399	144	218
589	400	142	210
586	398	144	211
598	399	139	190
603	400	143	195
603	405	146	190
599	406	148	190
593	405	149	193
592	404	151	188
585	401	151	205
579	401	153	192
581	401	155	194
588	403	155	199
596	399	154	197
596	407	154	187
601	402	155	190
599	391	155	199
584	382	166	206
576	371	170	215
565	358	175	225
567	356	170	227
545	360	198	225
536	365	222	223
535	366	229	227
530	363	185	230
528	342	180	241
531	347	178	237
530	330	174	254
547	324	157	263
524	333	179	259
529	337	179	257
552	340	168	246
549	340	172	249
528	336	198	248
531	311	192	269
542	288	183	290
513	282	206	292
514	286	201	283
513	287	200	288
544	300	180	278
509	311	213	262
513	316	206	255
513	310	207	246
514	315	218	239
515	314	213	242
510	310	222	248
504	286	219	278
503	282	217	260
486	288	234	242
489	293	229	227
491	295	223	227
503	261	206	243
513	228	202	233
509	232	207	221
515	229	202	243
513	225	203	257
512	225	203	259
489	230	233	257
480	230	230	250
493	231	210	254
495	240	216	251
483	239	226	260
483	241	225	260
487	249	220	240
497	244	215	247
491	237	218	262
470	244	229	260
459	252	230	255
464	238	226	274
470	254	225	243
453	247	226	243
453	245	204	258
459	251	196	252
479	261	195	245
481	258	194	250
484	258	188	248
480	247	175	259
464	251	191	252
472	261	196	244
460	260	208	248
464	250	205	258
466	261	192	248
461	243	185	264
466	260	192	252
474	262	200	250
477	259	196	253
477	261	194	251
467	257	186	257
455	252	192	264
446	262	209	258
452	267	202	255
471	258	168	258
470	263	168	254
489	258	154	255
492	261	151	249
487	262	153	248
484	261	154	240
485	261	150	245
485	260	150	245
478	263	151	242
477	262	150	241
477	263	152	240
482	266	152	233
483	265	154	226
483	262	152	231
482	255	153	236
478	263	154	225
470	258	157	229
471	265	157	221
479	265	151	232
477	266	151	229
477	268	157	230
469	259	174	229
461	235	182	249
449	218	177	265
437	211	189	278
437	208	190	277
415	216	215	277
411	223	213	264
423	235	203	254
424	243	201	231
422	247	181	224
418	254	186	221
410	236	183	225
401	201	187	251
395	204	198	232
395	201	196	235
422	212	184	222
423	209	185	224
430	217	176	212
405	214	178	228
385	215	182	234
398	221	160	224
385	224	175	219
384	222	177	239
369	219	195	230
370	219	199	232
395	223	179	232
392	223	184	233
385	218	188	232
384	220	186	230
373	219	191	228
366	220	195	225
370	221	195	226
382	223	191	222
398	223	184	219
397	223	185	222
408	218	179	223
408	213	178	227
404	216	168	229
397	216	170	223
396	214	165	216
398	216	169	221
401	215	167	227
407	213	159	215
414	218	159	212
418	213	157	208
406	218	168	201
405	215	171	204
403	224	166	199
408	230	158	195
406	227	156	198
405	213	162	210
425	202	151	216
418	204	158	225
430	211	154	219
425	208	149	212
421	204	148	206
412	202	153	208
408	207	153	205
410	205	152	206
415	215	151	199
424	211	151	202
428	207	153	199
420	207	156	198
413	208	161	197
413	208	161	196
404	207	162	197
403	207	154	191
404	194	157	202
399	188	162	207
396	167	173	235
397	168	171	231
389	150	186	253
378	132	187	276
374	120	186	278
370	106	189	295
379	117	186	283
375	114	191	284
389	118	183	289
390	128	193	270
376	132	193	269
366	127	193	254
352	131	202	252
351	129	201	231
344	128	210	244
357	129	201	270
364	139	195	246
359	137	197	211
351	136	209	214
351	138	210	211
341	136	212	264
341	138	208	225
333	137	196	216
324	139	202	209
334	138	194	210
332	138	195	225
356	141	177	215
358	144	174	243
347	138	176	229
339	140	187	215
345	140	176	208
343	139	179	230
346	139	172	223
355	143	168	206
366	146	160	233
358	142	166	222
356	145	164	247
360	142	160	227
355	143	161	233
351	141	164	228
353	150	163	202
362	142	160	199
367	135	164	193
365	135	167	193
366	128	161	193
359	122	162	196
347	117	166	196
348	112	159	197
339	105	168	203
342	107	165	200
349	108	161	199
358	109	158	197
364	107	155	199
354	107	159	199
344	101	162	203
348	107	158	197
349	108	154	194
352	108	152	194
361	108	150	195
361	112	156	194
359	113	159	193
359	112	159	193
351	113	164	191
348	112	164	189
351	110	160	191
354	111	160	191
356	112	162	191
353	112	166	190
356	112	165	192
352	113	168	188
351	110	164	190
345	109	163	190
342	100	159	200
345	104	156	194
341	95	157	204
333	71	162	227
337	65	167	235
330	74	175	229
332	100	177	197
331	109	177	187
334	108	177	185
338	101	175	194
345	68	175	230
352	55	170	244
353	47	169	256
354	48	166	254
351	55	168	255
333	57	179	255
323	56	186	254
324	62	178	243
332	58	168	219
329	61	169	220
315	58	186	205
310	56	193	209
319	59	182	215
332	60	167	216
332	62	163	213
332	61	162	215
332	59	163	210
326	59	169	227
329	60	168	211
337	60	166	206
340	63	163	203
339	62	164	203
337	64	163	194
345	68	156	178
347	64	154	181
347	62	152	186
350	60	149	188
350	60	149	188
354	60	149	188
352	62	151	187
347	58	156	187
339	51	164	193
335	45	168	197
335	48	169	195
339	43	165	198
330	37	174	202
329	39	174	200
337	42	168	196
338	38	164	198
339	37	163	198
334	35	164	196
338	37	158	197
339	39	157	197
347	41	151	196
353	39	150	195
351	38	150	195
352	38	150	187
350	34	149	187
339	34	153	186
333	36	161	183
331	43	168	178
330	43	169	181
332	43	173	180
336	18	166	202
329	2	173	206
319	0	179	201
314	2	184	196
312	2	188	195
309	3	193	197
314	1	188	207
314	3	188	209
316	0	180	206
338	1	156	193
337	0	157	188
332	1	156	187
322	3	168	192
318	5	177	196
320	2	178	199
322	3	175	195
322	3	175	196
318	3	177	200
308	6	183	197
320	9	171	198
334	14	157	195
334	12	161	195
334	15	160	192
329	15	168	209
327	18	169	213
328	16	165	214
329	18	162	209
334	19	159	205
332	25	161	200
333	23	166	188
337	28	166	180
337	31	166	184
336	37	167	178
336	40	161	177
336	39	162	178
335	46	161	175
334	50	163	172
333	54	167	172
335	59	167	173
331	63	170	176
330	62	173	176
325	66	175	178
326	67	172	183
327	75	170	182
336	80	165	185
337	86	168	189
336	91	168	186
341	102	169	183
339	116	169	183
337	133	167	181
336	148	168	182
338	168	168	182
342	168	164	180
341	189	167	187
331	212	176	182
326	234	177	178
334	254	170	187
324	275	182	178
328	276	178	181
318	298	196	179
320	319	189	179
316	332	189	175
317	347	187	183
312	365	188	178
310	363	191	183
302	369	198	182
307	372	196	182
302	358	205	196
297	357	209	198
309	362	192	201
308	366	194	199
329	372	171	195
338	373	167	192
339	373	171	185
347	373	166	186
346	375	162	186
345	374	164	188
336	378	168	186
325	376	175	188
319	375	180	188
318	377	186	187
324	380	178	189
317	382	186	188
326	384	177	191
316	390	179	187
305	393	189	188
308	402	192	185
325	410	177	185
316	409	185	186
327	415	181	188
328	420	181	184
327	425	179	177
322	425	178	170
317	421	183	177
317	422	182	179
321	423	185	178
326	424	186	178
328	423	183	183
327	428	180	183
327	432	176	182
325	437	177	176
324	442	174	176
321	438	181	186
330	448	177	179
328	452	176	180
328	458	172	180
329	459	173	178
326	467	173	176
325	471	172	178
328	475	175	178
330	476	174	180
328	485	172	177
328	483	174	178
324	488	174	176
319	490	176	177
327	495	171	173
328	497	171	169
345	502	151	158
342	499	154	161
327	502	166	159
322	506	170	163
339	511	156	166
333	521	163	159
329	525	173	162
323	525	179	162
326	525	179	163
328	509	177	176
320	499	186	186
304	503	203	185
297	510	202	184
297	519	200	177
293	521	205	181
294	528	206	175
316	524	185	171
343	526	159	166
337	521	163	173
337	521	164	175
321	525	177	177
322	532	177	178
319	537	180	166
317	534	179	166
322	532	172	166
325	532	169	164
330	532	165	165
332	534	168	165
328	533	174	161
322	524	177	164
318	520	180	163
319	518	181	167
313	510	188	182
304	505	196	189
291	493	209	203
305	486	194	202
305	483	196	183
304	481	195	186
310	475	192	184
308	473	193	185
305	473	194	183
308	473	192	178
315	471	188	178
318	470	187	176
326	471	180	175
328	471	174	173
326	468	174	173
326	466	181	173
327	466	180	170
328	466	181	172
330	469	177	169
328	468	173	166
325	468	173	163
324	467	179	163
326	468	177	163
326	468	174	164
322	468	180	162
321	467	181	160
317	467	187	160
321	468	182	157
315	467	184	154
317	466	183	157
322	466	170	150
326	465	163	149
321	464	170	149
327	464	168	147
329	464	166	148
326	465	168	148
323	463	169	153
326	465	171	155
331	460	176	164
333	440	188	185
329	441	196	176
332	442	192	175
326	447	206	160
327	445	205	159
327	432	221	171
323	432	232	171
316	431	242	170
322	432	237	170
327	435	229	170
376	441	184	172
405	437	160	177
417	434	157	179
414	439	163	172
413	438	165	174
410	441	167	169
403	445	168	167
397	443	170	169
392	439	176	172
396	438	178	172
394	437	178	173
402	440	179	170
400	442	183	173
399	435	185	180
388	428	191	187
387	433	191	181
387	435	190	180
389	438	190	178
390	438	192	176
391	433	194	178
390	422	196	181
383	417	201	180
386	416	196	182
379	412	203	183
382	409	198	184
392	405	190	180
414	404	170	178
420	401	169	172
421	401	167	174
420	399	169	166
422	393	165	183
419	388	169	163
419	388	166	162
416	385	174	163
417	387	170	160
419	377	173	162
416	373	175	164
412	374	178	164
410	376	179	162
409	376	180	163
412	374	177	163
411	367	179	166
413	363	178	171
417	360	180	169
417	361	176	169
421	356	171	173
422	356	171	172
420	351	170	177
419	346	173	179
423	344	170	173
421	334	171	173
425	329	177	181
425	330	175	187
428	336	179	172
425	330	188	178
421	327	196	178
419	330	209	177
413	336	217	171
416	335	219	173
416	334	217	168
402	321	232	157
397	315	243	169
395	320	225	162
406	322	227	160
407	321	223	165
424	321	206	160
453	317	178	163
455	315	179	185
452	302	181	171
439	295	189	180
440	297	190	178
438	296	191	177
436	304	194	175
433	294	198	195
431	294	199	193
426	298	203	181
425	299	202	183
420	283	206	189
418	285	207	205
418	286	207	195
420	290	205	182
425	291	202	185
423	290	206	192
424	290	208	188
425	294	207	183
424	296	210	171
424	294	207	173
422	296	212	173
425	295	209	176
434	288	201	181
453	287	183	175
459	286	179	175
463	285	174	176
468	288	171	175
469	288	170	173
470	289	169	171
468	282	170	180
464	282	174	177
464	288	177	171
464	290	176	170
463	290	176	172
464	284	175	176
469	281	173	178
469	278	174	179
469	280	175	177
469	282	173	175
468	282	174	175
468	278	172	177
472	277	168	178
475	275	167	179
477	273	168	177
479	275	164	172
479	275	164	172
480	275	164	167
476	274	164	165
476	270	165	169
479	262	169	158
481	256	177	167
483	256	175	169
493	260	181	162
503	257	180	161
509	258	171	161
512	265	191	154
494	267	210	157
503	267	202	159
501	266	208	159
488	263	219	163
493	273	213	161
480	268	222	172
485	260	218	174
490	263	214	174
486	257	223	171
499	262	214	164
520	259	192	169
528	257	185	176
518	257	192	178
520	257	192	178
515	254	197	174
518	250	199	174
518	257	199	166
519	256	198	170
518	253	197	175
519	253	197	175
517	257	197	173
519	259	195	170
521	262	195	169
523	269	196	166
525	279	196	161
526	278	196	163
526	281	197	162
526	275	194	166
524	270	192	168
520	267	194	174
519	271	193	170
519	274	195	167
518	283	197	167
528	278	191	179
536	287	189	172
542	286	186	164
548	281	180	161
548	279	179	163
552	277	170	166
555	284	161	161
555	289	159	161
563	289	152	161
577	278	149	164
576	280	150	159
586	272	151	167
586	280	160	164
591	288	154	161
589	296	159	154
576	286	163	164
575	288	166	162
567	287	165	164
566	289	168	159
572	290	168	158
582	290	167	157
591	285	163	159
588	284	167	159
589	282	164	161
583	282	165	160
577	284	161	154
574	285	163	153
574	282	164	151
572	282	168	151
578	277	168	156
586	276	167	159
583	279	171	162
578	283	172	168
568	282	177	170
568	281	177	174
569	269	183	184
581	253	167	196
592	248	166	204
595	249	167	208
604	249	165	210
604	253	163	208
611	243	158	216
607	228	163	231
608	222	164	233
605	219	164	241
605	219	181	241
610	224	173	237
614	226	171	232
616	219	173	240
616	221	174	235
604	244	176	214
602	263	175	197
604	263	176	197
604	270	176	191
609	269	174	187
615	263	168	187
619	264	167	189
615	265	168	194
616	266	168	192
610	270	172	192
604	270	178	187
606	267	178	188
615	274	176	182
638	283	159	175
640	278	156	182
641	301	166	162
647	300	162	162
642	284	163	176
640	284	155	174
637	292	155	168
637	295	158	164
636	294	159	172
638	293	164	170
644	295	168	168
646	289	168	170
643	291	171	170
642	292	172	169
642	292	170	170
635	288	173	175
636	281	174	175
643	277	172	177
643	276	178	178
645	276	177	177
648	279	179	175
648	283	180	168
644	279	182	167
643	277	178	166
640	279	178	166
641	280	178	165
640	282	178	167
641	282	179	170
645	279	183	175
653	277	180	179
670	269	167	188
671	269	166	188
668	267	172	188
667	262	181	199
669	261	179	208
680	266	156	206
675	261	160	211
678	263	159	209
679	255	164	215
679	252	167	218
675	260	174	210
677	308	172	167
685	314	167	161
685	311	168	164
684	316	169	158
684	320	175	154
683	320	174	155
684	319	171	158
683	320	174	160
682	320	174	161
685	317	168	166
688	316	163	169
689	315	163	171
688	316	163	173
688	315	163	176
688	315	162	177
686	309	163	181
686	309	163	179
688	308	162	191
689	308	165	203
680	315	169	203
680	313	171	204
685	327	159	190
685	344	158	174
684	362	162	157
685	354	164	166
686	347	167	174
685	346	167	176
686	350	165	174
681	351	163	175
679	350	166	176
678	351	167	176
680	349	169	179
679	350	168	179
683	351	172	178
682	351	168	184
679	349	169	183
677	344	167	189
676	344	169	188
675	344	170	188
676	346	176	184
680	349	179	180
681	348	180	182
679	351	179	180
675	349	178	181
675	350	179	182
675	348	176	185
678	353	175	184
677	355	182	191
687	350	176	191
710	337	155	205
709	338	155	199
711	331	152	212
715	331	145	220
704	323	152	233
702	306	155	235
708	303	154	238
708	309	151	234
692	296	183	242
709	305	164	234
703	310	165	241
703	323	182	217
697	355	180	197
698	352	179	203
700	387	175	160
709	390	169	161
712	384	165	179
711	372	170	191
708	375	178	194
708	376	181	190
706	376	179	198
705	378	171	198
707	384	161	194
710	370	153	204
716	369	152	205
717	367	150	208
718	374	150	204
717	387	147	192
712	400	149	180
715	400	157	177
715	394	159	185
714	395	157	184
716	392	159	188
716	395	160	189
714	393	160	190
712	391	160	192
712	390	161	194
711	390	161	194
712	390	159	195
711	390	161	196
711	391	161	196
710	388	162	197
709	389	171	197
710	388	171	198
708	387	175	197
710	389	176	198
708	385	174	199
708	370	175	217
704	397	182	194
707	400	178	191
708	398	172	195
710	398	170	196
712	401	192	203
714	401	179	206
714	406	181	209
714	408	182	203
713	400	202	213
709	395	199	216
707	386	192	227
710	388	180	227
709	384	178	231
708	386	177	232
709	387	183	231
707	373	181	244
709	376	177	236
706	397	170	220
710	414	164	207
712	411	161	209
710	415	172	210
710	413	175	212
709	411	174	210
710	408	172	213
712	410	170	211
711	409	171	212
710	413	170	212
708	413	169	216
709	406	169	221
706	409	167	216
708	410	164	216
709	410	164	217
706	405	165	222
707	374	166	250
707	402	165	226
708	407	167	218
709	439	176	191
708	443	174	183
714	459	175	177
717	471	175	164
715	484	180	141
714	476	181	145
716	479	184	149
714	481	187	149
720	486	180	146
718	483	184	149
717	473	185	155
718	469	184	159
720	473	180	157
718	473	183	158
718	480	183	154
717	477	182	155
720	471	181	157
722	468	184	159
727	468	182	159
726	467	183	161
728	465	183	164
726	462	188	165
726	464	187	163
725	467	188	160
727	467	186	160
727	468	187	160
724	464	190	165
724	458	190	171
722	457	191	175
720	463	193	171
719	475	197	159
720	477	196	158
720	481	197	158
718	486	200	157
717	491	197	158
715	492	198	158
719	490	206	163
720	487	206	167
722	484	212	172
722	476	200	180
716	505	210	149
715	505	213	153
719	510	212	150
717	507	213	151
717	508	207	152
717	507	206	152
717	503	202	152
718	504	197	153
715	503	193	158
714	503	193	158
715	503	186	161
714	502	191	165
716	485	185	185
715	492	175	188
714	498	178	189
717	497	173	189
715	502	174	192
717	502	173	189
717	497	173	193
716	494	176	195
719	500	178	197
721	501	175	190
722	521	175	170
723	523	178	170
724	522	179	165
724	520	181	166
727	519	191	168
727	520	193	165
728	524	183	161
721	522	186	169
719	515	187	161
716	516	190	160
718	509	188	164
719	511	186	164
719	503	186	169
714	502	187	166
708	499	187	165
702	495	185	165
693	487	185	168
691	479	187	170
682	474	189	174
670	472	187	170
657	465	190	164
646	456	191	170
638	452	191	173
637	451	190	170
617	436	202	184
606	442	207	165
602	434	210	166
591	430	223	165
582	432	229	160
582	429	229	164
581	432	228	161
582	431	231	160
582	425	234	159
581	416	236	162
586	407	226	162
588	403	222	169
592	403	211	165
599	401	214	169
601	396	212	170
608	384	222	171
615	370	239	176
616	368	239	180
