347	135	19	18
346	135	19	18
346	135	19	18
346	134	19	18
347	133	20	17
346	135	21	18
347	140	21	18
347	150	23	20
346	164	25	19
346	164	25	19
347	177	23	21
346	191	22	20
345	206	22	18
343	215	21	18
342	218	19	18
340	218	19	18
341	218	20	18
339	218	20	17
339	218	21	18
340	217	20	18
340	218	20	18
339	217	20	18
339	218	19	18
338	217	19	18
336	217	20	18
336	217	20	18
336	218	20	18
336	218	21	18
336	218	20	19
336	219	20	19
336	220	20	18
336	219	20	18
338	216	20	19
339	208	22	19
341	196	20	18
342	179	21	18
342	163	20	18
342	162	21	18
340	146	23	18
340	134	22	19
339	125	20	17
337	121	20	17
335	122	20	17
335	122	20	17
335	125	19	17
335	129	19	16
334	136	19	17
334	143	18	17
334	149	19	17
333	148	19	17
333	151	19	17
333	151	19	17
333	150	19	17
333	149	18	17
332	147	19	17
332	147	19	17
331	146	18	17
330	145	18	17
330	144	18	17
329	145	19	17
328	144	18	17
329	144	19	18
328	144	19	17
328	145	19	18
327	145	19	18
327	146	19	18
327	147	19	18
327	147	19	18
327	150	20	18
327	151	20	18
326	152	21	19
326	151	21	19
326	148	21	18
327	149	21	18
327	145	21	18
329	142	21	18
330	143	21	19
331	149	23	20
334	160	24	23
334	159	24	23
333	174	23	19
332	189	22	20
330	204	20	20
323	218	21	19
322	225	19	18
321	224	19	19
319	227	20	18
317	227	19	19
316	226	19	19
315	226	20	19
317	227	20	19
316	226	20	19
318	227	19	19
318	227	21	20
318	226	21	19
319	227	20	19
319	227	20	19
318	226	20	19
319	228	20	19
321	228	19	19
321	230	19	19
321	230	20	19
321	231	19	19
321	231	20	19
320	232	20	19
320	232	20	19
320	233	20	20
320	234	20	20
320	231	22	20
320	231	21	20
321	223	21	20
324	209	21	20
323	194	20	20
323	179	24	22
324	165	22	21
324	164	21	20
326	153	20	19
325	144	21	19
325	138	22	19
324	136	21	19
324	137	21	19
324	137	21	19
323	141	21	19
323	148	21	18
321	157	21	18
321	163	21	19
322	163	20	18
322	163	20	18
323	163	20	17
322	160	20	18
321	160	20	18
321	158	19	17
320	157	19	17
320	157	19	18
320	156	20	18
320	155	20	18
320	155	20	18
320	154	20	19
319	154	20	19
320	154	20	19
320	154	20	19
320	155	21	19
320	155	20	19
320	157	21	19
320	159	21	19
320	159	21	20
320	160	22	20
320	161	22	20
320	160	22	20
320	159	22	19
321	155	23	19
321	155	22	19
323	150	22	20
324	147	23	20
325	148	23	21
326	152	24	21
326	160	24	22
327	160	24	22
331	172	23	22
331	185	23	21
330	198	24	23
329	214	23	22
327	226	22	21
327	227	22	21
324	235	22	20
321	235	22	20
320	234	22	20
318	233	22	20
317	232	22	20
317	232	22	20
318	232	22	21
318	231	22	20
318	231	22	21
318	232	22	21
319	231	22	21
319	231	22	21
319	233	22	20
320	232	21	21
320	232	22	21
320	232	22	20
319	233	22	21
320	233	22	21
319	232	22	21
320	233	22	21
320	233	22	20
320	234	22	21
320	233	22	21
320	234	22	21
320	233	22	21
319	234	22	21
320	234	22	21
320	236	21	20
320	237	22	21
320	237	22	21
320	238	22	21
320	239	22	20
320	238	22	21
320	236	23	22
320	231	23	21
321	230	23	21
322	221	22	21
325	204	21	20
326	182	23	21
328	163	21	20
326	146	23	20
327	145	23	20
325	133	23	20
324	128	23	20
323	127	21	19
322	130	21	19
321	138	21	19
320	138	21	19
319	145	21	19
319	152	21	19
319	157	21	18
319	159	22	18
319	156	21	17
318	156	21	18
318	154	21	18
318	152	21	19
318	150	21	19
317	149	21	20
317	149	21	20
318	149	21	20
318	149	21	20
318	148	21	19
318	148	21	19
318	148	21	19
319	148	21	19
319	148	21	19
319	149	22	19
319	148	22	20
320	150	22	20
320	151	22	20
320	153	22	20
320	153	22	20
320	155	22	20
321	156	22	20
321	155	23	20
322	153	23	20
323	149	23	20
323	149	23	20
325	146	23	20
327	144	23	21
329	147	23	21
329	153	24	21
332	163	23	21
333	163	21	20
332	177	23	21
331	191	24	23
331	207	22	21
328	221	23	20
325	230	23	21
325	231	23	21
323	233	21	20
324	232	22	21
323	232	22	20
323	231	22	21
322	232	22	21
323	231	22	21
322	231	23	21
322	231	23	21
322	232	23	21
323	231	22	21
323	231	22	21
323	231	22	21
323	231	22	21
323	231	22	21
323	231	22	21
323	231	22	21
323	232	22	21
323	231	21	21
323	232	22	21
323	231	22	21
323	232	22	21
323	233	22	20
323	232	22	21
324	233	22	21
323	233	22	20
324	233	22	21
326	233	22	21
330	230	22	21
331	224	24	22
331	224	24	22
336	212	23	22
343	202	22	21
345	188	21	20
345	175	23	22
343	167	22	21
343	167	22	21
341	161	21	21
340	159	20	21
337	160	21	21
335	162	21	20
333	164	21	21
334	164	21	21
334	167	22	21
334	169	23	21
341	170	21	20
346	174	22	21
348	175	21	21
349	175	21	21
349	175	21	21
348	172	22	21
347	168	21	21
347	165	21	20
345	163	21	20
346	164	21	20
344	164	21	19
342	164	21	20
341	166	21	20
343	168	21	20
345	171	21	21
346	170	21	21
349	172	22	22
351	175	22	22
350	175	21	21
349	174	21	21
348	172	21	21
347	171	21	21
347	169	21	21
346	167	21	20
345	167	22	20
343	167	21	20
342	169	22	20
342	170	22	20
342	172	22	20
346	173	21	20
350	175	21	21
352	177	21	21
352	178	21	21
352	179	21	21
352	178	21	20
351	176	21	21
350	173	21	20
349	171	21	21
348	170	20	21
348	169	21	21
346	169	21	20
346	170	22	20
345	172	23	20
351	173	21	21
353	175	22	21
354	175	21	21
354	175	22	21
353	176	21	21
351	176	21	21
350	173	21	20
348	172	21	20
348	171	21	21
346	169	21	21
344	168	21	21
343	168	21	21
341	169	21	21
340	170	22	21
340	170	22	21
340	173	21	20
343	175	21	20
343	179	21	20
346	181	21	20
347	183	20	20
346	184	21	20
346	184	20	20
345	183	21	21
343	180	22	20
342	177	22	20
342	175	21	20
342	174	21	20
340	172	21	20
339	171	21	20
338	170	22	19
338	170	22	20
337	171	24	20
337	171	24	20
342	172	21	19
346	173	21	20
348	175	21	21
350	175	21	21
350	175	21	21
350	175	21	21
349	173	21	21
349	172	21	20
349	170	21	21
347	170	21	21
346	170	22	21
346	170	21	21
347	172	21	21
347	173	21	21
348	176	21	21
350	178	21	21
353	179	21	20
352	179	21	21
352	180	21	20
352	178	21	21
350	176	21	21
350	173	21	20
348	170	21	21
348	170	21	21
346	168	21	21
344	168	21	20
344	168	21	20
345	169	20	20
346	170	21	20
346	170	21	20
349	172	20	19
352	174	21	20
353	176	21	21
355	177	21	21
354	177	22	22
354	178	22	22
354	176	22	22
353	175	22	22
353	175	21	21
351	174	21	20
351	173	21	21
350	173	21	21
349	173	21	20
348	173	21	20
347	173	21	20
346	175	21	20
347	176	21	20
347	176	21	20
349	178	21	20
352	179	21	21
354	179	21	20
355	180	21	20
354	180	21	20
355	180	21	20
353	177	21	21
352	175	21	21
350	172	21	21
348	169	21	21
347	167	21	21
346	168	21	21
345	167	21	20
342	166	21	20
342	167	21	20
341	167	20	20
342	166	20	20
342	166	20	20
342	166	20	20
342	165	20	20
342	164	20	20
342	164	19	20
342	163	19	20
343	164	19	20
343	161	19	21
343	161	19	20
343	161	20	20
343	161	20	20
344	161	20	20
343	161	20	20
345	163	20	20
346	165	20	20
348	168	20	21
349	172	21	21
349	175	21	21
349	175	21	21
348	179	22	21
347	181	21	20
344	182	22	21
340	182	23	21
337	181	21	21
337	181	22	22
334	179	21	21
331	176	22	21
328	174	23	22
325	172	23	21
323	171	23	21
322	171	24	21
319	169	23	21
318	168	21	21
316	168	22	21
313	168	21	21
310	167	22	21
310	167	22	22
308	168	20	21
303	169	21	21
302	172	20	21
300	175	20	20
301	174	20	22
300	175	19	22
299	175	19	20
299	174	21	20
302	171	20	20
306	168	21	21
308	168	21	21
308	167	21	21
311	166	21	20
311	166	20	20
311	168	21	20
306	169	26	25
304	171	23	23
304	171	22	23
305	173	21	22
304	177	20	20
305	177	20	21
306	175	21	21
306	174	22	22
306	173	22	22
312	171	19	20
317	168	20	19
317	167	21	19
316	167	21	19
315	166	22	20
315	165	22	20
315	165	22	20
315	165	22	20
314	165	22	20
316	165	21	20
317	165	21	20
317	165	21	20
319	166	20	20
320	167	20	20
318	168	20	22
315	169	21	22
313	172	20	20
313	172	20	20
312	173	21	20
311	173	21	20
313	171	21	20
316	167	20	20
316	166	20	20
316	166	21	20
317	165	21	21
317	165	21	21
316	166	21	19
315	168	21	18
313	169	21	21
313	170	22	22
310	172	21	21
310	173	21	21
310	173	19	20
311	172	19	20
312	170	19	19
313	169	19	19
315	166	20	20
315	166	20	20
317	164	19	20
318	164	20	19
318	166	20	19
317	165	20	19
317	166	19	19
315	169	20	20
312	170	21	22
309	172	21	21
309	172	21	21
309	173	21	21
310	173	21	22
310	173	20	21
311	172	20	21
312	173	20	20
313	172	19	20
313	172	19	20
315	172	19	20
316	172	18	20
315	172	18	21
315	172	19	21
313	173	19	21
313	173	19	21
311	173	20	21
310	173	20	20
311	171	19	19
310	170	19	19
311	168	20	21
312	167	19	21
312	167	19	21
311	166	20	20
309	167	20	21
309	167	20	21
309	168	21	22
309	168	21	22
311	168	20	21
314	166	19	20
316	166	20	20
316	165	20	20
316	165	20	20
316	165	20	20
317	165	20	20
317	165	20	20
315	166	19	20
314	168	19	20
312	170	19	20
312	170	20	21
311	171	19	20
312	170	20	20
312	169	20	20
314	167	19	20
315	166	20	19
315	165	19	19
316	163	20	20
317	161	19	21
317	160	19	20
316	159	19	21
316	159	20	21
316	159	20	21
314	160	20	21
312	162	21	22
310	164	21	22
310	164	21	21
310	164	20	20
310	164	20	21
312	162	19	19
312	160	17	18
312	157	18	19
312	153	20	18
312	153	20	20
312	153	21	19
310	153	22	20
308	155	21	21
307	156	22	22
306	159	22	21
307	161	21	21
307	161	21	21
308	161	21	21
308	160	20	20
309	159	21	21
309	157	20	20
310	157	20	21
310	156	20	21
308	157	19	21
308	159	20	21
307	164	19	19
306	168	23	21
307	175	23	22
307	174	23	22
309	182	23	21
311	187	24	21
316	193	24	21
320	195	25	22
322	196	24	21
322	196	25	22
323	197	25	22
326	193	23	22
329	185	23	22
330	176	22	21
330	163	24	23
330	163	25	23
331	155	24	23
332	146	24	23
330	140	24	23
331	138	25	21
330	137	25	22
330	136	25	22
331	138	26	22
332	142	24	23
331	149	25	23
331	160	23	22
330	174	25	22
331	173	24	22
328	190	26	22
330	209	23	23
331	231	21	23
331	222	22	22
333	212	22	22
333	211	21	23
334	203	21	22
335	197	21	20
334	191	22	21
335	186	23	21
336	185	22	21
335	185	23	22
336	189	23	22
338	193	22	22
337	196	23	22
338	198	22	22
338	197	24	22
338	198	24	22
337	197	24	23
337	194	24	23
337	190	24	22
337	185	24	22
335	176	24	23
336	177	24	23
336	170	24	23
336	159	25	24
335	153	25	25
335	143	24	22
334	133	24	24
335	133	23	24
335	126	23	22
331	120	27	24
330	118	27	24
330	116	26	24
331	119	25	23
330	118	25	24
329	123	26	23
330	129	25	24
329	141	25	24
328	157	25	23
328	177	23	23
330	178	23	23
330	200	24	23
329	220	23	24
329	215	23	23
331	202	23	24
331	192	23	24
331	191	23	24
332	183	23	23
334	176	22	23
333	170	23	25
335	168	23	24
335	168	23	24
335	168	23	25
335	168	22	24
336	168	23	24
335	169	23	23
334	167	24	23
333	166	25	23
333	166	25	23
331	163	25	23
330	161	24	23
330	159	25	23
329	158	24	22
331	156	24	23
330	156	24	23
332	155	23	23
334	155	22	24
333	154	23	24
332	152	22	23
332	151	22	22
331	151	22	21
332	150	22	22
332	146	22	22
331	145	22	23
331	144	21	23
331	142	21	23
331	143	21	23
330	141	21	23
331	142	23	24
331	142	22	24
331	142	22	25
330	142	22	26
329	142	23	26
330	143	22	25
329	145	23	26
329	149	23	25
326	152	23	25
325	154	24	26
325	154	24	26
323	159	23	23
322	161	23	24
322	162	23	24
321	162	23	24
320	160	24	26
321	160	23	25
321	159	23	24
321	157	23	24
322	157	23	24
323	158	22	24
322	162	23	25
322	162	23	25
321	165	23	24
321	168	23	24
321	168	23	25
320	167	23	23
321	164	22	24
321	163	22	24
322	160	22	23
321	157	23	23
321	153	22	22
322	150	22	22
322	147	22	22
321	148	22	22
321	147	22	22
320	148	23	23
319	150	23	23
318	152	23	23
318	152	23	23
319	152	23	23
319	151	23	23
320	148	22	22
320	144	23	23
321	142	23	24
322	140	22	24
321	141	22	24
321	141	22	23
320	141	23	23
320	141	23	23
319	142	23	23
319	146	23	24
318	145	23	23
321	151	22	23
320	155	23	23
320	153	24	24
319	151	24	23
320	149	24	23
318	148	24	23
317	146	24	23
316	145	24	23
316	145	24	23
316	146	23	23
315	149	23	23
315	148	23	23
314	150	23	24
313	151	25	24
312	154	24	23
312	156	24	24
311	158	25	24
312	158	24	24
311	161	24	24
312	163	24	25
312	167	24	24
313	168	25	24
314	168	24	23
313	168	24	23
314	167	25	23
315	166	24	23
315	165	26	23
315	165	25	24
316	166	25	24
315	166	24	24
316	166	25	24
316	160	25	24
318	152	26	24
318	138	27	25
318	128	24	24
318	127	24	24
318	118	23	23
317	112	24	24
317	110	24	24
315	111	24	24
316	115	24	24
316	115	23	24
315	121	24	24
315	133	24	24
314	148	27	26
315	167	25	24
316	188	25	22
316	188	24	22
317	213	23	23
316	220	23	23
317	207	24	23
318	195	23	22
318	183	22	23
318	183	22	23
319	177	22	23
319	171	22	24
319	167	24	24
319	167	24	23
320	167	24	24
320	168	25	24
320	168	25	23
319	169	25	24
319	170	25	23
317	172	25	23
317	176	25	24
317	175	25	24
316	178	24	25
316	179	24	24
315	175	24	25
316	167	24	24
317	158	24	21
316	158	25	21
315	144	26	24
316	134	25	22
316	124	25	22
317	117	25	23
315	114	25	24
316	114	25	24
316	114	25	25
316	117	25	24
315	125	25	23
316	135	25	23
316	148	25	24
316	148	25	24
315	166	27	24
315	189	24	23
315	214	23	23
316	218	22	23
315	205	23	23
315	206	23	23
315	194	23	23
315	184	23	23
314	176	23	23
315	171	21	22
316	167	22	22
315	167	22	21
314	166	22	22
313	166	23	22
312	165	24	23
312	165	24	22
312	164	24	22
312	164	24	22
312	163	25	23
314	163	24	23
313	164	24	23
314	165	24	23
313	167	25	23
313	168	24	22
314	169	23	22
314	169	23	22
313	169	24	22
314	168	23	22
314	165	23	22
314	166	22	21
315	163	22	21
316	159	21	21
317	158	21	19
317	155	20	19
318	152	21	20
317	151	22	20
317	151	21	20
318	151	20	20
318	151	20	21
318	148	21	21
318	143	22	23
318	143	21	22
320	142	21	22
321	139	22	23
321	140	22	22
321	140	23	23
319	140	23	24
320	140	23	24
319	141	23	24
318	142	22	25
318	149	23	24
318	150	23	25
317	152	22	22
317	152	22	21
316	151	22	22
317	148	22	22
317	146	22	22
316	145	22	23
317	145	22	23
317	145	22	23
317	146	22	22
318	148	22	23
320	150	21	22
320	151	22	23
320	152	22	23
320	151	23	23
320	154	23	23
321	156	22	22
320	158	23	22
319	159	23	22
318	160	23	22
319	161	23	22
317	160	23	22
318	160	23	21
316	155	23	21
319	152	22	21
319	149	20	21
319	149	21	21
320	146	21	21
320	143	22	22
321	143	22	22
321	144	22	22
321	143	22	21
321	143	22	22
321	143	22	22
321	143	22	22
321	143	22	21
321	142	22	21
321	143	22	22
321	143	22	21
320	142	23	23
319	144	23	24
318	145	23	23
318	149	23	23
317	152	23	23
317	152	23	22
318	152	23	23
318	151	23	22
319	149	22	22
319	148	23	21
319	145	22	22
319	145	23	22
319	144	23	22
319	143	23	22
318	143	24	23
321	145	22	22
322	146	22	22
321	146	22	23
323	147	21	21
323	146	22	23
322	144	23	24
323	143	23	24
322	143	24	24
322	142	24	25
321	142	24	24
320	142	24	23
320	144	24	24
320	147	23	23
319	149	23	24
320	150	23	23
321	152	23	23
322	153	22	24
324	153	23	24
324	152	23	24
327	151	23	23
326	151	24	23
329	149	23	23
329	147	23	22
333	143	22	24
334	142	22	23
335	139	22	23
335	139	22	23
336	136	23	23
339	134	22	21
340	129	22	22
339	126	23	22
337	122	22	22
338	121	22	22
335	117	22	22
330	114	21	22
328	112	20	21
327	112	19	19
325	113	18	18
326	113	18	18
322	113	21	18
316	115	21	17
313	115	23	18
307	115	19	17
304	114	18	16
305	114	17	16
301	114	19	16
299	115	19	17
296	115	21	19
294	115	21	19
293	115	20	20
293	115	20	19
292	116	20	21
290	117	22	22
290	120	22	23
290	122	22	22
291	123	22	23
290	123	21	23
291	125	22	23
293	127	22	22
295	128	22	23
295	133	25	23
300	135	24	23
299	135	24	23
301	136	25	23
304	137	23	23
306	138	23	23
310	138	22	22
312	138	24	22
312	138	24	22
315	137	23	23
319	137	24	23
322	137	23	23
327	137	22	22
328	136	23	23
328	136	23	23
331	134	23	22
334	131	23	21
338	127	22	22
339	124	23	22
338	120	22	22
339	119	22	22
339	115	22	22
337	113	21	21
334	112	23	21
334	113	22	20
333	116	20	17
333	115	19	16
334	117	14	14
336	121	18	15
335	121	19	16
329	121	20	15
306	120	18	17
307	121	18	17
303	121	20	18
299	121	20	20
298	121	19	18
298	121	21	19
295	122	21	21
295	122	21	21
293	121	21	21
293	122	22	21
290	123	24	23
290	123	24	23
290	124	24	23
290	124	23	23
292	124	23	23
292	124	24	23
295	125	23	23
298	125	23	23
300	127	22	23
300	126	22	23
303	129	25	24
307	131	25	24
309	132	25	24
311	133	25	24
313	133	24	24
313	133	24	24
