0.080939
0.573875
0.088470
0.082911
0.087446
0.086672
0.093383
0.106801
0.107425
0.111798
0.129367
0.158260
0.097703
0.100303
0.102620
0.096715
0.137703
0.115927
0.146355
0.116232
0.129362
0.108737
0.106821
0.120146
0.121134
0.112260
0.097999
0.148331
0.113092
0.139618
0.101026
0.102084
0.095746
0.110234
0.099064
0.103941
0.100532
0.106016
0.130922
0.098947
0.103178
0.098493
0.116493
0.111226
0.099323
0.115095
0.107116
0.103602
0.101042
0.105538
0.104681
0.114918
0.108653
0.115530
0.144943
0.158560
0.099634
0.110511
0.112807
0.104229
0.101933
0.101203
0.099612
0.103949
0.107928
0.143495
0.099633
0.149779
0.130669
0.099286
0.108430
0.108176
0.116831
0.137435
0.096185
0.102837
0.100511
0.121333
0.107744
0.119834
0.105033
0.115805
0.158479
0.108728
0.125960
0.115440
0.097853
0.100647
0.105498
0.107267
0.100522
0.124335
0.122232
0.111403
0.106926
0.116595
0.101610
0.103095
0.105611
0.138187
0.088012
0.101353
0.097544
0.121786
0.111703
0.097716
0.137231
0.090581
0.095969
0.127126
0.141509
0.105982
0.099720
0.094537
0.098608
0.101318
0.096176
0.103901
0.098901
0.115779
0.106803
0.100324
0.095328
0.091552
0.094782
0.095472
0.095573
0.109705
0.093215
0.101543
0.099443
0.104661
0.095058
0.107452
0.105124
0.105648
0.112384
0.104356
0.104198
0.101421
0.105847
0.105952
0.106522
0.106004
0.105842
0.100204
0.105844
0.098598
0.144655
0.134076
0.094633
0.098033
0.102574
0.099721
0.103143
0.105442
0.095674
0.110955
0.140369
0.104156
0.103084
0.112148
0.108530
0.099036
0.131566
0.112627
0.098454
0.108339
0.105528
0.140026
0.106117
0.106037
0.100621
0.108455
0.137424
0.144666
0.110898
0.135448
0.098787
0.108824
0.099866
0.099716
0.095089
0.109162
0.097859
0.098671
0.118492
0.101817
0.122047
0.103995
0.106113
0.120308
0.114352
0.110131
0.108006
0.097697
0.107296
0.104094
0.146992
0.132852
0.094364
0.095540
0.103103
0.099153
0.096610
0.105631
0.099183
0.112246
0.113812
0.123733
0.100179
0.097867
0.114492
0.117286
0.105721
0.108750
0.113642
0.113037
0.112006
0.105597
0.117490
0.123966
0.094579
0.100748
0.101765
0.115206
0.113010
0.101413
0.110913
0.098782
0.102742
0.097514
0.146274
0.102484
0.118551
0.110440
0.135502
0.108447
0.101547
0.099114
0.100931
0.107587
0.103507
0.102356
0.108252
0.133384
0.107836
0.119549
0.114994
0.120881
0.104859
0.111389
0.111543
0.102634
0.104841
0.097284
0.104393
0.099146
0.107114
0.106087
0.096677
0.129900
0.101528
0.099923
0.099122
0.096528
0.092772
0.123458
0.122768
0.105747
0.116125
0.100504
0.103796
0.102453
0.095966
0.114146
0.120485
0.106876
0.096070
0.103499
0.107721
0.103515
0.101475
0.096337
0.104985
0.132697
0.107975
0.100019
0.107610
0.099545
0.092621
0.093521
0.122152
0.107282
0.158311
0.086412
0.086488
0.101155
0.127860
0.110002
0.107703
0.100294
0.112985
0.141057
0.141715
0.107844
0.135386
0.101946
0.118459
0.112725
0.135577
0.106218
0.117787
0.115331
0.107813
0.107080
0.105228
0.105491
0.114482
0.096246
0.108063
0.164263
0.104990
0.113016
0.104308
0.113107
0.110039
0.113403
0.109081
0.140370
0.115619
0.104095
0.105764
0.117099
0.126748
0.118925
0.094246
0.092870
0.113155
0.127395
0.110729
0.123424
0.112592
0.115220
0.142256
0.105955
0.097301
0.097937
0.100076
0.094406
0.103558
0.109317
0.094685
0.102185
0.098634
0.142945
0.097870
0.104559
0.121520
0.115607
0.122832
0.111824
0.104319
0.115630
0.096409
0.117661
0.087165
0.099984
0.115599
0.103169
0.128546
0.092333
0.109141
0.125233
0.095276
0.095988
0.144108
0.094535
0.133168
0.129750
0.126530
0.107826
0.111987
0.118292
0.105581
0.112650
0.106482
0.137424
0.111841
0.117204
0.110664
0.105306
0.110533
0.103753
0.103586
0.129931
0.114128
0.135268
0.106540
0.103380
0.114076
0.107010
0.144182
0.158203
0.114949
0.115321
0.107907
0.104952
0.114571
0.113592
0.127905
0.100441
0.094794
0.096166
0.097665
0.099216
0.104645
0.129930
0.110222
0.100534
0.110605
0.101334
0.146060
0.140811
0.115383
0.105856
0.106593
0.098336
0.096729
0.099988
0.097132
0.096667
0.100331
0.106860
0.122212
0.134302
0.100865
0.123510
0.107805
0.150227
0.112603
0.152256
0.150238
0.101353
0.147268
0.116549
0.105795
0.106323
0.100287
0.121474
0.090642
0.088547
0.101970
0.103062
0.132118
0.094138
0.098017
0.108722
0.093173
0.106433
0.102141
0.117435
0.115944
0.095823
0.093889
0.130886
0.106976
0.098634
0.109245
0.112013
0.104951
0.116785
0.092873
0.106316
0.112709
0.099779
0.107013
0.109245
0.134303
0.105214
0.110050
0.112973
0.101568
0.110588
0.117492
0.144752
0.104962
0.118787
0.101623
0.140105
0.137136
0.093784
0.117455
0.113402
0.133127
0.089420
0.104177
0.098737
0.099773
0.104517
0.107715
0.099912
0.104430
0.114077
0.104131
0.111737
0.096605
0.123258
0.102918
0.108143
0.095943
0.094412
0.106224
0.097795
0.105355
0.100983
0.111955
0.094335
0.106218
0.114366
0.108770
0.126482
0.100791
0.102431
0.101260
0.111376
0.101476
0.097219
0.096391
0.100257
0.099043
0.108416
0.129307
0.128666
0.102880
0.103185
0.093396
0.105356
0.112258
0.108118
0.139508
0.112339
0.101693
0.132614
0.111883
0.099953
0.128698
0.103392
0.100673
0.085646
0.109255
0.122516
0.118654
0.095317
0.098041
0.127988
0.109229
0.104818
0.097019
0.102869
0.099046
0.108559
0.098117
0.098781
0.102149
0.139588
0.139138
0.147582
0.106826
0.105739
0.113203
0.119494
0.106334
0.111149
0.105335
0.103858
0.109653
0.109095
0.114722
0.104707
0.092770
0.106456
0.118474
0.111041
0.096291
0.102849
0.114715
0.117836
0.118982
0.111801
0.146234
0.106806
0.099981
0.107626
0.100481
0.104596
0.103419
0.094413
0.090892
0.086953
0.098128
0.103696
0.093436
0.103485
0.112769
0.135026
0.129090
0.107932
0.101317
0.131440
0.137626
0.131492
0.137500
0.096884
0.097427
0.088863
0.107010
0.083967
0.092792
0.092795
0.089683
0.090938
0.084534
0.089914
0.092534
0.084378
0.090616
0.099052
0.089667
0.099144
0.084821
0.093030
0.096045
0.098065
0.083111
0.105523
0.095594
0.089043
0.089689
0.098031
0.108495
0.098509
0.103168
0.105878
0.104208
0.101670
0.112548
0.106413
0.101215
0.143648
0.106173
0.109085
0.102121
0.103879
0.105098
0.103146
0.106122
0.116296
0.090972
0.102413
0.122425
0.101539
0.099100
0.097203
0.084911
0.085522
0.108335
0.095745
0.092114
0.102886
0.104687
0.097581
0.094533
0.101776
0.110524
0.150937
0.098765
0.095238
0.098654
0.159524
0.110689
0.108661
0.107840
0.100541
0.130135
0.095132
0.096173
0.106547
0.099021
0.102556
0.102373
0.097188
0.099183
0.130117
0.101116
0.104665
0.099199
0.115400
0.122560
0.100075
0.108651
0.102580
0.093491
0.109725
0.106206
0.094782
0.110138
0.104628
0.106036
0.119610
0.099021
0.102354
0.105740
0.112926
0.102270
0.100663
0.112802
0.097476
0.097218
0.092746
0.101953
0.090725
0.109160
0.096524
0.096482
0.093244
0.101206
0.102841
0.098566
0.109614
0.100028
0.090892
0.088689
0.166402
0.118797
0.103991
0.110571
0.102890
0.134897
0.117147
0.139632
0.121687
0.093672
0.098136
0.121245
0.096581
0.103966
0.089858
0.141867
0.123089
0.118078
0.102868
0.105446
0.103661
0.107690
0.103970
0.099355
0.107374
0.099268
0.100061
0.087667
0.093947
0.116258
0.101271
0.103085
0.096446
0.098432
0.098190
0.109287
0.114348
0.131735
0.098348
0.114074
0.097402
0.111417
0.097427
0.099606
0.096525
0.107424
0.105863
0.104368
0.089556
0.099401
0.103060
0.100288
0.097193
0.102552
0.102392
0.096180
0.128849
0.118941
0.100859
0.097536
0.101060
0.104003
0.098008
0.093307
0.101144
0.108770
0.094773
0.092630
0.099064
0.084405
0.105672
0.094654
0.098687
0.104698
0.109789
0.101740
0.102002
0.116777
0.091770
0.095325
0.111643
0.096109
0.101004
0.107236
0.099094
0.097388
0.101058
0.105360
0.108231
0.116353
0.107741
0.121299
0.148867
0.109577
0.099373
0.148885
0.122930
0.095664
0.099898
0.107120
0.098846
0.105043
0.105641
0.103406
0.099872
0.097159
0.098202
0.096652
0.082677
0.105160
0.104248
0.106111
0.104157
0.097045
0.089926
0.146062
0.105693
0.111960
0.116737
0.112885
0.107636
0.121468
0.115786
0.110893
0.125187
0.096826
0.131019
0.098011
0.096249
0.098518
0.101171
0.101481
0.113747
0.110696
0.103096
0.093475
0.086441
0.090985
0.096782
0.128865
0.098827
0.106047
0.093286
0.137915
0.111359
0.119819
0.124909
0.108639
0.153025
0.120067
0.133737
0.139790
0.120977
0.092929
0.113791
0.111084
0.131351
0.120895
0.111863
0.127478
0.105417
0.113412
0.108413
0.104207
0.104056
0.090700
0.134275
0.118065
0.127877
0.117231
0.114965
0.109028
0.142755
0.104458
0.157324
0.151402
0.118248
0.107088
0.096689
0.100315
0.096565
0.117739
0.099148
0.094450
0.088178
0.086233
0.096136
0.094798
0.100094
0.139575
0.110833
0.115085
0.145999
0.128809
0.108106
0.096731
0.122510
0.141870
0.122520
0.099522
0.125850
0.101021
0.096645
0.096030
0.111530
0.143341
0.105031
0.111012
0.165501
0.113311
0.099730
0.105053
0.103389
0.103704
0.105098
0.093479
0.103243
0.087818
0.101990
0.099898
0.098458
0.109098
0.108311
0.124168
0.110346
0.145031
0.136018
0.129225
0.104370
0.113335
0.116715
0.118344
0.097649
0.100984
0.123665
0.101900
0.097226
0.143314
0.108900
0.109636
0.142153
0.101074
0.101014
0.101753
0.107794
0.096999
0.096207
0.113756
0.108443
0.101850
0.118720
0.118222
0.105994
0.102962
0.096617
0.119191
0.108036
0.101871
0.102391
0.142647
0.090479
0.111636
0.105114
0.140973
0.097889
0.099666
0.104515
0.114450
0.106606
0.112944
0.106140
0.152603
0.107101
0.142086
0.142805
0.142795
0.139259
0.085783
0.100856
0.102979
0.094089
0.097583
0.110503
0.117176
0.109421
0.100159
0.110273
0.095613
0.130576
0.112198
0.101713
0.105164
0.099376
0.100477
0.100953
0.097417
0.097803
0.107020
0.095451
0.147830
0.119748
0.097124
0.100663
0.096142
0.099624
0.095326
0.101803
0.093293
0.101921
0.100518
0.112656
0.109924
0.119305
0.138886
0.150626
0.128875
0.119818
0.103101
0.118225
0.103994
0.106232
0.108715
0.099559
0.121569
0.108210
0.110504
0.100255
0.098515
0.098204
0.101743
0.105548
0.097231
0.101082
0.099564
0.142687
0.095634
0.100418
0.097284
0.098256
0.097043
0.109345
0.125099
0.088900
0.098174
0.151186
0.100162
0.106122
0.123366
0.101863
0.125313
0.111095
0.101223
0.111437
0.123060
0.160184
0.108248
0.128145
0.111621
0.106543
0.110077
0.116917
0.108558
0.108951
0.115706
0.114937
0.096079
0.101633
0.102671
0.103653
0.099141
0.124502
0.150566
0.117908
0.133968
0.111337
0.099572
0.112288
0.105453
0.108465
0.110806
0.170676
0.124691
0.097543
0.097705
0.099947
0.095521
0.104461
0.098903
0.099333
0.126077
0.112409
0.106532
0.102144
0.098226
0.099060
0.095442
0.106488
0.088538
0.132072
0.098340
0.101881
0.106573
0.099793
0.138763
0.102366
0.098228
0.103397
0.100676
0.104141
0.110021
0.100370
0.104811
0.106469
0.112206
0.109385
0.121359
0.103335
0.100828
0.114445
0.116096
0.118194
0.106745
0.110186
0.102697
0.108793
0.106557
0.126000
0.100655
0.098658
0.100978
0.095405
0.160016
0.112726
0.131630
0.100743
0.103792
0.105127
0.136103
0.090211
0.101602
0.096546
0.109105
0.099057
0.097599
0.099459
0.101506
0.094212
0.101562
0.098707
0.135592
0.094999
0.094939
0.103874
0.106102
0.106230
0.104053
0.098701
0.097409
0.104195
0.109591
0.104095
0.114448
0.113055
0.136641
0.085979
0.099474
0.101801
0.135852
0.122141
0.142814
0.148044
0.117930
0.108109
0.109816
0.138644
0.132219
0.085332
0.091640
0.108145
0.130001
0.099913
0.164741
0.127753
0.132254
0.095911
0.107827
0.099264
0.093215
0.113347
0.098557
0.105713
0.131018
0.108860
0.111775
0.108190
0.115988
0.105105
0.155407
0.110380
0.141545
0.130218
0.102519
0.120644
0.103480
0.115063
0.152545
0.145874
0.103712
0.139779
0.094131
0.109777
0.141863
0.108469
0.098519
0.146797
0.123562
0.111646
0.108322
0.133168
0.107373
0.106680
0.092490
0.099093
0.096417
0.099088
0.117520
0.111192
0.103036
0.106342
0.107954
0.112339
0.123173
0.097732
0.110666
0.090264
0.087137
0.098253
0.101303
0.104761
0.111952
0.105914
0.092106
0.107548
0.109589
0.142513
0.099954
0.140429
0.097850
0.095927
0.099518
0.103615
0.103477
0.107913
0.101708
0.117268
0.101655
0.108591
0.117280
0.108646
0.098988
0.102684
0.109057
0.099372
0.096537
0.129070
0.115235
0.114467
0.103104
0.100992
0.105701
0.107224
0.159269
0.114104
0.110615
0.095912
0.103359
0.098037
0.094381
0.096987
0.096823
0.096196
0.108320
0.116165
0.111640
0.100880
0.102785
0.098325
0.097831
0.094751
0.117881
0.104321
0.091415
0.103064
0.098940
0.102001
0.100894
0.116227
0.107434
0.119071
0.122051
0.143169
0.101055
0.117716
0.105677
0.110481
0.108978
0.102756
0.107881
0.106569
0.094379
0.102999
0.107316
0.092184
0.100237
0.144331
0.111166
0.104894
0.116507
0.100280
0.111747
0.101729
0.115372
0.111709
0.106638
0.113033
0.110880
0.115023
0.109460
0.112370
0.130919
0.113976
0.096665
0.104472
0.115013
0.120874
0.168158
0.109289
0.105544
0.112601
0.105319
0.099596
0.106756
0.097775
0.099408
0.101630
0.114401
0.111083
0.117080
0.128677
0.100329
0.138472
0.096679
0.104553
0.102465
0.101726
0.120761
0.140113
0.098488
0.093101
0.098416
0.106159
0.106595
0.103291
0.107095
0.121697
0.127148
0.096312
0.102440
0.111683
0.116454
0.112224
0.144910
0.138998
0.109992
0.111702
0.110773
0.161528
0.116251
0.104419
0.108115
0.103781
0.102333
0.099156
0.110765
0.104892
0.102954
0.136107
0.104009
0.106166
0.105520
0.099262
0.107154
0.099539
0.102810
0.105945
0.111829
0.122680
0.109101
0.121073
0.111336
0.101276
0.095717
0.130972
0.103704
0.100258
0.114921
0.100465
0.113158
0.105245
0.099267
0.113182
0.127725
0.157086
0.113611
0.104585
0.099340
0.148505
0.117048
0.103377
0.120782
0.111701
0.106869
0.104851
0.106952
0.104021
0.101488
0.107522
0.130591
0.155476
0.111360
0.121489
0.106711
0.132693
0.109023
0.103199
0.108071
0.128318
0.098917
0.105036
0.115980
0.088207
0.093258
0.088497
0.122277
0.127475
0.095834
0.128306
0.149826
0.106787
0.105803
0.116547
0.112095
0.136611
0.132998
0.109177
0.113287
0.098746
0.104018
0.105426
0.098455
0.129882
0.141754
0.097170
0.100426
0.098001
0.125554
0.122742
0.096224
0.100893
0.096414
0.105323
0.094513
0.101363
0.102507
0.122785
0.112941
0.095239
0.121254
0.101975
0.102228
0.099751
0.099385
0.103299
0.108146
0.110959
0.096115
0.135732
0.109007
0.110748
0.111050
0.095216
0.096160
0.103156
0.095326
0.103903
0.116219
0.146290
0.103848
0.111604
0.161963
0.141701
0.103813
0.104135
0.108674
0.115693
0.109602
0.105433
0.118349
0.151536
0.103372
0.129983
0.120481
0.109324
0.137149
0.138632
0.102274
0.105454
0.127667
0.110316
0.145881
0.100534
0.101572
0.124923
0.136404
0.153539
0.109392
0.139871
0.106490
0.100050
0.105908
0.103151
0.103403
0.105927
0.099305
0.100729
0.151025
0.110019
0.111792
0.106971
0.140098
0.107970
0.109527
0.097753
0.102611
0.101851
0.122036
0.104091
0.104705
0.103595
0.115540
0.095199
0.108482
0.143144
0.102777
0.104160
0.110314
0.108807
0.112923
0.106475
0.099694
0.130401
0.101764
0.104706
0.106294
0.105079
0.097109
0.102079
0.098429
0.104660
0.109445
0.100375
0.096239
0.095506
0.097223
0.120939
0.174371
0.102822
0.106090
0.095740
0.104092
0.144554
0.112753
0.098078
0.103996
0.107173
0.106519
0.097404
0.099422
0.099981
0.104877
0.108496
0.105208
0.107885
0.121443
0.104153
0.115348
0.120307
0.105348
0.106057
0.104611
0.097531
0.104992
0.108265
0.088372
0.107140
0.104276
0.098792
0.150089
0.109922
0.101146
0.105896
0.110603
0.110936
0.101312
0.102639
0.116817
0.101762
0.101319
0.101127
0.108295
0.112050
0.151255
0.150396
0.146955
0.157648
0.108814
0.132071
0.102108
0.108381
0.096431
0.113999
0.102821
0.119283
0.103686
0.108546
0.118203
0.101157
0.110448
0.117331
0.105604
0.150919
0.115011
0.111051
0.110299
0.122101
0.119781
0.155069
0.102658
0.111279
0.109610
0.099736
0.098836
0.111180
0.112796
0.109084
0.110660
0.106331
0.139697
0.102266
0.133285
0.107721
0.104256
0.105850
0.125769
0.109866
0.121613
0.148612
0.113934
0.118777
0.122599
0.129208
0.102224
0.110997
0.123079
0.090937
0.089386
0.089183
0.095705
0.108959
0.108762
0.100860
0.104248
0.109215
0.097264
0.114509
0.099826
0.116755
0.138971
0.124488
0.101738
0.101576
0.134142
0.150841
0.089799
0.103309
0.095887
0.102541
0.091647
0.094661
0.110487
0.115096
0.111714
0.104733
0.098893
0.102285
0.127754
0.110296
0.126099
0.109086
0.107259
0.099085
0.101414
0.102721
0.119099
0.139595
0.146173
0.116448
0.121655
0.111379
0.118013
0.123888
0.106191
0.153727
0.125423
0.117683
0.120835
0.104821
0.124713
0.113633
0.126497
0.111749
0.132576
0.132732
0.119071
0.117748
0.130661
0.120941
0.117388
0.095641
0.109995
0.098626
0.116905
0.117599
0.104280
0.125685
0.150486
0.113528
0.107898
0.094935
0.105649
0.108138
0.108315
0.125800
0.120682
0.103859
0.099581
0.102427
0.098608
0.100747
0.106486
0.105805
0.121809
0.109457
0.123041
0.110446
0.136621
0.122086
0.149519
0.102385
0.099300
0.105398
0.095793
0.112187
0.099492
0.103181
0.102671
0.117797
0.111850
0.122988
0.122719
0.110343
0.088282
0.092201
0.115500
0.102452
0.099755
0.103147
0.101668
0.113243
0.107777
0.120212
0.109185
0.113085
0.138082
0.098753
0.104811
0.103612
0.099433
0.110274
0.105507
0.108923
0.114003
0.098496
0.096143
0.097126
0.095097
0.088574
0.103809
0.096271
0.123417
0.113297
0.101416
0.104669
0.096956
0.102156
0.101641
0.133628
0.112302
0.110220
0.144551
0.108970
0.126994
0.119476
0.123304
0.101140
0.106129
0.110574
0.107067
0.107732
0.108220
0.109908
0.109980
0.120175
0.111534
0.117221
0.123427
0.098306
0.103362
0.094389
0.121413
0.093661
0.090493
0.091016
0.084538
0.099703
0.095560
0.117698
0.099952
0.128263
0.108221
0.111447
0.132596
0.100849
0.104349
0.112945
0.120960
0.108575
0.108046
0.100649
0.096366
0.129196
0.096903
0.109804
0.099473
0.102995
0.105207
0.112388
0.115225
0.101137
0.088786
0.093275
0.103833
0.116436
0.107155
0.105574
0.147395
0.095664
0.102318
0.111110
0.134867
0.093509
0.092306
0.115026
0.123527
0.096647
0.107108
0.104857
0.095116
0.103547
0.132307
0.102534
0.111464
0.105568
0.109809
0.112850
0.140335
0.106375
0.096061
0.110499
0.103642
0.152674
0.106141
0.107255
0.109019
0.107020
0.101869
0.097837
0.102158
0.099595
0.109766
0.096584
0.140574
0.090773
0.098019
0.108148
0.097764
0.120915
0.137819
0.109596
0.113862
0.095288
0.109207
0.092483
0.099038
0.116061
0.122195
0.093071
0.088170
0.093945
0.107562
0.142045
0.108030
0.098267
0.104242
0.137908
0.093944
0.120125
0.111832
0.126799
0.094359
0.111144
