181	240	309	478
206	234	301	485
211	239	321	477
211	239	317	476
212	240	326	479
220	244	337	475
230	271	341	447
237	288	349	429
233	288	338	428
238	304	373	414
244	305	361	411
237	316	361	402
237	315	368	404
234	322	370	393
233	321	369	394
187	319	389	394
178	313	393	405
161	312	400	403
149	311	401	408
152	314	396	405
131	309	413	407
102	307	440	410
99	314	443	402
98	330	447	389
91	325	450	392
94	329	447	387
94	333	449	382
93	334	449	382
93	329	455	387
94	322	450	394
92	323	453	391
91	309	452	408
75	308	456	411
63	306	461	407
35	307	478	411
10	314	477	403
0	324	461	393
4	324	467	392
0	341	455	378
0	340	438	375
0	341	423	376
0	335	418	384
0	326	399	393
0	329	395	390
0	326	365	393
1	321	356	397
2	317	356	401
25	316	350	403
27	308	357	411
28	307	354	412
39	301	351	417
45	297	349	421
55	297	346	422
76	286	340	433
84	284	339	432
95	280	337	439
94	279	339	440
95	279	338	440
104	278	336	441
127	271	335	448
128	276	332	442
135	280	338	438
142	283	360	436
150	292	386	427
155	293	412	422
166	310	444	409
167	310	445	409
192	334	504	385
204	340	534	375
203	348	570	371
210	359	604	355
220	355	624	362
221	381	704	333
185	384	742	335
179	381	751	338
226	436	764	283
234	439	766	279
239	458	802	261
238	463	824	256
236	461	826	253
158	448	946	269
251	453	869	262
267	456	844	263
133	460	1013	259
135	475	1018	242
160	484	1021	235
232	482	969	233
458	477	746	238
442	473	763	242
546	476	654	240
526	471	652	244
524	446	639	273
528	446	635	272
535	440	642	275
538	438	654	281
548	435	646	282
564	428	626	291
562	427	628	290
607	423	570	294
651	413	514	302
651	416	519	301
664	418	508	301
681	416	490	297
669	415	501	302
675	420	496	298
712	412	459	306
752	400	421	316
793	389	375	326
817	365	346	353
847	382	312	335
851	369	305	349
851	365	306	354
891	380	276	339
892	369	291	349
891	362	293	357
891	385	289	334
884	383	300	336
877	379	313	340
875	377	317	342
876	374	316	345
870	381	325	338
869	381	327	337
872	383	327	335
874	390	331	327
878	396	328	323
880	393	325	326
882	399	325	320
882	393	325	326
882	398	324	320
882	393	324	326
891	400	325	318
892	391	322	328
893	386	320	331
891	385	318	334
887	379	318	338
889	374	313	342
900	376	298	342
891	355	307	364
890	356	308	360
890	348	311	371
892	340	314	377
895	335	316	384
896	334	313	385
908	326	303	393
908	327	299	392
909	324	297	395
908	319	303	398
902	320	308	396
894	327	340	390
902	328	370	389
901	325	276	351
865	338	316	318
856	333	321	325
854	333	316	357
874	333	291	334
863	337	300	325
866	334	289	322
853	335	304	326
870	333	286	321
854	333	305	361
871	336	293	304
859	332	301	319
851	334	308	324
859	334	308	322
854	339	315	324
860	338	308	322
854	338	313	319
854	345	316	324
862	345	309	325
857	353	313	320
855	360	317	319
863	359	310	319
867	353	308	316
864	350	309	313
865	348	306	315
866	342	305	318
867	342	304	319
864	339	305	318
866	331	299	387
887	333	275	299
852	339	302	314
855	340	303	318
859	340	300	324
832	365	306	307
823	357	314	313
807	357	323	310
798	362	330	292
789	363	338	293
782	357	357	340
789	359	356	329
784	364	353	339
780	366	350	348
787	378	374	321
792	392	370	326
790	388	379	318
801	399	392	303
810	401	385	302
809	392	372	309
809	394	369	316
800	382	368	320
787	380	379	307
760	374	388	341
746	374	401	342
733	373	407	341
718	370	417	300
705	368	432	332
704	366	431	307
704	365	436	307
695	363	432	313
669	359	450	299
668	364	447	301
665	361	456	300
664	364	453	296
663	364	453	297
654	373	453	294
651	376	451	320
645	377	460	317
643	377	462	317
638	374	470	321
630	373	475	318
617	370	485	329
601	368	497	336
591	364	509	345
580	363	520	349
580	366	522	351
565	365	535	352
566	364	532	355
565	364	533	355
529	360	572	359
533	363	570	356
526	360	578	359
506	374	598	345
499	378	601	340
478	376	625	343
473	377	635	342
466	369	625	350
470	367	601	352
469	366	574	352
460	359	566	360
462	356	562	360
456	356	559	363
450	355	566	362
444	357	577	359
450	360	575	353
433	362	600	357
417	369	580	350
387	390	590	329
381	390	603	329
371	398	616	321
365	401	621	317
363	403	618	316
346	407	635	312
323	411	653	308
317	410	651	307
293	409	669	307
283	414	672	303
279	421	672	298
275	420	678	299
273	426	682	290
252	445	706	274
253	441	706	275
251	439	708	280
246	443	783	276
244	450	753	269
248	437	702	282
275	433	675	286
305	433	681	286
318	435	640	284
335	434	627	285
345	435	626	284
338	436	639	283
361	433	608	286
409	444	575	275
410	439	568	279
436	437	590	282
449	433	585	285
459	426	573	293
458	432	575	287
465	423	566	296
492	424	553	294
503	416	546	303
497	401	500	317
472	379	572	335
452	362	597	357
454	338	587	381
454	329	586	386
500	325	538	393
535	341	493	378
538	357	497	362
512	368	513	351
508	366	518	353
503	373	517	346
526	371	494	348
608	369	405	347
609	374	398	345
612	374	397	345
622	371	380	348
626	367	373	352
632	358	272	361
633	363	258	353
633	367	260	350
632	387	253	332
630	367	255	351
630	351	264	368
630	371	263	348
628	383	270	336
629	370	281	347
628	376	275	341
631	402	292	315
630	370	291	348
639	364	304	355
648	353	309	366
648	340	320	379
647	339	328	380
647	333	330	386
655	357	329	362
654	370	357	346
627	373	419	346
628	372	422	344
605	376	438	342
587	385	476	334
569	391	477	324
559	394	490	321
533	404	520	310
517	399	535	315
518	404	535	313
517	399	537	320
476	395	537	322
453	400	563	319
404	391	597	326
401	392	603	327
381	394	622	325
363	398	644	321
346	402	670	317
327	408	696	310
304	409	722	310
279	414	703	302
281	416	701	303
267	419	729	297
257	422	721	296
256	423	699	296
242	424	692	293
229	428	694	288
230	426	683	291
215	432	704	284
215	432	697	287
206	434	708	285
196	437	709	282
194	440	712	279
187	437	714	281
176	443	718	276
178	435	713	282
176	434	715	285
173	434	720	285
170	435	723	281
170	436	723	283
167	426	724	289
169	430	723	289
160	430	731	289
156	430	740	289
159	430	735	286
119	436	763	283
121	434	764	285
106	430	775	289
108	427	774	292
107	429	772	289
80	434	695	284
73	435	709	284
44	376	634	343
37	390	653	323
18	366	663	350
31	363	653	356
12	329	657	390
14	329	653	384
22	319	633	398
23	317	631	397
26	313	628	406
25	312	622	401
25	310	620	407
22	312	623	406
21	314	628	405
24	322	619	391
30	322	626	395
35	315	622	398
36	319	621	398
36	317	623	402
33	317	620	395
38	312	621	403
40	306	627	411
40	307	608	411
43	305	627	410
43	308	602	408
46	306	623	407
47	304	625	411
47	312	622	405
38	305	620	413
42	307	624	411
41	324	603	393
44	315	633	401
37	334	537	378
29	379	607	336
23	397	504	317
25	417	493	301
23	433	486	284
25	464	520	255
32	470	503	244
30	463	486	255
17	465	478	250
14	455	476	263
13	457	481	261
20	451	474	267
29	453	462	264
33	460	459	255
15	487	501	228
9	498	467	220
12	496	456	221
8	501	445	218
7	500	447	216
0	495	468	224
34	453	449	263
27	429	462	289
24	415	470	301
21	408	475	311
18	403	481	316
17	403	483	316
15	384	498	334
31	357	508	358
40	350	509	365
38	354	520	358
39	359	519	355
39	349	527	368
38	345	539	368
41	336	535	380
42	351	555	365
43	358	565	356
47	375	569	340
53	373	560	342
49	393	568	319
47	386	563	331
57	393	566	325
53	401	564	313
67	405	583	308
75	406	594	310
71	401	618	318
82	396	629	323
84	388	623	331
115	379	658	336
131	395	654	321
137	395	654	324
154	389	696	330
154	395	686	322
169	388	710	325
243	387	671	329
362	375	584	344
399	391	574	322
396	391	577	328
440	389	527	330
442	386	526	330
438	383	525	333
454	373	525	346
457	369	522	349
486	367	493	350
477	374	502	343
623	359	348	357
613	365	357	354
671	312	295	395
686	281	284	418
711	259	259	440
692	248	277	453
691	244	280	454
695	246	313	472
697	250	317	465
697	249	314	465
692	244	331	473
692	256	345	463
689	261	347	453
659	293	383	426
669	276	377	440
636	314	400	404
619	325	417	392
598	350	437	365
597	349	438	368
580	365	452	353
550	375	484	343
510	385	536	334
480	386	566	331
453	382	599	336
426	394	566	324
412	395	589	321
411	394	588	325
365	386	608	333
348	378	632	341
330	370	640	348
326	372	644	347
314	365	648	351
304	366	646	353
310	364	627	355
330	380	587	338
351	368	562	348
355	366	557	349
367	349	542	368
380	347	519	369
387	354	519	365
416	383	500	330
416	379	528	337
421	376	551	343
484	411	470	306
486	414	457	304
509	415	437	303
512	414	455	299
520	421	431	293
524	425	451	294
529	428	496	288
533	427	500	291
546	430	486	283
546	428	486	288
564	428	481	289
571	426	466	291
571	425	463	291
572	427	460	292
569	425	455	290
564	423	462	295
563	425	465	289
564	425	470	294
546	428	484	289
519	434	512	283
492	436	540	279
462	435	582	280
432	439	612	277
431	442	609	272
392	448	592	266
379	448	590	267
375	450	594	265
358	448	606	267
353	450	610	267
341	451	613	267
266	458	668	257
233	461	684	257
216	465	692	250
223	464	695	250
195	464	701	248
171	465	733	248
120	468	748	247
91	473	788	243
63	471	750	247
24	476	766	239
32	474	772	241
7	471	772	246
0	472	766	245
0	481	721	236
0	485	735	230
0	491	697	225
0	489	665	227
0	497	665	222
0	498	613	219
0	486	536	233
0	434	505	282
0	417	565	299
4	402	512	316
2	413	513	305
0	394	454	323
0	376	444	343
0	399	446	318
0	372	434	347
1	368	430	351
0	346	418	372
0	326	405	392
0	351	386	368
0	318	321	399
1	327	302	389
0	328	301	389
1	330	299	388
0	344	301	374
3	329	297	386
1	330	280	384
1	339	283	378
0	323	286	396
0	322	285	397
0	337	275	381
0	350	268	368
1	352	267	367
4	384	233	332
5	395	262	324
2	391	267	324
0	407	307	307
0	419	347	297
4	413	379	302
1	417	469	296
4	429	499	287
0	439	541	278
3	437	564	278
5	435	560	282
4	431	588	285
0	420	617	298
3	418	612	294
0	422	627	293
0	419	645	297
1	433	677	282
0	427	717	288
0	436	707	281
69	431	707	288
111	436	682	283
112	431	679	287
117	436	680	281
132	445	674	272
132	449	677	269
141	452	698	267
183	450	708	266
137	452	745	267
218	459	668	260
234	466	667	248
237	463	726	256
316	466	617	253
297	464	644	255
367	458	565	261
401	452	533	266
419	449	518	270
436	441	510	276
437	443	509	276
455	438	500	280
495	422	474	297
529	415	447	301
549	413	427	303
616	410	374	307
651	407	355	310
533	410	486	305
715	406	311	313
741	406	278	313
748	375	271	343
746	386	275	330
770	349	258	368
793	330	247	389
795	319	249	398
793	317	252	399
792	316	252	399
804	298	242	420
808	287	235	432
805	280	238	438
805	280	243	439
798	258	259	461
803	247	260	470
806	241	265	477
805	239	271	477
807	239	269	479
806	237	270	480
810	231	273	487
806	226	274	493
803	226	276	491
807	225	273	494
804	226	275	493
805	208	277	508
806	212	280	505
806	214	281	505
803	217	283	499
804	217	282	501
804	218	281	499
805	218	281	501
806	214	280	502
812	217	274	502
812	221	273	498
812	223	273	496
815	232	272	486
818	235	269	481
821	202	268	517
821	201	263	518
820	198	264	518
822	198	262	517
824	208	260	511
823	211	260	507
823	211	253	507
826	212	252	503
825	214	250	505
825	215	250	503
824	216	253	503
824	214	250	503
824	216	253	503
823	216	250	501
825	217	244	502
825	220	240	499
822	217	237	501
821	222	240	497
817	221	240	498
815	229	242	489
814	244	237	475
809	246	241	472
808	246	241	472
807	244	241	474
806	251	242	466
803	246	242	473
800	244	241	474
796	237	242	481
792	229	240	488
791	246	241	473
790	237	243	482
790	239	242	478
786	234	243	482
785	236	245	483
784	238	250	480
783	238	251	481
786	240	261	479
786	238	260	481
788	241	260	478
787	240	260	479
784	237	264	482
782	241	261	478
782	238	263	481
781	240	260	479
779	237	264	482
776	239	265	480
773	236	265	482
769	235	265	484
768	236	264	483
768	235	265	484
763	236	263	483
762	229	265	490
756	234	262	485
756	234	263	485
757	232	262	487
758	233	263	485
758	234	263	485
758	233	264	486
759	233	263	486
756	229	263	490
756	232	263	487
756	228	262	491
756	233	262	486
756	230	262	489
757	230	263	488
757	229	262	489
757	228	262	490
759	232	264	485
759	229	262	490
758	229	262	489
758	230	261	487
758	231	259	486
753	260	258	457
748	243	269	473
748	230	271	486
749	236	273	483
747	223	275	495
750	237	271	481
748	252	270	465
748	241	274	478
748	256	272	463
747	244	275	473
748	244	274	475
747	246	274	473
743	240	274	479
744	238	269	481
742	241	269	475
742	236	267	479
741	245	268	474
737	234	266	483
734	242	269	477
728	233	268	484
727	234	268	485
726	232	267	484
724	240	268	477
723	235	263	480
722	250	255	467
719	251	239	465
719	250	238	467
719	274	236	441
721	304	237	415
723	330	234	389
724	301	236	418
724	316	239	402
726	304	238	413
726	312	247	406
724	320	253	399
722	304	266	414
720	287	271	432
726	278	270	440
729	276	268	443
728	267	273	452
731	267	289	452
714	270	310	449
712	271	313	448
687	287	344	431
659	299	381	417
657	304	382	415
647	336	398	383
641	356	408	360
631	375	419	342
631	379	421	336
618	385	436	334
570	354	486	360
560	355	495	364
560	351	496	368
543	357	511	359
544	357	513	362
524	363	532	351
479	365	580	349
464	379	596	335
458	391	609	325
421	406	634	313
392	412	590	307
388	407	590	312
349	413	605	303
304	413	634	306
221	430	704	287
179	436	721	281
149	439	744	280
129	438	733	278
133	440	726	276
92	440	744	277
97	441	738	274
15	439	811	278
0	450	818	263
1	458	797	261
0	460	801	258
2	462	755	257
4	444	659	271
0	444	663	271
0	441	621	273
0	417	606	300
0	421	599	298
0	393	595	326
0	380	599	339
0	370	552	345
0	384	549	329
0	371	503	342
0	344	496	374
0	320	478	393
0	313	444	405
0	328	425	391
0	349	396	370
0	339	472	380
0	338	371	379
0	342	409	376
0	346	451	372
0	355	304	361
0	365	218	354
1	367	203	348
0	365	215	350
0	368	201	347
0	361	223	355
1	360	223	359
3	368	240	348
0	370	254	349
4	372	248	347
3	372	243	347
14	368	239	349
19	360	203	358
43	344	238	374
41	352	216	340
60	352	195	319
68	343	194	329
88	345	205	328
84	345	205	324
82	344	208	322
115	318	201	333
141	322	208	328
120	334	199	322
136	319	218	335
131	355	184	295
135	348	208	299
222	347	146	231
241	360	112	208
239	362	122	221
231	361	111	205
238	357	115	225
246	364	103	206
231	377	109	197
234	385	98	185
232	395	96	179
236	409	84	170
231	418	82	170
233	434	73	159
223	444	75	145
203	451	84	128
200	454	70	123
200	454	57	126
203	456	56	121
208	457	83	132
189	456	66	138
180	452	61	128
178	454	69	132
173	452	63	138
180	449	60	126
173	449	83	140
170	445	101	143
171	443	80	144
161	437	68	141
167	437	58	131
162	439	62	151
164	443	64	126
163	444	67	143
165	444	65	142
174	445	68	132
188	449	80	149
173	446	69	128
174	444	67	134
177	441	67	128
182	441	78	149
175	442	103	141
170	440	72	125
178	453	98	148
156	468	91	157
173	471	73	132
176	479	75	141
175	480	72	137
177	491	78	115
152	494	105	109
155	500	93	101
160	504	86	92
173	511	75	73
186	517	64	63
187	518	62	62
186	518	62	62
216	521	37	56
266	577	38	44
276	581	29	36
276	583	25	33
277	583	23	32
241	561	75	69
201	518	164	129
84	328	383	301
0	343	473	376
0	217	152	502
2	387	48	332
0	283	105	431
0	213	73	506
3	171	73	545
3	354	33	365
0	441	21	278
0	467	16	252
1	494	15	225
0	528	16	191
1	545	19	174
1	588	17	131
1	621	15	98
1	635	16	84
0	614	17	105
0	648	14	71
0	651	10	66
1	654	10	63
0	657	10	60
0	650	10	69
1	651	10	66
1	650	10	69
0	641	14	75
0	623	11	96
1	636	15	83
0	620	26	99
1	621	25	97
0	618	32	101
0	581	41	124
1	536	53	157
0	541	73	174
1	499	103	199
14	414	320	289
196	476	341	192
237	305	681	414
840	349	201	275
832	350	204	278
837	353	197	275
835	350	203	277
838	350	199	278
831	347	205	280
831	348	202	278
829	348	203	280
829	347	202	282
829	348	201	282
827	350	200	280
823	348	200	280
826	348	197	283
824	348	198	281
820	350	200	280
820	352	197	281
730	393	249	305
717	421	257	289
703	384	262	330
703	387	262	329
691	389	269	326
679	385	284	324
667	376	294	334
648	372	313	339
641	372	320	336
637	372	325	341
636	372	327	341
631	368	334	347
629	366	337	352
626	366	340	353
633	366	333	351
631	366	347	353
632	369	343	350
628	367	347	350
621	370	357	348
604	375	373	344
601	378	375	341
591	378	386	340
580	380	393	337
567	381	403	338
543	389	424	330
547	386	422	333
518	390	442	329
470	394	497	325
471	394	505	325
450	398	486	315
431	393	493	322
417	393	493	324
393	390	498	327
388	391	503	327
392	402	461	316
342	407	515	307
344	416	515	300
335	418	525	301
337	417	523	300
341	426	511	291
327	427	525	290
324	427	525	292
321	429	529	290
316	434	529	285
311	441	527	277
306	440	523	277
276	468	542	251
259	470	546	249
258	469	547	250
242	475	557	244
238	473	557	244
200	490	588	229
176	504	605	213
168	513	588	206
155	518	569	201
137	524	563	195
137	525	565	191
129	528	550	191
109	499	551	217
99	496	536	223
77	478	529	241
74	468	520	251
74	461	522	256
72	456	519	263
72	443	494	276
72	445	507	274
58	469	485	249
46	495	389	224
48	518	276	198
43	549	254	169
41	545	249	172
49	562	219	154
46	569	224	149
35	564	228	154
17	569	221	148
7	568	229	149
1	562	226	157
2	592	186	126
1	613	137	105
0	624	123	94
0	623	126	95
0	623	125	94
0	633	118	84
0	637	105	81
0	636	105	82
0	627	101	91
0	623	111	96
0	619	113	99
0	619	113	99
0	613	110	105
0	608	109	110
0	610	108	108
0	610	109	109
0	615	108	103
0	619	106	99
0	620	116	98
0	620	116	99
0	620	116	98
0	627	132	92
0	627	131	92
0	627	130	92
0	596	138	122
0	581	144	138
0	579	145	139
0	557	165	161
1	535	169	182
1	534	170	183
2	527	187	190
0	525	185	192
0	521	187	197
1	490	187	228
0	479	190	239
1	469	187	247
1	467	186	252
1	470	171	247
2	466	173	253
2	466	160	253
2	469	132	249
1	478	102	236
0	491	101	226
0	492	99	226
0	491	99	224
0	501	100	217
1	563	85	155
1	563	93	156
1	563	94	155
2	566	93	153
1	575	107	143
0	587	112	131
1	584	112	134
54	624	105	95
44	615	115	102
57	615	103	103
59	621	100	97
94	617	89	101
91	614	91	105
89	609	93	109
3	616	205	101
6	607	230	111
74	626	216	93
121	614	244	104
121	610	246	108
118	606	250	113
178	625	246	93
253	650	203	68
256	649	206	69
256	646	203	71
309	623	204	95
214	606	364	111
196	605	395	113
182	585	419	133
176	579	424	139
175	577	438	141
175	548	467	169
175	544	463	173
186	529	476	187
189	515	485	204
182	506	505	213
186	505	504	212
169	497	535	220
167	488	552	230
172	475	558	244
171	469	556	246
167	461	559	256
167	462	561	257
163	449	562	270
154	447	565	270
143	427	570	292
142	418	565	301
137	413	566	303
133	407	569	312
134	409	568	310
131	407	566	312
128	406	571	313
129	406	571	313
126	403	577	316
145	409	581	310
159	409	587	306
158	407	586	311
178	414	595	300
211	447	603	268
228	445	612	273
243	441	618	278
233	439	656	280
238	442	652	276
245	441	702	275
255	440	700	279
378	422	638	294
382	428	622	288
356	424	643	290
348	429	644	287
339	423	664	295
500	415	509	304
489	387	548	327
572	334	469	380
641	351	399	368
647	325	394	394
685	310	352	409
702	303	332	416
756	274	277	435
722	257	310	454
719	256	314	448
731	246	302	464
734	241	300	465
721	236	314	481
745	232	300	486
767	231	297	488
788	236	281	483
790	233	280	484
788	235	282	483
815	232	260	487
809	234	267	480
801	245	268	463
796	247	275	465
785	246	283	459
784	246	281	473
781	248	287	450
771	244	292	473
730	264	329	424
718	259	335	428
716	259	336	436
704	261	347	456
701	262	347	454
700	264	355	451
700	265	354	454
699	260	363	459
696	254	372	464
690	250	381	468
687	247	391	472
678	242	407	477
677	241	419	478
676	242	421	477
675	240	425	473
671	234	405	460
666	229	406	476
658	228	403	488
616	231	436	484
638	225	412	492
587	216	461	499
585	208	455	508
582	199	453	520
586	194	448	524
583	190	439	528
583	177	441	542
580	174	444	545
582	174	441	545
591	157	431	561
582	160	438	559
588	152	420	565
591	136	411	583
591	136	415	578
587	147	398	567
584	130	401	589
591	100	397	619
593	113	392	606
593	97	390	622
595	107	384	612
595	97	387	621
581	109	376	610
578	119	380	600
568	97	386	622
560	102	390	616
563	91	387	627
558	93	388	626
551	89	395	626
551	78	388	641
547	61	387	658
546	75	391	643
544	71	392	648
541	59	392	660
540	51	396	668
542	63	389	655
533	48	398	669
530	48	405	668
527	44	406	674
523	39	405	680
517	48	416	671
520	48	407	671
518	66	415	653
530	86	396	633
523	85	404	634
528	89	401	630
526	84	401	635
546	60	383	659
552	61	372	658
551	70	374	648
554	54	369	665
556	61	373	655
556	72	374	644
552	58	375	660
567	64	364	653
576	87	346	629
569	55	364	660
574	98	351	615
582	63	348	653
586	91	347	623
586	70	352	642
582	49	346	658
582	42	352	664
572	66	361	637
561	42	369	667
555	33	383	677
536	64	388	643
527	65	405	644
523	63	408	638
520	67	410	640
526	63	401	643
519	79	403	628
530	75	388	629
538	68	385	630
539	71	384	634
546	61	379	640
547	56	376	646
549	52	375	647
547	43	380	652
549	46	370	651
553	26	370	672
555	36	368	660
547	35	375	664
540	38	378	662
536	28	382	667
539	29	380	663
535	24	381	665
533	20	385	671
535	11	380	677
537	7	384	685
539	12	376	680
542	5	388	678
546	6	377	681
549	7	372	681
555	3	373	681
569	4	363	677
561	3	373	679
583	19	359	660
594	26	342	650
595	1	347	672
585	4	367	672
581	28	381	645
592	21	371	651
602	38	369	631
622	35	356	636
655	80	332	587
648	101	326	561
631	123	326	529
624	122	337	535
604	155	340	493
552	203	349	475
493	242	353	409
459	241	368	392
455	241	377	395
456	242	376	395
401	223	404	399
401	229	407	391
360	218	438	397
358	161	460	396
347	148	500	395
362	148	484	390
318	123	569	499
333	121	547	501
307	112	572	514
310	116	576	516
207	148	721	477
211	143	719	480
195	159	644	458
215	161	601	459
217	155	608	470
242	134	605	487
271	155	637	501
270	163	636	488
267	160	636	489
287	147	649	504
312	151	630	535
344	153	572	545
366	183	579	535
389	192	566	527
394	193	558	526
393	189	559	530
394	191	471	519
385	208	442	470
384	230	433	459
361	194	463	495
353	204	485	494
353	201	484	503
352	201	486	503
366	195	436	484
351	201	400	484
371	213	369	478
372	208	363	481
369	210	377	485
383	209	376	486
392	202	373	482
391	205	375	481
390	203	375	482
452	205	363	403
454	203	367	406
468	209	375	406
471	205	366	409
475	211	375	405
475	209	375	403
470	217	312	397
470	214	296	404
474	222	262	396
480	223	252	400
480	220	252	404
485	216	249	411
485	217	247	410
484	217	246	410
506	212	234	357
517	217	220	359
524	215	200	364
524	216	203	351
530	215	190	353
532	224	184	353
533	221	180	356
528	218	176	357
525	216	174	363
524	218	174	360
517	221	170	352
505	226	128	306
502	230	125	296
497	233	125	294
498	233	123	293
491	233	124	294
486	230	118	298
486	229	116	297
476	221	120	298
481	225	114	285
484	225	109	279
484	223	111	281
486	227	106	279
485	228	103	281
479	225	105	284
477	222	109	287
478	224	110	285
477	223	113	272
474	221	116	266
465	228	125	261
460	233	123	260
443	236	118	263
442	233	121	266
440	228	111	268
439	230	112	262
444	233	106	241
445	232	102	242
426	251	88	242
435	257	88	241
426	267	99	248
433	267	93	248
437	274	94	246
448	271	106	246
463	250	114	246
459	252	123	244
477	246	125	246
475	257	126	233
481	240	147	253
493	250	150	245
503	262	143	233
504	254	139	239
524	249	148	204
536	256	105	194
546	267	102	178
539	295	102	157
527	293	98	149
512	269	74	139
513	183	70	193
499	97	79	279
502	104	58	225
499	106	53	196
503	2	69	325
491	0	74	371
493	0	72	389
496	0	68	380
492	90	91	346
487	179	85	357
464	181	106	389
462	287	108	338
470	261	128	434
450	348	130	337
503	259	103	253
505	278	121	412
507	220	111	305
508	216	122	307
459	413	183	279
476	554	127	162
563	369	106	347
565	323	107	395
438	340	97	372
402	427	87	292
412	401	105	309
541	620	104	98
533	662	113	57
497	617	138	101
491	612	144	106
504	641	137	77
527	689	106	29
507	613	167	99
414	506	355	201
248	482	393	237
311	174	580	523
1051	63	189	368
1109	256	118	197
1077	47	202	415
1071	37	208	428
1078	64	163	260
1128	33	149	203
1152	63	126	180
1172	65	105	168
1173	66	106	169
1203	34	74	142
1245	35	33	137
1247	76	31	126
1253	88	26	151
1254	85	22	170
1255	79	23	192
1239	59	39	232
1222	23	57	305
903	48	376	349
413	275	177	397
433	372	90	319
430	300	97	382
451	307	86	372
463	247	76	240
456	290	70	187
447	294	73	177
446	308	68	160
437	295	73	166
420	282	65	167
391	264	58	157
392	261	61	160
363	256	67	148
340	252	78	158
313	251	87	155
300	254	71	153
299	255	90	145
274	251	94	145
242	215	94	152
222	206	94	151
221	207	95	152
207	199	97	147
189	185	110	146
203	191	122	143
243	193	117	145
243	194	115	144
255	205	123	145
306	202	163	145
343	191	173	145
369	193	134	145
370	194	112	144
442	187	107	142
468	174	102	144
446	147	107	149
447	149	126	148
460	157	106	152
440	135	106	152
431	96	114	154
430	98	113	154
419	81	115	158
419	82	119	158
414	67	123	162
429	59	116	164
430	59	112	164
417	47	121	163
406	39	124	168
415	36	122	173
412	32	125	175
413	32	124	175
406	22	132	181
408	21	130	174
401	17	131	172
397	11	134	164
396	9	129	167
395	8	130	169
397	7	124	171
397	7	119	170
401	73	91	166
394	79	85	165
396	106	81	171
393	124	78	170
393	125	77	168
387	166	75	172
378	180	73	163
384	204	71	162
385	228	75	164
403	270	76	161
393	286	90	158
422	289	69	157
422	289	67	158
423	290	68	159
439	297	66	162
451	278	66	170
450	277	67	171
478	248	66	151
478	236	67	151
479	235	66	152
480	235	66	151
469	228	69	153
455	214	73	158
449	200	73	158
426	199	72	150
417	201	67	151
412	206	75	153
395	213	77	154
394	212	78	155
389	220	72	147
387	221	71	140
380	253	64	122
383	261	69	146
393	251	72	149
395	247	78	141
395	247	84	139
403	247	77	133
429	221	73	144
434	202	69	147
436	186	80	151
435	184	78	154
438	172	80	149
441	160	82	145
446	152	82	140
443	144	81	146
436	145	88	146
440	148	88	149
448	155	90	147
449	155	92	146
454	165	90	145
460	185	96	138
460	187	95	140
