487	213	136	235
487	213	136	238
480	211	135	240
474	213	135	239
469	213	135	239
464	214	136	239
468	215	136	239
488	215	136	240
511	215	136	240
531	216	136	239
548	216	137	239
565	216	137	240
580	217	136	239
594	217	136	238
606	218	137	238
611	218	139	239
618	217	141	241
623	217	141	243
625	216	143	243
623	218	149	243
620	218	152	244
619	219	153	241
620	217	155	239
622	218	153	240
623	217	153	242
616	218	154	245
618	217	150	244
614	218	153	242
589	217	176	240
556	213	208	239
551	212	217	234
536	211	232	233
520	212	252	229
509	212	263	226
498	215	276	223
490	217	289	218
487	217	304	221
487	216	312	224
487	214	316	230
482	213	328	238
480	209	340	247
477	205	349	256
477	202	359	252
467	203	380	249
472	203	390	254
459	208	410	251
465	210	418	239
470	213	428	237
471	218	440	231
473	219	449	230
465	219	467	234
463	219	475	228
466	218	482	232
459	218	490	223
461	218	498	227
463	220	506	220
469	223	399	216
490	223	374	224
502	227	370	222
522	230	362	220
540	236	406	217
558	240	337	230
579	242	326	218
591	243	385	222
605	242	375	206
622	238	349	250
640	238	330	227
659	243	310	273
676	248	297	217
698	255	280	184
708	266	288	219
731	279	260	186
750	286	242	141
769	298	217	114
790	312	199	99
807	334	186	95
831	351	164	88
847	365	153	139
866	383	123	134
883	387	105	130
906	399	60	93
891	381	78	145
947	432	95	132
894	307	169	250
567	295	202	188
442	287	259	186
450	282	271	202
454	281	376	222
450	276	403	222
462	272	353	223
464	274	362	198
485	279	362	201
510	283	346	179
490	285	375	176
506	286	390	168
534	285	383	178
549	280	357	185
565	271	363	195
576	262	372	205
581	256	398	206
567	251	398	211
648	247	272	206
663	252	256	197
600	262	399	187
522	271	418	197
508	274	406	197
514	273	383	188
505	270	380	216
498	266	454	218
498	264	352	239
489	262	509	244
496	281	486	225
491	280	488	232
483	292	467	222
459	301	489	202
435	314	299	204
428	307	287	204
346	309	376	220
352	314	370	204
352	318	372	213
311	371	317	166
299	330	467	215
290	350	494	238
276	374	335	204
265	363	392	218
258	359	367	235
272	373	310	205
278	372	304	207
297	377	321	193
323	386	307	178
299	378	386	183
410	367	320	169
367	355	414	179
424	344	413	170
442	339	445	189
491	336	438	184
542	343	309	171
593	352	434	152
493	348	362	157
510	340	560	139
527	329	534	145
542	320	366	220
567	333	349	196
578	339	362	203
584	350	287	184
591	344	235	180
601	341	256	187
623	335	274	190
622	330	348	198
609	324	336	199
604	318	335	200
621	321	322	197
620	319	335	192
621	322	340	192
613	321	353	188
561	314	424	195
597	302	394	205
582	296	410	196
591	296	407	187
607	299	380	165
525	303	473	156
514	300	476	165
511	301	484	177
501	300	499	205
504	298	476	216
499	296	462	224
495	278	465	238
499	285	455	233
504	285	375	235
528	286	282	229
550	294	181	211
574	280	244	219
591	274	273	217
611	270	248	207
630	267	190	218
657	264	155	228
679	273	164	208
706	282	156	176
728	288	200	164
757	293	202	159
774	286	263	164
517	285	460	165
516	285	451	173
515	284	450	166
530	296	445	158
535	296	447	155
538	290	449	159
552	285	449	167
563	280	169	153
570	262	170	164
580	256	173	163
607	255	176	160
604	250	192	160
638	246	170	161
606	251	220	160
618	247	221	166
626	246	226	163
640	242	237	164
638	238	240	170
643	233	262	185
639	228	250	195
653	221	262	197
646	217	275	193
667	214	251	192
667	209	256	202
666	205	290	200
669	207	271	186
659	199	283	205
637	200	314	197
641	211	315	190
634	224	317	195
625	241	324	203
614	250	334	182
608	265	329	189
572	270	370	195
589	278	347	207
571	287	376	206
597	289	332	216
546	299	371	206
547	314	367	185
591	321	317	188
550	321	357	188
573	334	191	181
551	339	358	199
560	338	338	200
563	328	303	206
559	338	346	194
558	340	343	189
558	337	345	202
552	347	378	195
573	351	377	196
588	352	377	202
610	355	371	186
623	357	370	191
653	352	302	189
667	351	355	184
682	346	296	183
696	338	377	183
710	342	307	183
728	336	291	186
745	338	305	186
759	344	296	185
774	349	313	187
794	357	295	190
809	364	300	190
811	369	308	192
829	374	302	190
840	374	297	194
848	378	286	196
847	373	310	191
845	372	308	189
846	367	289	197
830	360	306	202
805	357	289	204
790	348	278	204
763	341	284	205
733	331	293	206
702	324	297	208
668	319	296	207
631	311	301	209
604	304	295	208
574	296	297	206
543	292	291	208
516	286	291	194
489	282	292	193
465	278	313	195
442	277	316	196
431	273	318	199
418	274	319	194
405	273	316	193
396	281	310	187
387	287	298	196
366	300	306	193
357	316	298	193
333	331	311	193
318	346	316	194
302	358	312	198
290	373	304	195
270	380	302	198
258	387	299	200
239	389	303	203
225	385	289	208
212	382	249	205
206	378	227	192
203	365	211	194
202	351	208	197
201	341	203	193
197	335	215	194
197	331	231	194
215	334	214	192
239	338	305	199
261	344	306	200
293	350	306	197
336	356	289	196
371	364	246	192
411	369	255	192
450	375	322	197
483	383	316	198
509	391	226	192
565	391	246	200
599	383	234	192
637	376	224	199
667	367	203	202
690	356	201	203
714	343	201	205
748	331	198	210
781	320	196	211
810	313	195	212
837	310	196	212
859	306	195	213
880	301	193	211
897	298	191	221
905	297	194	219
909	299	189	220
912	304	186	218
911	309	184	218
904	316	183	218
891	324	186	214
832	331	211	213
809	334	196	215
789	337	187	213
769	338	187	214
743	339	189	213
719	341	187	213
694	343	189	212
681	340	183	213
660	338	187	210
648	334	184	213
633	328	185	213
623	324	189	212
616	317	190	208
611	311	191	208
605	305	192	209
601	297	200	209
600	291	197	211
594	284	194	212
591	282	201	206
589	279	247	212
574	280	204	209
579	279	197	203
579	281	200	208
575	282	182	204
571	284	189	202
569	285	259	201
550	285	196	199
554	287	193	196
554	287	261	200
537	287	199	196
546	289	184	191
549	290	180	197
548	291	185	191
552	292	181	192
554	294	180	193
557	294	182	194
560	297	181	192
564	297	180	193
568	298	181	196
572	301	181	192
576	302	181	191
579	305	182	193
581	306	182	189
583	308	181	191
584	312	180	190
584	317	179	191
585	319	180	191
583	323	191	192
581	328	176	194
577	332	185	196
575	337	185	195
573	342	188	199
572	347	191	202
570	350	195	203
570	355	196	205
569	360	197	208
567	363	197	212
565	367	198	212
565	371	200	216
564	374	203	214
564	377	204	220
562	380	208	218
564	382	208	222
563	384	211	222
563	385	212	227
551	384	228	226
509	384	277	231
506	385	279	232
504	379	283	233
501	372	292	235
499	357	296	242
493	344	296	246
491	329	311	253
488	314	299	260
484	305	330	264
483	295	323	266
477	287	339	271
477	279	345	273
470	273	375	281
461	269	360	286
457	267	408	290
450	268	381	292
451	267	430	300
440	271	419	298
449	276	466	300
447	283	453	298
444	290	479	300
462	293	483	308
474	297	495	310
487	302	487	296
496	303	492	287
512	306	481	283
513	302	477	292
524	296	474	305
523	299	493	307
532	291	495	320
553	293	477	323
558	286	493	331
555	288	499	333
558	288	514	334
586	287	508	338
606	289	503	344
609	289	508	352
612	290	499	355
615	292	508	368
606	295	491	365
609	293	474	380
601	286	478	412
592	281	462	411
586	283	476	408
570	275	485	429
561	278	484	420
517	279	279	436
512	282	261	432
488	287	275	427
462	290	293	420
451	293	304	424
436	296	311	418
434	300	306	415
417	308	319	408
407	312	326	404
403	314	336	403
390	308	342	409
377	313	350	405
371	310	359	404
369	315	356	400
361	317	363	398
359	317	372	401
362	317	370	399
369	318	360	397
375	323	354	396
371	327	359	392
378	323	355	393
382	326	341	393
387	321	343	395
385	314	341	398
396	309	348	404
396	302	314	413
406	296	330	422
408	286	334	430
418	247	329	466
427	169	334	546
435	153	323	558
445	117	297	581
456	102	233	556
471	90	247	560
491	78	218	537
500	87	214	504
506	89	218	488
513	67	237	500
519	56	225	505
522	72	240	481
523	58	261	489
525	58	279	480
527	54	274	483
523	45	288	477
523	34	284	482
520	23	293	484
518	6	277	455
517	0	320	444
512	0	289	412
511	0	285	399
508	0	274	403
498	0	250	392
478	0	247	399
469	0	301	402
463	0	254	412
460	0	231	417
455	0	214	434
451	0	204	426
448	2	196	427
443	0	192	444
435	0	187	427
425	0	184	425
418	0	179	419
409	0	262	424
401	0	263	439
387	3	258	439
367	7	260	441
350	16	266	447
344	29	266	465
342	40	269	437
342	13	263	481
340	26	270	478
340	40	265	465
337	35	269	489
336	36	270	508
337	42	270	508
336	95	273	459
338	106	264	456
337	128	269	447
340	161	258	449
344	177	254	459
355	195	250	463
363	206	243	473
372	219	240	474
384	237	244	470
399	244	243	472
417	255	241	456
434	277	234	442
458	280	232	436
482	280	222	439
498	281	226	434
511	287	224	423
520	283	226	417
538	280	223	421
626	273	147	416
613	264	164	421
624	256	161	417
621	249	167	431
621	246	170	450
623	244	171	438
620	249	176	449
614	252	186	464
613	251	187	443
605	246	202	446
597	245	215	443
598	245	209	451
599	246	211	452
596	255	210	436
596	268	209	427
584	278	217	370
571	291	223	359
565	290	229	384
553	297	224	354
544	300	230	357
534	299	224	356
524	297	224	361
511	303	225	362
500	298	222	368
484	300	223	366
469	302	225	366
455	300	223	370
439	304	220	366
424	299	222	390
405	285	223	428
391	277	220	442
375	272	222	441
364	264	226	445
355	252	226	439
345	238	227	439
338	224	229	444
331	210	229	441
329	202	224	437
326	185	223	446
322	174	223	443
321	162	220	442
322	152	218	442
323	136	215	448
320	117	216	460
317	125	214	442
308	119	215	440
306	104	214	444
305	86	216	450
306	92	221	431
306	72	225	440
309	58	227	448
312	45	226	457
310	41	231	452
315	39	229	448
315	33	233	453
321	37	232	448
319	40	235	446
325	41	232	446
322	45	228	445
322	50	219	439
319	59	216	426
303	60	220	425
289	72	227	420
280	80	230	418
272	84	227	421
262	95	223	419
254	105	225	416
246	115	229	414
242	123	232	411
237	131	235	407
236	139	236	407
235	150	239	406
234	160	243	406
235	168	247	406
234	177	256	403
239	185	266	406
243	191	277	414
180	199	356	413
272	201	283	423
291	205	291	423
319	216	291	419
337	217	295	424
358	221	300	421
302	221	381	416
331	222	379	405
334	215	399	397
369	208	381	398
372	202	394	404
383	194	400	404
410	184	390	409
423	181	394	414
445	178	387	415
459	176	385	413
473	171	385	413
487	165	385	414
488	157	400	416
506	146	397	417
515	138	400	420
519	129	408	422
524	121	414	425
521	111	426	425
522	98	435	426
533	88	434	424
535	83	439	425
532	82	447	415
534	78	449	409
541	71	442	412
533	62	452	418
534	55	450	413
531	48	452	413
527	45	457	418
528	41	458	418
528	40	458	415
523	37	462	414
529	42	457	409
530	35	455	415
541	27	448	418
531	22	464	415
552	22	449	415
564	13	456	419
575	6	456	417
582	2	459	417
590	3	461	410
591	2	466	409
596	4	466	405
602	1	464	411
608	2	464	415
609	4	471	418
614	13	469	413
616	26	470	408
617	38	468	409
617	48	469	412
617	61	466	412
613	71	465	415
602	84	460	413
588	95	466	411
575	104	466	410
565	115	468	412
552	125	473	410
542	135	479	409
539	142	481	408
538	142	478	409
537	144	473	408
532	144	475	409
525	141	483	413
525	138	485	419
533	138	481	417
530	135	490	421
543	139	476	416
537	138	487	418
545	139	481	416
552	143	477	413
549	149	481	412
549	154	482	409
552	158	476	411
549	158	475	413
542	160	474	412
525	160	483	409
514	156	488	409
504	157	493	407
496	155	497	409
491	155	496	410
478	154	504	409
469	151	503	408
464	149	502	411
461	145	502	409
468	146	492	407
467	145	499	408
469	144	499	408
469	147	503	409
472	150	508	409
482	155	503	410
476	161	511	408
487	164	503	411
483	166	507	411
493	171	498	410
497	173	497	411
501	176	506	412
507	176	505	411
505	176	510	412
504	174	513	414
506	173	512	413
496	172	524	413
499	173	521	412
498	173	523	409
497	172	524	408
496	172	524	404
495	165	527	401
499	160	518	400
498	153	516	398
494	148	521	401
495	140	517	404
489	132	522	407
488	124	522	408
484	116	518	411
475	106	519	416
475	106	516	415
479	98	511	417
481	94	512	420
484	95	510	422
490	92	511	423
493	93	509	420
498	95	510	421
503	98	505	416
507	102	510	415
507	103	510	416
511	104	510	417
511	102	511	419
514	101	510	420
517	97	508	424
516	98	506	421
516	99	510	421
516	98	509	421
508	96	515	423
504	91	516	424
505	87	511	427
511	85	505	428
500	85	508	426
504	83	502	430
505	84	502	430
506	87	498	427
502	90	503	428
492	92	504	425
490	94	500	426
482	96	501	422
476	100	508	424
464	103	510	420
463	106	512	421
452	108	512	419
443	109	517	418
435	109	522	417
428	109	525	412
419	111	529	405
414	112	532	407
407	111	538	408
400	114	546	409
398	117	549	412
396	121	550	414
393	124	554	412
389	122	557	414
384	121	557	417
380	119	560	416
376	122	563	407
378	125	561	408
373	128	569	407
370	130	570	405
369	131	574	405
367	128	573	411
366	125	578	411
367	123	583	419
366	127	583	408
361	126	593	415
366	127	596	409
360	129	608	409
362	131	612	405
365	130	625	401
360	130	635	400
360	130	637	400
361	131	640	397
362	132	644	398
364	134	646	399
357	134	659	401
358	140	667	397
352	138	676	402
344	141	686	402
331	143	702	394
327	146	713	399
326	146	714	395
322	149	720	395
328	151	716	399
337	149	711	398
344	150	703	394
348	148	702	400
346	146	705	401
349	144	704	397
352	142	702	399
367	141	686	401
373	138	677	407
385	138	668	407
384	137	672	407
394	136	666	408
403	135	663	408
403	134	672	407
419	136	669	404
420	130	678	409
435	134	675	402
441	133	681	404
455	134	675	399
463	132	676	406
471	133	674	403
476	131	676	406
476	133	684	405
482	134	683	402
479	134	694	404
474	138	702	399
474	138	703	394
481	139	706	400
474	141	716	396
471	141	718	394
473	143	725	399
475	145	722	398
481	151	718	391
480	153	720	391
481	153	718	391
483	154	717	392
485	154	711	391
481	154	713	397
486	154	703	394
485	155	701	399
483	154	699	402
505	153	673	404
498	157	676	401
493	155	676	406
499	154	664	406
495	156	669	407
501	159	661	405
495	161	664	406
499	162	660	401
493	165	658	400
495	165	656	399
493	168	651	400
491	172	647	397
489	174	645	395
480	175	650	397
479	177	648	394
478	179	648	394
470	180	652	396
472	180	651	395
469	181	652	395
469	183	653	395
465	184	655	397
461	183	664	399
456	185	663	398
451	186	678	400
450	189	678	396
444	190	687	399
447	191	688	398
445	193	693	397
447	194	696	396
453	193	694	395
463	193	690	395
468	185	695	395
477	183	688	396
477	181	690	394
482	181	685	394
487	182	685	390
488	183	685	394
492	183	683	394
499	184	682	395
503	185	685	396
503	189	691	394
507	191	692	394
509	196	694	392
509	200	698	392
506	202	701	394
506	206	703	395
502	210	703	393
495	213	710	396
494	219	713	394
485	223	722	396
484	228	724	389
487	229	724	390
487	227	719	391
485	229	728	388
488	226	720	392
489	228	727	390
490	227	720	391
488	232	734	390
484	231	734	394
485	236	732	391
484	231	734	397
484	234	738	395
479	235	745	394
480	235	739	396
479	238	739	393
476	241	738	391
474	246	740	389
470	248	749	389
472	250	739	388
473	248	740	393
472	252	747	389
466	254	745	388
466	253	743	390
470	254	740	390
466	256	744	389
470	256	739	392
469	257	741	391
476	256	738	390
472	256	745	390
473	255	746	390
470	256	750	389
473	254	746	392
473	254	747	393
477	256	743	391
480	258	741	388
484	255	734	389
482	249	743	393
486	214	745	426
503	228	727	408
499	212	726	422
501	211	728	422
508	210	722	421
509	203	721	428
508	196	722	430
508	185	722	439
517	183	713	437
509	176	717	442
530	181	695	431
519	155	703	450
512	152	723	450
506	145	709	450
506	139	722	449
507	126	718	458
510	132	720	446
513	127	714	444
518	122	715	446
516	123	713	442
514	128	714	431
510	123	716	441
519	123	708	437
509	120	718	439
504	119	725	438
508	105	703	454
503	113	700	447
496	109	705	453
490	116	697	448
488	114	698	452
477	120	702	447
494	115	684	455
477	116	695	455
488	125	682	447
480	132	691	442
483	145	690	429
482	138	692	435
476	131	695	438
477	134	693	434
476	127	698	443
471	134	693	432
471	126	699	441
462	134	694	430
472	119	687	447
448	126	698	438
460	125	688	445
447	134	697	439
441	145	707	430
437	133	711	446
449	121	695	457
436	128	701	453
440	133	696	452
447	142	688	445
437	157	706	431
436	158	708	435
434	153	712	441
453	146	691	455
446	153	695	451
454	153	696	455
447	151	693	457
446	165	707	448
449	174	705	442
468	194	687	426
460	195	697	428
457	197	698	426
451	195	704	432
461	189	696	437
462	206	700	420
461	201	699	425
459	202	702	427
461	203	703	425
463	203	699	426
462	202	699	429
464	208	698	422
478	215	690	414
473	190	693	438
481	212	692	415
474	184	694	442
476	205	690	421
474	205	693	420
472	194	696	430
462	195	709	429
461	192	709	432
456	194	717	430
462	187	716	438
460	221	724	401
451	223	735	402
449	224	736	401
455	224	733	401
457	223	734	402
466	223	723	400
477	224	714	403
475	226	712	400
485	227	705	399
489	227	695	400
494	226	688	402
493	229	687	402
492	230	685	402
493	234	686	401
498	235	678	399
499	237	676	398
496	239	679	400
497	240	679	397
494	239	685	402
495	242	684	399
494	241	681	401
497	246	676	400
501	242	669	402
498	245	669	403
498	246	670	403
498	248	668	401
498	250	665	399
495	252	666	397
493	253	669	398
495	252	662	398
494	254	661	398
488	255	666	397
484	255	668	397
481	254	664	399
483	254	660	397
474	253	668	397
476	252	667	397
476	253	660	395
474	253	668	394
472	251	667	397
475	249	662	398
471	249	665	396
474	248	661	397
468	248	670	396
475	243	666	398
469	242	675	393
471	239	675	392
471	237	675	392
476	232	669	395
477	231	668	393
480	228	667	395
478	227	670	394
484	224	668	395
486	224	668	395
489	222	665	394
490	222	666	392
492	220	666	393
493	217	664	393
488	214	670	392
488	213	673	393
486	215	671	393
483	215	674	393
481	214	672	396
475	216	676	393
475	216	674	394
473	218	677	393
473	218	672	394
471	219	671	394
475	220	664	393
471	220	669	393
475	220	666	394
473	223	667	393
476	222	664	394
477	222	668	395
479	222	663	393
481	221	671	398
482	223	669	395
484	223	665	394
486	222	666	396
489	223	667	395
489	222	667	395
492	222	669	397
493	224	669	392
493	221	669	395
494	222	673	394
494	223	677	392
493	222	685	391
495	219	681	391
496	219	679	391
499	220	677	390
499	219	676	392
498	221	675	391
493	223	677	391
495	223	675	393
492	224	676	391
485	223	683	393
481	226	685	392
475	226	695	393
474	226	694	393
471	227	697	391
470	229	698	392
464	230	705	391
461	228	705	391
461	232	708	390
461	230	708	392
462	234	708	391
461	234	708	393
457	236	715	390
459	243	713	387
458	236	712	394
461	244	708	389
454	239	714	395
453	244	717	389
455	241	712	392
454	242	715	390
452	239	719	395
452	240	712	393
449	239	720	395
448	238	714	395
442	231	725	401
436	233	726	397
436	234	730	398
436	228	725	404
434	233	730	398
435	232	722	397
434	229	730	404
432	233	722	396
430	229	730	403
427	235	728	396
424	225	728	406
420	229	726	399
415	224	724	403
411	226	729	402
408	223	725	404
405	220	724	409
401	215	724	413
395	210	730	418
397	210	721	417
390	206	726	421
386	196	727	430
380	197	724	431
376	203	736	423
366	186	739	438
368	193	729	433
362	199	735	426
356	192	742	432
355	186	731	438
354	180	734	442
349	174	737	447
345	172	740	448
340	190	738	433
339	181	734	443
335	177	736	446
334	174	738	447
330	183	743	438
331	181	739	442
331	186	741	434
334	184	738	438
337	183	737	438
339	184	740	439
346	173	738	452
356	168	741	458
364	164	747	462
380	168	744	460
400	167	738	462
408	174	743	459
412	173	745	460
419	181	745	464
427	191	743	467
432	203	743	467
441	211	746	471
452	221	736	472
456	233	741	472
461	245	732	470
467	253	738	466
466	261	725	457
467	268	730	448
468	271	737	446
473	271	730	448
474	269	740	450
476	264	736	455
472	258	741	461
478	261	740	455
484	245	735	466
489	238	741	468
491	240	734	461
489	241	743	459
486	230	749	465
492	231	736	460
493	224	735	461
494	224	724	467
488	223	736	468
485	227	726	467
476	227	725	466
465	231	724	458
455	219	732	467
448	235	721	449
435	226	727	455
430	214	728	465
427	213	719	461
420	202	716	472
419	228	715	443
418	218	717	452
423	207	710	461
423	210	708	455
430	211	704	455
435	222	702	445
438	212	699	455
439	206	697	463
442	204	690	468
439	209	689	463
438	210	683	464
435	215	682	459
428	207	683	467
420	211	684	463
410	206	685	467
402	210	677	460
389	195	679	471
377	200	680	462
368	185	678	472
361	193	674	460
349	184	684	468
338	187	681	461
331	189	682	459
327	201	679	443
320	218	690	424
307	233	700	408
301	247	706	393
294	249	719	388
293	246	721	391
295	244	721	391
305	242	713	392
315	239	706	394
330	239	696	396
347	235	677	398
351	236	675	399
358	236	675	399
364	236	674	396
366	237	674	395
370	236	674	395
369	236	678	395
370	235	673	396
362	232	674	394
362	231	668	395
354	228	672	396
349	226	671	396
343	224	673	396
337	222	673	395
332	219	672	397
331	219	666	395
329	218	668	394
327	217	670	395
327	215	672	397
331	214	669	396
334	214	671	397
335	213	672	396
340	214	674	396
348	215	673	395
356	215	673	395
359	215	672	396
364	215	671	396
366	217	669	395
368	215	672	396
371	216	672	396
373	217	673	395
375	217	672	395
375	220	673	394
377	219	672	396
375	222	672	394
377	221	673	395
378	222	674	397
380	223	681	399
385	226	674	396
384	225	682	399
388	226	677	396
388	225	684	399
392	228	677	395
390	228	681	397
389	229	680	396
387	229	680	396
388	229	685	396
389	230	682	394
388	228	684	395
390	227	681	395
389	226	690	396
392	226	684	394
392	224	688	395
392	222	689	396
394	221	694	396
393	222	700	396
392	222	707	395
392	220	711	394
393	219	710	394
390	219	716	391
391	216	714	392
392	215	712	392
390	213	713	392
388	211	714	391
387	210	715	391
388	207	714	391
388	204	712	392
384	203	712	391
384	201	714	392
380	200	711	392
382	199	714	391
374	197	713	393
366	200	724	389
363	199	722	390
362	197	720	391
355	198	724	391
349	198	719	391
340	199	721	393
327	199	724	397
313	205	726	396
304	211	731	398
297	217	727	399
296	225	721	398
295	230	711	396
292	237	706	394
296	245	702	387
300	251	695	385
304	258	690	383
309	266	686	379
316	272	676	376
324	277	668	374
336	281	659	373
343	286	654	371
348	290	649	370
353	294	647	369
357	298	641	365
364	302	637	361
369	304	634	359
374	305	629	356
383	306	623	350
391	301	621	353
398	294	611	355
406	291	605	350
412	286	605	349
418	280	598	350
424	276	600	347
430	269	594	347
432	266	598	344
435	261	596	343
437	257	600	345
435	259	599	340
439	265	595	331
447	260	586	335
455	260	577	331
447	247	582	345
449	252	578	336
450	243	575	344
448	242	567	342
450	243	562	340
449	237	554	343
447	236	553	340
452	240	545	334
449	239	542	331
445	238	540	332
447	241	535	324
446	235	533	328
450	238	524	325
452	242	524	319
456	245	516	313
457	246	509	314
459	248	511	309
458	247	511	309
460	250	502	305
461	251	499	305
462	250	496	305
463	254	492	303
464	253	492	305
465	255	487	303
467	258	487	300
464	253	486	300
467	258	486	295
469	255	487	293
474	254	480	296
476	254	480	293
477	253	478	293
479	252	478	290
482	255	474	288
485	253	472	286
488	254	467	287
491	254	465	283
491	253	464	284
492	254	462	281
492	253	460	281
495	254	458	276
496	253	454	278
495	252	454	277
495	250	452	277
496	249	450	275
492	251	451	275
489	247	456	275
487	253	452	268
483	262	457	256
481	269	456	248
476	271	462	247
475	271	457	244
476	270	460	245
485	270	445	241
494	271	436	241
504	269	425	240
509	268	415	238
515	269	406	235
516	269	404	235
516	269	401	236
517	270	394	231
514	269	394	233
516	270	387	231
514	271	387	231
512	272	383	225
509	272	384	226
512	273	380	224
508	273	382	223
509	273	378	221
506	274	376	221
507	274	373	218
502	275	374	219
499	274	373	216
502	275	366	214
498	275	367	213
496	276	366	210
494	275	364	209
495	277	360	209
491	277	361	205
491	277	360	205
493	277	354	204
489	278	356	202
491	278	351	201
490	279	351	199
493	279	344	199
490	278	346	198
492	279	343	196
491	279	340	194
490	280	339	193
490	279	338	192
490	279	335	190
491	276	331	191
491	277	330	188
492	276	326	188
493	275	323	187
492	275	322	186
492	275	322	184
492	275	319	184
494	276	315	182
493	276	312	182
495	277	310	180
492	278	310	180
494	279	306	178
492	280	306	178
495	281	302	176
494	281	303	177
496	282	300	175
495	282	300	175
494	284	300	173
497	285	295	171
494	284	295	171
496	285	293	170
495	286	292	169
495	287	291	168
495	287	291	168
495	289	290	166
495	289	287	165
494	290	288	166
496	290	284	165
496	291	284	163
495	293	284	162
495	294	283	161
497	294	280	160
498	295	279	160
499	296	277	158
498	295	279	159
501	297	275	157
501	297	276	156
504	297	274	156
506	297	270	154
507	297	272	153
512	298	266	153
513	297	264	151
520	297	257	150
521	298	259	149
523	295	255	149
526	295	251	150
528	296	248	148
532	294	246	148
532	295	245	148
538	295	240	145
539	295	240	144
542	295	236	143
542	294	235	143
543	294	233	141
544	293	232	140
545	293	231	139
545	293	228	138
547	292	224	136
541	292	230	137
543	291	226	135
543	290	225	135
544	289	222	134
546	287	221	132
544	288	221	131
549	287	216	129
550	286	214	129
550	286	210	127
553	285	213	126
552	285	210	126
554	285	207	123
554	284	208	123
553	283	207	122
556	283	207	121
555	282	204	121
555	282	204	119
555	282	202	118
558	282	202	117
559	281	198	117
560	282	197	116
561	281	194	116
560	282	194	115
561	283	193	113
562	282	192	112
563	283	190	113
563	284	188	111
565	284	187	110
564	284	186	110
563	284	185	109
564	286	184	106
564	285	184	107
564	285	183	106
565	285	179	107
567	286	178	105
570	286	176	104
571	286	173	104
573	287	170	103
577	287	167	102
578	286	166	103
579	286	164	103
582	287	161	102
582	286	161	101
584	287	158	100
585	287	156	100
586	287	155	98
589	288	152	98
591	288	150	98
590	288	148	97
593	288	147	97
594	287	143	97
594	288	144	96
597	286	141	96
598	288	140	95
599	286	137	95
601	287	136	94
602	287	137	94
602	286	138	93
605	286	136	93
607	287	136	92
608	285	135	93
608	287	136	91
610	286	133	90
610	286	133	88
611	287	131	87
612	286	129	87
613	286	129	87
613	286	128	86
614	286	126	86
613	287	126	84
614	286	124	84
615	287	121	83
614	288	120	82
616	287	118	83
616	287	118	82
616	288	117	81
615	289	116	81
616	289	114	80
616	291	113	79
615	290	113	79
614	291	113	78
615	292	111	78
615	292	111	77
614	293	109	77
614	294	109	75
615	295	107	75
614	297	107	74
615	297	104	74
615	298	104	73
616	298	104	74
617	299	101	73
617	300	102	73
618	300	101	73
619	301	100	72
620	302	99	72
619	303	98	70
620	304	96	70
620	305	95	70
621	306	94	70
621	307	93	69
622	308	91	69
622	308	90	69
622	309	89	68
622	310	88	68
623	310	87	68
623	311	85	67
623	312	85	66
623	312	85	65
622	313	85	64
623	314	84	63
621	315	84	63
621	314	83	63
621	314	82	63
621	315	82	62
620	316	81	61
617	315	82	61
615	316	81	60
614	317	81	59
613	318	79	57
611	319	78	55
608	319	77	54
610	320	74	54
607	321	75	52
608	321	71	51
607	321	71	50
605	322	70	48
605	322	69	48
605	323	67	46
605	323	66	45
605	322	64	45
606	323	61	43
605	322	59	43
605	322	59	42
605	322	57	41
606	321	54	41
607	321	53	41
607	321	53	40
607	321	52	40
606	320	52	40
606	318	53	40
606	319	53	40
605	318	52	40
604	317	52	41
604	317	52	40
604	316	52	42
603	316	52	40
603	316	51	40
603	315	51	41
601	315	52	41
602	314	51	41
600	315	52	40
600	314	50	40
599	313	52	40
599	313	51	40
600	312	50	41
600	311	50	41
599	311	50	41
599	311	50	41
598	310	50	41
598	310	50	41
598	310	49	41
598	309	48	41
599	309	47	41
598	309	49	41
598	308	49	41
599	307	49	42
599	307	49	42
598	307	50	42
598	306	48	42
598	305	47	42
600	305	46	42
598	305	46	43
600	304	44	42
603	304	41	42
606	304	38	41
601	304	42	40
605	303	39	41
601	304	39	40
605	304	35	40
603	302	37	41
605	302	35	41
604	302	35	41
604	302	35	42
604	302	35	41
604	303	35	42
604	303	36	41
605	303	35	41
604	302	36	43
605	302	35	43
604	301	36	44
604	301	35	45
604	300	34	44
603	300	34	45
603	301	33	46
603	301	33	44
603	301	32	45
604	301	33	44
603	300	32	44
603	300	32	44
603	300	33	45
603	300	32	44
604	300	32	45
604	300	33	44
604	299	33	46
604	299	32	45
605	299	32	45
606	299	30	45
606	300	31	45
606	300	31	45
606	299	31	45
607	299	31	45
607	300	30	45
607	299	31	45
607	300	31	46
606	300	31	45
607	300	31	45
607	300	31	45
607	300	31	45
606	300	31	46
605	300	31	45
605	300	31	46
605	300	31	45
605	300	33	45
603	299	35	46
603	300	34	45
602	298	36	46
