0.005717
0.097343
0.099182
0.091675
0.100581
0.114832
0.113257
0.102420
0.106251
0.137668
0.100908
0.149104
0.114868
0.098504
0.101422
0.101921
0.098800
0.113204
0.091609
0.099403
0.100020
0.129082
0.103027
0.095308
0.098565
0.118305
0.094173
0.092694
0.130332
0.137195
0.109585
0.103100
0.115726
0.118722
0.127133
0.127532
0.105378
0.111588
0.093410
0.111915
0.119935
0.112175
0.123324
0.104691
0.099939
0.105432
0.132277
0.099952
0.110116
0.096263
0.116552
0.127925
0.101341
0.100860
0.107186
0.093990
0.093979
0.094605
0.099542
0.100749
0.099238
0.105874
0.100235
0.116336
0.135620
0.106867
0.117625
0.105854
0.103666
0.096405
0.107506
0.153152
0.112462
0.138527
0.104934
0.100660
0.104754
0.098663
0.128211
0.152863
0.107623
0.132168
0.108907
0.113209
0.105540
0.125556
0.110208
0.116363
0.162903
0.105349
0.104528
0.102058
0.104222
0.132496
0.101095
0.103307
0.115053
0.114345
0.113910
0.105714
0.108602
0.138527
0.156642
0.105584
0.118495
0.111132
0.103286
0.106114
0.141138
0.117257
0.104265
0.138726
0.166096
0.157265
0.105596
0.107723
0.121464
0.117253
0.105517
0.122939
0.115449
0.155441
0.112291
0.098422
0.103742
0.100551
0.101090
0.105919
0.093462
0.099770
0.115782
0.103174
0.105170
0.091109
0.107609
0.111327
0.094883
0.105998
0.105187
0.108551
0.107414
0.119256
0.103612
0.108318
0.116244
0.108546
0.105670
0.106864
0.110507
0.107613
0.113060
0.107856
0.113212
0.095486
0.121821
0.141798
0.096973
0.110156
0.109712
0.155307
0.104768
0.124552
0.121027
0.106163
0.102453
0.102140
0.106201
0.108345
0.105601
0.105143
0.102672
0.101300
0.100255
0.105490
0.111412
0.098211
0.092380
0.118077
0.115795
0.124922
0.101399
0.097563
0.101475
0.119682
0.122338
0.112535
0.102345
0.113762
0.175677
0.103614
0.105978
0.106521
0.101635
0.156378
0.097283
0.102874
0.103437
0.093849
0.096589
0.113397
0.102236
0.096920
0.096076
0.101831
0.131247
0.097499
0.097284
0.094846
0.124308
0.145719
0.101900
0.101480
0.097416
0.099912
0.107665
0.101688
0.114388
0.117211
0.153858
0.137308
0.114289
0.150231
0.103194
0.113437
0.111704
0.111036
0.095629
0.092120
0.091359
0.098850
0.112825
0.116512
0.138501
0.111017
0.107548
0.124758
0.090591
0.114264
0.100235
0.091768
0.095088
0.095011
0.094266
0.092114
0.114278
0.117316
0.115520
0.134519
0.101622
0.109674
0.135253
0.113006
0.111771
0.095941
0.103049
0.115365
0.120254
0.122036
0.111662
0.124354
0.102032
0.099937
0.104696
0.104150
0.140149
0.115397
0.093245
0.098063
0.096992
0.095094
0.100622
0.134490
0.102391
0.100549
0.097486
0.094276
0.126581
0.098598
0.154669
0.098732
0.118651
0.093316
0.102534
0.098752
0.101861
0.103429
0.098494
0.091405
0.108826
0.097811
0.104412
0.102102
0.103324
0.098075
0.102527
0.112711
0.102727
0.111462
0.113292
0.164779
0.136020
0.119804
0.094664
0.094643
0.095802
0.098778
0.103182
0.103059
0.115809
0.097265
0.105960
0.097726
0.126348
0.140387
0.102088
0.098763
0.096776
0.097147
0.110137
0.139619
0.099710
0.095530
0.089274
0.087976
0.098521
0.094070
0.103752
0.098330
0.099555
0.097785
0.098443
0.094271
0.088406
0.081434
0.085003
0.108516
0.120260
0.114120
0.114379
0.121258
0.150662
0.105027
0.111489
0.106608
0.094066
0.092248
0.107268
0.118609
0.116694
0.139927
0.113382
0.102831
0.098441
0.102027
0.111395
0.103766
0.115506
0.148428
0.104861
0.102573
0.101671
0.130636
0.111779
0.094546
0.104831
0.097564
0.093692
0.093515
0.102290
0.100635
0.098278
0.092862
0.095531
0.099883
0.091699
0.086319
0.098340
0.087846
0.095783
0.097785
0.087720
0.085758
0.100699
0.107281
0.098708
0.104815
0.103677
0.096251
0.103904
0.101150
0.100460
0.109777
0.120244
0.108659
0.107798
0.115761
0.107163
0.110677
0.104588
0.105988
0.119149
0.102946
0.115655
0.106790
0.161642
0.108630
0.113331
0.098215
0.099166
0.104489
0.107522
0.097972
0.101354
0.103267
0.101003
0.112274
0.100859
0.103231
0.105270
0.101716
0.096039
0.110687
0.110816
0.117222
0.105865
0.091024
0.116857
0.152992
0.108297
0.110330
0.107386
0.107863
0.107071
0.115914
0.104942
0.129330
0.098983
0.107660
0.102610
0.107031
0.097296
0.100797
0.110813
0.120673
0.100650
0.102080
0.100242
0.127108
0.099540
0.103570
0.112754
0.100414
0.118646
0.105027
0.108831
0.105898
0.117555
0.108956
0.124250
0.130349
0.118871
0.114901
0.118772
0.108710
0.109385
0.122771
0.113484
0.111264
0.122387
0.132463
0.127070
0.118016
0.107324
0.096612
0.101696
0.102700
0.104070
0.117818
0.100884
0.097660
0.103417
0.107458
0.116816
0.098111
0.145810
0.143260
0.101987
0.097405
0.103280
0.100018
0.097784
0.136654
0.115010
0.104242
0.104775
0.113439
0.103389
0.100041
0.096389
0.097140
0.129342
0.145151
0.098865
0.104248
0.101804
0.117666
0.101789
0.099856
0.094121
0.102535
0.109545
0.101648
0.122856
0.140034
0.102382
0.106708
0.113309
0.100868
0.099342
0.102224
0.111885
0.106862
0.104193
0.098619
0.100744
0.100068
0.127594
0.105134
0.120517
0.124459
0.117609
0.112993
0.122649
0.106775
0.111124
0.104429
0.105916
0.125080
0.150444
0.111893
0.111192
0.100968
0.134822
0.095862
0.098053
0.103835
0.107024
0.126070
0.112281
0.135214
0.107709
0.092793
0.100481
0.089630
0.176767
0.101045
0.102246
0.100626
0.099649
0.099284
0.099369
0.117121
0.094995
0.103356
0.105574
0.099205
0.100019
0.098606
0.098678
0.112488
0.104977
0.105523
0.101639
0.113525
0.109323
0.098151
0.098325
0.099374
0.100017
0.102886
0.151486
0.107875
0.093606
0.106484
0.137625
0.116482
0.123278
0.127021
0.111943
0.160000
0.095885
0.087865
0.090614
0.096201
0.119729
0.100238
0.098053
0.104875
0.114275
0.122947
0.116242
0.115616
0.098982
0.100208
0.123969
0.103719
0.097506
0.105365
0.106814
0.095648
0.114216
0.102629
0.103333
0.103942
0.102932
0.154836
0.147238
0.118677
0.111142
0.107794
0.099912
0.119704
0.099441
0.145677
0.104126
0.120655
0.152782
0.103694
0.103125
0.144887
0.105251
0.109729
0.160812
0.108427
0.104070
0.107193
0.107833
0.138475
0.101445
0.125027
0.096741
0.099806
0.099887
0.099842
0.102387
0.109018
0.110904
0.109142
0.134423
0.115587
0.106822
0.105908
0.106852
0.096580
0.101747
0.103570
0.103678
0.096832
0.098760
0.103167
0.115931
0.115188
0.111872
0.123286
0.133701
0.111155
0.102622
0.116319
0.098491
0.109749
0.096820
0.108317
0.104462
0.098734
0.102607
0.111486
0.100030
0.120328
0.097224
0.105344
0.107194
0.113787
0.102020
0.105098
0.108117
0.101960
0.106156
0.120513
0.122299
0.101403
0.152492
0.120949
0.097719
0.128127
0.104452
0.100832
0.147939
0.112737
0.100072
0.106735
0.111402
0.111459
0.142754
0.105256
0.107556
0.093922
0.105070
0.112094
0.114916
0.107306
0.128492
0.112814
0.126442
0.097157
0.100526
0.103516
0.099877
0.121252
0.119518
0.100232
0.094347
0.105218
0.101776
0.099191
0.105926
0.120112
0.147491
0.092610
0.112072
0.094114
0.088536
0.098333
0.133533
0.114631
0.107797
0.131801
0.087877
0.126686
0.095938
0.096498
0.109313
0.111630
0.151420
0.126566
0.136444
0.102104
0.127775
0.104455
0.104304
0.099390
0.098708
0.092993
0.106002
0.094324
0.099083
0.102385
0.106218
0.121572
0.107716
0.109704
0.121301
0.118074
0.142717
0.121005
0.122108
0.117294
0.115195
0.124175
0.102310
0.101284
0.109436
0.111097
0.123399
0.118747
0.150119
0.133733
0.148956
0.111533
0.124034
0.102692
0.085625
0.120707
0.113531
0.132181
0.116144
0.103299
0.105489
0.102350
0.104639
0.100326
0.099529
0.117172
0.103255
0.097705
0.102521
0.103383
0.103858
0.103137
0.113917
0.152567
0.118483
0.103475
0.109363
0.112294
0.107554
0.110381
0.100533
0.116939
0.111716
0.119102
0.110271
0.108095
0.113652
0.119964
0.116987
0.121423
0.110017
0.108763
0.108199
0.116199
0.124720
0.110564
0.108747
0.102511
0.101171
0.102715
0.101390
0.116770
0.103597
0.128030
0.110285
0.123858
0.110198
0.111374
0.095246
0.098046
0.102002
0.116916
0.141840
0.100722
0.100534
0.101954
0.101909
0.105698
0.090704
0.091205
0.092141
0.107201
0.112205
0.118853
0.094856
0.100877
0.108408
0.108952
0.125659
0.112732
0.138694
0.142681
0.099231
0.114336
0.115757
0.108266
0.097128
0.124507
0.130182
0.115520
0.101956
0.099411
0.095424
0.115782
0.099440
0.098870
0.146183
0.136866
0.126639
0.089884
0.108458
0.095340
0.098533
0.107702
0.125004
0.109678
0.104149
0.097650
0.100787
0.096675
0.105091
0.109581
0.126048
0.110973
0.106909
0.095144
0.097755
0.107972
0.093961
0.095201
0.105481
0.135939
0.123959
0.131905
0.112044
0.156950
0.138770
0.118624
0.143207
0.099921
0.111455
0.110179
0.122006
0.110697
0.111423
0.111679
0.115748
0.114243
0.122192
0.100547
0.098446
0.103861
0.100848
0.106295
0.097693
0.124578
0.105823
0.106689
0.102535
0.102164
0.100825
0.111621
0.109988
0.114854
0.108849
0.104253
0.135261
0.122342
0.111592
0.100318
0.101644
0.107502
0.122376
0.102398
0.128518
0.112650
0.140856
0.114070
0.112392
0.099328
0.106732
0.140450
0.097602
0.101417
0.094580
0.119485
0.100448
0.099779
0.102555
0.106559
0.101737
0.120034
0.110620
0.140938
0.103553
0.122442
0.103769
0.124346
0.102325
0.099441
0.102868
0.099809
0.095283
0.106272
0.108651
0.099991
0.099274
0.103616
0.106790
0.116635
0.118454
0.098165
0.158425
0.097626
0.130639
0.107805
0.101713
0.101370
0.107032
0.111358
0.111746
0.109920
0.135903
0.115358
0.106823
0.108529
0.104641
0.102981
0.105453
0.107546
0.107763
0.107557
0.102341
0.105083
0.148329
0.128045
0.102585
0.114244
0.107389
0.145057
0.152130
0.100593
0.125479
0.103861
0.109880
0.111015
0.121190
0.116842
0.115716
0.127330
0.105642
0.110211
0.105982
0.103964
0.098623
0.095182
0.101000
0.099376
0.101951
0.126587
0.099326
0.097053
0.094491
0.095188
0.095603
0.102857
0.104181
0.121282
0.126532
0.130697
0.124733
0.128284
0.114161
0.103719
0.094257
0.098433
0.123119
0.173071
0.122779
0.114552
0.110521
0.113187
0.093178
0.106738
0.105130
0.117601
0.114831
0.105509
0.108839
0.108710
0.118826
0.113502
0.106385
0.135353
0.104254
0.100457
0.109240
0.106352
0.102897
0.100027
0.096879
0.098816
0.099947
0.099618
0.092293
0.092596
0.082048
0.115938
0.110381
0.124643
0.100975
0.117611
0.106646
0.117167
0.103513
0.093527
0.090071
0.090504
0.089667
0.085778
0.109995
0.110620
0.121336
0.113309
0.119869
0.115183
0.115258
0.124466
0.100850
0.105389
0.099756
0.110626
0.095438
0.095649
0.104064
0.099317
0.133100
0.102151
0.095335
0.106237
0.103903
0.146332
0.109450
0.107630
0.133614
0.126502
0.129806
0.106236
0.129623
0.111948
0.116472
0.139520
0.094135
0.115591
0.097866
0.101965
0.161100
0.114098
0.098918
0.107128
0.103347
0.139490
0.128800
0.108486
0.096835
0.099056
0.102430
0.104528
0.093421
0.099544
0.120578
0.100408
0.094604
0.078052
0.099518
0.097375
0.139826
0.101854
0.130467
0.108819
0.135477
0.106137
0.104632
0.149377
0.107804
0.101512
0.105047
0.174037
0.109431
0.110197
0.122390
0.122707
0.115343
0.122271
0.110261
0.109634
0.109465
0.119040
0.099843
0.115844
0.102634
0.101546
0.105854
0.102695
0.132186
0.101063
0.106907
0.114818
0.105991
0.105170
0.115541
0.112233
0.111821
0.117949
0.153879
0.102131
0.126574
0.125635
0.132737
0.175743
0.117609
0.156461
0.124741
0.123192
0.139274
0.138585
0.120546
0.117968
0.101894
0.111817
0.099318
0.100585
0.106775
0.103959
0.096369
0.107671
0.100803
0.099278
0.098026
0.100507
0.101988
0.102703
0.098218
0.104128
0.120117
0.104522
0.103379
0.106029
0.100753
0.112146
0.143757
0.152364
0.098312
0.104317
0.106954
0.115407
0.108388
0.105705
0.132128
0.113627
0.119146
0.141967
0.139861
0.087541
0.089850
0.086543
0.114048
0.101114
0.122902
0.108946
0.104764
0.135826
0.111687
0.096359
0.100632
0.141722
0.113263
0.106124
0.102575
0.108771
0.103238
0.127524
0.162494
0.130419
0.109840
0.116611
0.146258
0.157187
0.148504
0.135305
0.100136
0.111651
0.118387
0.146693
0.107938
0.101221
0.100403
0.110204
0.133418
0.114663
0.120715
0.132080
0.117215
0.115781
0.110359
0.115057
0.108091
0.100249
0.152134
0.113360
0.100245
0.097467
0.095533
0.098428
0.124632
0.110052
0.103342
0.109167
0.113073
0.102392
0.140175
0.110243
0.108301
0.109150
0.107155
0.100612
0.099872
0.096674
0.105968
0.116413
0.105960
0.103432
0.112488
0.109027
0.101022
0.109178
0.099149
0.102792
0.105866
0.117299
0.104629
0.120863
0.106895
0.103402
0.108599
0.122245
0.103980
0.105895
0.155818
0.098664
0.154499
0.101424
0.104800
0.101418
0.114839
0.111032
0.129815
0.124061
0.137667
0.104281
0.108411
0.104867
0.114779
0.116369
0.116489
0.151526
0.108819
0.122448
0.133930
0.150906
0.148404
0.143389
0.137498
0.140210
0.104423
0.108214
0.096637
0.107436
0.115014
0.104082
0.090095
0.103110
0.104192
0.093879
0.104882
0.108865
0.099858
0.120888
0.123830
0.122048
0.109062
0.083477
0.113718
0.109011
0.113405
0.101657
0.097764
0.103269
0.107964
0.111811
0.118962
0.102237
0.103273
0.114452
0.155072
0.113584
0.103530
0.097356
0.102332
0.090899
0.110145
0.120820
0.119329
0.093609
0.096542
0.093324
0.104893
0.114574
0.094647
0.099852
0.097363
0.122176
0.151097
0.144507
0.100407
0.118762
0.131773
0.107545
0.106154
0.151999
0.102855
0.095187
0.116871
0.118887
0.125830
0.116063
0.107309
0.105056
0.098705
0.125621
0.104295
0.103254
0.098280
0.095898
0.098348
0.101970
0.126141
0.119666
0.108213
0.140440
0.099908
0.101592
0.100765
0.105127
0.100486
0.096600
0.098395
0.092483
0.122150
0.145084
0.137295
0.098061
0.095655
0.093924
0.112938
0.135513
0.096065
0.104447
0.131446
0.114287
0.097769
0.125443
0.095800
0.099924
0.095255
0.102742
0.096108
0.097016
0.100088
0.107424
0.097934
0.103872
0.124577
0.099140
0.128469
0.092610
0.094264
0.097185
0.126198
0.103570
0.095150
0.128633
0.103189
0.111472
0.121660
0.127706
0.098629
0.109033
0.103429
0.106804
0.142753
0.120826
0.101025
0.115607
0.109949
0.102730
0.102571
0.137672
0.096536
0.131615
0.104649
0.111091
0.102527
0.100508
0.106190
0.102878
0.104444
0.102620
0.105906
0.102668
0.097991
0.099354
0.101355
0.112525
0.111814
0.135240
0.113229
0.115895
0.115086
0.113069
0.106537
0.147099
0.110433
0.105324
0.140632
0.120301
0.109293
0.135424
0.119967
0.113772
0.130042
0.131016
0.094264
0.097364
0.105572
0.140712
0.137590
0.147326
0.095667
0.095802
0.103724
0.114730
0.100135
0.143040
0.098220
0.107128
0.154996
0.128883
0.124011
0.124557
0.154426
0.100188
0.117273
0.119763
0.139961
0.116682
0.117058
0.115396
0.140596
0.127821
0.095992
0.113754
0.104663
0.111295
0.106239
0.109607
0.102765
0.098552
0.117790
0.102291
0.107111
0.113678
0.124669
0.113207
0.118403
0.112172
0.122565
0.124044
0.106969
0.100398
0.120923
0.139580
0.106187
0.110367
0.107762
0.109471
0.106334
0.111071
0.111580
0.102355
0.105457
0.129661
0.108972
0.099021
0.105784
0.100442
0.102544
0.103363
0.112945
0.134505
0.095706
0.092392
0.099464
0.094965
0.089231
0.089571
0.098967
0.086683
0.100333
0.097032
0.118400
0.101536
0.106593
0.103266
0.097673
0.115616
0.104635
0.104182
0.093379
0.122506
0.096269
0.097106
0.099596
0.106510
0.110322
0.114383
0.101270
0.109888
0.106964
0.104668
0.124215
0.112389
0.110658
0.106149
0.109189
0.109363
0.108330
0.111897
0.111024
0.106976
0.122650
0.105151
0.118717
0.127111
0.111364
0.120029
0.117333
0.113674
0.101256
0.099062
0.134334
0.107698
0.106366
0.105510
0.096871
0.110356
0.120080
0.092629
0.102878
0.101660
0.101358
0.092643
0.095763
0.097567
0.095533
0.132023
0.107639
0.095340
0.100523
0.104469
0.112158
0.086837
0.094083
0.085740
0.100368
0.090705
0.092807
0.093876
0.106109
0.097520
0.099593
0.122477
0.105821
