0.015590
0.109128
0.102051
0.105839
0.093969
0.108588
0.118935
0.095448
0.102853
0.113930
0.092510
0.101715
0.100925
0.097433
0.145821
0.103275
0.111904
0.110231
0.123230
0.099594
0.102013
0.100072
0.097539
0.124224
0.101227
0.106015
0.112774
0.114532
0.103188
0.115252
0.103476
0.103645
0.109943
0.103585
0.101199
0.097609
0.095819
0.102070
0.090981
0.093771
0.127795
0.097867
0.101714
0.116021
0.128503
0.103550
0.096824
0.096390
0.092677
0.095472
0.094659
0.095591
0.115813
0.108601
0.111115
0.100018
0.104869
0.131671
0.117715
0.098515
0.096538
0.098958
0.107355
0.104812
0.106435
0.106626
0.104350
0.103635
0.127009
0.101150
0.097900
0.108582
0.097822
0.119219
0.094216
0.104339
0.089717
0.115874
0.120252
0.144630
0.146951
0.098306
0.114196
0.097770
0.120766
0.104918
0.106452
0.091982
0.124703
0.093547
0.107418
0.093169
0.098956
0.089133
0.105382
0.103527
0.114105
0.106216
0.094003
0.149403
0.098544
0.138140
0.103363
0.101010
0.123988
0.143401
0.138625
0.135713
0.096289
0.098845
0.099262
0.133009
0.101773
0.098432
0.096291
0.100297
0.095176
0.097284
0.107158
0.092948
0.104623
0.131539
0.140908
0.107930
0.114134
0.095927
0.113380
0.129966
0.114277
0.115442
0.096177
0.109960
0.103829
0.124656
0.121269
0.093647
0.089047
0.117481
0.091006
0.096112
0.108165
0.119097
0.108544
0.112292
0.114588
0.105062
0.145730
0.106715
0.104432
0.103647
0.107714
0.099064
0.090591
0.100864
0.134761
0.150702
0.113759
0.127586
0.096472
0.117610
0.112796
0.095044
0.100996
0.099073
0.100424
0.104996
0.091040
0.111266
0.093049
0.102476
0.126311
0.105161
0.111108
0.093198
0.100668
0.106685
0.095556
0.096748
0.101843
0.110820
0.098323
0.100861
0.152734
0.107654
0.099611
0.155590
0.103815
0.095837
0.093881
0.094537
0.089982
0.152620
0.107124
0.142266
0.116915
0.102428
0.102162
0.097767
0.102907
0.098721
0.092033
0.102615
0.118663
0.127622
0.100832
0.102538
0.107881
0.106716
0.108854
0.160623
0.124892
0.100101
0.101897
0.127387
0.102139
0.096840
0.094730
0.110160
0.101843
0.099866
0.109661
0.150318
0.101585
0.096289
0.110545
0.108068
0.100260
0.099821
0.102118
0.104481
0.098454
0.106721
0.102571
0.103162
0.109460
0.100939
0.098503
0.150134
0.105052
0.105916
0.099292
0.104366
0.121674
0.098472
0.102382
0.154801
0.089563
0.138221
0.133314
0.133108
0.102877
0.097621
0.092924
0.106976
0.096601
0.120557
0.172941
0.104805
0.144059
0.104422
0.148752
0.140128
0.094939
0.097545
0.120556
0.115250
0.115315
0.114692
0.116243
0.119299
0.096779
0.096346
0.128278
0.114346
0.118062
0.132579
0.101346
0.099509
0.097305
0.101072
0.097413
0.116620
0.110458
0.123006
0.140065
0.094915
0.117341
0.117266
0.112352
0.112839
0.105183
0.098964
0.100634
0.117949
0.102481
0.102699
0.100754
0.098945
0.107834
0.101264
0.104117
0.109963
0.103291
0.101288
0.098064
0.104236
0.096416
0.109009
0.112530
0.109844
0.105580
0.109201
0.111085
0.108070
0.101043
0.104606
0.104588
0.106021
0.113775
0.115238
0.103231
0.124781
0.116904
0.111382
0.103097
0.111692
0.122454
0.112643
0.102783
0.112806
0.111841
0.126662
0.108650
0.099277
0.095609
0.092548
0.090694
0.102118
0.104086
0.092324
0.109203
0.110480
0.111978
0.107604
0.104728
0.102153
0.098441
0.148808
0.101715
0.103667
0.101078
0.097710
0.093085
0.098609
0.097628
0.142438
0.102683
0.123482
0.109032
0.102692
0.106055
0.094277
0.088295
0.100367
0.114582
0.116216
0.093855
0.089110
0.092714
0.086672
0.104840
0.100394
0.100992
0.101491
0.094334
0.093978
0.117211
0.102386
0.094427
0.094918
0.102158
0.101429
0.131954
0.114779
0.119716
0.152398
0.152128
0.107296
0.109266
0.098456
0.097691
0.100246
0.116346
0.145236
0.106115
0.118885
0.126534
0.102465
0.124863
0.147140
0.094309
0.110132
0.104830
0.096574
0.100053
0.101653
0.112142
0.139844
0.097007
0.098812
0.109720
0.122555
0.098269
0.107146
0.100802
0.113952
0.110451
0.098433
0.114582
0.101163
0.141900
0.101918
0.100543
0.114194
0.101991
0.106006
0.107500
0.101067
0.103591
0.118249
0.091906
0.111861
0.110557
0.119929
0.110195
0.101822
0.123232
0.136945
0.144192
0.096822
0.104552
0.094460
0.106491
0.103825
0.090131
0.087180
0.104552
0.095135
0.110902
0.093093
0.097355
0.114558
0.095283
0.116974
0.097986
0.112769
0.115463
0.106875
0.148817
0.109937
0.107466
0.114006
0.105567
0.129420
0.102164
0.115813
0.098676
0.100479
0.106100
0.141068
0.100142
0.102072
0.096359
0.092739
0.110576
0.102598
0.102111
0.123927
0.119648
0.119452
0.109501
0.121861
0.106897
0.106872
0.106444
0.121856
0.126218
0.098032
0.107596
0.106485
0.102776
0.119333
0.128350
0.107892
0.130066
0.093613
0.091588
0.100448
0.097075
0.099360
0.107921
0.111839
0.095779
0.093503
0.105895
0.099961
0.103003
0.096581
0.092873
0.101604
0.095708
0.096950
0.095315
0.106422
0.107793
0.096172
0.105011
0.103467
0.098296
0.100617
0.106180
0.118502
0.140118
0.099335
0.135671
0.117545
0.108603
0.103581
0.109756
0.102312
0.097064
0.093170
0.108221
0.113831
0.141491
0.121585
0.109736
0.130665
0.099008
0.095112
0.113644
0.091777
0.103734
0.105274
0.096812
0.099082
0.104359
0.101329
0.099948
0.094477
0.093929
0.105247
0.103647
0.099747
0.106759
0.114918
0.094054
0.099430
0.106079
0.096922
0.098972
0.104840
0.095002
0.105631
0.105945
0.105938
0.104787
0.118086
0.101796
0.100586
0.104536
0.129120
0.103069
0.112827
0.111442
0.102683
0.103564
0.148407
0.098223
0.102174
0.123173
0.124515
0.105554
0.106277
0.107233
0.106190
0.103488
0.107006
0.116882
0.108168
0.109270
0.098511
0.100253
0.107502
0.110112
0.115614
0.110605
0.109065
0.103215
0.103149
0.100122
0.095540
0.104433
0.148547
0.144671
0.155062
0.114359
0.092464
0.104589
0.097979
0.099109
0.101344
0.117208
0.107149
0.113488
0.102135
0.112919
0.098660
0.103893
0.109672
0.109663
0.110593
0.119882
0.121240
0.103003
0.133731
0.127175
0.113619
0.115553
0.146215
0.108493
0.105012
0.110286
0.117382
0.123999
0.101751
0.095547
0.105196
0.100983
0.100328
0.095200
0.106146
0.096881
0.105848
0.094225
0.108522
0.103395
0.124368
0.104633
0.100215
0.134870
0.097800
0.110515
0.105101
0.097372
0.118594
0.103311
0.102622
0.097740
0.102165
0.119007
0.113493
0.105279
0.115240
0.105107
0.108803
0.093113
0.098042
0.109548
0.139773
0.102317
0.097352
0.108589
0.100379
0.109201
0.111887
0.128321
0.096010
0.102674
0.108699
0.111403
0.101068
0.100505
0.113686
0.110791
0.089658
0.126301
0.095548
0.114972
0.106985
0.127999
0.110872
0.105540
0.097032
0.109698
0.109011
0.111953
0.127729
0.110680
0.105286
0.103433
0.122758
0.122070
0.122217
0.160779
0.104590
0.092180
0.120042
0.117058
0.094795
0.096401
0.119452
0.134938
0.105832
0.134993
0.104945
0.137516
0.115229
0.112593
0.101447
0.095639
0.110543
0.100343
0.111502
0.101260
0.103485
0.099608
0.101206
0.108552
0.097850
0.099935
0.120218
0.113611
0.100240
0.105959
0.106973
0.119672
0.104953
0.101599
0.100194
0.099802
0.103820
0.103237
0.132341
0.102026
0.105980
0.092145
0.105567
0.104965
0.121397
0.108452
0.111401
0.108846
0.098850
0.101253
0.100716
0.126700
0.113228
0.115766
0.103619
0.096849
0.106567
0.109683
0.108395
0.105862
0.127859
0.106772
0.100584
0.111851
0.140018
0.130754
0.153493
0.103020
0.148959
0.091575
0.105145
0.116004
0.177073
0.105627
0.133512
0.111187
0.106497
0.106215
0.099136
0.133257
0.097749
0.103966
0.118516
0.090580
0.112098
0.118021
0.119613
0.101325
0.094874
0.123310
0.126599
0.113488
0.157295
0.095588
0.103470
0.120838
0.110465
0.112345
0.114045
0.157010
0.115744
0.134316
0.109890
0.122311
0.120847
0.125537
0.102175
0.121275
0.110322
0.103105
0.117950
0.149747
0.106545
0.106174
0.097635
0.104514
0.112245
0.107332
0.108833
0.124528
0.103474
0.148195
0.107474
0.108490
0.102366
0.140569
0.136127
0.096644
0.102160
0.096961
0.102113
0.095403
0.092402
0.137135
0.086895
0.107930
0.098701
0.098352
0.111167
0.115561
0.118195
0.107224
0.114448
0.103096
0.098954
0.098629
0.150876
0.145365
0.102379
0.108875
0.100424
0.101561
0.098658
0.101716
0.107452
0.097154
0.104137
0.103251
0.098410
0.127085
0.095008
0.114235
0.107808
0.171851
0.122617
0.111271
0.101175
0.116435
0.106924
0.103450
0.111345
0.106530
0.107319
0.108173
0.126443
0.086746
0.106755
0.108721
0.104187
0.151463
0.147899
0.115686
0.100448
0.111513
0.101819
0.108630
0.106102
0.098115
0.100590
0.105161
0.097895
0.099782
0.105676
0.122650
0.099306
0.098262
0.110084
0.098508
0.101223
0.099813
0.116466
0.107205
0.100559
0.096549
0.123146
0.100549
0.100690
0.104299
0.097072
0.087563
0.130924
0.096294
0.117153
0.085970
0.103034
0.098605
0.102141
0.098218
0.148266
0.114336
0.113423
0.105850
0.122537
0.114894
0.112195
0.149094
0.117198
0.121993
0.096201
0.105938
0.107194
0.150602
0.117463
0.105464
0.118117
0.105092
0.134180
0.124765
0.109362
0.122286
0.141400
0.112230
0.113070
0.099491
0.097613
0.094467
0.102051
0.099727
0.101926
0.107010
0.110607
0.118306
0.097514
0.101986
0.107942
0.158851
0.113711
0.113691
0.136051
0.145784
0.094831
0.136403
0.100827
0.100042
0.102067
0.100238
0.124771
0.140301
0.121169
0.129381
0.131492
0.124184
0.113858
0.120890
0.115089
0.098591
0.129416
0.129971
0.101569
0.119233
0.099572
0.098462
0.107962
0.105519
0.099504
0.098112
0.127656
0.133386
0.150279
0.104105
0.100657
0.103974
0.143659
0.120437
0.101360
0.102800
0.112178
0.127029
0.103565
0.099883
0.107514
0.094708
0.090181
0.088198
0.124902
0.102192
0.097206
0.114215
0.109224
0.107924
0.106105
0.105925
0.103693
0.158984
0.105913
0.106801
0.109018
0.106485
0.118529
0.112736
0.109691
0.095857
0.097433
0.114019
0.108621
0.114848
0.152556
0.111312
0.110862
0.116544
0.101817
0.110641
0.120582
0.131504
0.135841
0.102223
0.102000
0.100409
0.113114
0.113963
0.100757
0.096139
0.099962
0.105600
0.104974
0.098558
0.109321
0.154225
0.114086
0.116797
0.105593
0.107307
0.097629
0.108236
0.142661
0.099710
0.139876
0.105160
0.105714
0.107175
0.107659
0.115619
0.105469
0.112001
0.108107
0.107533
0.089810
0.123237
0.097466
0.097556
0.101632
0.128922
0.110703
0.110580
0.122082
0.104914
0.111601
0.116802
0.133992
0.124901
0.116694
0.101690
0.100715
0.098224
0.104798
0.099783
0.099381
0.102960
0.123327
0.097823
0.114611
0.102886
0.102263
0.110291
0.115458
0.116039
0.103821
0.109079
0.120202
0.114368
0.136779
0.113015
0.101937
0.101016
0.108029
0.107431
0.139803
0.113104
0.101523
0.094494
0.101549
0.101226
0.099820
0.099850
0.103142
0.090391
0.140841
0.097366
0.114560
0.105955
0.147420
0.104513
0.104255
0.096596
0.121001
0.128910
0.153043
0.105141
0.094795
0.095433
0.147526
0.106329
0.137959
0.132155
0.113037
0.103465
0.097064
0.099687
0.117689
0.101825
0.109179
0.118775
0.101950
0.106795
0.125542
0.111699
0.106074
0.114766
0.096766
0.109711
0.137668
0.104377
0.147998
0.125337
0.150184
0.113303
0.110650
0.112650
0.094642
0.111102
0.143597
0.106173
0.126667
0.100411
0.117070
0.108794
0.103040
0.117487
0.110043
0.147115
0.103638
0.118162
0.123347
0.111397
0.116405
0.136824
0.125192
0.111637
0.144161
0.116572
0.128791
0.113467
0.147097
0.142728
0.108213
0.124914
0.112805
0.096799
0.109674
0.090810
0.092003
0.109951
0.094575
0.099713
0.098835
0.126426
0.106205
0.111552
0.111639
0.104366
0.111633
0.100435
0.098071
0.095343
0.102962
0.109646
0.142984
0.112276
0.110273
0.103966
0.125443
0.103029
0.136028
0.125918
0.115891
0.127539
0.135617
0.106369
0.111078
0.106326
0.113569
0.101231
0.104636
0.099085
0.097667
0.102793
0.102136
0.120513
0.105626
0.159520
0.098393
0.102406
0.098909
0.132275
0.122977
0.105234
0.137218
0.105197
0.094671
0.116800
0.108103
0.102529
0.100283
0.096922
0.104911
0.110662
0.109221
0.103362
0.108375
0.147795
0.110241
