129	246	404	303
129	243	407	311
125	243	413	314
116	241	422	313
110	238	430	315
112	242	435	309
113	243	440	316
115	245	449	314
116	240	453	316
121	239	454	315
127	242	455	315
129	245	461	314
133	250	466	309
140	251	469	305
146	253	473	305
153	259	476	304
156	266	482	299
162	272	484	294
167	282	491	285
199	262	738	309
648	270	253	287
632	267	240	293
618	267	258	296
671	267	208	300
630	269	248	300
610	279	272	297
625	281	259	297
617	282	267	294
636	281	253	300
625	281	266	300
617	285	269	301
610	292	280	301
606	296	286	300
617	294	275	303
614	298	268	302
661	292	221	312
670	291	209	311
669	273	207	326
666	264	207	334
660	257	214	343
645	259	226	345
590	267	284	347
601	264	266	352
607	240	257	373
622	230	239	382
637	228	217	387
639	231	217	386
651	233	213	386
656	224	212	394
653	214	221	403
654	211	220	407
659	216	217	400
658	224	224	390
662	227	216	389
667	236	206	379
671	253	207	363
678	264	200	350
680	270	196	345
684	274	202	342
688	277	205	336
671	278	225	337
674	306	227	309
683	276	201	338
695	277	188	338
691	274	186	340
689	269	186	345
684	268	185	345
673	269	185	345
660	272	189	342
646	273	189	341
636	277	190	341
632	279	190	341
625	286	193	338
606	287	200	338
595	285	200	336
569	284	205	334
537	285	200	329
517	288	211	329
516	291	218	328
515	291	229	325
506	287	241	325
507	282	247	328
505	280	256	332
496	280	269	331
516	276	251	331
485	270	285	337
480	268	287	339
475	261	296	344
476	258	297	341
481	257	300	335
472	256	310	331
474	254	308	333
474	250	308	337
484	252	302	334
471	249	321	339
471	256	325	339
473	253	321	341
471	250	325	342
470	246	328	342
464	242	330	344
461	241	333	345
451	238	337	345
442	241	343	341
436	243	346	339
430	243	347	339
425	243	350	344
416	249	350	337
412	251	353	335
409	252	354	332
409	254	354	333
410	261	355	327
410	262	457	324
404	269	376	319
410	270	356	320
400	272	371	318
396	269	374	319
397	271	368	320
395	271	370	322
393	270	367	322
471	262	637	311
755	259	301	326
619	261	426	330
365	274	374	321
440	264	640	324
741	263	293	328
735	263	302	331
727	260	310	333
739	261	294	329
734	262	300	328
738	265	293	326
516	273	490	326
735	261	294	329
739	266	291	327
740	266	287	327
725	264	302	328
737	261	289	329
734	264	291	326
736	263	288	329
734	263	291	328
730	268	298	325
729	278	298	312
357	313	392	286
350	307	394	291
351	311	391	289
404	298	678	295
339	314	388	291
339	316	388	288
336	313	390	290
341	315	387	288
348	312	381	290
341	314	390	287
341	317	390	287
345	318	388	287
340	319	392	287
349	315	389	291
348	315	398	292
354	313	390	292
356	311	388	294
356	311	390	293
358	312	389	291
349	305	398	297
351	307	396	295
343	301	406	300
345	303	400	301
350	300	399	306
343	293	406	311
348	283	401	318
347	279	406	319
349	279	402	319
354	278	405	324
369	280	389	318
713	294	305	301
355	274	425	324
364	268	420	332
362	267	426	334
361	261	435	336
358	259	445	338
362	254	447	340
388	265	600	333
376	248	455	351
384	249	458	347
392	247	453	344
405	246	459	346
741	297	270	297
430	243	424	352
729	308	306	289
759	306	268	287
792	299	221	291
804	304	206	287
816	308	196	283
826	306	219	282
835	304	257	283
827	287	282	307
804	284	279	306
794	304	279	282
770	304	303	279
744	307	333	277
727	301	350	287
709	293	372	294
696	283	383	304
688	279	380	306
680	281	371	304
677	283	373	300
689	236	355	345
647	284	385	300
641	243	399	344
677	241	369	345
619	248	429	333
621	249	419	329
619	252	415	328
624	252	406	331
638	248	398	333
603	270	434	313
411	251	412	311
632	261	406	328
665	276	364	312
546	291	510	296
433	290	305	291
461	300	361	285
433	305	395	281
508	302	493	290
542	307	514	289
538	311	508	287
532	319	512	283
557	317	482	289
590	315	447	291
557	313	399	279
543	320	423	288
542	324	415	287
529	329	457	283
527	327	478	282
518	321	446	287
544	321	459	289
516	326	459	291
506	327	423	287
496	326	424	291
500	335	423	281
494	342	431	282
636	339	337	273
730	329	249	273
797	329	177	278
797	332	178	277
799	335	179	274
813	338	166	271
807	343	174	264
814	348	168	264
813	347	167	266
804	342	172	272
806	338	170	275
788	337	189	283
776	339	218	281
767	334	245	289
753	325	263	296
731	322	284	297
722	315	299	307
723	308	308	316
726	295	307	328
717	286	317	339
714	284	327	342
707	285	336	345
707	288	337	342
710	290	342	337
709	291	351	338
709	292	358	341
709	292	358	340
706	291	363	341
707	289	362	343
704	292	367	339
710	293	375	340
712	298	385	337
716	297	389	339
717	301	389	337
717	304	391	333
720	308	391	329
723	313	397	324
727	313	403	324
730	309	411	322
735	303	417	329
736	305	430	326
745	303	437	324
754	302	453	321
775	300	459	318
780	296	479	332
709	264	526	382
481	235	751	420
170	311	446	312
158	311	452	310
144	313	454	306
131	310	455	310
117	307	459	313
103	306	464	310
96	309	473	310
88	314	480	305
81	319	487	302
73	320	494	301
77	290	734	333
89	307	867	296
577	304	513	298
577	306	485	296
104	306	500	308
104	304	460	307
119	305	451	307
132	300	446	307
138	296	451	311
141	300	458	307
142	298	466	305
146	301	470	298
142	300	470	303
143	300	465	303
147	293	485	309
337	265	599	328
435	256	439	340
425	255	439	344
150	279	598	331
436	231	395	371
440	217	390	383
433	218	396	385
437	218	394	391
440	231	396	377
452	257	409	352
463	270	407	343
453	271	418	340
447	264	399	344
439	266	394	347
433	271	392	341
416	276	412	338
411	282	420	330
418	274	412	338
411	274	411	338
396	279	418	333
399	283	412	333
388	285	407	327
381	285	382	328
373	288	356	330
358	292	353	330
343	302	341	316
331	305	330	310
329	307	327	310
312	308	326	316
303	307	325	319
300	307	333	318
299	308	328	319
295	312	324	318
290	314	324	319
294	318	317	316
301	320	305	313
302	319	297	316
311	319	288	312
314	320	280	313
325	320	265	311
339	320	252	307
327	319	251	310
316	320	254	310
308	326	259	302
296	349	264	276
275	349	272	278
267	345	259	281
255	340	227	288
240	333	200	287
230	335	177	289
212	342	185	285
192	337	178	286
144	319	191	307
107	293	229	341
101	278	215	358
107	292	197	346
90	299	209	336
65	323	219	305
1	354	267	278
0	352	228	286
0	351	193	286
0	352	163	280
0	355	162	283
0	358	147	278
0	354	149	282
0	355	155	290
0	360	160	293
0	358	166	298
0	330	186	324
0	300	213	347
0	297	235	341
0	309	255	324
0	312	260	320
0	336	263	301
0	362	265	273
0	379	264	250
0	387	275	243
0	386	283	249
0	375	287	264
0	361	288	277
0	350	288	286
0	343	288	281
0	346	288	276
0	349	281	272
0	352	285	269
0	349	294	283
0	345	312	287
0	346	329	281
2	360	352	270
1	357	380	273
1	356	401	275
0	354	425	277
0	345	449	282
1	333	477	296
0	331	507	298
8	334	519	297
12	333	524	295
13	333	530	295
14	338	529	293
16	342	532	290
17	343	529	287
17	346	531	285
8	356	538	279
14	365	537	268
9	371	536	262
8	365	540	267
5	367	545	261
11	367	540	261
29	371	527	261
39	369	521	263
43	370	521	263
48	371	520	267
53	372	519	268
58	370	522	268
57	371	523	266
50	371	521	267
34	373	538	265
48	374	528	268
39	375	531	266
49	377	523	266
40	377	535	267
27	379	539	265
17	378	546	268
36	378	524	268
15	377	536	267
16	376	527	267
13	377	518	266
1	379	521	267
2	378	503	266
0	374	472	266
1	357	422	284
2	345	364	296
1	374	317	263
1	362	271	271
1	383	235	251
2	381	203	250
0	383	167	250
0	398	124	236
0	508	84	124
0	529	51	104
0	557	39	76
0	562	35	72
0	568	29	67
0	567	18	62
0	548	12	98
1	533	10	100
0	525	10	125
0	515	11	139
0	500	11	146
0	491	12	155
0	482	12	171
0	543	14	91
0	532	22	99
0	486	33	145
0	422	65	211
0	367	95	275
0	362	119	283
0	362	137	285
0	356	157	292
0	353	177	295
0	350	211	300
1	350	241	294
0	349	269	298
0	347	294	301
0	346	319	301
0	353	197	298
2	352	218	293
17	332	292	311
61	333	386	309
151	331	325	303
190	328	315	296
134	332	400	300
261	333	307	293
158	347	209	297
191	297	201	346
211	293	190	349
226	288	205	351
229	294	224	343
233	294	243	346
236	299	263	341
235	302	278	335
236	307	296	332
235	311	307	327
228	314	319	319
227	322	326	311
223	327	333	309
216	327	332	312
210	330	336	308
205	327	340	313
198	332	345	305
191	331	349	307
189	331	351	310
188	333	356	311
183	336	366	309
182	337	366	310
184	337	369	309
185	333	371	317
182	330	375	321
184	331	376	319
191	333	381	317
192	337	385	315
186	346	391	308
185	347	399	307
187	349	406	306
186	356	405	301
183	356	419	300
188	356	417	299
168	351	682	307
189	358	425	296
186	359	683	301
640	390	308	253
639	385	310	258
631	382	316	261
622	385	319	261
384	373	517	286
173	358	434	300
168	360	431	300
153	356	431	303
132	360	437	299
94	359	452	301
19	360	512	300
7	362	506	300
23	356	504	302
8	359	506	298
0	320	748	366
71	355	458	298
549	385	326	265
307	357	538	297
553	378	340	276
324	331	613	344
566	383	336	266
559	383	353	265
561	387	359	262
563	383	360	267
328	335	572	324
538	380	373	272
290	361	555	293
29	347	463	301
28	348	467	298
28	351	452	293
27	356	464	291
25	362	456	283
0	326	684	336
504	370	350	269
285	357	522	286
492	366	353	270
286	345	537	306
463	366	365	268
482	366	375	267
36	341	378	291
4	332	411	298
28	332	383	296
43	333	360	296
49	331	355	297
50	333	351	296
52	330	342	295
58	331	336	295
58	324	422	313
62	333	341	293
0	261	508	413
560	310	299	306
568	317	337	302
574	315	332	302
578	317	339	303
583	313	344	307
588	320	345	301
116	344	330	278
95	346	360	278
102	344	358	278
115	342	352	278
127	341	346	278
139	339	343	282
148	338	342	285
158	335	339	284
167	333	340	287
173	336	344	286
172	339	353	286
169	345	363	279
173	349	366	275
171	348	374	274
167	348	380	279
154	344	386	286
112	346	394	289
60	348	400	291
22	340	401	298
8	331	399	306
10	331	406	311
12	328	409	316
4	326	413	315
2	330	414	313
1	335	415	308
2	345	416	302
4	356	415	291
8	368	409	281
14	372	398	277
12	375	396	278
20	374	389	279
34	375	376	277
46	377	365	279
55	376	362	278
65	373	346	279
70	369	335	281
66	367	324	284
62	371	324	284
57	374	326	281
52	377	333	279
49	377	335	279
49	378	337	280
48	377	336	282
45	376	335	282
43	376	333	282
44	378	326	282
43	379	326	282
44	375	320	282
46	373	312	285
47	375	316	284
52	375	311	284
52	377	313	282
53	378	314	281
57	381	320	280
63	379	318	281
61	380	332	281
64	380	323	280
70	379	337	281
79	381	326	279
90	382	328	277
101	379	325	279
115	377	324	279
130	378	322	280
139	379	327	281
151	378	330	280
160	377	326	281
159	376	330	281
156	379	339	278
155	376	353	277
154	372	353	280
154	370	352	281
153	368	355	282
150	367	361	283
149	365	364	285
146	367	367	284
147	361	364	288
142	354	362	293
138	345	364	300
131	335	365	311
123	330	366	315
114	325	365	314
108	322	368	316
104	316	366	319
101	314	362	321
101	313	362	321
96	311	361	322
88	310	365	321
82	308	363	321
81	307	361	323
79	304	362	325
80	300	365	327
79	295	365	329
78	293	369	328
75	294	375	324
79	298	375	321
82	291	381	324
84	293	383	324
87	294	390	324
92	295	393	323
98	295	397	325
105	289	399	323
121	289	389	325
131	284	382	332
128	281	394	343
128	277	400	346
130	277	398	349
132	268	402	359
133	268	405	363
135	270	415	360
137	270	418	359
146	274	417	360
155	282	405	352
163	284	385	351
168	281	384	353
169	285	381	349
170	285	374	351
174	288	373	352
178	293	368	348
180	293	366	349
182	289	365	350
186	291	358	347
190	288	354	351
192	290	362	351
193	297	356	343
194	291	358	350
193	291	349	348
195	299	344	340
194	303	336	337
199	300	323	341
198	300	312	343
198	298	305	348
248	338	639	300
530	364	741	281
450	364	430	270
563	360	266	272
554	369	264	259
485	367	324	264
151	293	291	354
141	306	302	343
121	314	325	333
87	316	358	343
72	312	367	346
71	311	355	351
67	313	343	351
71	310	343	353
71	304	338	358
71	306	340	357
72	314	338	351
75	321	341	342
77	329	341	331
78	336	344	325
80	350	341	315
88	352	337	312
91	352	344	311
98	355	326	310
102	367	317	301
105	379	312	289
111	381	310	285
121	381	309	284
129	388	305	277
139	388	300	275
153	385	295	276
158	382	291	277
163	385	292	276
168	379	295	283
174	383	302	278
177	380	311	283
182	381	319	280
183	378	330	285
185	383	342	277
188	384	348	277
192	385	353	276
192	388	361	271
192	384	364	272
195	381	366	274
183	381	385	270
197	377	379	273
197	376	379	275
198	375	383	277
203	375	381	278
206	372	385	278
208	366	389	280
216	362	389	282
220	362	391	283
217	361	402	285
220	356	407	288
225	353	408	287
224	356	414	284
229	360	416	282
236	362	417	280
235	362	419	274
241	365	422	275
253	366	420	275
258	367	417	271
273	364	414	271
284	365	414	269
288	368	414	267
294	366	421	270
306	368	416	268
315	369	409	267
318	368	415	270
322	367	414	270
320	367	418	272
308	370	435	273
316	371	428	275
314	366	431	277
322	361	421	282
326	364	415	281
330	365	412	281
329	362	412	285
327	360	409	286
328	359	408	288
328	361	408	288
327	363	409	287
327	361	407	291
328	356	404	291
325	354	400	297
326	357	395	296
324	356	394	297
319	357	396	297
318	356	394	298
315	352	393	304
310	345	390	309
304	345	386	309
302	346	381	311
299	346	382	314
298	341	379	314
301	333	370	320
299	334	372	323
299	334	375	322
282	329	387	328
74	372	196	298
78	375	205	293
77	375	212	292
77	373	217	293
77	372	222	294
72	375	230	290
69	375	236	292
68	374	240	294
65	371	242	296
63	372	246	296
64	372	249	296
61	372	247	297
60	372	246	296
63	372	244	297
64	377	239	295
67	376	235	294
68	373	228	293
68	372	219	294
69	372	213	296
71	367	209	304
73	367	202	299
74	358	199	307
75	359	196	310
77	359	196	312
77	364	195	305
77	356	198	311
79	358	196	308
81	357	198	310
84	355	202	313
85	368	206	303
86	366	212	304
93	369	208	301
98	368	210	298
100	368	209	297
103	368	213	297
106	367	214	297
104	365	225	294
103	368	223	292
104	368	241	291
103	367	224	295
101	365	271	295
209	361	419	281
280	330	424	326
287	340	412	318
300	336	417	315
303	341	418	308
289	349	440	302
306	356	435	293
320	361	423	289
320	365	432	284
325	365	433	281
324	365	435	281
329	361	438	283
335	360	435	283
338	359	439	285
342	361	433	283
344	367	437	278
344	368	436	275
337	366	440	276
123	361	656	286
355	370	428	274
218	363	565	281
347	373	434	266
343	358	428	281
324	357	452	283
331	357	434	279
328	357	436	280
332	357	434	277
323	357	429	279
327	354	431	281
197	349	555	290
282	345	464	293
333	351	406	290
323	351	417	290
324	349	413	290
323	342	403	296
316	334	405	304
331	334	377	307
324	330	383	312
330	321	374	320
325	318	374	323
324	313	373	330
318	312	371	332
334	313	354	332
315	311	370	335
326	310	357	335
282	309	404	337
266	309	430	340
292	305	405	341
325	304	370	342
337	302	358	343
337	303	361	346
327	308	375	345
328	302	373	350
333	300	375	350
342	297	370	356
345	296	372	359
348	297	374	359
350	295	376	361
356	295	378	365
366	293	376	367
372	290	374	367
371	289	376	366
372	286	376	370
382	284	364	372
382	285	370	371
378	287	375	372
364	294	387	368
340	297	409	366
308	298	445	366
264	301	487	362
277	302	474	362
290	304	466	361
292	303	460	362
294	301	458	364
308	300	446	363
309	301	445	362
331	308	428	357
335	309	429	360
342	308	430	360
352	307	426	358
358	309	421	354
367	310	413	355
377	310	404	353
377	311	401	352
381	309	399	355
383	310	393	355
380	311	394	353
380	314	412	351
663	365	250	296
685	375	239	285
668	381	260	277
664	367	269	293
663	363	279	293
677	376	277	278
384	303	385	355
389	309	373	349
390	307	380	349
387	306	361	352
390	311	379	348
391	311	365	349
389	311	369	348
392	307	374	353
391	310	377	353
390	311	370	354
395	311	380	350
388	307	372	354
390	314	375	351
401	315	378	349
396	305	376	354
391	305	374	350
393	310	388	351
396	320	379	347
727	371	339	290
510	334	499	329
390	317	402	342
398	322	379	347
487	360	682	290
398	324	374	338
395	315	395	344
397	321	387	342
394	327	392	340
394	329	389	337
396	331	387	337
394	336	413	327
391	340	394	325
392	346	392	317
392	351	394	311
389	343	393	312
388	344	391	314
394	350	391	309
389	350	391	307
387	348	411	309
393	345	405	308
387	343	407	303
385	340	405	309
390	345	402	304
391	344	405	305
386	344	402	304
389	339	406	309
389	338	403	314
386	340	405	312
386	337	405	315
387	339	403	315
386	341	403	314
387	339	407	314
387	339	404	313
389	338	405	317
391	338	406	320
391	336	409	321
395	335	411	322
399	332	410	326
400	329	411	329
407	329	416	330
407	333	415	327
406	335	420	326
412	334	416	324
420	334	413	329
427	331	406	333
434	329	399	336
441	330	396	336
447	332	389	335
451	327	390	338
454	324	387	339
456	325	385	338
458	320	384	343
462	317	389	346
454	315	393	346
452	311	394	353
454	309	392	352
465	304	384	357
470	304	380	360
501	331	719	335
795	351	404	306
507	303	335	359
497	304	346	360
576	314	679	345
781	369	357	289
473	295	349	362
475	298	351	358
474	298	355	357
467	302	361	353
476	304	496	352
460	305	343	353
458	314	349	347
783	348	343	301
543	336	549	317
454	319	337	342
454	321	348	337
452	324	351	336
451	316	341	342
443	320	351	339
435	333	353	326
426	329	361	329
468	336	663	323
417	324	351	336
413	327	361	330
403	324	371	333
394	327	374	328
380	337	378	318
377	347	376	309
372	360	381	293
372	367	368	287
370	367	393	288
373	368	387	290
371	366	386	288
371	363	389	290
367	358	393	290
367	356	401	290
360	358	403	290
354	361	407	289
342	359	409	288
333	355	408	289
309	353	408	289
285	348	410	288
272	346	413	288
269	346	408	290
268	344	416	291
262	345	422	290
259	344	417	290
257	343	420	291
252	343	420	291
251	343	423	291
249	345	417	290
248	346	424	290
244	342	430	289
233	339	424	290
233	338	422	290
220	337	423	289
206	336	425	289
193	338	436	291
182	338	428	292
177	337	440	291
170	336	430	289
163	335	442	291
155	332	432	292
154	331	440	292
150	329	438	296
142	327	437	296
128	327	434	295
115	325	443	297
102	323	448	299
89	328	449	298
76	333	441	296
57	332	452	298
43	333	454	297
33	318	473	307
23	329	443	296
19	336	454	287
20	328	447	300
18	318	456	308
16	321	465	306
9	331	439	295
8	327	430	299
7	327	417	301
2	327	413	304
0	325	409	305
0	326	402	301
0	325	368	302
0	315	492	310
1	329	342	295
0	309	486	317
0	320	316	305
0	328	251	300
0	317	284	307
0	332	182	290
0	327	179	298
0	308	194	319
0	305	209	319
0	310	207	315
0	325	187	296
0	320	198	302
0	293	212	330
0	291	355	329
0	227	456	432
1	299	417	328
0	255	612	396
15	300	404	318
0	289	603	348
10	275	417	348
24	291	377	329
23	287	432	344
0	268	316	358
0	271	328	355
102	303	308	316
110	311	310	305
92	305	333	313
116	317	320	303
126	326	315	296
135	326	315	298
154	328	298	299
169	328	283	300
155	326	297	299
170	323	289	304
186	324	274	303
190	306	249	320
178	301	275	326
189	309	277	315
0	268	241	359
0	258	243	368
0	260	241	369
0	263	245	364
1	269	238	363
1	269	247	355
2	266	255	357
56	288	543	311
295	312	262	305
302	318	262	297
304	324	268	294
307	323	274	293
308	324	281	295
313	323	278	299
317	322	280	301
320	321	279	300
327	316	285	299
337	310	289	301
341	311	289	298
343	317	296	292
344	320	305	292
347	322	320	291
350	321	332	293
361	319	333	291
368	317	338	292
390	317	326	291
417	316	324	294
433	318	325	291
298	312	468	304
450	315	483	289
457	321	352	299
277	305	551	315
29	293	422	318
40	287	437	327
45	293	424	322
48	285	431	331
52	289	434	326
53	287	447	328
57	291	451	329
60	298	468	320
65	301	493	320
81	303	476	321
108	298	456	325
123	298	444	327
181	297	386	332
214	295	354	330
303	322	641	291
200	299	383	323
214	299	387	325
239	302	357	322
223	299	380	325
256	298	351	326
257	301	359	327
266	297	358	334
264	290	371	341
271	285	369	344
270	278	375	348
278	273	370	355
297	272	359	358
299	272	364	362
303	273	359	364
298	270	365	367
297	264	366	374
295	264	368	373
293	264	370	370
287	269	376	366
276	274	386	365
269	275	385	367
310	282	775	351
262	273	381	367
260	282	422	356
253	285	387	355
249	283	406	358
240	286	411	355
235	285	398	355
229	289	404	350
222	298	408	340
212	302	413	337
204	303	413	336
195	304	412	335
188	307	426	333
172	305	479	331
163	303	790	337
155	302	426	334
120	309	732	330
132	307	430	330
131	303	443	333
116	299	622	343
101	296	588	338
130	303	427	328
131	300	444	333
137	302	446	330
133	303	561	329
143	303	445	328
160	298	442	337
152	297	675	338
147	307	559	330
182	296	452	335
186	294	468	344
186	292	675	340
200	293	462	343
203	292	492	337
216	289	474	337
237	289	454	338
255	290	701	332
272	285	425	335
286	278	516	340
402	288	718	324
687	287	330	322
826	272	176	281
838	275	159	259
830	281	168	261
831	283	169	255
720	307	178	254
850	301	149	224
728	299	276	239
858	302	152	229
852	295	163	227
868	290	156	235
872	284	159	233
874	284	168	235
883	289	166	234
870	300	182	221
773	307	203	221
803	300	251	220
702	286	276	239
627	285	331	262
673	276	280	253
530	283	422	318
631	279	351	268
721	285	298	240
707	295	247	241
720	303	213	228
541	307	380	309
530	317	406	299
568	319	358	295
583	308	317	298
600	303	294	301
633	300	339	288
816	307	154	214
810	303	150	227
811	304	149	220
809	312	159	207
801	321	185	196
626	270	202	272
621	267	228	276
598	265	271	272
588	266	283	274
575	275	298	288
567	284	319	273
554	274	327	313
538	261	346	323
516	255	370	322
501	261	381	334
482	276	377	323
457	279	376	319
430	282	386	321
405	268	388	332
387	267	389	339
370	272	388	339
346	286	409	324
323	300	431	312
307	309	451	304
288	311	467	301
276	311	475	301
272	312	487	297
268	312	506	295
267	306	533	300
289	313	507	294
289	316	490	292
305	314	468	291
320	300	469	305
333	276	479	323
339	265	497	339
363	264	492	346
386	269	465	342
398	279	426	330
402	278	408	329
0	342	358	282
0	342	347	283
0	340	337	288
1	335	335	295
7	336	335	294
16	334	320	298
19	335	330	293
22	341	371	286
346	328	449	276
339	322	462	277
338	322	456	285
342	317	427	293
344	313	398	297
363	303	362	312
364	290	361	322
351	279	381	333
361	273	371	339
49	305	594	334
355	275	334	333
169	336	243	289
169	339	227	287
165	342	223	286
170	342	214	282
169	314	279	305
176	317	198	304
179	308	172	317
224	305	391	302
200	301	439	306
170	331	182	290
120	318	487	269
354	291	256	317
113	313	449	305
158	348	201	278
161	342	206	282
165	332	209	292
165	322	216	300
165	327	228	295
163	338	242	286
148	342	260	279
144	341	272	280
151	336	263	283
145	318	271	300
147	320	285	299
150	323	295	295
144	324	286	293
144	309	276	311
149	302	272	313
150	294	276	320
148	332	277	283
164	284	335	328
167	291	277	320
184	288	251	322
197	296	250	316
209	294	246	318
268	282	213	327
226	286	255	325
236	269	246	346
241	301	239	312
249	312	227	301
258	313	224	301
257	218	226	396
255	299	199	317
256	213	214	399
258	219	217	396
250	232	230	379
268	244	223	364
243	258	252	355
243	274	252	338
230	279	216	332
250	278	235	334
224	276	240	333
249	265	199	342
248	261	207	348
246	261	217	356
257	263	222	353
271	268	238	350
303	271	244	346
0	303	288	303
1	300	318	300
0	288	534	330
0	318	528	292
16	315	383	299
73	311	364	305
127	316	327	303
176	320	283	292
197	320	263	293
198	325	258	289
184	333	258	284
197	319	250	297
234	309	228	308
269	308	213	305
277	314	219	300
263	331	226	283
238	340	228	277
239	340	208	277
246	336	188	277
236	336	184	280
236	340	183	277
238	343	183	275
224	334	187	281
222	327	183	290
213	325	188	293
205	323	191	296
198	326	197	296
189	328	196	295
185	328	195	293
184	327	189	291
178	328	186	290
175	331	183	287
176	336	177	285
178	336	167	288
175	332	164	292
174	325	163	299
178	313	165	308
175	301	166	314
172	295	160	319
178	295	161	321
175	298	166	317
168	297	169	316
173	295	172	314
175	294	171	313
178	298	171	315
191	297	168	312
209	296	172	309
238	304	170	298
261	313	166	288
275	324	164	275
294	319	168	279
318	304	197	291
351	296	249	300
377	275	216	318
385	266	262	322
389	274	285	317
390	273	303	317
416	274	330	321
432	265	290	327
483	272	276	322
500	242	379	350
518	251	400	339
525	263	431	330
547	276	229	323
582	277	208	320
600	277	198	323
613	277	208	326
598	282	213	320
581	280	250	320
576	287	262	316
565	288	272	315
544	288	285	314
519	267	513	330
792	237	410	346
528	256	613	350
410	278	330	325
398	282	612	312
762	325	448	269
732	342	465	255
692	338	470	253
643	329	470	261
597	323	480	272
565	324	487	274
632	331	409	258
563	327	476	265
557	324	464	267
535	323	458	270
524	314	451	281
520	305	441	291
533	305	436	288
549	309	424	287
576	296	435	322
555	313	422	285
574	317	419	283
586	313	432	277
598	319	446	274
638	315	415	276
711	311	363	277
638	312	415	281
651	305	423	293
646	310	429	292
677	311	434	354
651	227	628	492
21	344	489	289
36	350	501	280
40	352	518	278
56	357	547	277
95	364	505	267
126	361	482	270
140	348	469	281
144	337	461	287
145	336	477	287
154	333	492	288
163	346	495	276
179	354	496	263
192	343	492	268
199	328	487	284
182	310	488	306
163	305	485	309
163	297	470	311
183	286	445	318
192	275	441	331
199	262	448	348
209	265	429	350
199	264	435	351
186	258	433	352
171	258	423	354
158	275	421	337
173	282	644	331
263	295	782	307
588	311	326	294
609	316	285	294
619	324	259	281
623	316	239	287
626	303	240	300
630	296	261	308
358	283	518	342
545	282	339	330
298	279	521	328
377	311	500	295
209	313	634	296
202	302	402	300
206	314	403	289
313	315	608	291
269	309	423	296
480	309	372	300
492	303	363	307
531	303	365	299
582	298	375	298
676	297	339	290
652	319	419	271
637	324	448	268
611	322	465	270
587	315	480	277
599	310	465	281
539	326	512	272
685	318	367	275
685	313	349	277
754	310	320	285
779	313	311	283
803	330	286	272
789	337	303	263
797	327	299	273
769	319	331	280
750	311	349	291
739	303	368	299
720	299	389	302
701	304	408	298
682	317	434	289
655	228	506	436
652	331	451	272
627	328	448	275
620	322	446	283
609	314	447	297
613	310	449	304
625	303	463	311
677	287	448	336
767	214	512	505
656	315	459	306
645	300	519	317
629	289	556	329
603	298	596	321
605	322	547	292
102	336	305	305
107	333	284	303
106	333	273	303
120	337	261	295
108	323	338	322
136	327	290	304
126	310	298	320
124	293	300	339
118	301	310	332
110	306	326	322
102	315	324	315
89	323	315	304
66	331	315	298
42	325	308	303
105	309	504	325
65	282	488	346
10	278	462	355
139	266	298	371
142	257	263	373
111	248	274	386
87	259	278	377
81	262	282	377
52	277	310	359
54	302	309	332
45	311	338	319
33	330	375	298
35	336	388	290
49	343	411	287
83	343	429	287
135	328	446	301
188	323	459	299
240	324	469	300
276	325	480	304
281	325	498	305
289	323	499	307
287	319	497	313
295	322	474	313
300	331	471	298
316	336	467	286
322	337	482	291
323	343	500	286
337	344	517	285
366	341	537	288
391	346	544	280
420	352	506	281
422	351	469	288
411	359	469	275
414	349	501	282
417	340	517	293
427	333	542	305
425	346	547	296
406	379	542	255
391	387	526	243
382	383	511	251
370	380	528	256
365	377	521	261
365	380	485	262
366	377	459	267
368	380	438	263
377	385	419	264
382	384	417	269
390	381	395	281
384	391	386	278
377	403	389	265
356	416	401	249
333	420	418	252
307	416	435	257
298	410	439	262
292	400	445	267
292	394	440	272
293	395	418	272
294	404	386	271
328	410	321	250
297	415	328	247
299	402	318	265
312	394	311	280
328	393	317	276
357	405	320	263
142	402	402	288
411	423	340	247
193	382	218	318
160	391	498	287
253	379	222	320
379	406	507	254
575	402	286	261
606	395	269	264
371	390	262	290
392	358	411	321
376	371	259	310
377	367	286	309
404	368	279	299
407	372	283	289
460	362	450	294
705	370	246	265
689	378	259	255
685	364	268	262
696	352	269	270
701	346	279	276
701	344	287	280
694	342	293	279
691	337	295	279
671	332	316	289
651	330	332	290
678	333	303	282
487	335	238	306
577	341	447	268
660	333	317	271
474	317	237	318
535	312	446	321
462	301	421	325
599	295	356	311
559	278	393	325
463	246	337	369
460	239	345	372
453	243	373	369
453	261	386	345
466	293	377	312
492	304	378	295
489	297	403	303
487	285	426	318
503	282	437	322
511	276	446	321
490	264	470	331
461	246	501	333
418	263	297	300
401	253	251	311
378	245	266	318
350	238	240	321
310	239	204	320
266	241	200	322
228	249	202	314
198	253	221	311
165	258	244	307
134	255	256	314
99	252	270	321
60	256	293	323
22	253	316	325
0	250	330	324
2	245	319	328
1	243	321	334
0	247	321	339
0	252	312	338
0	251	296	335
1	253	281	338
0	255	281	335
0	256	288	336
0	264	304	325
1	281	315	309
2	292	324	297
0	290	331	295
0	284	333	298
0	278	348	307
0	254	607	337
0	255	391	330
0	231	692	353
0	271	437	312
2	277	460	306
0	218	678	382
8	268	489	321
15	265	513	327
53	255	494	334
69	243	505	348
18	211	837	385
123	256	532	322
651	222	274	327
652	214	275	329
689	237	266	304
715	209	242	338
720	217	237	326
720	213	246	327
466	186	484	379
213	194	435	377
278	228	407	339
287	239	396	322
309	239	361	324
316	237	345	322
319	228	392	331
326	212	312	349
331	213	271	351
331	205	275	358
370	227	415	336
406	210	343	336
316	203	306	367
318	213	314	355
511	207	214	348
336	248	240	315
355	224	304	335
382	225	314	331
402	217	343	332
426	208	281	342
446	200	387	348
465	232	413	319
464	174	297	383
506	182	256	364
507	194	279	352
544	217	239	332
509	224	297	321
506	224	305	320
471	206	320	334
468	200	320	339
442	193	328	344
413	192	349	344
394	206	361	330
364	213	608	321
318	233	412	308
322	205	719	318
721	196	541	330
245	238	418	302
244	234	412	303
227	232	410	301
207	231	409	297
165	233	410	299
104	228	425	307
45	222	439	309
0	214	439	315
0	215	391	313
0	208	334	316
0	212	283	301
0	221	231	289
0	226	183	278
0	218	134	290
0	214	84	287
0	220	33	124
0	199	101	181
0	196	43	143
0	219	43	170
2	323	83	141
0	326	34	146
1	301	76	168
1	175	119	270
0	1	116	460
0	0	94	470
0	7	68	466
0	34	39	294
0	75	18	164
0	62	25	173
0	25	31	217
0	114	46	191
0	303	87	97
0	303	107	117
0	289	138	125
0	267	177	204
1	250	207	238
0	244	233	263
0	240	257	262
0	245	270	268
0	248	270	265
0	247	275	263
0	252	293	263
0	258	292	259
0	255	286	268
0	254	268	275
0	252	255	283
0	245	251	294
0	240	260	298
0	236	270	300
0	233	286	303
0	230	295	297
0	225	298	307
0	219	294	310
0	219	295	317
0	220	301	310
0	225	306	307
0	230	309	296
0	233	315	297
0	232	328	306
0	82	302	637
463	182	358	307
611	199	187	322
623	202	181	303
508	163	180	292
638	203	190	306
615	197	220	312
628	218	213	298
641	223	197	291
604	238	236	280
581	242	259	285
571	243	268	287
450	234	391	290
518	247	319	282
442	183	231	294
441	203	380	325
431	186	384	345
433	190	382	336
432	186	386	338
433	188	381	337
430	187	396	336
439	184	378	338
446	180	389	339
451	189	405	330
462	184	408	339
488	181	397	337
479	206	406	311
504	175	355	338
509	177	306	325
513	178	304	272
507	178	313	270
522	172	307	276
518	176	314	272
515	175	322	276
526	176	318	264
530	172	333	256
562	167	329	261
587	167	354	266
277	224	408	292
302	222	457	289
323	219	489	293
317	237	374	275
392	229	621	278
649	214	326	299
420	219	510	318
656	200	333	308
648	208	342	301
642	212	370	296
629	203	379	306
622	197	382	314
612	193	399	316
597	190	409	320
585	190	413	311
567	195	422	327
329	154	786	420
288	248	241	297
252	262	245	281
245	261	240	281
246	258	235	289
247	254	238	294
231	253	242	300
222	260	233	292
215	268	229	286
205	271	224	283
204	271	215	289
195	269	219	290
184	265	227	294
166	267	245	294
149	270	256	289
124	273	274	287
99	274	298	283
79	272	317	291
63	270	331	294
43	268	352	297
26	268	375	294
0	269	404	284
3	278	393	286
62	271	653	279
386	272	307	269
359	268	323	274
354	269	326	274
353	267	327	274
356	259	324	276
360	255	323	281
366	256	322	281
378	256	321	282
393	252	318	284
411	252	321	282
430	252	326	279
448	256	329	276
463	259	331	272
474	258	326	271
491	256	309	272
511	253	287	278
528	253	274	282
538	254	269	280
538	251	272	285
531	254	276	282
520	256	289	280
511	262	303	275
505	265	315	269
498	266	328	266
490	267	342	263
491	267	349	269
494	265	354	287
495	260	367	291
500	254	376	293
503	235	388	334
493	265	399	282
487	272	391	279
479	273	390	277
470	272	395	276
448	264	406	287
431	257	415	295
424	255	427	300
409	252	446	297
388	261	475	280
371	273	496	269
354	270	514	275
339	260	527	290
327	262	533	285
329	266	518	283
332	274	493	273
355	273	472	276
132	263	690	302
396	252	449	304
181	286	218	293
218	271	193	304
242	255	186	319
261	266	354	300
394	268	465	291
381	269	473	299
373	261	469	305
372	259	455	301
361	274	453	287
288	259	435	315
293	270	309	299
350	278	358	292
348	273	347	303
352	276	326	302
341	266	307	312
335	259	318	319
324	267	288	311
311	277	283	300
304	281	276	297
299	279	224	310
305	268	187	322
304	259	192	326
293	266	188	323
289	288	194	303
289	301	173	294
268	305	207	290
241	304	244	288
227	302	280	281
215	301	292	282
205	292	309	294
203	276	317	309
199	248	338	335
303	247	432	328
197	233	363	352
208	240	348	347
225	254	370	332
514	311	265	270
249	244	345	340
520	317	269	262
447	290	400	281
570	289	277	273
572	306	298	258
609	320	305	244
364	263	579	341
615	308	292	252
612	309	303	253
711	353	219	207
773	377	128	186
744	381	176	182
729	372	197	190
713	330	231	229
699	264	256	297
695	283	253	279
693	298	222	260
698	295	210	267
719	291	185	264
708	275	194	270
741	245	183	301
763	221	165	317
766	207	160	334
779	211	162	336
787	218	169	324
789	233	181	306
792	260	188	276
788	282	199	255
777	275	200	257
764	268	192	262
760	263	184	263
766	242	167	287
768	218	162	308
769	200	168	321
766	192	154	326
764	192	156	326
763	209	162	313
762	232	176	289
765	246	169	272
765	260	167	258
768	264	175	254
772	257	174	262
771	251	172	263
763	247	163	267
750	238	156	278
735	222	149	295
718	212	159	303
702	213	154	303
688	219	152	299
674	238	149	284
658	253	149	268
643	261	152	256
632	267	153	249
622	271	152	248
612	266	150	254
604	262	145	256
596	259	138	257
588	250	136	267
585	229	142	289
580	207	155	307
577	197	157	311
576	197	140	311
575	212	132	299
575	220	130	291
572	225	133	284
572	230	132	276
575	228	130	278
569	223	131	285
536	226	164	283
355	255	246	273
535	232	160	276
339	251	222	276
339	245	204	279
341	237	195	286
353	220	201	303
362	211	195	314
367	205	194	319
371	206	198	318
369	211	198	311
375	223	207	297
380	221	308	295
328	198	500	346
394	212	593	315
476	223	492	292
745	214	311	276
