701	572	107	132
699	564	101	128
696	561	95	123
694	556	90	118
691	553	85	112
690	550	80	107
687	546	77	103
684	542	74	98
679	536	71	95
675	531	69	92
670	527	67	87
666	525	65	81
662	518	62	77
658	512	61	75
653	509	59	71
648	504	56	69
643	500	55	66
636	494	53	65
628	492	53	62
622	488	51	60
614	486	51	58
605	482	52	57
597	481	56	55
589	478	58	55
579	478	59	53
570	476	60	52
562	475	60	50
553	473	61	49
546	473	61	48
538	469	63	49
531	470	63	47
524	466	62	48
517	465	62	47
512	463	61	46
507	460	61	45
503	459	58	43
500	458	58	40
498	457	53	39
497	459	47	34
496	457	44	34
494	456	43	31
493	455	38	29
493	462	38	21
493	461	39	20
494	459	42	22
495	451	57	29
497	451	57	30
499	457	45	25
502	457	47	28
506	454	49	31
510	454	59	33
514	452	60	35
518	454	63	36
522	454	64	37
528	454	64	37
533	454	66	39
538	455	67	39
544	455	66	40
549	455	69	41
555	456	68	41
561	458	68	41
567	460	67	41
572	462	65	40
579	462	76	41
585	464	54	40
591	465	46	40
597	468	43	40
601	468	59	44
605	470	42	41
609	470	40	39
611	470	44	40
613	472	60	40
616	472	61	41
620	473	60	42
623	474	61	42
625	475	62	42
627	475	63	44
629	474	64	44
630	475	65	45
631	476	67	46
632	477	68	48
634	477	69	49
634	479	70	51
635	481	71	51
635	482	73	53
634	484	74	53
636	485	74	52
637	485	75	53
639	488	76	52
641	489	71	52
643	493	62	51
646	491	54	51
647	495	54	51
649	496	52	51
649	496	75	50
649	496	76	51
649	496	78	51
648	494	79	55
648	495	80	56
648	495	81	56
647	496	81	57
647	495	82	58
646	495	83	59
646	496	84	59
646	497	84	60
646	497	85	60
646	495	85	64
646	495	86	66
644	497	88	68
646	498	88	69
645	502	92	70
646	502	89	71
648	504	89	70
649	504	90	72
651	505	89	70
654	506	89	69
655	508	86	68
659	507	77	68
662	510	65	64
665	512	62	61
667	513	60	59
670	510	58	61
671	509	58	63
672	514	80	58
672	508	81	64
672	509	81	64
672	511	80	64
673	512	79	65
671	512	78	65
668	514	79	66
666	513	79	68
665	516	77	67
660	517	78	66
656	516	80	70
653	520	79	69
649	520	80	70
645	521	82	71
641	522	83	72
637	523	84	72
633	524	85	72
630	523	85	73
627	525	84	72
624	525	85	72
622	525	85	71
619	524	85	70
619	524	84	69
618	522	74	68
618	522	63	65
618	521	60	62
617	521	59	62
616	518	58	61
615	517	60	62
613	517	83	62
612	515	84	64
611	517	84	64
611	517	83	65
610	518	82	65
608	518	81	65
607	519	80	65
607	520	79	65
605	521	78	63
604	521	77	63
603	521	76	62
601	519	75	63
599	519	75	63
597	519	74	62
595	521	74	60
592	520	75	61
587	520	75	60
584	520	75	59
583	518	74	59
579	517	74	59
577	516	73	59
574	515	73	59
572	513	73	58
569	513	72	57
566	510	73	57
562	508	72	57
561	507	72	57
557	507	72	57
555	507	72	57
551	505	72	57
550	505	72	57
547	505	73	56
544	504	74	56
543	505	75	55
541	505	75	53
541	505	76	53
540	503	77	53
541	502	77	52
541	502	78	52
544	499	78	53
546	497	78	54
549	496	77	54
553	495	77	53
556	495	76	53
561	493	75	53
565	495	73	52
570	493	71	51
575	494	68	51
579	492	65	52
582	493	63	51
585	492	61	51
586	493	60	50
589	495	58	49
589	493	58	51
591	494	56	50
591	491	55	50
590	491	54	49
590	490	53	49
589	489	53	48
588	490	52	46
586	491	52	45
584	490	52	44
582	488	52	45
581	485	51	46
579	485	52	46
578	485	53	46
577	483	53	47
576	485	53	47
577	482	54	49
577	485	54	48
579	485	55	48
582	487	54	47
584	487	51	47
586	487	50	47
587	488	48	47
587	488	48	46
586	489	48	47
587	488	48	47
588	489	48	46
589	489	47	46
590	489	46	46
591	488	45	47
592	492	45	43
591	497	45	38
590	499	45	37
588	499	46	38
585	500	48	38
581	502	48	38
579	500	49	40
574	501	49	39
571	502	49	40
567	502	48	41
562	503	48	41
559	504	48	41
555	506	48	40
551	509	49	38
545	513	49	35
542	515	49	35
538	513	49	39
533	514	49	39
529	514	52	39
526	505	52	50
522	504	54	52
520	503	55	53
519	502	56	52
518	503	58	53
517	502	59	54
516	500	61	56
516	500	62	56
516	502	62	54
514	500	63	57
515	501	64	57
515	499	64	58
515	499	65	58
514	498	66	58
515	499	66	59
514	500	66	62
514	500	66	63
514	502	66	63
513	503	67	64
512	503	68	66
511	502	67	66
510	502	68	66
508	500	69	66
506	498	70	66
505	495	71	66
504	494	71	65
503	492	71	66
501	492	72	67
500	491	73	67
500	489	73	68
498	491	74	69
498	491	74	69
497	497	74	70
497	498	74	69
496	501	74	71
496	504	75	71
496	506	74	72
495	505	74	72
493	505	74	71
492	504	75	69
493	503	73	70
490	498	74	72
491	495	74	71
489	491	75	70
486	490	75	69
487	488	75	67
485	484	75	68
483	480	76	70
484	479	76	71
483	478	77	70
482	478	78	68
483	482	77	66
484	484	77	65
483	484	78	66
486	489	79	65
489	491	78	65
491	494	79	65
495	497	78	63
500	498	77	63
505	498	77	62
510	498	76	62
515	500	76	61
520	501	74	61
528	505	73	62
533	507	72	61
538	508	70	61
543	509	69	60
546	511	69	59
551	510	67	59
555	510	67	58
558	509	66	58
561	507	67	58
565	504	66	57
567	503	65	57
571	501	64	56
573	501	62	56
574	499	61	56
576	500	61	54
576	498	60	55
574	499	61	54
575	498	61	54
575	499	61	54
574	499	62	54
572	497	62	54
573	499	63	54
573	498	63	54
574	497	63	54
574	497	64	53
575	497	64	53
576	495	66	53
578	496	66	53
581	494	66	53
584	494	67	52
587	494	68	52
592	493	68	52
597	491	67	52
603	492	68	51
608	491	68	51
615	490	65	52
622	490	64	52
628	490	64	51
634	489	63	51
642	489	60	51
649	490	59	50
655	490	57	48
663	489	55	48
669	489	54	48
674	488	52	50
681	490	50	49
688	490	49	49
693	490	49	49
699	495	49	45
701	497	49	42
704	497	49	42
703	496	52	42
705	494	52	42
703	493	55	42
700	492	57	42
696	489	60	42
691	486	63	44
684	484	64	44
677	482	65	45
668	481	67	46
659	479	67	47
648	479	65	48
640	479	63	47
630	477	59	50
620	479	57	47
614	480	52	46
606	482	49	43
596	491	49	33
589	490	49	35
583	488	51	38
578	486	53	40
575	481	55	47
573	481	56	46
572	480	58	48
571	478	59	47
571	476	59	47
572	474	60	47
573	472	60	46
576	472	59	46
577	472	59	46
580	472	58	45
582	472	58	47
584	474	57	46
586	476	57	46
588	476	56	46
590	477	55	46
591	476	54	46
592	475	54	47
594	475	54	46
594	475	53	45
595	473	52	46
593	473	53	45
594	472	52	44
593	472	52	43
591	471	53	44
590	469	53	44
588	469	53	43
587	468	53	43
586	467	54	45
585	466	54	45
585	467	55	44
585	468	56	43
585	467	56	43
587	470	57	42
588	469	57	44
590	471	57	43
592	472	57	43
594	472	57	43
597	475	57	42
600	476	56	42
603	479	57	40
606	478	57	41
609	479	58	40
615	478	57	41
620	479	58	40
626	477	57	40
634	476	55	40
640	476	53	39
646	474	49	40
652	473	47	39
657	474	45	38
662	474	42	37
665	474	41	34
668	477	40	31
672	474	38	33
673	473	38	33
673	475	39	30
673	478	39	28
670	471	41	33
668	472	42	35
665	471	43	35
662	472	44	34
660	471	44	34
657	471	44	35
653	470	44	35
650	470	44	35
647	468	45	35
645	468	43	35
643	466	43	35
641	465	44	34
639	462	43	34
636	461	43	33
635	459	43	34
633	456	44	34
630	455	45	34
627	455	45	33
625	456	45	33
622	456	45	33
620	457	45	33
618	459	45	33
615	460	46	32
612	462	46	32
609	462	47	32
606	463	47	31
601	463	48	31
596	461	49	31
591	461	49	30
586	460	49	30
579	459	49	30
571	457	49	29
565	457	48	30
556	456	48	29
549	457	46	28
541	458	44	25
534	460	42	24
529	461	39	23
524	463	37	22
519	462	36	23
514	457	35	27
509	462	35	23
505	456	34	27
503	457	34	25
500	456	33	25
499	450	33	30
500	451	33	29
498	450	33	29
501	450	34	28
505	450	33	27
506	448	35	27
511	447	33	27
518	447	33	26
522	445	33	27
527	442	32	28
532	442	33	27
535	439	32	28
540	440	32	28
544	445	33	24
549	448	33	21
554	442	33	28
559	445	33	27
564	448	33	25
568	452	33	22
572	455	34	21
576	452	35	24
577	453	36	25
579	454	37	25
580	452	37	27
582	453	37	26
582	454	38	27
583	456	38	25
583	457	39	24
580	457	40	25
578	456	40	25
574	458	40	25
571	457	39	25
568	458	36	24
564	458	34	24
560	462	33	22
556	463	35	22
554	468	37	20
555	465	40	23
554	469	42	22
555	466	43	24
556	469	43	24
557	470	44	24
557	472	45	24
558	470	45	26
556	469	47	28
557	467	47	31
557	466	48	32
558	465	48	33
557	463	49	34
557	463	50	33
556	461	52	34
555	461	54	33
555	460	55	34
555	459	56	34
558	460	57	34
559	458	58	36
560	459	59	35
562	458	61	36
564	458	62	36
566	459	62	36
569	458	63	38
573	460	61	37
578	461	60	39
582	464	58	39
585	466	58	40
586	467	57	41
589	468	57	41
591	471	57	41
592	469	56	44
595	473	55	43
596	473	54	44
598	476	53	44
598	473	51	46
596	476	51	46
596	475	49	46
590	476	49	45
587	477	53	44
583	476	49	45
575	477	51	44
568	475	53	46
560	474	55	47
553	475	57	47
547	475	57	48
539	475	59	48
531	474	61	48
525	475	64	48
519	475	65	48
514	475	67	48
511	475	67	49
506	473	68	51
504	476	70	50
500	476	70	50
495	476	70	50
493	475	72	50
492	475	72	50
488	475	74	51
487	474	74	51
485	474	75	51
488	474	74	51
484	474	74	52
485	473	74	51
483	473	74	51
485	474	73	49
483	473	73	50
481	472	71	49
477	472	72	49
475	471	75	48
473	470	74	49
471	469	75	48
469	469	75	48
466	468	76	48
465	467	76	48
463	466	76	48
463	467	77	48
462	466	79	47
462	464	81	48
465	466	82	45
468	462	83	49
471	465	83	45
475	463	82	45
481	464	80	46
485	464	80	46
489	465	82	45
494	466	82	45
499	468	83	45
505	470	83	46
513	472	84	46
521	475	84	46
531	476	83	47
540	477	82	48
550	480	81	47
561	483	78	47
571	484	75	49
581	486	71	47
590	486	70	49
599	488	72	47
605	488	72	48
617	488	69	49
628	488	70	49
638	488	67	49
652	488	62	48
662	488	58	49
672	488	55	47
680	487	55	48
685	486	56	48
689	481	56	49
692	477	56	50
696	476	56	49
699	477	57	47
701	473	57	48
702	469	59	48
704	468	59	47
706	465	59	47
707	463	59	46
707	463	59	45
708	463	58	45
710	466	57	44
709	466	59	44
709	468	62	45
708	468	63	44
705	470	65	43
704	471	67	42
698	472	71	39
694	471	75	39
685	471	78	38
675	470	85	36
666	467	90	37
680	464	72	34
665	463	79	31
659	461	80	29
653	454	79	31
646	452	82	31
643	449	77	30
631	444	81	33
620	442	82	34
624	444	76	30
622	445	70	29
612	445	76	30
588	442	92	33
576	444	98	32
588	445	79	31
591	448	71	31
609	449	48	29
572	450	81	31
559	451	89	31
547	452	96	31
560	455	78	29
556	454	73	32
542	453	84	33
537	454	88	34
534	454	82	34
531	453	78	34
525	452	78	35
526	453	78	36
520	454	76	34
518	454	78	35
515	452	79	35
512	450	78	35
511	449	77	35
508	447	77	35
523	448	62	35
509	448	74	34
501	449	83	35
498	451	87	35
496	452	89	35
496	454	87	35
496	456	86	35
497	457	84	36
496	457	84	37
501	458	83	36
498	459	87	36
500	460	85	36
500	460	85	36
501	460	83	37
500	461	85	39
499	462	85	40
498	465	85	41
496	468	83	43
496	473	83	45
494	476	80	47
494	482	78	48
493	486	74	47
492	490	73	48
492	492	70	50
492	496	67	50
493	497	68	53
493	498	66	52
494	500	65	54
495	501	64	53
494	504	64	52
495	504	64	52
495	504	63	52
496	504	62	53
493	502	64	53
493	504	63	50
494	500	60	53
493	508	58	46
492	501	58	53
491	500	56	54
490	498	55	57
490	497	53	58
487	498	53	59
485	500	55	58
483	504	59	55
481	505	64	54
479	502	69	58
479	500	74	62
481	501	79	62
481	502	83	63
484	502	85	64
488	502	88	65
492	503	91	65
496	503	93	66
501	504	94	67
508	506	95	67
514	506	94	69
523	509	93	69
530	510	92	69
537	512	90	69
543	515	88	69
549	514	86	71
553	517	84	71
557	518	83	73
561	520	82	73
565	521	81	75
567	523	79	75
569	527	78	76
569	528	79	76
569	530	79	77
569	533	80	77
568	533	82	80
568	534	84	80
568	534	85	81
570	537	86	81
571	537	87	83
573	540	87	84
575	541	88	85
576	541	88	89
579	542	88	89
580	542	88	90
580	543	85	91
581	545	86	91
579	544	86	92
578	544	89	94
577	545	91	96
575	547	92	96
573	548	95	97
573	549	96	98
574	549	95	102
572	551	95	102
571	551	96	105
568	553	97	105
564	554	99	108
562	555	103	108
559	557	103	108
555	555	106	109
554	556	107	110
553	556	107	111
551	553	110	111
550	553	110	112
551	554	111	112
553	554	112	112
555	553	110	111
561	553	109	110
562	554	108	109
566	552	106	109
571	552	102	108
570	550	102	107
575	550	100	105
575	548	101	104
579	549	99	103
584	547	99	100
589	548	99	100
592	544	99	100
601	544	95	99
608	543	94	97
614	541	91	98
623	540	86	96
632	540	84	94
636	538	84	94
645	538	80	93
653	537	76	92
659	538	74	91
666	535	71	90
670	536	71	87
677	535	68	87
679	534	69	86
680	532	69	85
680	531	69	84
679	529	70	82
675	529	70	80
671	528	75	79
666	527	75	76
659	529	78	72
656	526	76	72
646	530	78	67
639	530	78	63
631	528	78	65
623	526	77	63
615	522	73	65
606	521	72	64
594	519	73	63
587	517	69	63
576	516	65	60
566	515	63	61
555	518	63	55
544	516	61	55
533	512	61	55
525	514	62	52
518	513	63	50
510	508	66	54
505	502	69	57
501	500	70	58
497	499	70	58
491	497	72	57
490	497	73	56
487	496	73	56
487	496	74	54
485	496	75	54
485	495	75	54
486	497	76	54
485	496	77	54
487	496	79	53
487	494	78	54
490	494	79	54
492	493	80	53
494	494	81	52
496	493	82	52
500	493	82	52
505	493	83	53
511	494	83	52
516	493	84	52
522	494	84	53
530	494	83	53
537	495	83	55
546	495	79	55
555	497	76	54
563	495	74	57
568	497	71	55
574	498	67	56
580	500	65	54
582	500	64	56
586	501	62	56
587	503	59	56
586	502	57	56
585	503	56	56
582	503	56	55
576	503	56	55
568	504	61	53
564	501	60	56
556	499	61	56
550	498	65	57
544	497	65	57
538	494	65	59
530	492	68	60
525	493	68	60
517	492	67	59
508	491	68	59
499	492	70	60
489	492	70	58
476	492	75	58
466	494	79	57
458	493	81	59
449	491	84	59
442	492	89	61
437	491	88	60
430	491	91	59
427	490	92	61
423	491	94	60
421	492	95	60
420	491	97	60
419	490	98	61
420	493	99	60
421	491	101	61
422	492	102	61
427	490	101	61
434	494	101	60
436	493	104	61
445	491	102	62
452	493	103	61
459	492	104	62
468	492	103	63
479	493	101	63
488	493	102	64
500	493	101	64
510	492	103	66
523	494	100	64
538	494	98	67
552	496	95	65
567	497	93	63
583	497	90	63
600	500	84	61
616	500	80	62
631	500	77	61
645	501	75	59
659	500	69	59
675	500	63	59
687	499	66	58
697	498	66	58
709	499	65	53
716	498	67	53
721	494	67	54
727	488	68	58
730	488	70	56
732	487	72	54
738	483	74	54
739	483	77	52
737	483	80	50
744	481	79	46
733	478	93	47
724	479	102	44
720	475	106	44
712	478	111	41
710	479	115	38
704	474	116	41
694	478	123	37
693	474	121	39
687	470	120	43
687	474	119	39
683	472	115	41
679	471	113	43
677	471	107	45
675	475	97	42
673	475	90	41
666	474	87	41
661	472	86	43
655	471	84	44
648	471	86	45
638	470	87	44
628	471	89	45
617	470	89	46
608	470	86	46
600	474	81	43
592	472	75	44
583	471	72	45
576	473	70	43
567	472	66	43
557	476	68	40
550	478	66	39
543	474	62	43
537	473	58	45
532	475	53	42
532	484	47	33
528	490	45	26
526	492	44	25
524	488	43	27
522	491	44	25
521	491	44	25
522	491	43	25
520	494	44	23
515	489	45	27
512	494	44	23
508	489	44	28
505	491	44	26
502	493	44	25
502	487	43	30
503	491	43	26
503	488	44	29
504	494	43	25
505	488	44	30
509	492	45	28
512	492	45	27
514	484	45	35
516	488	46	32
520	492	45	28
520	485	47	33
524	485	45	33
524	488	45	29
523	483	47	33
523	488	47	28
522	483	49	33
522	486	49	29
527	487	46	29
525	481	49	33
526	487	48	28
529	483	48	30
527	485	49	28
526	483	50	30
519	479	54	33
521	479	52	32
517	475	54	36
513	476	54	37
512	476	54	37
509	477	55	37
505	478	56	38
503	479	55	37
499	481	54	37
497	484	52	34
496	488	49	32
494	484	48	33
493	490	48	29
494	489	47	31
491	489	48	30
491	487	48	31
490	484	49	34
490	489	50	29
486	481	49	33
492	489	47	28
490	489	49	28
488	486	50	29
492	491	47	28
489	485	49	33
487	489	49	29
492	487	47	32
489	493	50	27
491	488	49	32
495	492	48	30
491	486	47	34
495	492	46	30
494	485	46	36
490	478	49	42
489	475	49	46
487	470	48	50
484	470	46	50
480	470	46	49
477	469	44	49
471	471	46	46
467	477	45	41
464	477	47	39
461	477	51	39
459	478	53	37
456	478	57	36
456	473	59	42
457	472	62	41
458	472	62	42
463	471	63	42
467	472	64	42
469	472	66	43
475	473	67	43
481	473	68	43
487	472	69	44
494	473	71	44
502	474	71	44
512	475	69	45
522	475	66	46
531	476	64	46
538	476	61	46
545	475	60	48
552	476	59	47
556	475	59	47
562	476	59	46
568	477	59	46
574	477	59	46
582	476	60	47
591	478	57	47
598	481	57	46
605	480	55	47
618	481	54	45
626	484	51	43
637	483	49	42
644	487	51	39
652	485	48	40
660	487	49	39
664	485	52	40
670	487	53	40
673	487	55	40
678	486	58	40
679	487	61	40
683	485	62	40
684	485	64	42
687	484	65	42
687	484	65	43
690	485	67	43
689	483	68	43
691	484	70	43
693	483	69	44
692	483	69	44
692	482	69	44
691	482	70	45
691	479	69	45
690	479	69	45
689	478	69	44
689	477	70	45
687	474	70	44
685	475	72	45
687	474	71	44
686	473	73	44
682	470	72	46
681	470	75	45
680	470	75	46
675	469	75	46
669	470	78	47
668	470	76	47
662	470	75	48
656	470	76	49
652	471	74	49
644	469	72	50
638	469	74	50
634	467	70	51
625	465	68	53
614	451	71	67
615	454	64	63
618	472	47	46
605	474	54	43
603	471	50	46
597	470	47	44
590	467	51	47
590	480	49	34
584	480	48	35
581	480	50	36
578	480	45	39
577	481	49	38
574	480	48	38
571	479	51	38
570	479	50	37
568	478	53	36
567	476	55	36
567	473	55	34
567	470	56	35
568	466	59	34
564	462	62	34
562	457	70	36
562	455	80	33
562	451	85	30
567	449	92	31
568	446	99	32
573	445	100	32
583	440	99	35
585	435	105	41
592	436	103	42
597	442	104	39
603	449	103	36
610	452	106	39
612	449	107	45
618	457	108	39
623	463	105	33
627	456	106	39
630	462	103	32
633	453	104	39
635	459	102	32
636	453	102	35
636	456	100	31
635	447	100	38
635	451	98	33
634	443	97	41
634	448	98	37
633	454	95	32
630	450	95	37
630	455	93	34
632	459	91	32
635	459	87	32
638	461	82	31
643	458	77	34
646	457	75	35
648	457	74	35
650	457	74	36
651	457	74	37
652	457	75	38
653	457	77	38
655	460	78	36
655	462	78	35
655	447	80	51
657	460	81	41
659	462	82	39
660	465	82	36
663	464	82	36
664	464	83	37
665	465	84	37
667	465	86	37
669	468	87	38
670	473	88	38
672	476	90	40
675	482	91	40
678	485	91	41
682	487	91	42
687	489	90	44
690	490	90	46
695	490	89	48
699	492	88	48
705	490	86	50
708	489	85	50
713	489	83	51
717	489	81	52
718	491	79	52
722	492	78	53
723	493	77	54
727	495	76	54
728	495	75	56
732	497	75	57
737	498	75	58
740	497	71	61
746	499	66	61
752	498	60	62
753	499	56	63
753	499	55	61
754	503	56	59
751	506	56	55
747	509	58	52
745	508	59	52
736	511	61	51
728	510	65	53
720	512	67	53
713	512	65	54
702	514	66	54
693	517	69	54
684	515	65	57
672	518	70	56
664	516	65	60
652	518	68	60
643	517	65	60
629	518	68	61
620	519	66	61
608	518	64	62
596	522	66	61
582	523	64	60
571	523	67	62
561	517	67	67
549	517	72	67
543	514	77	70
539	513	77	71
535	517	79	71
531	515	81	73
532	519	81	72
532	519	82	75
534	522	82	75
536	520	82	78
541	523	81	77
545	523	82	79
551	525	83	79
558	525	82	79
565	525	82	79
572	524	80	78
583	522	75	81
594	522	72	83
601	520	69	84
609	521	68	84
615	522	67	83
613	530	72	76
609	531	78	75
606	529	80	79
601	530	81	77
591	534	86	74
584	533	89	76
582	530	81	77
571	529	80	76
564	530	81	74
557	532	78	75
552	531	72	74
542	528	71	75
530	528	75	74
525	528	70	73
513	538	74	62
505	538	73	63
494	536	77	64
490	534	73	65
482	534	76	65
475	530	77	68
466	527	85	72
463	522	85	76
456	523	89	74
456	517	91	79
450	518	91	76
449	516	95	78
444	512	100	77
446	511	101	76
443	509	104	76
448	504	107	81
450	509	108	75
455	510	109	73
460	511	112	71
467	509	110	72
475	509	110	72
484	509	107	71
491	510	106	70
499	507	104	72
506	509	105	70
513	507	104	70
520	505	101	69
531	505	98	71
535	501	95	71
541	502	93	71
547	502	92	69
550	503	92	70
554	502	89	69
557	504	88	69
560	503	87	68
559	504	88	67
561	502	89	68
561	503	90	67
561	504	90	65
562	501	91	66
562	502	92	69
563	500	93	68
565	499	95	70
569	498	95	67
569	500	97	65
573	501	96	64
578	501	95	64
584	499	96	64
587	498	96	64
593	497	94	64
602	496	91	65
607	495	90	64
614	494	88	63
624	494	83	63
627	493	82	63
637	491	79	64
641	490	74	65
649	489	70	63
650	486	67	64
656	486	63	64
655	486	60	63
654	491	61	57
656	487	56	60
650	492	58	56
650	494	56	53
642	496	56	54
635	500	59	50
633	495	54	55
626	492	56	57
620	494	56	56
611	499	58	49
609	494	56	54
600	492	56	56
593	496	60	53
589	495	57	55
583	497	57	55
574	498	63	55
572	500	58	54
568	499	59	54
563	498	60	54
561	498	61	53
556	497	62	52
553	497	64	51
554	496	64	50
552	494	65	51
553	494	65	51
554	493	66	51
558	496	64	51
562	494	62	52
566	497	61	51
570	498	59	52
574	498	56	52
578	498	54	53
582	497	51	53
585	497	50	52
586	497	48	50
587	495	48	49
588	492	48	49
588	490	49	48
586	505	48	30
591	485	45	46
589	484	48	44
591	498	46	28
592	495	46	27
591	492	45	28
592	495	46	26
586	495	50	28
584	494	52	29
584	500	45	27
586	497	45	28
579	503	46	26
576	499	47	27
562	490	57	39
556	495	58	33
558	489	55	36
553	486	55	37
554	487	53	34
557	486	47	30
551	476	54	37
558	481	46	27
549	470	56	35
550	467	56	35
549	465	57	34
547	462	59	34
547	461	61	35
547	459	62	35
547	458	61	36
547	457	62	35
546	456	62	34
547	454	65	34
545	452	66	35
544	448	67	36
543	443	67	36
541	440	66	36
540	434	66	36
537	431	67	36
536	427	68	37
534	424	67	37
531	421	67	37
527	419	69	37
526	417	67	36
519	416	68	36
519	415	69	37
515	416	67	36
510	415	66	36
511	413	65	37
508	415	65	37
506	415	65	37
508	417	63	38
507	417	63	38
506	419	65	38
507	422	67	38
505	425	66	38
505	428	65	37
506	432	65	38
502	434	64	38
502	437	65	37
503	442	62	37
504	443	61	38
504	444	58	37
505	446	57	38
506	447	56	38
507	447	55	39
508	445	55	41
509	444	55	43
509	444	55	43
511	447	52	43
511	448	51	43
513	451	49	42
514	454	48	42
517	459	44	38
519	461	42	35
521	462	43	34
523	463	45	34
527	462	46	35
534	458	45	38
540	460	46	37
548	460	45	39
556	463	46	37
564	463	48	39
572	459	49	46
580	461	49	45
590	460	47	48
596	466	47	43
601	473	47	37
606	468	48	42
610	469	48	42
614	465	48	46
617	460	49	51
621	460	49	51
624	466	50	45
626	463	50	48
631	462	51	48
632	464	52	47
635	468	53	42
635	461	56	49
636	462	57	47
637	469	59	39
639	471	61	34
641	470	63	34
642	467	66	35
642	468	66	34
641	458	70	41
638	461	75	36
638	456	79	39
633	459	87	35
634	456	93	36
634	456	96	33
637	449	99	37
638	453	99	33
640	451	100	33
640	449	103	34
641	448	104	33
642	444	108	35
643	445	108	35
644	445	107	36
648	449	105	33
652	454	100	33
659	457	92	33
667	459	84	36
673	463	79	36
677	463	77	37
680	466	76	37
685	468	75	38
688	470	74	38
691	470	73	38
696	471	72	38
697	473	72	38
700	476	70	37
702	476	70	39
705	482	70	36
708	480	70	39
710	485	70	38
714	484	69	41
717	488	69	39
722	488	67	41
725	490	66	40
728	491	65	40
731	493	64	40
734	493	63	41
736	495	62	40
738	496	62	40
743	497	60	43
746	498	60	45
750	497	58	47
756	499	53	45
761	499	49	45
765	499	49	44
767	500	47	44
768	505	48	41
767	507	48	40
765	508	49	40
761	509	49	41
757	511	50	41
757	509	49	43
752	511	49	42
753	512	48	42
750	513	50	43
751	511	48	44
750	509	49	46
751	509	49	49
752	513	49	46
753	514	51	46
756	511	53	49
754	515	60	45
756	511	62	48
750	510	69	50
749	508	72	50
743	508	76	52
739	508	79	52
733	507	81	53
730	508	82	54
725	510	82	55
719	511	82	55
714	513	81	56
710	512	79	58
706	515	77	58
703	517	76	59
700	519	75	59
698	520	75	60
697	520	75	60
695	520	74	61
693	519	75	61
690	521	78	63
689	518	77	64
684	518	78	65
685	517	77	66
680	518	78	67
674	514	80	68
676	516	77	68
670	513	77	69
666	514	79	71
664	511	74	75
656	509	77	78
647	501	83	87
644	486	79	103
641	488	72	102
638	502	68	87
630	505	68	84
628	504	67	84
623	503	66	86
616	503	67	85
615	496	66	91
611	500	67	85
608	496	72	88
607	500	72	83
605	502	78	80
607	502	79	77
606	501	80	77
606	501	80	75
606	496	80	78
606	496	81	77
608	493	79	76
609	488	80	77
611	483	81	78
610	483	82	76
610	477	84	77
609	479	86	70
606	485	92	61
604	488	99	55
599	467	111	71
597	470	122	64
596	481	132	48
597	481	140	46
598	470	143	53
604	473	141	50
606	468	142	53
609	477	142	43
612	473	141	44
616	476	136	42
622	478	133	41
628	477	127	42
636	476	119	44
644	475	112	48
653	478	102	49
660	479	96	49
663	480	92	51
666	481	90	50
666	482	92	52
666	477	93	58
667	484	95	52
668	487	95	51
672	486	95	52
677	488	93	51
681	488	91	52
685	486	89	53
690	488	86	51
693	488	84	52
695	489	83	52
698	492	82	52
701	491	82	52
703	495	83	52
707	498	83	51
709	499	85	52
712	501	85	53
718	502	86	55
721	505	90	54
723	504	88	55
731	507	85	55
733	507	86	57
738	508	82	58
742	508	79	59
746	509	76	59
747	509	73	60
748	509	71	60
745	513	69	58
742	512	68	58
737	511	67	58
733	519	65	51
725	520	65	51
718	521	64	51
711	517	62	56
704	515	61	57
695	515	60	56
685	516	60	56
676	515	59	54
666	515	58	55
659	514	56	54
647	517	59	52
646	514	53	52
635	515	58	52
635	515	54	52
629	518	54	50
627	518	53	49
624	520	52	48
622	517	52	50
618	521	53	45
618	519	51	45
614	514	53	46
612	515	53	44
608	511	53	44
603	508	55	46
601	508	55	45
598	506	55	45
594	505	55	45
591	508	56	45
588	508	54	44
586	508	53	45
584	509	52	44
583	508	51	45
579	507	51	45
578	504	50	45
578	503	49	46
574	503	49	44
573	502	48	41
571	505	49	36
572	497	48	38
572	489	48	41
572	490	47	38
574	482	48	42
574	489	49	34
573	475	49	45
574	472	51	47
575	474	51	48
573	476	51	45
571	476	53	48
569	474	54	51
570	479	55	51
569	477	57	53
572	478	58	53
571	479	58	54
573	480	57	54
575	481	57	54
577	482	58	53
578	482	57	53
578	483	58	54
580	485	59	55
579	483	58	55
583	483	57	56
582	482	58	54
589	481	56	54
587	480	57	54
591	477	55	56
592	477	53	54
592	476	52	54
594	478	51	55
594	478	52	54
593	483	53	50
593	482	53	50
594	485	53	49
596	486	52	49
597	489	52	46
598	492	52	46
601	493	52	44
599	494	51	45
601	497	51	44
597	493	54	47
597	495	54	47
592	492	59	50
591	495	58	49
588	498	59	49
583	497	60	50
579	501	60	49
576	499	59	51
573	501	58	49
569	498	58	51
567	500	56	49
561	498	58	50
561	499	56	49
556	499	57	50
552	500	58	47
554	500	53	48
550	498	52	48
549	499	52	47
547	498	52	48
545	498	52	49
543	496	52	52
542	495	52	53
538	495	53	55
538	496	53	55
535	497	54	54
533	496	55	54
531	496	55	52
532	495	57	52
529	494	58	51
530	490	61	53
529	487	63	56
532	488	65	54
531	487	66	56
534	490	68	56
538	492	67	55
538	495	68	55
542	495	66	55
546	498	66	54
547	497	64	56
550	497	62	55
551	498	61	54
549	496	61	55
551	497	62	54
545	498	61	54
546	495	63	56
539	498	64	54
538	496	65	55
533	497	66	54
533	495	66	54
525	494	68	53
525	492	68	54
518	492	68	53
513	492	72	51
510	492	71	52
506	492	74	51
503	490	76	51
501	489	77	51
501	488	79	51
499	486	79	52
498	485	80	52
498	484	82	52
499	485	83	51
500	484	83	50
504	484	85	52
506	483	84	52
510	486	85	51
513	484	85	51
518	485	82	51
523	484	83	50
526	484	86	50
532	482	83	50
539	481	83	51
544	482	82	50
551	482	83	48
556	482	83	48
565	481	79	49
571	480	81	49
578	480	77	48
586	479	77	48
592	479	76	47
600	477	76	47
607	476	75	47
617	476	77	47
626	477	74	47
638	480	70	47
647	480	68	47
659	480	65	47
671	480	61	46
683	480	58	45
691	478	56	46
702	478	52	45
711	477	52	44
720	477	50	44
730	476	52	42
733	475	55	43
737	470	56	43
741	469	57	42
741	464	58	43
744	463	59	44
746	462	60	42
745	462	63	41
745	464	66	40
744	463	70	38
736	466	78	37
732	466	82	37
721	469	92	34
726	466	84	34
710	464	97	34
724	462	79	32
704	460	95	34
692	455	99	33
687	454	99	33
687	452	94	32
678	451	96	33
673	448	96	33
668	448	94	34
662	444	91	36
657	444	86	37
651	442	83	40
644	444	79	39
636	446	77	40
617	441	86	44
614	443	79	46
607	441	77	46
602	444	72	45
600	450	66	40
594	450	62	41
586	449	61	41
580	453	58	38
573	448	57	42
563	449	59	41
555	450	59	39
548	447	56	42
539	447	51	41
530	444	52	42
529	447	44	40
524	447	41	40
519	447	39	40
517	448	38	41
517	452	38	38
519	460	43	33
520	465	47	30
526	464	46	32
532	458	45	35
538	458	43	35
540	453	45	38
547	454	41	35
551	450	44	32
554	450	43	29
561	448	43	27
564	445	46	26
569	439	49	28
571	437	53	26
576	432	53	28
581	429	53	28
586	430	55	28
591	429	56	28
595	429	59	30
599	434	64	32
605	432	66	45
607	445	73	42
611	456	78	40
612	464	83	39
618	477	87	35
619	476	89	37
627	483	92	32
629	472	95	39
634	462	95	42
639	460	99	37
643	450	95	41
643	446	94	40
643	441	94	42
644	446	93	33
644	445	90	34
645	447	87	33
647	454	83	30
652	456	78	31
655	458	75	31
660	459	71	33
663	461	68	32
665	460	67	34
668	460	65	34
668	460	65	35
668	461	64	35
668	461	64	36
667	463	64	36
666	464	66	37
667	466	65	38
665	466	65	38
664	467	65	38
664	468	64	39
665	468	63	39
665	469	62	40
666	470	61	41
666	470	60	42
665	473	60	42
666	474	60	43
666	474	60	44
665	476	59	44
668	478	57	44
666	479	56	45
667	485	56	40
668	490	53	38
667	493	51	36
667	494	50	39
662	497	50	37
660	499	50	36
653	500	51	36
648	502	53	36
645	499	51	38
639	499	51	39
636	498	53	40
632	499	51	40
628	499	51	40
626	500	51	40
622	499	51	41
619	500	51	39
616	500	50	38
613	499	49	39
609	496	50	38
603	491	51	41
595	489	53	40
589	486	54	42
582	484	52	42
573	482	56	42
570	480	53	42
561	480	53	41
559	480	51	41
553	481	50	39
551	482	50	38
550	482	49	38
550	482	51	38
552	482	51	38
553	481	52	38
558	478	52	42
559	481	57	39
566	469	53	49
573	469	53	48
575	477	55	38
582	472	53	41
586	475	53	38
591	473	52	39
593	473	53	41
596	469	52	46
598	469	52	47
601	467	51	49
601	465	51	50
603	464	51	51
602	463	51	53
603	463	51	54
602	461	51	56
601	461	52	58
600	458	53	61
601	460	52	59
602	456	53	62
601	457	54	61
600	451	54	62
600	449	55	64
601	449	54	62
599	448	55	61
598	449	58	62
599	448	59	62
597	452	62	61
598	450	63	62
599	452	63	61
600	451	64	60
601	452	66	60
602	453	68	59
603	453	69	58
606	455	71	58
607	456	72	56
609	459	74	56
610	461	76	55
612	464	78	54
614	465	80	54
617	468	80	53
620	467	80	54
623	469	79	54
626	471	79	54
628	474	79	54
632	476	78	54
634	478	78	53
638	478	78	53
641	478	76	53
646	478	74	52
650	476	74	53
655	473	73	53
660	468	72	55
664	467	71	54
668	464	70	54
673	459	70	55
676	459	69	54
682	455	71	54
686	454	70	54
694	450	70	54
698	450	72	53
703	448	72	53
708	448	73	53
715	447	74	53
723	446	73	53
728	448	71	53
735	448	69	53
741	449	68	53
747	448	67	53
751	448	66	52
754	448	65	52
758	448	65	51
760	447	64	51
761	447	65	51
762	445	64	50
761	446	65	51
761	441	64	55
761	435	64	61
760	429	64	67
761	446	63	53
759	448	65	53
761	452	64	52
758	453	65	52
760	455	65	51
759	456	66	53
760	459	66	52
761	459	65	53
762	465	64	50
762	470	64	49
761	480	64	40
764	480	63	41
766	483	63	39
767	487	62	38
770	489	61	39
771	492	59	38
773	494	58	40
774	495	57	41
776	496	55	45
776	497	53	48
777	500	50	46
777	502	49	47
776	506	48	44
773	507	48	43
770	508	48	40
765	507	47	40
758	506	49	39
750	504	51	40
740	502	54	39
728	503	59	40
715	499	62	42
705	499	60	43
690	499	61	43
678	502	62	42
665	503	60	42
654	506	59	42
642	508	61	43
633	509	57	43
622	511	58	41
614	510	55	42
605	511	54	41
596	511	53	41
587	513	53	40
580	512	53	41
573	512	55	41
568	513	53	42
563	511	56	44
563	504	54	52
560	505	55	54
560	508	56	55
562	506	57	56
564	507	58	58
568	507	58	59
573	507	59	59
577	505	59	59
586	504	58	59
593	503	58	59
601	507	59	55
609	514	57	47
619	513	55	47
624	512	58	48
626	511	60	49
629	511	60	49
631	509	63	51
632	509	64	50
632	509	67	51
630	506	69	52
627	508	71	53
624	506	72	55
619	506	73	56
617	504	73	57
612	505	72	56
611	501	70	56
605	503	70	56
602	502	71	57
599	503	69	56
595	501	70	58
592	500	68	60
588	496	67	60
582	495	69	63
580	491	68	64
572	492	66	63
569	492	67	65
564	491	64	67
556	481	64	79
547	488	67	74
542	490	67	76
536	491	67	75
533	492	71	75
529	490	75	76
529	489	76	77
528	488	79	77
531	486	79	78
533	486	81	77
534	483	81	77
538	483	81	78
537	481	83	77
540	482	85	78
541	481	87	77
542	484	91	77
547	486	93	78
550	487	96	78
551	487	95	78
558	489	94	76
559	488	95	77
561	486	92	76
561	483	93	75
558	483	98	73
552	479	107	71
544	475	119	70
537	471	130	67
534	466	139	67
531	463	143	65
529	463	146	62
527	463	148	63
528	465	148	63
528	464	146	65
528	468	145	66
529	469	143	70
531	471	137	72
538	473	131	73
545	476	125	76
553	478	119	75
561	481	116	76
567	479	113	81
571	472	112	89
578	477	110	88
585	482	108	85
592	492	106	80
598	494	104	81
604	500	103	78
614	503	102	77
620	504	101	76
629	504	111	78
637	505	101	77
645	503	94	78
655	501	85	78
663	500	79	79
667	500	71	77
670	504	66	73
670	506	62	70
666	510	63	67
659	509	61	66
652	509	62	66
645	508	63	68
639	509	66	66
637	508	65	66
631	506	69	66
632	504	67	66
628	503	66	65
631	502	66	65
631	499	66	64
633	495	63	65
637	494	61	63
638	492	60	62
638	490	61	62
639	491	61	61
641	490	62	62
639	496	63	57
641	500	62	53
639	503	65	50
639	505	65	51
642	505	65	50
637	504	68	53
634	503	71	54
629	504	72	52
626	504	73	51
619	502	75	51
609	499	80	52
608	497	78	52
600	495	75	52
593	491	78	52
593	487	71	51
587	481	68	52
587	479	67	50
585	474	68	51
581	471	69	49
579	468	70	48
576	467	71	47
569	465	74	46
563	465	75	46
559	462	73	47
554	462	72	47
550	462	71	47
547	461	68	47
545	463	66	47
544	461	63	48
543	462	61	47
544	461	60	47
542	462	59	46
546	460	59	45
545	459	59	45
546	455	60	44
546	451	61	45
544	448	62	44
544	446	62	43
541	447	62	43
540	448	64	42
538	451	63	42
536	454	63	43
535	457	64	45
533	458	62	44
531	462	60	44
529	462	59	45
526	464	57	43
524	465	56	43
523	464	54	44
522	464	53	42
523	462	52	43
524	463	51	43
526	461	51	45
528	460	52	47
529	459	52	46
531	461	51	45
532	461	51	45
533	460	51	45
534	460	51	45
535	461	51	43
535	461	51	43
536	463	51	42
537	463	51	42
538	463	50	42
538	464	50	42
541	467	50	41
543	468	50	41
545	470	51	42
547	472	52	41
547	474	54	42
546	476	55	41
544	475	58	41
540	475	59	42
534	474	60	42
531	472	58	42
527	470	54	43
525	470	49	43
525	469	46	43
525	472	44	39
526	473	44	39
525	474	45	39
526	474	44	39
528	478	43	34
529	478	44	34
530	472	44	37
533	472	45	37
536	465	45	43
538	465	45	44
542	470	45	39
546	476	46	36
548	479	46	35
551	482	46	35
549	482	50	39
551	483	49	39
548	485	52	41
547	485	52	42
543	487	56	44
542	492	55	40
539	495	55	39
532	491	59	45
529	494	56	44
524	494	56	45
521	493	52	44
514	491	53	47
509	493	50	43
508	494	50	43
502	483	50	52
499	483	51	52
493	480	53	52
489	479	58	54
487	477	61	56
486	478	64	56
486	481	66	58
488	483	68	60
493	489	69	60
494	489	71	64
504	493	70	64
508	494	73	68
518	497	66	69
524	501	67	68
530	507	65	69
539	508	64	71
545	513	65	70
553	514	65	73
559	517	64	72
562	517	65	73
571	519	65	74
575	524	66	69
580	533	66	63
583	536	67	59
588	536	66	60
589	537	71	58
594	540	69	58
597	538	72	59
602	540	70	59
604	539	71	63
603	533	74	71
604	533	74	73
603	534	74	74
603	533	77	76
602	533	75	79
602	532	76	81
606	533	75	81
604	533	74	82
602	529	78	88
602	516	80	102
607	531	77	86
602	527	73	87
604	523	72	88
597	517	75	90
595	511	74	94
586	509	69	89
583	505	84	89
581	504	81	86
576	503	87	85
577	502	89	83
580	502	93	81
582	501	93	80
590	501	91	78
591	499	95	77
591	500	97	74
595	501	101	69
599	502	110	66
603	499	114	65
614	497	117	65
616	493	121	63
627	492	119	61
632	485	126	59
636	478	125	62
643	476	125	58
647	472	126	56
651	469	124	56
655	468	121	54
658	467	121	53
661	466	120	53
664	467	117	53
667	466	115	53
669	467	112	52
672	464	111	53
672	465	109	53
675	464	109	53
675	463	107	53
677	461	106	53
679	460	104	52
682	459	100	52
688	458	95	53
696	457	89	54
704	456	83	55
710	456	77	55
716	455	74	54
721	454	72	54
723	453	72	54
726	452	72	53
726	452	73	52
727	450	74	52
727	449	75	52
727	448	77	52
727	449	78	52
724	450	79	54
725	449	80	52
723	453	82	52
724	453	84	52
720	454	85	51
719	456	86	53
719	456	87	53
718	457	87	53
718	458	87	55
718	459	86	55
716	459	86	57
715	460	85	56
713	461	85	56
710	462	85	56
707	462	86	55
703	462	87	56
697	464	89	56
694	464	92	58
690	466	93	57
685	467	93	58
681	468	95	58
676	466	98	58
671	467	102	59
666	468	104	59
659	469	109	60
653	471	112	61
646	474	116	62
642	475	118	63
637	477	120	64
634	477	121	66
629	479	123	66
627	480	122	68
623	481	124	69
619	483	125	69
618	486	126	69
617	486	126	72
615	487	126	75
611	489	127	76
608	490	128	78
604	491	128	78
601	493	131	83
598	493	131	86
594	493	133	92
593	490	132	100
589	513	134	83
586	520	134	81
586	525	137	80
585	528	135	80
585	530	137	81
586	531	137	83
589	533	136	84
594	532	134	88
600	530	128	94
606	533	121	95
611	533	115	98
616	533	109	97
621	539	100	93
622	540	92	91
621	542	89	88
616	541	92	87
615	541	92	87
617	540	89	87
618	538	86	87
623	538	81	87
625	537	79	85
625	538	76	83
629	535	71	82
628	534	71	81
629	530	70	82
627	528	73	80
624	526	76	79
617	523	79	78
609	523	84	76
597	529	87	67
587	528	89	66
575	524	88	68
561	522	90	68
547	521	86	67
535	519	83	67
523	516	78	66
512	517	73	65
503	516	69	63
494	513	65	64
485	508	63	66
478	504	62	67
472	504	61	66
467	500	61	67
464	500	60	66
459	497	59	65
455	496	58	64
453	496	57	62
448	500	59	58
444	508	59	51
439	509	59	48
434	508	58	49
430	508	58	49
423	507	57	49
417	505	56	49
411	502	55	49
406	499	54	49
401	498	53	48
397	495	54	49
394	493	55	50
393	490	55	52
393	489	58	54
392	488	60	54
393	485	61	55
395	486	62	54
399	485	64	55
402	485	65	55
408	483	66	54
416	483	65	55
422	481	65	54
431	480	64	53
438	479	64	54
447	479	64	53
456	479	62	53
465	479	61	54
473	480	60	55
480	480	58	56
487	481	57	57
491	483	57	57
496	485	58	57
498	486	57	57
502	487	57	57
503	490	56	57
506	488	56	58
508	490	56	58
508	489	56	59
511	488	56	59
512	489	55	60
514	488	54	59
516	489	53	60
517	492	53	60
516	496	53	59
516	506	54	52
516	504	54	56
515	503	54	57
515	501	55	60
515	513	58	49
515	514	56	50
519	512	56	53
521	513	56	55
520	511	56	57
523	512	57	59
522	514	60	58
520	517	58	55
521	517	58	57
520	516	58	58
517	520	59	55
515	520	60	54
513	514	61	60
511	507	64	67
509	504	68	69
509	504	73	69
512	504	72	71
516	504	74	72
519	503	74	72
523	503	75	74
529	503	74	74
533	504	73	74
537	504	74	75
542	505	74	75
547	506	72	74
552	508	70	74
555	509	69	75
557	512	68	74
556	514	69	73
558	515	69	76
556	515	70	78
556	517	71	79
554	519	72	79
554	523	72	79
551	522	73	81
550	525	75	81
548	525	78	82
544	525	81	83
548	525	82	84
545	525	84	85
546	526	86	85
547	527	86	85
547	529	87	86
546	528	90	87
549	529	91	87
551	529	93	88
555	529	95	87
557	528	96	88
562	529	96	88
569	528	96	89
574	529	96	90
582	530	95	91
590	530	92	93
596	531	89	93
600	532	85	93
603	533	82	93
604	535	81	92
604	536	80	93
602	537	80	92
599	537	79	90
593	536	80	90
586	536	81	88
579	534	83	88
572	532	84	89
564	531	84	88
559	528	86	88
552	528	87	87
547	526	89	85
542	525	87	83
535	525	92	82
532	522	91	83
525	519	94	81
523	515	94	84
519	515	96	81
517	514	96	81
516	515	97	79
517	513	96	79
516	515	96	78
518	516	95	77
516	518	94	77
519	517	93	77
519	518	93	75
522	515	92	76
523	515	92	74
526	513	90	73
527	513	90	71
529	512	90	70
533	511	88	71
535	508	88	70
538	507	87	69
541	508	86	67
544	508	84	66
546	508	82	66
548	507	79	65
549	506	79	65
551	505	78	64
551	505	77	63
551	504	76	62
554	504	75	61
554	504	74	61
556	503	74	61
556	503	72	60
559	502	71	59
560	503	70	58
562	503	69	58
562	503	68	57
561	501	68	57
562	501	68	57
565	500	66	57
563	501	66	56
565	501	64	56
565	499	63	56
564	499	62	55
562	499	61	54
560	500	61	53
555	498	60	54
552	497	60	54
547	498	62	53
543	496	63	54
539	496	65	53
537	497	66	53
535	497	67	54
534	498	68	54
533	496	68	56
533	497	70	55
532	497	70	55
536	497	71	55
534	497	72	54
539	497	71	56
541	495	70	56
543	496	70	55
543	494	70	56
545	494	70	56
546	492	69	56
545	493	71	55
545	492	70	56
542	493	71	55
544	490	71	56
541	491	70	55
542	489	68	56
537	489	70	56
533	489	73	57
532	487	73	56
528	488	75	57
527	489	79	56
526	490	83	57
520	488	93	59
532	491	83	58
536	492	81	58
540	489	81	65
544	492	77	61
549	496	74	60
550	496	74	57
550	499	75	59
551	496	76	61
535	496	94	61
556	497	75	59
558	494	74	61
562	493	75	61
564	493	73	61
566	492	69	62
566	492	67	60
565	491	68	61
561	490	70	60
560	490	72	61
560	487	72	61
562	488	73	61
562	485	74	61
565	488	73	60
567	487	73	60
574	487	71	60
573	488	73	59
577	489	71	60
578	488	69	60
582	489	68	61
585	490	67	60
587	492	66	59
590	491	65	61
590	494	64	59
593	493	63	60
593	494	62	59
596	495	62	59
594	495	61	58
595	495	62	59
595	496	61	58
595	499	61	58
593	500	62	58
594	501	61	58
593	502	61	58
592	502	61	59
590	502	61	59
593	501	61	59
590	502	60	58
593	500	59	60
590	502	58	59
591	501	58	60
585	502	58	58
585	504	60	58
582	503	62	59
580	502	65	59
580	501	65	61
577	502	63	61
577	503	64	62
576	503	64	63
576	505	67	62
574	508	65	64
578	511	63	65
574	513	63	65
574	516	64	66
571	517	65	66
567	518	67	68
568	516	66	69
563	516	68	69
563	516	69	72
561	516	69	72
559	516	69	75
556	517	71	75
553	517	74	75
549	519	74	77
548	518	75	79
542	518	77	79
542	519	80	81
537	519	83	83
533	523	86	83
533	525	83	85
529	528	85	86
525	531	88	87
520	535	95	86
520	538	93	88
515	540	95	89
519	544	95	91
514	543	96	94
514	545	100	95
513	545	100	97
513	548	99	97
515	549	100	96
515	549	100	96
514	545	102	96
515	542	101	98
516	540	103	96
514	536	104	98
518	535	103	98
516	532	105	97
517	531	105	98
517	533	106	98
519	533	105	99
522	532	104	100
525	532	104	99
525	533	105	97
529	534	102	97
534	533	101	98
535	533	102	96
541	535	100	95
545	533	100	96
548	533	96	95
557	536	93	91
560	537	94	89
564	534	90	91
572	535	87	88
573	535	85	87
575	534	84	88
578	533	82	87
580	534	80	85
581	534	79	83
581	533	78	83
581	530	78	82
583	526	77	81
581	523	76	80
581	520	76	78
583	517	75	76
583	515	74	74
584	513	74	74
587	512	73	72
587	511	74	73
590	510	72	71
593	510	69	71
597	509	68	71
599	509	67	70
602	510	64	68
606	510	63	65
605	509	61	65
608	508	62	65
607	507	61	63
608	505	60	61
609	503	58	61
610	502	58	61
612	499	56	60
610	498	55	59
612	500	55	55
610	502	54	51
609	502	54	49
605	501	55	48
605	500	53	49
598	499	52	45
597	499	52	46
590	499	53	43
589	499	51	42
584	497	51	42
581	497	52	42
579	496	52	40
574	491	54	47
575	487	53	48
573	487	53	49
570	483	54	48
569	482	56	50
570	480	54	49
568	479	55	48
569	475	55	48
567	474	55	47
569	471	57	48
567	471	57	47
570	469	59	45
570	468	58	45
571	466	59	45
572	465	59	45
574	467	62	44
577	461	60	44
583	465	63	43
585	463	61	43
592	467	62	43
594	468	60	43
601	471	60	44
608	474	60	42
614	474	58	44
623	476	55	42
629	476	52	42
636	477	49	40
639	475	46	41
642	476	45	38
643	477	45	35
644	481	45	31
643	479	45	32
644	478	44	32
644	479	43	31
644	480	43	31
643	477	44	33
641	479	44	31
642	479	44	32
641	478	45	33
639	479	45	34
638	475	43	37
638	477	43	36
637	471	44	40
632	473	44	39
632	468	45	39
625	470	44	37
623	466	43	38
615	469	44	38
611	468	47	38
605	470	44	38
598	475	47	34
592	472	44	36
585	476	51	35
584	472	48	37
576	470	50	40
577	470	52	40
571	468	50	41
567	470	54	40
564	467	52	41
560	468	54	40
558	467	55	40
555	467	56	40
556	466	56	40
555	466	57	41
553	466	58	41
554	465	59	41
556	465	59	42
555	465	61	43
557	465	59	42
560	466	60	42
561	465	59	41
563	466	61	42
563	465	59	42
566	466	60	42
565	466	60	41
568	468	61	41
568	467	60	42
571	468	61	42
569	467	61	42
569	469	62	43
572	468	62	42
572	469	60	43
573	469	61	43
571	472	64	42
574	473	65	41
572	471	64	44
576	471	64	44
575	470	65	45
579	471	65	44
581	470	66	45
586	472	65	44
588	470	65	44
593	471	63	45
597	472	63	45
599	473	63	45
602	475	62	43
605	476	61	44
611	477	59	44
613	478	60	44
615	477	58	43
619	478	58	43
620	478	57	44
623	477	58	44
624	477	58	43
626	477	58	43
629	475	58	45
632	478	57	44
635	477	57	45
637	477	57	45
641	478	58	45
643	479	58	45
648	479	58	45
650	477	58	46
659	476	55	46
661	475	55	46
666	474	54	45
668	473	53	47
671	472	51	47
672	473	50	46
675	474	49	46
675	476	48	44
676	477	48	46
675	478	47	46
670	481	50	45
669	481	47	45
663	480	47	45
658	484	49	43
654	483	50	44
650	482	53	45
647	480	54	47
646	484	56	48
642	485	57	47
642	484	56	48
641	487	56	49
640	487	55	49
640	488	54	50
638	488	53	49
635	488	54	49
634	488	54	50
631	489	54	49
628	489	54	49
623	489	56	49
620	488	54	50
615	490	57	50
609	489	58	51
604	493	58	51
596	496	61	52
594	499	62	53
585	500	65	54
584	504	66	53
580	502	67	55
581	503	68	55
575	503	68	57
576	504	68	58
571	504	68	60
571	508	68	60
565	507	68	60
563	508	69	60
557	505	70	62
553	508	73	62
547	504	72	63
540	505	76	66
538	503	74	67
530	504	76	69
526	503	78	68
520	504	79	70
516	506	80	70
512	506	82	71
509	508	83	71
503	509	86	72
503	509	86	74
496	510	88	74
494	510	92	76
492	510	92	77
490	512	93	78
489	512	95	78
489	514	94	80
487	515	94	78
488	517	95	80
486	518	95	79
485	517	95	80
485	519	95	80
485	518	95	82
484	519	95	82
483	522	96	84
481	523	96	83
480	524	97	83
481	524	96	83
478	525	96	82
483	525	96	83
482	525	96	82
485	524	95	82
483	523	96	82
485	523	96	84
484	522	98	85
488	522	97	84
492	525	96	83
494	526	95	84
498	526	94	84
501	526	93	83
503	526	93	82
506	524	92	81
510	524	92	80
514	524	91	80
519	525	90	80
521	523	88	81
526	523	87	80
530	524	85	80
533	524	83	79
537	528	79	79
539	527	78	79
540	528	77	78
538	526	77	77
540	525	75	76
537	522	74	74
538	519	72	74
535	517	71	74
533	514	73	74
532	512	72	73
527	509	75	72
529	508	71	73
523	508	72	71
522	512	73	69
519	509	71	71
517	509	70	73
513	508	72	71
509	509	73	69
507	510	74	68
505	509	73	68
503	510	75	68
505	508	75	67
501	506	75	67
504	505	74	66
504	502	74	67
504	497	73	67
504	494	74	65
507	492	72	65
505	490	73	63
511	487	71	62
508	487	73	62
511	485	70	63
512	486	69	61
512	487	68	60
513	488	68	59
514	485	68	60
516	489	66	60
516	487	66	60
517	487	65	61
517	487	65	59
517	485	65	59
518	486	64	58
519	486	64	57
516	485	64	56
521	486	63	56
519	484	63	56
523	484	62	56
521	481	62	57
522	479	61	56
523	480	61	54
523	478	63	55
523	480	62	54
527	481	62	55
524	483	62	55
528	485	61	54
529	489	61	54
529	491	61	54
531	489	62	55
532	489	62	54
534	487	62	54
536	488	63	55
537	486	62	55
540	490	64	55
541	489	65	57
544	493	65	56
546	495	66	58
550	498	66	57
554	499	66	58
558	498	66	59
561	500	68	59
566	500	66	59
572	501	67	60
575	500	67	63
582	501	64	63
587	500	62	64
590	501	62	66
595	500	60	66
599	500	59	67
601	500	58	66
605	501	58	66
606	504	58	65
606	504	59	66
605	504	60	67
603	503	60	68
597	506	62	68
595	511	61	64
589	513	63	64
584	517	64	60
576	522	65	60
570	526	64	56
557	529	69	54
551	528	66	56
538	528	66	58
528	529	71	56
520	518	69	70
509	514	72	72
501	514	75	75
490	511	80	77
484	512	84	77
478	510	86	78
472	511	90	79
470	510	91	78
466	508	94	79
466	508	96	78
463	507	97	78
465	506	99	80
466	506	100	79
466	505	100	80
468	505	102	79
470	506	103	79
475	506	105	79
478	505	105	78
487	503	106	79
493	504	104	77
504	502	102	78
511	501	102	76
520	501	98	75
531	501	94	74
540	501	89	72
550	500	84	71
559	498	80	71
566	497	76	69
571	497	72	68
578	494	69	67
581	492	66	65
584	490	64	64
587	488	62	62
590	486	60	60
592	484	58	58
593	481	56	58
596	479	54	56
596	477	52	53
596	479	52	49
598	476	50	47
596	474	49	45
596	474	48	41
598	471	46	41
597	468	44	39
596	469	43	35
597	466	42	35
596	464	42	33
595	460	41	33
595	461	40	29
596	459	39	28
593	455	38	29
593	457	39	25
592	450	37	28
592	447	35	27
592	447	35	25
592	444	35	25
592	444	34	23
592	442	34	23
593	441	33	22
593	438	33	21
596	439	33	20
595	437	33	20
598	437	32	19
599	435	31	19
602	433	31	20
604	433	29	18
604	431	29	18
607	432	28	17
608	430	28	17
610	429	27	18
612	429	26	17
613	429	24	16
615	427	24	17
616	427	23	17
617	427	22	17
618	426	22	17
619	426	21	16
620	424	20	16
621	425	20	15
622	425	19	15
