0.013648
0.105740
0.132349
0.122415
0.097978
0.100908
0.107525
0.107202
0.129508
0.114841
0.106309
0.112654
0.089539
0.121390
0.090375
0.122910
0.089236
0.103251
0.097147
0.109715
0.100570
0.100003
0.110391
0.103483
0.097500
0.105749
0.148925
0.129984
0.107244
0.103659
0.115791
0.102582
0.135817
0.094034
0.125131
0.133359
0.109977
0.118126
0.138413
0.119916
0.107806
0.106443
0.144692
0.097366
0.100879
0.099231
0.111305
0.136394
0.127760
0.103687
0.138364
0.107248
0.117772
0.153442
0.131332
0.125909
0.104123
0.124400
0.117058
0.122269
0.120542
0.156271
0.092059
0.095538
0.097949
0.100443
0.113492
0.110678
0.147689
0.102670
0.129963
0.142266
0.102300
0.104480
0.104802
0.122985
0.106513
0.106026
0.110930
0.102369
0.109208
0.101731
0.094476
0.099978
0.099644
0.111404
0.091607
0.104332
0.099684
0.121856
0.091787
0.099598
0.102625
0.097440
0.107732
0.085885
0.112407
0.100233
0.118133
0.111047
0.102305
0.102812
0.127651
0.131756
0.119684
0.108119
0.148243
0.108580
0.107382
0.116125
0.136050
0.128494
0.125271
0.128769
0.103040
0.106229
0.101813
0.113431
0.113652
0.108335
0.109838
0.106472
0.106905
0.102831
0.096832
0.110791
0.101552
0.099983
0.103595
0.110068
0.109521
0.123883
0.119612
0.131388
0.108674
0.110023
0.110228
0.102130
0.104683
0.099337
0.144982
0.140050
0.149205
0.084699
0.092175
0.100568
0.106111
0.102454
0.097362
0.149027
0.095042
0.116877
0.114784
0.110265
0.095124
0.088413
0.099715
0.109017
0.091923
0.098436
0.101064
0.099176
0.110631
0.102757
0.096959
0.106561
0.118791
0.097004
0.098154
0.092607
0.112422
0.118019
0.106507
0.091945
0.140668
0.127035
0.110156
0.098588
0.104033
0.126643
0.109686
0.107865
0.097358
0.091580
0.096932
0.137667
0.096440
0.097101
0.100716
0.102140
0.101423
0.097350
0.094466
0.143219
0.097705
0.078056
0.114779
0.105327
0.091295
0.098305
0.090229
0.099647
0.092885
0.106747
0.102304
0.133763
0.131237
0.113513
0.100130
0.100527
0.117504
0.095304
0.097083
0.092735
0.089431
0.098035
0.095232
0.091826
0.106544
0.116101
0.097224
0.090264
0.103615
0.097425
0.091532
0.127686
0.124462
0.116766
0.095456
0.115469
0.110955
0.122824
0.102953
0.092942
0.112380
0.104548
0.114332
0.111714
0.098507
0.099073
0.116940
0.105927
0.110322
0.104487
0.112883
0.108524
0.100352
0.149880
0.088653
0.083107
0.106977
0.100488
0.097158
0.096722
0.141971
0.120194
0.143075
0.094157
0.093418
0.094487
0.090283
0.099064
0.094752
0.104043
0.098283
0.091549
0.107621
0.105983
0.120069
0.095108
0.103281
0.100727
0.098906
0.100196
0.106827
0.101386
0.113057
0.106367
0.109352
0.107400
0.116097
0.104026
0.105365
0.106317
0.117275
0.112526
0.126049
0.113780
0.100884
0.099931
0.097267
0.093082
0.098631
0.132602
0.117687
0.101033
0.113019
0.104630
0.115939
0.097318
0.098125
0.106094
0.108009
0.100279
0.091815
0.102525
0.102379
0.152036
0.108153
0.108077
0.110295
0.115534
0.132952
0.105261
0.114135
0.111591
0.107623
0.102729
0.099114
0.106467
0.106515
0.100678
0.127891
0.097478
0.098566
0.105306
0.115871
0.123869
0.142195
0.101704
0.096175
0.103125
0.097552
0.103342
0.102808
0.106637
0.116351
0.133722
0.102233
0.104838
0.098679
0.105576
0.118733
0.112175
0.130897
0.127797
0.151920
0.097272
0.097405
0.114772
0.150970
0.110198
0.103237
0.099652
0.104004
0.110445
0.116444
0.125100
0.117865
0.106576
0.110926
0.108858
0.142676
0.099866
0.134842
0.111268
0.099552
0.102596
0.104331
0.108934
0.107772
0.111766
0.108985
0.114590
0.098470
0.102429
0.101416
0.121494
0.110013
0.119673
0.106576
0.111553
0.153018
0.116034
0.116837
0.144960
0.106829
0.161131
0.107001
0.109904
0.116335
0.106563
0.111164
0.114206
0.119708
0.113166
0.157744
0.119077
0.109956
0.128613
0.098875
0.096992
0.147276
0.106494
0.107945
0.116507
0.134808
0.110991
0.108050
0.110616
0.126881
0.113636
0.106737
0.103858
0.106364
0.106270
0.100026
0.098894
0.098170
0.091258
0.096651
0.090197
0.091325
0.094763
0.131696
0.102834
0.097790
0.090034
0.093482
0.111855
0.094020
0.095541
0.099226
0.103092
0.124655
0.113085
0.107589
0.099208
0.099023
0.112154
0.095249
0.090517
0.102629
0.103871
0.111012
0.101410
0.112593
0.103648
0.097717
0.100598
0.109467
0.157209
0.112501
0.103250
0.115391
0.128872
0.120722
0.106632
0.094007
0.149316
0.099044
0.114613
0.123221
0.109360
0.107671
0.137552
0.089723
0.099296
0.104720
0.101110
0.123677
0.102965
0.116286
0.157565
0.102845
0.098757
0.096275
0.112809
0.102099
0.098005
0.106589
0.108342
0.130428
0.144777
0.101094
0.114574
0.135399
0.115034
0.108203
0.110620
0.141063
0.103800
0.130276
0.120063
0.122814
0.096877
0.098348
0.116582
0.113276
0.115480
0.103340
0.099057
0.102060
0.106543
0.104165
0.125968
0.095042
0.104348
0.102077
0.106769
0.106292
0.093101
0.090440
0.095194
0.099199
0.090975
0.110189
0.101875
0.107156
0.109775
0.116608
0.093510
0.095577
0.120597
0.100571
0.096017
0.094845
0.094596
0.113144
0.110077
0.114804
0.131365
0.112797
0.106585
0.096559
0.105792
0.097303
0.091543
0.094366
0.098212
0.123967
0.103250
0.099938
0.103200
0.106351
0.095296
0.117578
0.111539
0.137777
0.145231
0.107258
0.115010
0.101787
0.105225
0.101894
0.117708
0.102776
0.107527
0.100963
0.107222
0.113478
0.111614
0.099633
0.103591
0.105148
0.114164
0.109072
0.114228
0.101910
0.098225
0.092667
0.096985
0.106797
0.109794
0.098922
0.096537
0.114256
0.114503
0.102459
0.102509
0.120646
0.099371
0.089630
0.101229
0.115961
0.145061
0.099749
0.119643
0.109030
0.101637
0.106698
0.109669
0.091381
0.108444
0.105288
0.098685
0.124092
0.118719
0.112938
0.107406
0.114255
0.116113
0.106182
0.111082
0.107750
0.128612
0.113407
0.101269
0.099421
0.138925
0.120078
0.109325
0.108045
0.153778
0.107876
0.128662
0.131471
0.140679
0.106958
0.107413
0.164799
0.095504
0.129650
0.100692
0.153104
0.106586
0.101282
0.101468
0.105906
0.103840
0.110290
0.110762
0.104682
0.111634
0.094630
0.103462
0.121572
0.121954
0.168873
0.112194
0.146733
0.103961
0.102256
0.106152
0.101213
0.095693
0.143880
0.112754
0.106933
0.147034
0.136386
0.106456
0.114404
0.111979
0.099202
0.104854
0.101488
0.111441
0.108299
0.117640
0.111189
0.113499
0.112687
0.110462
0.110545
0.104790
0.112365
0.099005
0.088569
0.105359
0.098773
0.096908
0.100241
0.110124
0.112283
0.125762
0.104945
0.109265
0.132379
0.103966
0.145228
0.110633
0.116136
0.109429
0.163469
0.102725
0.115215
0.114875
0.119437
0.114856
0.112275
0.131758
0.112393
0.107327
0.118289
0.120557
0.114630
0.110952
0.112404
0.102859
0.108436
0.100701
0.142897
0.102624
0.107837
0.121911
0.098907
0.136410
0.098292
0.100591
0.145411
0.096117
0.099581
0.098028
0.101600
0.102721
0.099391
0.117986
0.112091
0.131557
0.112763
0.099608
0.100972
0.097471
0.128573
0.121365
0.110172
0.109104
0.114827
0.107228
0.100952
0.110363
0.112037
0.112309
0.126130
0.113279
0.129474
0.114182
0.130005
0.101326
0.110636
0.142996
0.106815
0.117858
0.109987
0.112586
0.110668
0.109956
0.098416
0.127809
0.109779
0.108478
0.151992
0.136688
0.096494
0.094726
0.122540
0.109242
0.090278
0.108117
0.096479
0.086302
0.108861
0.089364
0.101662
0.124584
0.095926
0.093914
0.088073
0.094546
0.131270
0.102106
0.110060
0.109390
0.095995
0.098114
0.126734
0.107924
0.112761
0.094873
0.116606
0.109507
0.097113
0.103446
0.094457
0.101753
0.108202
0.103575
0.112470
0.107202
0.139102
0.102651
0.106063
0.098095
0.103673
0.140959
0.094266
0.111341
0.109302
0.127886
0.110377
0.102383
0.098726
0.099464
0.098990
0.102352
0.119855
0.110311
0.107825
0.143740
0.109698
0.105162
0.102901
0.122263
0.117709
0.104337
0.116714
0.113984
0.108083
0.108741
0.115522
0.110306
0.121355
0.110039
0.108399
0.134329
0.094414
0.113544
0.100879
0.123581
0.157378
0.148032
0.133324
0.152322
0.110535
0.108041
0.148092
0.111764
0.113023
0.127490
0.105045
0.132049
0.131827
0.107719
0.108473
0.105313
0.107387
0.122430
0.111921
0.115931
0.115199
0.117229
0.120561
0.101548
0.101298
0.121534
0.106123
0.098125
0.104060
0.097270
0.106886
0.117477
0.112497
0.097813
0.117862
0.108793
0.100435
0.111381
0.123533
0.106847
0.098570
0.123332
0.095227
0.105028
0.106334
0.114580
0.112906
0.124376
0.110018
0.111991
0.113132
0.117406
0.115780
0.106890
0.107100
0.111303
0.120701
0.138645
0.116052
0.110355
0.105823
0.134048
0.133181
0.163211
0.111483
0.108818
0.110486
0.102385
0.105237
0.102858
0.105962
0.097526
0.096256
0.101443
0.103843
0.104383
0.102140
0.172240
0.103732
0.102633
0.102433
0.104552
0.101766
0.125210
0.101753
0.106638
0.124431
0.091640
0.102395
0.110391
0.111335
0.107689
0.108008
0.109387
0.091482
0.108127
0.123183
0.094529
0.092757
0.095447
0.095065
0.125836
0.111441
0.111407
0.105281
0.125995
0.113711
0.108812
0.126423
0.143049
0.098639
0.100373
0.106623
0.110374
0.104376
0.112423
0.099715
0.107057
0.099160
0.109045
0.123692
0.112618
0.127878
0.115317
0.114747
0.104930
0.152806
0.116332
0.098567
0.099494
0.104025
0.104553
0.117225
0.136054
0.103182
0.112597
0.103953
0.105692
0.106384
0.097425
0.099491
0.100224
0.101471
0.143789
0.147248
0.127719
0.124686
0.122140
0.108137
0.112041
0.109257
0.109568
0.115501
0.110115
0.130061
0.104698
0.106432
0.103255
0.108614
0.100622
0.101588
0.105631
0.108096
0.118798
0.108057
0.158869
0.139759
0.139176
0.159775
0.149552
0.108608
0.102275
0.099674
0.100649
0.105018
0.113765
0.116726
0.109427
0.120653
0.133429
0.099311
0.103029
0.099550
0.102943
0.108957
0.098175
0.104696
0.101744
0.105634
0.123477
0.110814
0.118642
0.104449
0.104729
0.101534
0.137094
0.112787
0.118057
0.108967
0.112504
0.113941
0.098989
0.088271
0.101301
0.093951
0.098734
0.125216
0.108784
0.111124
0.144773
0.106665
0.108118
0.103662
0.119720
0.117549
0.148388
0.121644
0.134485
0.110611
0.103262
0.101989
0.118343
0.103311
0.124205
0.136353
0.103251
0.096671
0.086297
0.089335
0.090588
0.094909
0.121068
0.097884
0.098824
0.099146
0.111353
0.100757
0.098585
0.110236
0.106985
0.125844
0.103632
0.115894
0.103717
0.094378
0.103494
0.107590
0.098978
0.157286
0.106311
0.101369
0.106263
0.111822
0.106438
0.103271
0.124236
0.108646
0.100603
0.101425
0.101890
0.108979
0.104933
0.093544
0.106029
0.108337
0.102785
0.099425
0.098581
0.096542
0.104217
0.094609
0.106646
0.122039
0.117781
0.110065
0.102182
0.112736
0.110493
0.104069
0.107453
0.115463
0.098979
0.100926
0.093187
0.091879
0.096734
0.109605
0.099464
0.103453
0.110273
0.105268
0.111608
0.142736
0.096853
0.114206
0.106291
0.114006
0.175873
0.117875
0.128114
0.126660
0.147897
0.102718
0.108117
0.109824
0.114684
0.140402
0.120598
0.148954
0.112456
0.141186
0.141323
0.111656
0.102370
0.111057
0.136364
0.116686
0.128572
0.111892
0.115434
0.111506
0.107620
0.115900
0.109648
0.142176
0.102013
0.106660
0.161291
0.117104
0.111663
0.101766
0.103479
0.120461
0.115716
0.112879
0.106648
0.121684
0.114178
0.146373
0.101689
0.119036
0.107805
0.128445
0.102205
0.099994
0.100601
0.103186
0.124018
0.125685
0.111749
0.107740
0.101212
0.105325
0.104888
0.096428
0.097236
0.096138
0.096255
0.113196
0.110476
0.108519
0.102850
0.097168
0.093854
0.103191
0.112309
0.090431
0.102065
0.099124
0.104077
0.094674
0.125505
0.086797
0.100465
0.099045
0.095252
0.144955
0.106119
0.105402
0.106420
0.105131
0.097148
0.122310
0.114521
0.142910
0.115294
0.107645
0.119131
0.121851
0.114325
0.105728
0.105564
0.106251
0.092496
0.089268
0.096421
0.096056
0.157224
0.117836
0.132396
0.109762
0.115403
0.107386
0.103480
0.106591
0.130701
0.158366
0.132770
0.103635
0.105388
0.111515
0.096361
0.132986
0.106366
0.103047
0.100136
0.116810
0.109323
0.105650
0.128313
0.114494
0.102934
0.106809
0.112757
0.101487
0.104512
0.124383
0.105689
0.151410
0.123038
0.106097
0.150592
0.157789
0.146631
0.145365
0.115904
0.116159
0.113888
0.108315
0.107113
0.115099
0.114120
0.154129
0.117792
0.112132
0.109965
0.113800
0.098570
0.122570
0.102278
0.108207
0.140656
0.114170
0.114367
0.116436
0.124591
0.105963
0.108762
0.111209
0.118614
0.119758
0.111482
0.134695
0.127299
0.102708
0.107710
0.108526
0.147999
0.120322
0.143542
0.127286
0.122614
0.111940
0.106213
0.113136
0.119345
0.134336
0.111378
0.114665
0.097687
0.092068
0.099538
0.093819
0.106580
0.116607
0.118722
0.106505
0.101183
0.108456
0.113955
0.107528
0.109849
0.104516
0.137319
0.114292
0.110106
0.110885
0.122258
0.112199
0.109283
0.111721
0.101100
0.112442
0.146294
0.106136
0.125172
0.111233
0.101437
0.108176
0.099331
0.145444
0.098638
0.106481
0.092564
0.114238
0.108703
0.110215
0.098820
0.124703
0.093452
0.098918
0.123271
0.140186
0.108624
0.109001
0.104058
0.104253
0.108556
0.097119
0.106298
0.106139
0.101980
0.158829
0.113769
0.106724
0.111605
0.100075
0.138488
0.114413
0.112600
0.109570
0.111923
0.124828
0.105805
0.100381
0.106634
0.113518
0.107858
0.110879
0.105599
0.097703
0.122052
0.119787
0.096709
0.099600
0.099698
0.106017
0.121265
0.105635
0.163414
0.112085
0.138958
0.136450
0.111305
0.104899
0.121182
0.116290
0.153905
0.164551
0.131373
0.111086
0.110574
0.109753
0.117577
0.112458
0.088814
0.107305
0.099472
0.101292
0.102603
0.103220
0.098322
0.107751
0.102683
0.098609
0.104551
0.103173
0.144951
0.107146
0.126505
0.127115
0.099677
0.106278
0.116665
0.118574
0.103913
0.095704
0.097524
0.105539
0.100119
0.093948
0.117996
0.167757
0.104057
0.094244
0.095157
0.114897
0.095277
0.097181
0.101189
0.121263
0.104580
0.096788
0.091259
0.098609
0.098268
0.102805
0.120733
0.095538
0.099375
0.098822
0.103428
0.103088
0.100315
0.103299
0.107164
0.107100
0.114118
0.097729
0.148650
0.111341
0.101892
0.102164
0.123176
0.101848
0.102522
0.104032
0.101979
0.099927
0.099263
0.116901
0.110217
0.126536
0.111623
0.128267
0.120878
0.124323
0.161396
0.135903
0.102744
0.095382
0.104138
0.130757
0.104828
0.097755
0.101052
0.120249
0.140898
0.116142
0.101661
0.114444
0.100588
0.103633
0.101678
0.090868
0.107984
0.123718
0.114058
0.107894
0.107009
0.113303
0.137478
0.123149
0.112446
0.112766
0.110334
0.106778
0.110381
0.096766
0.106905
0.097376
0.109075
0.134086
0.109987
0.109366
0.114650
0.098050
0.100892
0.107613
0.122160
0.098051
0.104310
0.099904
0.107985
0.106707
0.111791
0.103164
0.108851
0.114180
0.114863
0.126275
0.112482
0.100957
0.133100
0.106175
0.108421
0.114355
0.131037
0.114492
0.124227
0.110216
0.113978
0.131971
0.101172
0.111647
0.109390
0.107243
0.171294
0.140108
0.125552
0.135416
0.119807
0.122407
0.115367
0.117331
0.114002
0.132038
0.151088
0.106861
0.107111
0.103700
0.103593
0.120610
0.114687
0.152153
0.116981
0.115049
0.119327
0.120819
0.127308
0.096048
0.106781
0.104728
0.128868
0.107077
0.095403
0.085383
0.092870
0.091916
0.105186
0.104336
0.101042
0.089567
0.121670
0.109066
0.101075
0.108700
0.147496
0.143449
0.105675
0.108283
0.120155
0.096857
0.099030
0.098117
0.101686
0.104453
0.093619
0.088800
0.087624
0.102628
0.103487
0.095912
0.101103
0.107900
0.095708
0.097535
0.086486
0.111612
0.118165
0.110698
0.107998
0.123389
0.091478
0.107743
0.128086
0.150656
0.151397
0.102249
0.119521
0.108311
0.106144
0.097717
0.110405
0.108912
0.096412
0.107745
0.130762
0.098204
0.094907
0.102542
0.108353
0.103764
0.101016
0.117367
0.103902
0.119063
0.101030
0.115006
0.098606
0.095438
0.091925
0.089752
0.102074
0.130781
0.098508
0.108290
0.115281
0.111528
0.106887
0.121143
0.101768
0.104477
0.106996
0.104357
0.104541
0.109236
0.123307
0.131006
0.153020
0.121281
0.132537
0.112229
0.107045
0.126548
0.119967
0.130539
0.127994
0.116980
0.110712
0.116460
0.118137
0.098161
0.094840
0.104433
0.114356
0.112312
0.101959
0.105375
0.105091
0.107735
0.103790
0.117036
0.154715
0.114872
0.148806
0.105194
0.101081
0.106863
0.100618
0.098072
0.126679
0.101338
0.106433
0.104023
0.099734
0.096865
0.099718
0.109826
0.108315
0.103038
0.105609
0.137603
0.131955
0.133263
0.148119
0.100980
0.110772
0.100652
0.159691
0.128137
0.099943
0.098079
0.115615
0.093181
0.108054
0.104429
0.144946
0.161176
0.110226
0.149288
0.098197
0.104870
0.098560
0.100126
0.099060
0.098529
0.107413
0.116622
0.117369
0.118046
0.120074
0.128410
0.115775
0.113920
0.112450
0.104004
0.103812
0.121860
0.127365
0.116693
0.099185
0.098784
0.101058
0.099048
0.096900
0.087009
0.104195
0.095880
0.111712
0.128272
0.097951
0.100285
0.117607
0.105624
0.102759
0.104135
0.113004
0.132632
0.131530
0.146578
0.155350
0.110544
0.101627
0.115280
0.099068
0.091115
0.098368
0.098487
0.120822
0.125648
0.118750
0.100091
0.108392
0.107664
0.113432
0.109539
0.104538
0.103670
0.100857
0.092859
0.108679
0.138203
0.108395
0.112652
0.124638
0.115166
0.125424
0.118928
0.112649
0.109743
0.125015
0.147519
0.140134
0.127964
0.111131
0.101959
0.110418
0.098672
0.097823
0.111618
0.100501
0.111188
0.111054
0.116636
0.135590
0.161497
0.120343
0.102211
0.096087
0.128219
0.096671
0.102935
0.103472
0.142413
0.110321
0.130702
0.146965
0.121667
0.140797
0.118350
0.130057
0.155002
0.100786
0.134724
0.091663
0.096931
0.113178
0.100458
0.111125
0.095959
0.103846
0.107426
0.104542
0.108366
0.108733
0.095548
0.098077
0.111470
0.129950
0.125701
0.104620
0.112883
0.109182
0.132258
0.157679
0.103811
0.125669
0.084708
0.090448
0.096083
0.090675
0.119513
0.147791
0.102112
0.139278
0.104356
0.125925
0.108137
0.106850
0.100963
0.101140
0.124689
0.103234
0.101610
0.098898
0.127518
0.129287
0.113903
0.117281
0.177640
0.111997
0.162473
0.138211
0.129516
0.122829
0.114425
0.107031
0.115770
0.106731
0.106885
0.127776
0.112378
0.120123
0.109522
0.104005
0.101418
0.102539
0.154334
0.110362
0.115289
0.115891
0.114197
0.137736
0.106419
0.098181
0.107584
0.115752
0.143750
0.109812
0.104631
0.111657
0.099772
0.126033
0.090881
0.116173
0.099817
0.113649
0.129335
0.106564
0.110158
0.112169
0.108570
0.133400
0.105288
0.127462
0.103662
0.121913
0.121475
0.120195
0.115952
0.104212
0.110042
0.113481
0.110688
0.136849
0.171592
0.121020
0.119779
0.103536
0.108922
0.126080
0.115459
0.111703
0.105121
0.138655
0.096417
0.096103
0.096924
0.136388
0.108954
0.100614
0.098664
0.107914
0.097185
0.123570
0.117463
0.111045
0.128037
0.099562
0.100893
0.121605
0.108145
0.107768
0.143004
0.104197
0.111537
0.117576
0.108636
0.113904
0.113062
0.105868
0.114093
0.114937
0.115402
0.121058
0.100585
0.105554
0.103038
0.120553
0.111336
0.109043
0.096623
0.098560
0.106216
0.113787
0.103973
0.126628
0.130809
0.108517
0.102423
0.134944
0.113204
0.095520
0.087889
0.104565
0.098326
0.099894
0.097867
0.107758
0.121078
0.115983
0.100557
0.105721
0.113823
0.106204
0.112942
0.105073
0.107635
0.103695
0.103332
0.151124
0.145233
0.111947
0.107040
0.108313
0.106516
0.110451
0.107818
0.121944
0.116588
0.156183
0.116073
0.111280
0.119289
0.093887
0.101711
0.099164
0.109675
0.105717
0.099647
0.104376
0.097178
0.099492
0.103977
0.103561
0.094444
0.103437
0.103061
0.101367
0.111881
0.104764
0.118819
0.099166
0.104468
0.102277
0.108189
0.120335
0.127862
0.096225
0.108196
0.103379
0.127510
0.103073
0.098451
0.096465
0.099196
0.092493
0.107463
0.106371
0.110354
0.108902
0.108939
0.105293
0.124416
0.103839
0.104369
0.099558
0.114269
0.097147
0.102861
0.134636
0.112490
0.106722
0.105506
0.116290
0.110654
0.157200
0.144302
0.104555
0.090680
0.110731
0.107454
0.148537
0.122355
0.119107
0.106682
0.108039
0.103686
0.109624
0.115301
0.140566
0.114788
0.100183
0.099351
0.100184
0.106692
0.100295
0.104442
0.100847
0.114375
0.100948
0.088852
0.091321
0.101639
0.090921
0.091052
0.102635
0.123205
0.103203
0.103249
0.115188
0.116122
0.116535
0.104081
0.111845
0.167972
0.111825
0.111635
0.110623
0.106064
0.115509
0.109917
0.139319
0.107606
0.107170
0.121226
0.105117
0.106102
0.111113
