0.012946
0.108034
0.104679
0.104301
0.104870
0.108510
0.097296
0.095151
0.095744
0.109948
0.101068
0.113123
0.109407
0.102702
0.120667
0.123585
0.103414
0.109280
0.100895
0.102012
0.095928
0.102052
0.107565
0.096491
0.101416
0.096962
0.095202
0.103038
0.105909
0.099700
0.105974
0.112530
0.109198
0.153037
0.110755
0.103002
0.128587
0.112971
0.099916
0.102604
0.111788
0.121354
0.101195
0.101544
0.098162
0.133277
0.106399
0.102229
0.102086
0.133645
0.098316
0.101684
0.098989
0.101831
0.096259
0.102262
0.123356
0.122182
0.096493
0.109448
0.096975
0.110696
0.101300
0.095663
0.097014
0.096441
0.103278
0.107400
0.108095
0.121428
0.106417
0.099559
0.098147
0.106344
0.102344
0.180624
0.131158
0.167977
0.137763
0.118603
0.129620
0.103759
0.104652
0.098618
0.102545
0.105122
0.147760
0.102360
0.127628
0.119750
0.142680
0.111922
0.103531
0.113837
0.107691
0.121846
0.122123
0.108837
0.103007
0.106693
0.102383
0.111474
0.148977
0.109309
0.099130
0.102351
0.104545
0.131052
0.097752
0.109631
0.149041
0.105007
0.113035
0.103434
0.103663
0.102556
0.107219
0.101253
0.091809
0.098291
0.124018
0.103769
0.095915
0.104975
0.111305
0.113671
0.133077
0.107085
0.108082
0.123808
0.116192
0.121234
0.104970
0.126360
0.103259
0.109829
0.104792
0.133670
0.100862
0.098381
0.096757
0.099324
0.100625
0.100049
0.114578
0.104302
0.102614
0.102087
0.103115
0.102210
0.096505
0.117005
0.095758
0.097741
0.104470
0.110732
0.109933
0.095411
0.110616
0.106524
0.105378
0.141016
0.113483
0.135047
0.137868
0.138478
0.107089
0.096766
0.118383
0.094065
0.094815
0.110427
0.096136
0.097340
0.108298
0.093864
0.103227
0.100407
0.114998
0.095122
0.099951
0.116870
0.099016
0.112236
0.096270
0.115579
0.097865
0.109137
0.127986
0.138944
0.096928
0.110841
0.096483
0.122085
0.100518
0.107746
0.095666
0.150041
0.111206
0.109140
0.138406
0.151880
0.118948
0.130937
0.115849
0.112526
0.087828
0.089063
0.104822
0.098884
0.106227
0.122842
0.107968
0.105404
0.113369
0.099669
0.100744
0.120698
0.108435
0.118347
0.100204
0.094214
0.128382
0.094043
0.106056
0.140519
0.143668
0.104020
0.104429
0.097764
0.095656
0.098287
0.095127
0.103648
0.099124
0.103920
0.096167
0.102805
0.110863
0.154787
0.111347
0.117429
0.103773
0.098076
0.089766
0.088437
0.091362
0.105296
0.108547
0.096386
0.118267
0.137591
0.109118
0.099486
0.122881
0.097179
0.101828
0.140630
0.097988
0.096571
0.096353
0.144091
0.108143
0.099750
0.113335
0.099457
0.116510
0.113048
0.112494
0.102273
0.116863
0.096339
0.105557
0.093210
0.109266
0.103780
0.106294
0.108204
0.120877
0.110459
0.106464
0.120483
0.108357
0.099744
0.145379
0.091608
0.117973
0.113259
0.111505
0.116005
0.105508
0.098279
0.140901
0.102443
0.130836
0.098803
0.102026
0.096729
0.111634
0.098013
0.101490
0.154989
0.153512
0.134278
0.157804
0.106857
0.099227
0.130285
0.110393
0.101600
0.093725
0.097070
0.095780
0.092831
0.113150
0.096995
0.098130
0.094573
0.094650
0.099578
0.091052
0.097960
0.102319
0.107549
0.100873
0.114557
0.106451
0.111486
0.122833
0.115304
0.106845
0.127666
0.097203
0.101556
0.103935
0.109085
0.127436
0.136788
0.096632
0.090437
0.091219
0.089668
0.129522
0.087498
0.097769
0.108916
0.107342
0.098174
0.097390
0.113327
0.113585
0.101120
0.090950
0.123544
0.082910
0.091815
0.088647
0.093526
0.092139
0.084836
0.102754
0.101223
0.107230
0.101912
0.100161
0.096840
0.093596
0.089155
0.087541
0.092676
0.095609
0.103469
0.100353
0.117859
0.110912
0.099050
0.107489
0.123914
0.102104
0.099821
0.112900
0.099991
0.104752
0.100902
0.100963
0.121578
0.098808
0.149772
0.099748
0.105931
0.097330
0.108484
0.107152
0.156666
0.122443
0.107584
0.106709
0.110829
0.108624
0.108966
0.104737
0.101620
0.091059
0.109218
0.114549
0.099885
0.090041
0.090480
0.101638
0.111458
0.116246
0.107169
0.100269
0.109075
0.113471
0.113825
0.113949
0.144516
0.108621
0.108015
0.140963
0.145707
0.149160
0.098050
0.106933
0.094112
0.085473
0.084638
0.096042
0.112172
0.103874
0.103330
0.127998
0.118485
0.111875
0.105892
0.101089
0.102824
0.108375
0.108167
0.099200
0.111420
0.110829
0.132975
0.098682
0.107066
0.117545
0.114783
0.099386
0.101540
0.160542
0.114506
0.111881
0.096928
0.139132
0.101461
0.099664
0.108335
0.101277
0.097793
0.099872
0.130055
0.113691
0.116010
0.100489
0.098733
0.098716
0.102042
0.112278
0.134967
0.128546
0.104217
0.146913
0.117484
0.120877
0.115228
0.108748
0.115439
0.115799
0.107232
0.100969
0.138215
0.108594
0.107086
0.107287
0.106501
0.110123
0.123306
0.103254
0.109977
0.100363
0.094386
0.091853
0.108203
0.099086
0.094689
0.095153
0.103179
0.102144
0.111320
0.104720
0.106012
0.128017
0.097060
0.104584
0.103235
0.107349
0.109864
0.131648
0.131137
0.104836
0.114171
0.115205
0.137018
0.097169
0.095860
0.099868
0.148421
0.094577
0.095348
0.106880
0.102647
0.114143
0.122251
0.089442
0.118961
0.100021
0.108849
0.099895
0.132902
0.104944
0.094652
0.093898
0.103064
0.100480
0.099964
0.092582
0.101616
0.104678
0.111875
0.082294
0.150134
0.105623
0.090291
0.129915
0.098854
0.097124
0.100782
0.099511
0.102386
0.113204
0.116920
0.133944
0.107298
0.138141
0.103358
0.101824
0.099535
0.110979
0.124327
0.108204
0.106267
0.110357
0.107268
0.106553
0.096334
0.101075
0.152883
0.097913
0.115343
0.097624
0.098430
0.097819
0.097302
0.104666
0.095675
0.110088
0.142781
0.104414
0.107133
0.119287
0.089786
0.102020
0.097815
0.125463
0.108621
0.108186
0.095456
0.097357
0.097739
0.098017
0.098743
0.104391
0.138485
0.111612
0.125354
0.107548
0.105031
0.105560
0.099345
0.121511
0.130307
0.093160
0.098386
0.099949
0.095664
0.101716
0.094775
0.098445
0.123282
0.105761
0.117353
0.097888
0.091970
0.097128
0.089939
0.106728
0.099630
0.105300
0.103445
0.108565
0.101453
0.126671
0.102275
0.117925
0.125862
0.102947
0.103763
0.107221
0.104504
0.100228
0.113752
0.106902
0.104198
0.101230
0.140624
0.107926
0.109914
0.153739
0.104359
0.111883
0.104485
0.101073
0.107235
0.103080
0.100528
0.141545
0.099756
0.099834
0.116553
0.109864
0.130322
0.109443
0.138407
0.102609
0.096490
0.106639
0.115701
0.153884
0.165183
0.105771
0.123789
0.106136
0.106087
0.111177
0.114277
0.113696
0.109869
0.107979
0.102351
0.108433
0.105184
0.107930
0.157417
0.114012
0.100237
0.098242
0.105090
0.097741
0.120941
0.093358
0.095506
0.096530
0.097935
0.100396
0.115924
0.100136
0.103912
0.116156
0.124236
0.099792
0.119755
0.112686
0.107768
0.126485
0.107485
0.102440
0.098997
0.100093
0.102769
0.102655
0.120076
0.090379
0.111827
0.090556
0.116638
0.142123
0.143640
0.104328
0.141480
0.143658
0.096973
0.107818
0.118536
0.111080
0.138344
0.128195
0.104163
0.105790
0.121152
0.102980
0.095252
0.107630
0.109127
0.161085
0.135367
0.126378
0.099962
0.103386
0.119980
0.133588
0.109792
0.101784
0.114887
0.106794
0.138455
0.105129
0.100172
0.095908
0.099353
0.088882
0.087429
0.091154
0.105208
0.082788
0.092972
0.092339
0.095748
0.101797
0.095386
0.107241
0.108404
0.106549
0.097006
0.102861
0.104360
0.101620
0.113527
0.089825
0.105478
0.102012
0.102892
0.099363
0.101707
0.098041
0.105315
0.110898
0.087923
0.088492
0.088253
0.108803
0.114041
0.102574
0.127957
0.127409
0.118049
0.101357
0.102572
0.108613
0.099148
0.148555
0.109941
0.094674
0.099063
0.098789
0.098957
0.131224
0.107885
0.094150
0.099740
0.101544
0.098786
0.099761
0.108783
0.095870
0.087954
0.087202
0.108221
0.110767
0.103925
0.100946
0.099913
0.106283
0.107747
0.138038
0.123013
0.106197
0.106930
0.131561
0.103424
0.101944
0.101993
0.100293
0.096665
0.093654
0.097695
0.146592
0.100022
0.119644
0.109689
0.126256
0.168149
0.106888
0.109162
0.137344
0.155104
0.108270
0.097356
0.116798
0.088388
0.096278
0.101548
0.099807
0.096657
0.104356
0.134192
0.093282
0.094006
0.097632
0.103745
0.103848
0.101054
0.100291
0.095626
0.091147
0.113124
0.105378
0.139218
0.098179
0.103048
0.100429
0.108149
0.127463
0.113504
0.096829
0.090375
0.090427
0.098937
0.097888
0.101117
0.160726
0.097687
0.091999
0.102411
0.108339
0.105743
0.104337
0.099496
0.145287
0.101527
0.104274
0.112672
0.105001
0.111916
0.092537
0.106832
0.092338
0.099754
0.103702
0.096510
0.096465
0.101412
0.100326
0.109011
0.102278
0.135324
0.109591
0.102361
0.097874
0.118830
0.092891
0.140707
0.085035
0.096859
0.100612
0.102334
0.095700
0.147592
0.125921
0.112894
0.147749
0.105353
0.144300
0.129793
0.113634
0.104315
0.150761
0.108953
0.095962
0.105771
0.090575
0.118847
0.118326
0.100569
0.107977
0.113002
0.105253
0.138258
0.108617
0.130988
0.108773
0.092090
0.108300
0.107113
0.097382
0.108004
0.110201
0.106176
0.094379
0.097676
0.137492
0.119680
0.117909
0.101988
0.097146
0.090106
0.089020
0.086073
0.112190
0.110722
0.105396
0.105935
0.098310
0.100646
0.108888
0.144837
0.108037
0.106087
0.105241
0.113504
0.100364
0.104916
0.150948
0.095444
0.096763
0.125778
0.103598
0.095479
0.092904
0.100637
0.096946
0.110012
0.156321
0.118592
0.152299
0.130953
0.097192
0.102999
0.099197
0.101680
0.100747
0.092727
0.104740
0.102881
0.106700
0.094867
0.099108
0.105289
0.104423
0.098673
0.105719
0.126522
0.108383
0.101926
0.125606
0.098986
0.100216
0.095496
0.098690
0.100312
0.095922
0.094347
0.108748
0.103461
0.099521
0.104222
0.144306
0.096350
0.100564
0.104742
0.114640
0.118755
0.099988
0.117770
0.103042
0.088769
0.097629
0.090045
0.101038
0.126066
0.110366
0.095516
0.087702
0.108559
0.117868
0.129009
0.117106
0.126639
0.121344
0.110867
0.106936
0.106355
0.107236
0.149216
0.104975
0.107349
0.111824
0.105413
0.138105
0.144169
0.103828
0.096495
0.098916
0.097376
0.100092
0.097641
0.111327
0.113370
0.099445
0.091389
0.144570
0.102857
0.104933
0.103267
0.106014
0.097083
0.100426
0.105351
0.112146
0.115386
0.129316
0.129137
0.105988
0.111412
0.115384
0.142404
0.129756
0.122151
0.102534
0.107094
0.142634
0.095556
0.105890
0.091449
0.087780
0.088024
0.100470
0.088757
0.100156
0.097259
0.096445
0.143379
0.106196
0.107877
0.114138
0.082092
0.097561
0.121956
0.110071
0.109353
0.125591
0.115458
0.112245
0.111473
0.111056
0.104661
0.105842
0.136512
0.108861
0.119378
0.098846
0.101864
0.095354
0.101073
0.097615
0.098324
0.102759
0.103357
0.108664
0.106288
0.105506
0.100502
0.085759
0.084884
0.106856
0.105159
0.102253
0.098670
0.088614
0.116251
0.101010
0.097850
0.102418
0.109574
0.099542
0.117918
0.157716
0.140690
0.101952
0.098655
0.104132
0.105184
0.107136
0.100318
0.116188
0.114177
0.126499
0.139740
0.105331
0.105286
0.104330
0.103056
0.106811
0.119612
0.108528
0.104834
0.095366
0.097096
0.101935
0.098309
0.116900
0.104385
0.111307
0.107254
0.141542
0.118392
0.103547
0.129674
0.124110
0.108947
0.114222
0.127137
0.114244
0.100008
0.117262
0.103248
0.103746
0.096873
0.095629
0.097273
0.094108
0.120327
0.091456
0.093098
0.109401
0.104137
0.097347
0.096161
0.128590
0.123102
0.104954
0.089299
0.100807
0.100401
0.102610
0.102308
0.099486
0.100698
0.125226
0.121259
0.109540
0.120055
0.107103
0.115132
0.108507
0.123388
0.114271
0.133264
0.100041
0.092383
0.124590
0.092034
0.099335
0.091797
0.095298
0.095966
0.098144
0.094668
0.097383
0.098533
0.095408
0.121840
0.107925
0.077727
0.121011
0.106536
0.092942
0.102463
0.101141
0.110749
0.101930
0.095034
0.095340
0.098605
0.106481
0.107717
0.101523
0.106763
0.118608
0.119321
0.115912
0.138377
0.088095
0.095505
0.097785
0.100533
0.114907
0.119809
0.160296
0.122466
0.113111
0.132870
0.105225
0.111433
0.122465
0.101603
0.114840
0.091726
0.090104
0.087712
0.090826
0.096444
0.100487
0.104261
0.114480
0.133155
0.126845
0.125373
0.129803
0.133672
0.121623
0.123021
0.135021
0.139385
0.153957
0.125028
0.116916
0.118028
0.157430
0.103514
0.106421
0.115714
0.137037
0.128826
0.120537
0.102163
0.095890
0.112980
0.106871
0.107268
0.126225
0.110048
0.116425
0.107638
0.106730
0.101289
0.113997
0.102250
0.106290
0.104090
0.106657
0.103166
0.104215
0.106041
0.108985
0.100763
0.101812
0.102406
0.108840
0.139026
0.104814
0.099497
0.111769
0.104768
0.102469
0.116058
0.109717
0.100806
0.101158
0.101797
0.138749
0.106148
0.102602
0.108183
0.084571
0.097727
0.087883
0.098503
0.147972
0.098654
0.109509
0.152354
0.111289
0.110859
0.161151
0.166013
0.098140
0.108373
0.143128
0.097155
0.116876
0.105861
0.102569
0.106015
0.105831
0.103483
0.104548
0.107101
0.113673
0.115174
0.111663
0.112352
0.130048
0.152166
0.140939
0.113940
0.125754
0.113004
0.101825
0.101601
0.104904
0.106997
0.130622
0.113944
0.109820
0.152002
0.126493
0.131125
0.108752
0.111476
0.121993
0.146192
0.099770
0.095756
0.144651
0.096250
0.098738
0.095270
0.118196
0.097854
0.110464
0.102169
0.112130
0.108330
0.135392
0.128330
0.135000
0.108692
0.125703
0.124783
0.117743
0.111181
0.115915
0.106654
0.121846
0.131795
0.109124
0.130842
0.094359
0.099545
0.097565
0.099179
0.139727
0.125261
0.116355
0.106039
0.117091
0.110104
0.099563
0.099788
0.107776
0.112518
0.101311
0.109557
0.144747
0.151655
0.120479
0.109698
0.150934
0.105273
0.112050
0.106727
0.106865
0.110358
0.120827
0.106299
0.115888
0.151833
0.161332
0.133478
0.133471
0.101831
0.110402
0.108814
0.143944
0.123410
0.106148
0.119239
0.106752
0.105979
0.100363
0.108938
0.172914
0.103484
0.113382
0.142044
0.101340
0.117563
0.107200
0.121145
0.104930
0.141838
0.112346
0.102178
0.104173
0.119815
0.094849
0.102287
0.099218
0.102987
0.155468
0.111604
0.106858
0.106805
0.108881
0.096103
0.109155
0.104272
0.106701
0.101079
0.088629
0.104300
0.088035
0.109686
0.104197
0.097697
0.099542
0.102581
0.093723
0.131814
0.117594
0.127709
0.116567
0.130934
0.109934
0.106204
0.100831
0.096909
0.103134
0.111579
0.097265
0.104724
0.148667
0.112452
0.097893
0.101093
0.103556
0.104621
0.113753
0.104429
0.096594
0.104104
0.097476
0.103134
0.099394
0.097623
0.101148
0.106982
0.099730
0.104636
0.098731
0.105943
0.093962
0.133811
0.103117
0.102702
0.104371
0.110159
0.096471
0.101405
0.097293
0.133067
0.153871
0.098174
0.120117
0.120312
0.103807
0.096317
0.110890
0.126692
0.105290
0.100750
0.117123
0.156014
0.125067
0.108639
0.161994
0.117121
0.111328
0.113558
0.113940
0.109393
0.108741
0.125641
0.105792
0.112869
0.128890
0.103812
0.140333
0.152468
0.099245
0.122693
0.137158
0.109369
0.102588
0.108672
0.146403
0.092451
0.100695
0.131491
0.097833
0.103107
0.113769
0.111055
0.115766
0.144596
0.120226
0.105737
0.110007
0.125676
0.112496
0.117450
0.110003
0.107175
0.139269
0.093750
0.129828
0.102935
0.125707
0.148653
0.104082
0.102863
0.139056
0.104059
0.106636
0.098418
0.105705
0.101573
0.101290
0.112047
0.131984
0.113304
0.114453
0.109030
0.109337
0.104271
0.134066
0.109302
0.120393
0.102244
0.105953
0.100753
0.098311
0.104418
0.101691
0.101344
0.114393
0.132042
0.124030
0.118367
0.114038
0.135063
0.121702
0.120380
0.117549
0.109785
0.104264
0.113882
0.111447
0.124128
0.154476
0.159590
0.122874
0.119742
0.115726
0.113608
0.109372
0.117585
0.130398
0.148548
0.119209
0.123759
0.107483
0.109182
0.138028
0.119263
0.112090
0.147194
0.147592
0.156550
0.102414
0.131654
0.105241
0.107854
0.089872
0.147577
0.123843
0.112046
0.107532
0.109303
0.104685
0.107368
0.144223
0.108149
0.107200
0.111188
0.122528
0.106263
0.102624
0.103323
0.111060
0.096560
0.107391
0.100117
0.109288
0.137608
0.117669
0.111540
0.109624
0.119727
0.112404
0.110632
0.109870
0.106408
0.101817
0.106867
0.094993
0.101402
0.144469
0.106927
0.151196
0.122505
0.114542
0.136749
0.118178
0.109159
0.109276
0.107828
0.129800
0.114512
0.114176
0.100409
0.101998
0.106612
0.104100
0.102926
0.128240
0.153047
0.112143
0.103359
0.106456
0.099843
0.118197
0.102943
0.131947
0.119781
0.103814
0.119887
0.100489
0.129089
0.139022
0.115955
0.092693
0.093695
0.098709
0.111588
0.101359
0.130725
0.089063
0.115500
0.135498
0.105891
0.095381
0.121587
0.102612
0.099607
0.143224
0.110835
0.109168
0.143411
0.121294
0.120917
0.101138
0.103916
0.151022
0.155747
0.113171
0.114324
0.110223
0.101465
0.109012
0.105502
0.104275
0.140152
0.107191
0.146252
0.146858
0.105121
0.145251
0.146172
0.178442
0.110030
0.112955
0.130088
0.123212
0.108104
0.109689
0.106063
0.126595
0.103911
0.101665
0.118340
0.134593
0.103724
0.124345
0.108480
0.118974
0.107274
0.098051
0.133855
0.122118
0.107079
0.127062
0.104800
0.104699
0.112752
0.112738
0.115286
0.113357
0.158633
0.141133
0.103925
0.111707
0.114063
0.109348
0.110347
0.105847
0.121060
0.105711
0.102405
0.122669
0.092221
0.103285
0.142198
0.099054
0.139000
0.120391
0.128549
0.105080
0.115080
0.125017
0.113801
0.131764
0.128620
0.114948
0.115981
0.146286
0.149908
0.122965
0.107781
0.126839
0.115014
0.110128
0.119025
0.099954
0.111776
0.105726
0.146815
0.095721
0.110364
0.112280
0.097826
0.120513
0.130836
0.130769
0.107809
0.123722
0.155503
0.144633
0.154513
0.113378
0.116248
0.103261
0.113544
0.102989
0.104086
0.107568
0.107657
0.104212
0.112092
0.112416
0.111445
0.104522
0.125756
0.106135
0.108346
0.097372
0.106480
0.160731
0.145020
0.115115
0.158100
0.115621
0.112413
0.100604
0.099100
0.109790
0.100169
0.101566
0.100967
0.107774
0.126254
0.109463
0.103992
0.103337
0.103069
0.104052
0.104718
0.110992
0.097465
0.109060
0.112910
0.124048
0.108021
0.105680
0.110335
0.124094
0.159637
0.112171
0.104753
0.132872
0.100296
0.105186
0.106266
0.100849
0.102563
0.115550
0.107056
0.097817
0.113507
0.110598
0.117381
0.113712
0.107165
0.106857
0.106119
0.131426
0.110850
0.135135
0.103948
0.106537
0.088223
0.101119
0.089701
0.094339
0.110837
0.106351
0.111822
0.116295
0.118889
0.099963
0.117670
0.100395
0.094667
0.103576
0.100858
0.095584
0.090433
0.103808
0.087284
0.112805
0.109888
0.093716
0.110158
0.105428
0.098363
0.143957
0.120951
0.104711
0.103842
0.096299
0.100876
0.111608
0.107959
0.098093
0.098266
0.109326
0.126768
0.130566
0.113729
0.115663
0.125013
0.096442
0.106977
0.107249
0.098490
0.099479
0.101751
0.099120
0.096616
0.100079
0.106547
0.108575
0.118262
0.124335
0.104428
0.126994
0.113331
0.103059
0.138915
0.124657
0.138403
0.100581
0.112628
0.108150
0.095174
0.098468
0.102007
0.093166
0.121866
0.161045
0.130841
0.095580
0.137417
0.106683
0.103815
0.105585
0.099561
0.113104
0.109986
0.103663
0.099335
0.099337
0.094639
0.095556
0.091120
0.105253
0.121025
0.091383
0.131233
0.152589
0.119041
0.104720
0.085230
0.095461
0.158336
0.111635
0.106880
0.099004
0.110448
0.110766
0.139358
0.099921
0.108495
0.154534
0.101227
0.106115
0.146901
0.106751
0.119352
0.097976
0.102308
0.103792
0.100722
0.102256
0.103570
0.094536
0.100742
0.099542
0.137354
0.105113
0.099098
0.115151
0.123704
0.120104
0.099788
0.111059
0.105736
0.107537
0.102916
0.123873
0.147768
0.103437
0.103841
0.121207
0.100872
0.100474
0.131447
0.103008
0.097535
0.095304
0.093793
0.109412
0.110713
0.143535
0.124959
0.108324
0.102859
0.095110
0.100448
0.104053
0.143233
0.109106
0.108683
0.127194
0.117524
0.104596
0.118809
0.138958
0.115732
0.098573
0.120290
0.096179
0.109172
0.101280
0.094253
0.097700
0.112307
0.099501
0.097066
0.111215
0.127113
0.148722
0.113022
0.114811
0.149111
0.096960
0.114287
0.111377
0.098799
0.153293
0.132974
0.140659
0.093365
0.111329
0.134851
0.111800
0.097288
0.108727
0.106281
0.108835
0.127662
0.107147
0.103071
0.121147
0.107181
0.098461
0.096282
0.118296
0.093343
0.090864
0.116349
0.105962
0.111867
0.095504
0.096473
0.099684
0.099171
0.109662
0.107131
0.094192
0.097837
0.101973
0.096355
0.105129
0.102095
0.103070
0.101012
0.100365
0.101619
0.098991
0.099561
0.135499
0.114059
0.102863
0.101503
0.095804
0.106173
0.103402
0.112509
0.132854
0.110022
0.097698
0.117496
0.108039
0.111722
0.137155
0.118093
0.131731
0.154110
0.106937
0.099501
0.098676
0.098726
0.100191
0.100497
0.104043
0.097771
0.113188
0.100131
0.132933
0.105940
0.103485
0.103727
0.104947
0.098129
0.098597
0.092699
0.095389
0.104836
0.106875
0.153750
0.111838
0.107119
0.109783
0.110783
0.178126
0.107985
0.104408
0.099620
0.101083
0.117069
0.112908
0.106576
0.102807
0.112079
0.116923
0.119541
0.152535
0.116324
0.113769
0.109145
0.113503
0.136614
0.097414
0.108426
0.115934
0.109375
0.127334
0.099169
0.098753
0.088446
0.101034
0.088859
0.139235
0.104001
0.097882
0.100719
0.097617
0.092537
0.090465
0.086615
0.081433
0.114673
0.137455
0.100144
0.105795
0.133514
0.108547
0.108898
0.100389
0.097800
0.105092
0.107687
0.106603
0.158494
0.152548
0.122241
0.143310
0.118455
0.166017
0.099741
0.101331
0.100754
0.102733
0.107524
0.108185
0.163284
0.149840
0.114265
0.109764
0.102284
0.105710
0.123774
0.110762
0.113032
0.120021
0.107499
0.108493
0.107622
0.111608
0.140820
0.118513
0.132646
0.124313
0.123137
0.112879
0.122252
0.117557
0.116933
0.120915
0.149072
0.102871
0.096908
0.102114
0.101431
0.132493
0.109630
0.121899
0.102704
0.095740
0.112426
0.123205
0.111023
0.121683
0.112457
0.143147
0.096724
0.124789
0.115154
0.103900
0.105819
0.123049
0.115661
0.110938
0.104693
0.110042
0.116935
0.124608
0.094596
0.148937
0.112083
0.095944
0.111045
0.105777
0.100408
0.112674
0.124060
0.094681
0.140997
0.122913
0.106490
0.102735
0.105359
0.100694
0.100636
0.104550
0.131552
0.096249
0.098906
0.098535
0.117562
0.105350
0.105453
0.107571
0.111280
0.108272
0.100132
0.128711
0.098275
0.102851
0.112341
0.118336
0.102156
0.092620
0.109797
0.101298
0.104370
0.102230
0.125461
0.116642
0.104861
0.103039
0.116826
0.097404
0.104776
0.102346
0.096781
0.103070
0.098512
0.102129
0.110307
0.100330
0.097405
0.147906
0.079992
0.142177
0.127208
0.100011
0.136483
0.105491
0.096310
0.114004
0.105385
0.151106
0.099197
0.102166
0.102666
0.106706
0.106023
0.121396
0.100697
0.111814
0.140002
0.105077
0.098761
0.166407
0.104563
0.118111
0.091742
0.092078
0.089097
0.086779
0.086553
0.115394
0.106028
0.144407
0.157913
0.113999
0.107057
0.125065
0.103412
0.125256
0.125061
0.137945
0.104784
0.112370
0.108034
0.118213
0.123683
0.118219
0.115991
0.108270
0.099904
0.111189
0.115768
0.108081
0.100694
0.100116
0.104728
0.100838
0.105660
0.108421
0.100495
0.111905
0.145059
0.107118
0.101570
0.127192
0.138527
0.117469
0.134855
0.106138
0.103065
0.112659
0.119109
0.153767
0.098048
0.114335
0.151168
0.135982
0.135081
0.119456
0.109712
0.093621
0.097349
0.097321
0.145755
0.165443
0.110368
0.151063
0.120569
0.112766
0.112821
0.105416
0.112291
0.117688
0.110795
0.101512
0.116222
0.096664
0.094709
0.100345
0.098525
0.106383
0.097487
0.101393
0.112023
0.124827
0.117426
0.098519
0.106887
0.094259
0.100764
0.116347
0.106980
0.103168
0.102045
0.127918
0.104699
0.150038
0.099490
0.102983
0.113302
0.101988
0.110801
0.109752
0.097729
0.093382
0.116176
0.112303
0.108710
0.125200
0.106166
0.101427
0.105278
0.100240
0.104156
0.108565
0.108505
0.105762
0.105487
0.117599
0.152083
0.114825
0.161499
0.158583
0.102778
0.096793
0.104161
0.104430
0.116899
0.104254
0.100243
0.096640
0.123136
0.119749
0.115934
0.123065
0.103637
0.095731
0.138493
0.106015
0.102412
0.132946
0.111688
0.105989
0.106530
0.108479
0.100810
0.105572
0.104250
0.136246
0.101064
0.100945
0.106662
0.104982
0.106819
0.109055
0.119806
0.121625
0.117401
0.098999
0.110511
0.142056
0.119392
0.095308
0.102875
0.105000
0.110308
0.117556
0.095800
0.113182
0.096643
0.102981
0.107793
0.103559
0.099121
0.094771
0.100792
0.098326
0.105016
0.111616
0.096376
0.113210
0.109916
0.141272
0.114197
0.100180
0.119934
0.108379
0.100187
0.102969
0.105531
0.104615
0.113102
0.106739
0.143359
0.094213
0.108140
0.111420
0.094282
0.108401
0.098176
0.108236
0.097863
0.101306
0.112172
0.110806
0.108602
0.112454
0.124565
0.119641
0.099309
0.100432
0.104794
0.094798
0.111958
0.118674
0.110367
0.101894
0.123093
0.096796
0.121080
0.105793
0.124572
0.109475
0.110932
0.102032
0.115112
0.107579
0.107798
0.109908
0.156442
0.107431
0.127191
0.152073
0.111974
0.104796
0.149000
0.092604
0.099565
0.095322
0.101744
0.107317
0.114219
0.111631
0.106954
0.120589
0.148495
0.098531
0.103372
0.107670
0.104411
0.096720
0.101013
0.105498
0.096173
0.112922
0.102801
0.095474
0.103839
0.101818
0.143699
0.115012
0.110932
0.111719
0.107085
0.102541
0.099207
0.097507
0.101636
0.099220
0.106737
0.149107
0.140458
0.107997
0.102894
0.098412
0.102147
0.110526
0.099981
0.099641
0.101438
0.101906
0.110301
0.106157
0.100878
0.102353
0.098738
0.100749
0.112924
0.098435
0.102924
0.124640
0.100688
0.105650
0.105337
0.112676
0.102188
0.120243
0.115301
0.096020
0.145191
0.088548
0.121052
0.097049
0.089528
0.122703
0.102720
0.103248
0.115449
0.122752
0.107901
0.138768
0.097712
0.096288
0.099412
0.092885
0.104096
0.105502
0.100053
0.102196
0.107199
0.103477
0.097012
0.130395
0.104202
0.105418
0.140114
0.116677
0.101869
0.105974
0.138818
0.103083
0.107996
0.112521
0.102290
0.103000
0.108434
0.127561
0.099528
0.111584
0.106475
0.141120
0.095716
0.113749
0.115263
0.107175
0.141729
0.119902
0.107704
0.107080
0.116984
0.134985
0.095266
0.116354
0.101975
0.112673
0.118485
0.124203
0.107793
0.119181
0.109467
0.113162
0.113854
0.107886
0.124107
0.096709
0.130370
0.134264
0.114615
0.113101
0.105274
0.138732
0.110658
0.101272
0.142480
0.105469
0.104542
0.120517
0.105351
0.131343
0.101197
0.101162
0.100895
0.103570
0.111825
0.093771
0.109699
0.091010
0.092913
0.100822
0.095162
0.109794
0.101308
0.111369
0.096553
0.112306
0.101876
0.107205
0.090764
0.109528
0.136822
0.097341
0.131951
0.103431
0.134187
0.101690
0.103177
0.092501
0.096822
0.127894
0.120917
0.128089
0.100350
0.111275
0.095266
0.107955
0.121476
0.110373
0.095218
0.098462
0.106573
0.106642
0.112178
0.108295
0.102294
0.102040
0.106311
0.107711
0.097811
0.096761
0.099454
0.108605
0.099242
0.115860
0.110838
0.103884
0.100882
0.161939
0.131132
0.113259
0.106021
0.109503
0.091007
0.102504
0.147182
0.111239
0.103415
0.107006
0.098938
0.099545
0.104600
0.108771
0.139757
0.136500
0.098470
0.115613
0.105203
0.121353
0.098582
0.100049
0.127857
0.107951
0.111182
0.132389
0.091067
0.097052
0.100991
0.097604
0.094600
0.115372
0.103015
0.098322
0.135753
0.141674
0.105986
0.118831
0.117707
0.147269
0.098531
0.134358
0.101516
0.112529
0.110965
0.150043
0.110188
0.101410
0.139524
0.104403
0.115804
0.099094
0.099041
0.099501
0.102201
0.109353
0.102822
0.105367
0.100095
0.091458
0.093907
0.094904
0.093730
0.109426
0.107959
0.112366
0.156653
0.108593
0.156199
0.108456
0.108448
0.105849
0.121259
0.109429
0.097830
0.138497
0.090407
0.099016
0.104125
0.097275
0.109783
0.099977
0.135541
0.119320
0.107671
0.110173
0.109396
0.111014
0.129727
0.093855
0.102262
0.105433
0.110937
0.125868
0.132715
0.105325
0.119040
0.095060
0.096080
0.108055
0.097369
0.107782
0.112713
0.095077
0.109900
0.133136
0.117720
0.100815
0.098498
0.104789
0.115989
0.096429
0.102089
0.116537
0.100324
0.115349
0.106673
0.105906
0.101015
0.102749
0.090096
0.141843
0.100188
0.137164
0.141520
0.118228
0.125268
0.100797
0.102072
0.098977
0.145964
0.137430
0.114547
0.105374
0.099288
0.134892
0.098639
0.082748
0.092736
0.101536
0.099659
0.103029
0.105167
0.102535
0.107395
0.106776
0.111559
0.103940
0.105722
0.111795
0.141984
0.090868
0.086884
0.090940
0.093611
0.094520
0.095257
0.093370
0.113990
0.113363
0.098998
0.098120
0.101081
0.105484
0.110061
0.103363
0.112051
0.115232
0.108891
0.119853
0.146149
0.112365
0.146100
0.121528
0.115031
0.113957
0.114831
0.108248
0.120576
0.109152
0.107850
0.111375
0.132874
0.128748
0.174071
0.119786
0.126241
0.108340
0.115497
0.102637
0.106500
0.102186
0.109744
0.111663
0.118424
0.109886
0.107175
0.108102
0.096170
0.102856
0.106885
0.117553
0.107045
0.110095
0.117231
0.111311
0.107548
0.111104
0.110038
0.101918
0.113965
0.105509
0.099453
0.098546
0.102152
0.103840
0.109235
0.096189
0.151731
0.102279
0.097488
0.102136
0.102193
0.099005
0.100794
0.102651
0.109775
0.110871
0.111576
0.108296
0.123557
0.147138
0.114330
0.103489
0.106879
0.107303
0.103686
0.101802
0.103785
0.153578
0.122100
0.120361
0.119183
0.164456
0.102309
0.114536
0.103878
0.104386
0.107073
0.113280
0.106349
0.102314
0.106904
0.113863
0.110090
0.147689
0.115237
0.097853
0.106990
0.105549
0.127413
0.100992
0.110222
0.103643
0.100371
0.117588
0.156940
0.153676
0.105997
0.096294
0.097735
0.096227
0.100516
0.110530
0.100380
0.103187
0.114275
0.109472
0.097970
0.105924
0.104893
0.132592
0.142386
0.103450
0.103881
0.102008
0.105786
0.103108
0.155284
0.107788
0.106364
0.106944
0.126795
0.110331
0.102613
0.126035
0.117875
0.107367
0.106980
0.166312
0.121140
0.112899
0.121396
0.126452
0.114353
0.116099
0.115669
0.115644
0.144762
0.133381
0.110090
0.109502
0.119954
0.151855
0.104336
0.097002
0.118232
0.108802
0.117301
0.101907
0.091086
0.092973
0.103585
0.101599
0.124541
0.097346
0.109201
0.099639
0.114313
0.106588
0.115572
0.131313
0.106183
0.126925
0.098492
0.111265
0.111060
0.106004
0.133482
0.107498
0.105479
0.135979
0.127676
0.131984
0.109941
0.099892
0.111616
0.104577
0.104429
0.105047
0.113377
0.097479
0.089005
0.100689
0.100788
0.096098
0.095495
0.097556
0.103205
0.111337
0.105752
0.101000
0.109108
0.099586
0.114416
0.106627
0.102975
0.123405
0.096445
0.101990
0.106676
0.092972
0.111078
0.121159
0.128918
0.098125
0.097062
0.098168
0.096525
0.099510
0.113893
0.106607
0.114722
0.112730
0.144571
0.105038
0.104587
0.122241
0.131974
0.120206
0.113966
0.109946
0.123050
0.106224
0.106520
0.103261
0.105286
0.096940
0.099568
0.098662
0.098794
0.097385
0.106678
0.101345
0.106627
0.100442
0.099129
0.107432
0.108168
0.117972
0.098567
0.107994
0.143797
0.098392
0.135949
0.132911
0.101738
0.100002
0.093971
0.115385
0.108738
0.117862
0.136411
0.105237
0.122955
0.102636
0.151197
0.100488
0.108712
0.101777
0.129813
0.135958
0.086417
0.090076
0.085289
0.120859
0.131062
0.100505
0.105026
0.098033
0.098699
0.105489
0.103705
0.113926
0.108753
0.104131
0.108485
0.102183
0.115461
0.098463
0.095846
0.094987
0.098933
0.098063
0.096159
0.107905
0.110110
0.113594
0.128384
0.114287
0.135234
0.103102
0.109969
0.110221
0.106264
0.114099
0.102637
0.113266
0.135933
0.115989
0.090720
0.113824
0.095777
0.097887
0.111669
0.107826
0.109493
0.102809
0.098699
0.103765
0.103532
0.097977
0.103607
0.096652
0.095124
0.111560
0.125567
0.106524
0.120620
0.138217
0.142907
0.101553
0.115062
0.105741
0.103159
0.113129
0.096880
0.101048
0.101769
0.099357
0.103876
0.118577
0.110809
0.106182
0.101398
0.133777
0.145664
0.131271
0.108892
0.106568
0.133482
0.107037
0.122722
0.105402
0.110185
0.110369
0.132848
0.101709
0.109618
0.122207
0.103390
0.107688
0.118411
0.103161
0.132797
0.110849
0.124661
0.155040
0.107975
0.106067
0.095761
0.101606
0.103649
0.102996
0.104570
0.141705
0.152204
0.108192
0.105893
0.102800
0.107797
0.103398
0.099705
0.133258
0.093292
0.097204
0.106444
0.118048
0.127848
0.114084
0.116626
0.141102
0.140875
0.132854
0.101626
0.103177
0.103842
0.102008
0.102568
0.110842
0.125919
0.137056
0.112389
0.109638
0.105023
0.161105
0.118120
0.118411
0.101383
0.125639
0.134718
0.107980
0.112231
0.120948
0.117857
0.136772
0.095426
0.156779
0.109300
0.114959
0.138469
0.106582
0.104107
0.101348
0.102795
0.113268
0.120474
0.116385
0.102393
0.105782
0.136382
0.117363
0.116201
0.106381
0.112922
0.108876
0.103587
0.122839
0.139753
0.084103
0.133395
0.115485
0.088301
0.104464
0.108919
0.123313
0.101654
0.112090
0.141432
0.121683
0.108390
0.103893
0.117246
0.106829
0.114030
0.140778
0.095540
0.096106
0.131682
0.145797
0.139202
0.103696
0.096271
0.099911
0.105843
0.103500
0.126596
0.094001
0.097241
0.101012
0.100583
0.137494
0.138233
0.121272
0.116221
0.103409
0.109708
0.101657
0.102393
0.101584
0.099976
0.117626
0.108980
0.149966
0.105042
0.126221
0.116334
0.099936
0.100386
0.105591
0.100895
0.110245
0.111395
0.105311
0.133989
0.106473
0.106037
0.106398
0.107563
0.105200
0.100939
0.091024
0.095147
0.097894
0.107116
0.100245
0.104583
0.092201
0.097604
0.124914
0.097046
0.105990
0.152914
0.107537
0.096779
0.109196
0.101592
0.101999
0.102160
0.105934
0.107564
0.104638
0.104192
0.110505
0.106638
0.103636
0.153700
0.128014
0.115080
0.124169
0.105876
0.118741
0.109407
0.099285
0.117909
0.103806
0.110831
0.105846
0.124953
0.101738
0.098740
0.099256
0.103028
0.109806
0.104759
0.105996
0.101069
0.105413
0.126539
0.107461
0.102582
0.111755
0.130073
0.108980
0.106202
0.108000
0.100767
0.100972
0.100971
0.101263
0.099837
0.099344
0.096957
0.110105
0.126571
0.103834
0.114535
0.096729
0.097221
0.105536
0.139054
0.107538
0.112862
0.142096
0.128809
0.118342
0.125068
0.108777
0.123268
0.113784
0.104819
0.114106
0.124505
0.121587
0.116814
0.158617
0.107911
0.103428
0.097398
0.103832
0.101333
0.099942
0.100935
0.097465
0.097124
0.098610
0.104378
0.102451
0.093896
0.095911
0.086633
0.107604
0.107101
0.100810
0.082736
0.110718
0.102960
0.135684
0.105428
0.105976
0.097356
0.098110
0.096580
0.103740
0.108899
0.104350
0.106570
0.138590
0.112376
0.106814
0.111021
0.139452
0.119802
0.111778
0.118611
0.107913
0.106623
0.129962
0.105592
0.118035
0.115041
0.109312
0.108495
0.106449
0.115061
0.110405
0.102404
0.111545
0.111495
0.116829
0.100495
0.100681
0.124404
0.102883
0.099292
0.115532
0.096600
0.096543
0.112073
0.105089
0.103453
0.106855
0.164701
0.136398
0.104289
0.117701
0.112871
0.109853
0.110325
0.111085
0.111590
0.162837
0.115236
0.120686
0.124598
0.115355
0.130803
0.112617
0.103352
0.110229
0.104327
0.121189
0.112745
0.108250
0.128888
0.119894
0.111499
0.101987
0.103745
0.108815
0.108917
0.104487
0.108195
0.107894
0.110412
0.122716
0.112925
0.114209
0.118516
0.106740
0.144350
0.119857
0.148583
0.111475
0.144892
0.117246
0.104317
0.097505
0.122140
0.104892
0.113010
0.136604
0.093789
0.109010
