739	360	52	33
738	358	53	33
737	359	55	34
737	359	54	34
735	359	54	34
734	359	55	35
732	359	56	35
731	359	56	35
729	359	58	36
728	359	59	37
727	360	58	37
726	360	59	37
724	360	60	37
723	361	57	36
722	361	57	36
721	362	60	37
719	361	58	38
719	362	59	38
719	362	56	38
717	362	56	37
716	363	57	37
714	363	58	37
712	364	61	37
712	364	60	37
710	364	61	37
709	365	59	37
709	366	60	37
708	366	60	37
706	367	60	37
706	367	60	37
705	366	62	38
704	366	62	39
703	367	62	39
702	368	61	38
701	368	60	38
700	368	63	39
699	368	63	39
698	369	63	40
698	369	63	39
698	369	62	39
696	369	63	39
696	370	63	39
696	370	63	39
694	371	64	40
693	372	63	40
693	371	62	40
693	371	64	41
691	372	65	40
689	372	66	41
688	372	65	41
688	372	68	42
687	373	67	41
686	373	67	41
685	374	68	41
686	375	68	41
685	375	67	41
684	375	68	42
683	375	69	42
683	375	69	43
682	375	72	43
682	376	69	43
681	378	68	42
681	378	70	43
680	379	69	43
680	379	70	43
679	379	70	43
678	379	71	44
678	379	72	44
677	379	79	45
676	379	73	45
676	380	75	45
675	380	72	46
674	381	72	46
674	382	72	46
674	383	73	47
673	383	73	47
672	384	74	46
671	384	74	47
671	385	74	47
670	385	74	47
670	386	74	46
669	387	74	46
669	385	76	48
668	387	75	47
667	388	77	48
666	388	78	49
666	388	77	48
666	388	78	50
665	389	78	50
665	389	78	51
664	389	79	51
663	390	80	51
661	390	80	51
661	392	80	50
660	391	81	52
661	391	79	52
658	393	81	52
658	394	82	51
657	395	82	51
657	394	83	53
656	396	82	53
656	396	83	53
654	397	83	53
655	397	83	54
655	396	84	55
653	397	84	55
652	398	85	55
651	397	88	57
650	400	84	55
650	399	86	56
649	400	86	57
648	401	87	56
647	403	87	56
647	403	87	56
646	404	88	56
646	402	87	58
645	405	87	57
643	405	88	58
642	404	87	59
642	405	88	59
640	406	90	60
640	406	90	59
638	406	89	61
638	408	91	61
635	408	92	61
634	409	92	61
633	409	95	62
632	409	93	62
632	410	96	62
631	411	94	62
630	411	94	63
629	411	96	64
627	412	95	64
626	413	96	64
624	414	95	63
623	415	96	64
621	415	98	64
621	417	97	64
620	418	96	64
619	416	99	66
616	419	98	64
615	418	103	67
614	421	100	66
613	420	99	67
611	420	102	69
609	422	101	68
608	422	104	68
607	422	103	69
605	424	103	68
603	425	104	69
601	425	105	69
601	426	105	69
600	427	103	70
598	427	104	71
596	428	108	71
595	429	108	71
593	431	107	71
591	431	108	72
590	432	108	71
588	433	109	72
587	433	109	73
585	433	111	74
584	435	111	74
582	435	113	74
580	437	113	74
578	437	114	75
577	438	116	75
577	438	115	76
575	439	114	76
573	440	116	77
571	440	115	77
570	441	116	77
568	444	114	76
566	443	117	78
563	444	118	79
561	445	118	79
560	445	122	81
558	445	123	80
555	447	123	79
554	449	119	80
552	450	122	80
550	449	122	80
548	450	122	81
547	451	123	80
544	452	123	80
543	452	123	81
541	453	125	81
539	454	125	82
537	453	127	83
535	454	126	83
533	455	127	82
531	454	128	84
528	458	130	82
527	456	128	84
525	457	129	84
523	459	130	83
521	458	133	84
520	459	133	84
519	459	133	85
516	459	134	86
513	461	134	85
511	462	133	84
511	459	138	88
509	461	135	87
507	462	138	87
504	461	138	88
502	463	139	86
500	461	139	89
497	463	141	89
497	464	140	88
496	464	141	89
494	465	142	88
490	464	144	91
489	465	145	90
487	466	146	90
486	465	145	90
484	466	148	90
481	467	145	90
481	467	145	91
479	467	147	91
477	467	147	91
474	468	147	91
474	469	148	90
473	469	148	91
471	469	149	92
469	467	153	94
467	470	150	92
466	469	153	95
463	472	153	94
461	472	156	96
460	476	155	95
458	477	155	96
455	480	157	96
454	479	157	97
454	475	156	95
453	462	156	93
453	434	154	92
452	415	154	95
451	397	155	94
449	379	155	95
449	361	155	97
447	361	160	97
446	364	158	95
444	365	155	95
442	364	164	98
441	364	158	97
439	365	160	97
438	366	162	96
435	365	163	98
434	365	165	99
433	366	167	100
433	368	162	98
431	367	166	99
431	367	167	101
429	368	164	99
428	369	164	99
426	369	164	100
424	371	164	99
424	370	165	101
423	373	164	99
421	373	168	100
420	372	167	101
420	371	166	102
419	371	168	102
417	372	169	103
416	372	170	103
416	374	166	102
416	372	167	104
412	373	171	107
413	373	173	106
412	373	171	106
412	375	170	104
412	373	171	107
411	374	171	107
412	375	169	106
410	377	171	106
409	378	171	106
408	377	174	107
408	376	174	108
408	378	174	107
407	377	171	108
407	378	173	108
407	379	173	108
407	379	171	109
405	378	172	111
404	379	176	111
404	378	177	112
402	379	176	111
402	380	178	111
402	381	177	112
401	378	177	117
401	379	177	115
402	380	179	114
401	381	179	116
402	382	178	114
402	381	179	115
400	384	181	114
399	383	182	115
400	384	182	115
400	384	182	117
401	387	181	114
400	387	179	115
400	388	179	115
399	388	179	116
399	387	185	117
398	388	182	117
398	389	181	117
398	389	184	119
399	391	180	117
398	388	185	121
398	389	184	120
399	392	184	119
397	391	186	121
397	390	187	122
397	390	188	124
398	393	187	122
399	393	183	120
398	396	182	120
399	395	185	122
399	398	182	119
399	394	186	125
397	396	187	125
397	395	188	127
398	396	187	126
398	395	187	128
397	397	187	126
398	398	185	127
397	397	188	128
397	400	188	127
399	401	188	128
397	399	190	130
397	400	190	129
397	401	191	130
397	401	191	130
398	403	189	129
397	402	191	131
398	404	191	129
398	405	190	130
398	402	191	133
398	406	193	130
399	404	191	134
398	407	190	131
398	405	191	135
398	405	197	135
398	409	193	132
398	405	196	138
399	409	194	133
399	410	194	133
398	410	193	135
398	410	193	134
399	410	194	137
398	411	195	136
397	413	196	136
395	410	201	139
397	411	196	139
398	413	195	138
398	414	195	138
399	416	196	136
398	414	197	140
399	415	195	139
397	415	196	141
398	417	196	140
398	414	200	144
398	413	197	145
397	415	197	145
397	415	200	146
397	414	199	147
397	416	199	147
396	416	200	148
395	416	200	148
395	417	203	148
394	417	200	149
394	418	202	148
393	418	204	149
392	419	202	149
393	421	202	148
393	420	201	150
392	423	201	148
392	420	204	151
391	421	203	151
390	423	205	150
389	423	205	150
388	424	206	151
388	425	206	152
387	427	206	152
386	425	211	154
386	422	212	158
385	426	211	155
385	425	209	158
385	426	210	157
385	425	209	159
384	428	211	157
383	427	210	159
382	428	211	158
381	430	212	158
380	431	211	156
380	432	211	159
379	433	211	158
379	432	212	159
380	434	210	159
380	435	210	159
378	436	212	159
377	436	214	160
377	439	210	158
377	441	211	157
376	438	214	160
375	438	214	162
372	437	216	164
372	441	215	162
372	444	214	160
371	442	216	163
370	444	215	161
369	441	218	165
368	444	216	161
368	443	216	163
366	445	215	163
366	446	215	163
366	446	213	162
366	443	217	166
365	445	216	165
364	448	214	162
364	447	218	165
362	447	219	164
363	449	217	163
363	448	217	165
363	448	217	164
362	447	220	165
362	447	220	166
360	448	221	165
359	448	222	166
360	445	224	170
358	447	226	168
360	446	225	170
360	447	223	170
358	446	226	171
358	446	225	170
356	446	226	171
358	448	223	170
358	450	223	169
357	448	225	171
356	449	223	171
357	447	225	173
356	449	224	172
355	450	226	171
355	448	223	173
355	450	224	172
355	451	223	172
354	452	222	170
353	450	225	172
352	453	223	171
352	450	223	173
351	452	222	172
350	450	224	174
349	450	221	174
348	452	222	173
347	448	223	176
346	449	223	174
346	450	220	175
345	452	220	172
344	451	223	173
344	450	218	173
343	452	219	172
341	448	225	176
342	450	221	173
343	451	220	171
342	451	220	170
341	449	220	173
341	449	220	172
342	449	219	171
344	446	219	174
344	447	218	171
345	448	217	171
345	445	217	172
345	444	219	173
347	444	211	170
347	443	214	171
349	444	212	169
349	443	218	170
350	443	214	170
351	443	215	169
352	442	209	168
354	442	213	167
354	440	211	167
355	438	212	170
356	436	212	170
357	438	211	167
358	437	210	167
358	438	211	165
362	441	211	162
364	439	208	164
365	440	206	162
368	439	201	160
369	437	204	161
370	438	204	159
371	437	200	159
373	438	200	157
375	436	199	159
377	436	198	158
379	435	198	157
380	437	198	156
383	433	197	158
383	435	197	155
385	434	195	155
387	433	195	155
390	435	193	153
392	433	192	154
395	430	191	156
395	432	192	152
398	430	190	154
399	433	189	151
400	432	188	151
402	430	189	153
404	429	188	152
407	428	187	152
409	429	184	150
411	428	183	149
413	428	182	149
416	426	184	149
418	427	181	147
419	425	182	149
423	426	179	147
424	424	180	149
426	424	178	147
429	423	176	147
432	424	175	145
433	423	175	146
434	423	174	145
437	424	171	144
439	423	173	144
440	423	174	142
442	422	173	142
444	421	172	142
447	421	171	141
449	420	170	141
451	421	169	140
452	418	169	141
455	419	169	138
458	417	165	139
460	417	166	137
462	417	166	136
464	418	165	134
466	416	163	135
468	416	164	135
470	415	164	134
472	412	163	136
476	413	160	134
478	412	162	134
479	412	160	134
483	413	157	132
484	412	158	131
487	412	155	132
489	410	157	133
494	410	153	133
496	409	155	132
497	409	153	131
499	409	153	130
502	408	154	132
504	408	153	132
507	407	152	131
509	407	150	131
511	407	153	131
512	407	153	130
516	407	150	131
517	404	152	132
521	406	150	130
522	405	148	130
524	406	148	129
526	405	148	130
527	405	147	128
529	408	146	126
530	404	150	127
532	405	147	128
535	409	144	124
536	407	145	124
538	406	144	125
540	406	144	125
542	405	143	125
542	406	143	124
543	405	144	125
546	407	141	123
547	408	143	122
550	406	142	122
550	407	142	121
552	408	141	120
553	406	142	122
555	406	141	121
557	407	141	122
559	406	141	121
560	406	138	120
561	405	141	121
562	407	138	119
564	405	139	120
565	405	139	120
566	407	138	117
567	405	140	118
567	405	139	119
569	405	139	119
570	404	140	119
570	405	138	119
572	405	136	118
572	406	138	116
573	404	138	118
576	406	134	116
575	405	137	116
576	404	138	117
576	403	137	116
577	404	137	114
578	404	136	114
580	403	137	116
581	405	135	113
580	405	137	113
580	405	137	112
581	401	139	117
582	403	138	114
581	403	139	114
583	403	140	115
585	403	138	113
585	403	139	113
586	403	138	112
584	403	139	113
585	402	140	114
586	404	140	111
588	402	139	111
587	401	140	111
589	403	141	109
589	405	140	108
589	404	141	109
589	404	142	108
590	404	141	108
588	405	142	105
590	405	142	106
592	404	142	106
591	405	143	106
592	403	146	107
591	403	146	108
592	403	144	108
590	403	146	107
592	403	147	106
594	402	144	106
595	402	144	106
596	402	144	106
597	401	144	106
597	401	145	107
599	400	144	106
600	400	143	106
601	400	144	107
600	400	145	106
600	400	145	106
601	400	146	106
602	400	146	105
604	400	144	104
603	401	146	103
599	401	150	102
601	401	149	102
603	401	148	103
604	401	150	101
605	401	149	101
606	400	145	101
607	400	149	100
606	400	148	100
607	400	150	100
607	400	151	99
605	399	152	100
607	400	153	99
607	400	154	98
606	400	155	98
605	400	156	98
608	403	154	95
610	401	152	95
609	401	155	95
608	400	157	95
609	403	155	91
612	399	154	95
612	399	158	94
612	401	156	92
612	401	156	93
615	399	158	94
616	399	156	93
615	400	158	93
615	400	157	92
618	401	154	90
619	400	153	90
621	400	155	91
622	402	154	88
626	399	155	89
626	404	154	85
630	399	156	90
631	402	157	86
634	400	156	87
636	402	156	85
638	399	156	87
640	400	161	87
643	402	158	84
643	400	161	86
643	403	162	81
647	400	158	85
648	400	160	84
651	400	159	83
653	402	160	82
654	399	166	86
656	400	164	83
656	399	164	84
659	399	164	84
660	399	166	85
662	399	163	84
663	401	166	83
664	401	167	84
665	398	165	85
667	401	166	83
668	401	167	84
669	402	166	84
670	400	167	84
670	401	169	84
670	400	168	86
671	401	169	84
670	405	171	82
669	402	173	86
669	405	172	82
668	403	173	85
668	404	172	84
666	404	174	84
667	408	172	82
665	404	177	87
665	406	176	86
664	404	180	88
664	407	180	85
662	405	180	87
662	409	180	85
661	406	185	89
661	407	184	88
657	410	186	87
659	409	186	88
656	412	187	87
656	410	189	88
656	412	189	88
654	412	191	88
653	414	190	87
653	415	189	88
653	413	190	89
652	416	191	89
649	414	194	91
650	417	194	89
647	418	196	90
646	418	195	90
645	419	197	91
642	420	198	92
640	421	200	91
639	420	202	93
635	422	201	92
632	423	204	92
631	422	204	94
628	425	204	92
626	425	205	92
623	426	209	93
621	427	207	92
619	426	208	93
616	428	210	92
615	429	210	92
612	431	211	91
611	430	213	93
608	432	211	91
607	430	212	93
606	433	212	92
604	432	216	91
603	433	217	92
602	432	217	92
598	433	218	92
598	435	215	90
597	434	225	92
596	435	221	90
595	435	221	91
593	435	223	91
593	436	222	91
592	436	221	90
591	435	224	90
591	435	225	92
590	437	222	90
589	437	223	90
588	438	226	90
587	437	227	91
585	437	227	91
587	438	225	90
583	437	233	92
583	439	232	90
579	439	238	91
580	438	235	93
578	438	238	91
580	439	235	91
580	440	235	92
577	441	235	90
577	442	236	90
575	442	236	90
575	442	237	91
573	443	241	91
572	443	240	91
573	442	238	91
572	443	240	91
570	443	243	92
570	444	245	91
569	444	241	91
570	445	245	91
570	445	243	91
569	445	244	91
568	446	243	91
565	445	250	92
565	448	245	88
565	448	250	90
563	449	248	88
564	450	248	89
564	451	249	88
562	449	249	90
560	451	252	90
560	451	253	90
558	453	255	89
558	452	255	90
558	453	251	88
558	452	252	91
556	453	252	91
556	452	253	91
554	453	256	92
553	455	250	89
549	455	260	90
549	455	258	90
547	456	259	89
547	456	258	91
544	457	262	90
543	456	259	92
542	457	262	91
540	459	263	89
537	457	265	92
536	459	266	90
535	458	263	92
533	459	265	91
531	460	267	91
530	459	267	91
527	459	271	93
525	460	272	93
521	461	276	92
520	460	273	92
517	462	275	92
517	461	275	92
511	463	279	90
510	464	278	89
507	463	278	91
507	464	278	90
503	464	279	90
503	466	279	89
501	466	282	88
498	468	279	87
495	467	284	88
494	468	279	88
492	469	282	88
491	467	284	89
487	468	285	89
486	468	287	88
485	468	287	90
483	470	287	89
480	470	289	89
478	471	290	89
477	471	290	90
476	470	291	90
473	472	290	89
472	471	294	90
469	474	292	89
469	473	295	89
467	474	295	90
464	474	297	89
463	475	297	89
462	474	296	90
460	476	295	88
458	476	296	91
457	475	300	91
454	478	300	90
452	477	303	91
451	477	302	90
449	478	302	90
448	479	302	90
447	480	303	90
444	480	303	90
443	481	303	91
441	483	304	88
438	483	305	89
438	483	304	89
437	483	306	90
434	483	308	90
432	485	308	90
430	485	308	91
429	485	309	91
426	485	310	91
425	487	312	90
422	487	313	91
420	488	312	90
418	490	314	89
415	490	316	90
415	490	315	90
412	492	317	87
411	492	318	90
413	493	317	89
414	491	320	92
417	493	318	90
418	494	316	88
423	497	320	86
426	497	323	86
428	498	322	84
431	499	323	84
435	499	325	85
438	500	325	83
442	501	322	82
446	501	326	82
450	503	326	79
454	502	328	81
458	506	331	77
460	507	331	74
466	509	331	73
472	510	329	72
476	512	332	70
482	513	331	70
489	514	331	68
494	514	332	67
501	515	332	64
506	517	335	62
517	519	332	60
524	521	332	56
531	521	333	54
540	522	335	53
551	525	337	50
558	527	337	48
564	526	341	49
572	528	340	47
582	529	341	45
589	529	338	46
595	530	338	45
599	529	341	47
606	529	340	48
610	529	342	49
617	528	341	50
619	528	342	50
624	527	340	52
628	527	339	53
632	526	343	54
635	524	337	56
639	525	341	57
642	525	339	58
645	523	336	59
645	523	338	59
652	522	332	62
653	522	335	62
655	521	337	64
657	521	334	64
660	521	335	66
661	518	335	68
661	519	337	67
665	518	335	69
667	517	335	68
670	517	334	69
671	516	336	70
674	516	334	71
679	514	333	72
680	512	333	74
683	513	333	74
684	512	334	75
687	509	332	78
688	510	333	78
688	509	333	79
691	508	330	80
690	507	329	78
690	508	330	78
691	507	327	80
690	506	327	80
687	505	328	81
688	506	325	80
687	504	324	82
687	504	322	80
686	503	321	81
684	502	322	82
682	501	320	82
680	502	319	82
680	499	317	84
677	500	316	83
677	495	316	88
675	497	313	85
672	496	309	84
670	498	307	84
669	495	304	84
666	494	307	86
663	495	303	84
660	494	300	86
657	496	304	85
655	494	304	86
652	492	302	86
649	494	296	84
646	492	293	86
643	492	297	86
640	490	295	85
639	491	294	88
635	491	297	87
634	490	294	87
632	488	291	91
629	489	292	89
629	487	289	91
624	486	292	91
621	488	294	91
622	485	293	94
620	486	292	93
618	486	290	93
614	480	290	99
615	482	287	97
613	482	284	96
611	482	285	96
606	482	287	97
604	480	284	100
603	478	282	102
604	479	277	101
598	479	279	100
598	479	276	99
593	478	274	100
593	477	275	102
590	477	272	99
589	478	269	100
585	475	270	103
582	475	268	101
579	473	265	103
579	472	262	103
577	471	261	105
575	472	259	105
573	470	255	104
571	471	256	106
569	470	251	104
567	470	252	106
565	469	242	100
564	466	246	110
562	466	236	103
562	467	241	108
558	467	237	102
557	464	239	111
554	463	235	104
553	463	237	111
552	462	227	105
551	462	233	112
548	461	223	103
548	461	227	111
545	459	224	105
545	460	229	113
543	458	218	105
542	459	225	112
541	456	214	103
540	456	216	112
539	455	209	105
537	454	216	112
534	452	210	107
534	451	210	111
533	452	203	103
532	450	212	112
530	449	201	107
528	448	198	106
527	448	201	109
526	446	196	105
525	446	183	105
523	444	198	112
522	445	185	105
522	444	184	100
518	441	188	110
519	441	179	103
518	438	186	110
518	439	176	105
516	440	183	107
514	438	182	106
514	438	177	105
514	436	177	105
513	436	172	105
512	435	174	104
510	435	174	106
510	434	172	107
510	433	168	104
508	433	168	108
509	432	166	106
507	431	167	107
506	430	163	107
505	428	161	111
506	428	158	102
507	427	155	104
505	427	151	103
505	426	148	106
506	426	150	107
505	425	148	108
505	423	149	110
504	422	150	109
503	422	147	106
505	422	142	107
503	421	144	106
503	420	143	102
505	421	140	106
503	419	140	105
502	419	140	105
502	417	139	105
501	417	139	103
502	417	134	102
501	415	136	101
501	415	133	99
502	413	131	102
501	411	126	101
501	410	122	98
502	409	112	88
501	410	103	83
501	408	105	80
502	407	98	82
502	406	101	80
502	404	99	81
501	404	101	82
499	402	108	89
501	400	105	92
501	400	106	94
500	399	113	98
500	397	106	90
501	396	108	96
500	395	108	99
499	393	104	91
499	391	97	91
501	390	101	92
501	389	96	93
501	387	98	89
500	385	99	98
501	383	98	97
500	383	92	91
500	381	88	94
500	376	95	96
501	377	86	91
501	374	85	94
501	372	93	98
501	372	85	88
502	369	81	91
501	368	81	94
501	365	79	91
502	367	78	86
502	365	73	82
502	363	78	84
502	361	75	86
503	358	71	91
503	358	74	91
504	354	72	87
503	355	69	87
503	350	69	88
502	351	67	83
503	351	67	76
504	349	62	77
504	345	62	75
504	345	65	80
504	344	64	82
505	343	61	78
505	339	59	75
