0.010024
0.086818
0.091849
0.094004
0.086005
0.093658
0.126933
0.097622
0.091805
0.094150
0.127123
0.097522
0.099361
0.142716
0.102589
0.103700
0.105096
0.105789
0.100677
0.115471
0.160342
0.117068
0.099458
0.112220
0.103656
0.107580
0.093107
0.094484
0.088923
0.092701
0.091125
0.097054
0.100273
0.125339
0.114907
0.110291
0.101658
0.107713
0.124775
0.107610
0.095096
0.082752
0.091642
0.097365
0.129729
0.100421
0.110095
0.101507
0.116288
0.106479
0.152362
0.109769
0.095953
0.086931
0.105266
0.109423
0.112633
0.101250
0.093811
0.103122
0.088264
0.095902
0.110673
0.099721
0.097137
0.097424
0.099569
0.146474
0.110301
0.101020
0.109162
0.099874
0.107737
0.134377
0.113627
0.118171
0.102718
0.097670
0.095289
0.101804
0.102100
0.108103
0.110877
0.098356
0.129323
0.112393
0.089208
0.108297
0.101112
0.104722
0.089003
0.091635
0.103700
0.106315
0.105035
0.111525
0.165433
0.130397
0.094625
0.107165
0.095933
0.123031
0.119004
0.109286
0.122679
0.137516
0.100269
0.107234
0.132685
0.116702
0.108092
0.153370
0.119654
0.112129
0.157529
0.110991
0.143836
0.109837
0.107909
0.104899
0.095638
0.098058
0.094848
0.112928
0.086009
0.096774
0.100754
0.108456
0.105216
0.098319
0.097470
0.102690
0.115935
0.106827
0.107065
0.101441
0.115066
0.114616
0.095812
0.088395
0.099029
0.091887
0.089571
0.102003
0.100298
0.106821
0.106943
0.105592
0.103762
0.109628
0.097767
0.104858
0.100542
0.104439
0.099838
0.137041
0.084785
0.085316
0.088481
0.101658
0.100176
0.098545
0.099296
0.095291
0.098614
0.096556
0.107118
0.107429
0.108175
0.100398
0.103752
0.158817
0.144116
0.139845
0.116589
0.125933
0.102883
0.109572
0.118209
0.138759
0.103673
0.085848
0.093925
0.112650
0.095154
0.099209
0.102168
0.106761
0.104841
0.105403
0.105678
0.129524
0.104263
0.091929
0.087456
0.083901
0.102506
0.144126
0.121701
0.100527
0.100983
0.110247
0.102007
0.135907
0.116761
0.117019
0.107732
0.117518
0.105963
0.102254
0.088186
0.090422
0.092137
0.090500
0.118587
0.104345
0.104596
0.109277
0.113424
0.131082
0.107573
0.110814
0.103232
0.142900
0.143518
0.111297
0.115238
0.108432
0.118911
0.092135
0.089529
0.088600
0.095728
0.097198
0.103947
0.104697
0.094734
0.105625
0.101292
0.100833
0.130278
0.122485
0.105021
0.105515
0.102736
0.101440
0.097488
0.099888
0.104925
0.103002
0.099044
0.121260
0.099443
0.104917
0.095948
0.103150
0.096730
0.103480
0.111690
0.096469
0.100322
0.100374
0.110886
0.107081
0.099231
0.103592
0.097485
0.116552
0.170932
0.102881
0.085314
0.090083
0.109469
0.113797
0.113792
0.123691
0.107052
0.109433
0.152807
0.151121
0.103392
0.102848
0.102968
0.101927
0.101384
0.097954
0.117804
0.109962
0.101195
0.108951
0.095766
0.093088
0.100352
0.100353
0.105151
0.114617
0.101152
0.095272
0.105760
0.121598
0.109679
0.102561
0.097082
0.097297
0.104495
0.103685
0.099095
0.107146
0.104728
0.117857
0.130692
0.124613
0.105908
0.111252
0.126842
0.133716
0.109451
0.113417
0.099169
0.113340
0.115128
0.101518
0.108526
0.156859
0.112717
0.095557
0.111446
0.110147
0.109448
0.106581
0.104181
0.121330
0.112427
0.113791
0.114091
0.134211
0.103334
0.106732
0.117090
0.112480
0.158661
0.121994
0.103732
0.113823
0.105477
0.106398
0.108907
0.094741
0.091664
0.100936
0.094509
0.116518
0.129538
0.127465
0.106565
0.114158
0.101059
0.101161
0.105584
0.098063
0.116067
0.103573
0.105714
0.097926
0.098673
0.115339
0.133751
0.086277
0.105871
0.091102
0.096833
0.095046
0.143976
0.105984
0.099891
0.098177
0.103806
0.125714
0.108653
0.106496
0.115056
0.108111
0.107517
0.105557
0.116291
0.137537
0.135901
0.100042
0.100679
0.104877
0.114786
0.137547
0.099324
0.110426
0.099630
0.121612
0.093623
0.111256
0.098551
0.115795
0.105999
0.121940
0.109646
0.108151
0.116565
0.106360
0.109859
0.114977
0.099897
0.099560
0.110669
0.104438
0.105940
0.141530
0.141172
0.124550
0.103265
0.107378
0.098064
0.103470
0.107921
0.111042
0.107063
0.101094
0.115547
0.101328
0.117082
0.150656
0.109006
0.101010
0.099034
0.107061
0.107102
0.099970
0.100661
0.101320
0.099478
0.099580
0.105352
0.134062
0.099136
0.131672
0.109340
0.131299
0.108403
0.127150
0.133891
0.111812
0.114461
0.132278
0.143229
0.153782
0.101843
0.124794
0.132332
0.106399
0.104435
0.127992
0.117076
0.110004
0.124287
0.109744
0.104888
0.109658
0.100524
0.095293
0.115947
0.116066
0.144941
0.102593
0.105528
0.108680
0.108018
0.117255
0.102549
0.099722
0.106282
0.101750
0.096187
0.108534
0.096170
0.100297
0.100294
0.091582
0.106096
0.110801
0.099824
0.106068
0.095767
0.094379
0.092539
0.093833
0.092437
0.095569
0.110300
0.101570
0.102711
0.105419
0.109640
0.116289
0.116082
0.101516
0.137902
0.106877
0.099427
0.101803
0.101080
0.121600
0.112668
0.114384
0.110506
0.153187
0.111446
0.101545
0.150826
0.119910
0.118309
0.105900
0.118795
0.117351
0.110541
0.095391
0.099115
0.090891
0.091436
0.095991
0.097705
0.120437
0.138051
0.104482
0.107782
0.115647
0.119118
0.113214
0.097489
0.126727
0.104824
0.090111
0.090163
0.088446
0.099211
0.117857
0.086190
0.093080
0.102689
0.106834
0.109564
0.118678
0.102862
0.107010
0.103163
0.107208
0.103296
0.101124
0.101238
0.107020
0.136269
0.116336
0.151856
0.124086
0.118988
0.148168
0.113433
0.115405
0.109464
0.105906
0.129986
0.101635
0.108382
0.130797
0.102113
0.115773
0.109539
0.092559
0.105741
0.100682
0.106743
0.106600
0.100508
0.099605
0.113267
0.112803
0.154145
0.112886
0.114519
0.113904
0.156433
0.145604
0.107325
0.106442
0.106246
0.107141
0.113142
0.110834
0.144362
0.120672
0.123336
0.112272
0.133915
0.131149
0.105747
0.118047
0.101781
0.133541
0.115886
0.158650
0.116445
0.111969
0.110103
0.089723
0.112331
0.098970
0.127913
0.108073
0.107514
0.097912
0.130262
0.113865
0.106688
0.142207
0.135469
0.098455
0.124434
0.106303
0.136413
0.149277
0.104815
0.101766
0.102736
0.104284
0.112049
0.099148
0.112442
0.116011
0.115680
0.109754
0.112854
0.098792
0.093242
0.091635
0.128273
0.123248
0.101340
0.106826
0.109461
0.106078
0.101592
0.100286
0.097767
0.105028
0.095434
0.143660
0.141581
0.117181
0.129061
0.099739
0.124089
0.113607
0.120990
0.121301
0.110131
0.101202
0.089915
0.112372
0.105850
0.098764
0.102202
0.089981
0.094413
0.097055
0.085042
0.088959
0.084588
0.101954
0.102350
0.103046
0.146322
0.129741
0.105547
0.100755
0.109392
0.094755
0.088727
0.122705
0.098855
0.096866
0.116509
0.107291
0.109912
0.104956
0.151088
0.112163
0.111855
0.105973
0.110067
0.113061
0.102488
0.104969
0.151633
0.092439
0.088896
0.147783
0.158546
0.125016
0.096328
0.116814
0.091356
0.089106
0.128270
0.126118
0.098581
0.110656
0.110485
0.108419
0.116989
0.119595
0.109939
0.094779
0.120674
0.115336
0.097576
0.097792
0.104275
0.097767
0.106289
0.110131
0.103832
0.089897
0.097697
0.107598
0.096862
0.098097
0.104793
0.096575
0.130044
0.103890
0.104547
0.098044
0.104466
0.101121
0.102168
0.097506
0.096559
0.094854
0.110709
0.117041
0.121538
0.123560
0.119914
0.125888
0.104285
0.104762
0.100034
0.122185
0.117582
0.108812
0.093640
0.103121
0.118169
0.110762
0.147735
0.118398
0.125010
0.117166
0.111985
0.109482
0.104889
0.103756
0.104485
0.105259
0.111076
0.110521
0.097937
0.111900
0.094704
0.101157
0.130276
0.116273
0.118255
0.121011
0.123460
0.118379
0.103930
0.108359
0.098779
0.133998
0.123319
0.136930
0.117096
0.102180
0.103495
0.110873
0.093617
0.101383
0.103951
0.102229
0.094882
0.096689
0.099006
0.101206
0.109318
0.112675
0.104172
0.111517
0.129117
0.111284
0.149693
0.104247
0.129840
0.118042
0.111663
0.108456
0.110817
0.108392
0.100304
0.107908
0.099038
0.104778
0.100267
0.144033
0.114665
0.100130
0.103013
0.108467
0.104653
0.099714
0.106707
0.114694
0.096970
0.136988
0.095909
0.105455
0.116712
0.150961
0.104266
0.145307
0.143297
0.106863
0.110543
0.113104
0.100419
0.092710
0.105529
0.106699
0.116202
0.121213
0.120902
0.123823
0.119503
0.132111
0.120478
0.108783
0.091137
0.083378
0.101357
0.106812
0.117177
0.100793
0.095055
0.104444
0.097804
0.098426
0.109282
0.103101
0.098781
0.098264
0.114678
0.107878
0.104958
0.093599
0.119604
0.117732
0.109634
0.106357
0.156492
0.110016
0.110933
0.105462
0.116755
0.173472
0.122961
0.123580
0.164684
0.100951
0.105814
0.131402
0.099482
0.165443
0.109001
0.100749
0.110078
0.103710
0.098552
0.116961
0.102002
0.121571
0.098933
0.103243
0.104050
0.121124
0.130652
0.105188
0.106889
0.110304
0.109465
0.112122
0.118747
0.107445
0.106625
0.108366
0.116926
0.110117
0.112927
0.112674
0.161326
0.104146
0.171607
0.115504
0.102793
0.120982
0.100537
0.156731
0.098145
0.107235
0.110789
0.109935
0.097914
0.109812
0.097305
0.105253
0.117604
0.143145
0.111106
0.099210
0.098552
0.105507
0.115662
0.099209
0.107924
0.103019
0.104510
0.130608
0.120222
0.105407
0.156007
0.122498
0.105431
0.110002
0.108405
0.106992
0.092187
0.138970
0.114649
0.103997
0.099805
0.097646
0.114628
0.109348
0.136606
0.123852
0.114998
0.115677
0.104398
0.100662
0.099612
0.120127
0.098216
0.104444
0.101175
0.099432
0.101987
0.106891
0.118682
0.108178
0.117811
0.093973
0.102795
0.103137
0.104861
0.096300
0.109022
0.107730
0.142818
0.112059
0.094691
0.098931
0.103529
0.103531
0.111371
0.096909
0.122367
0.143556
0.099277
0.100519
0.117649
0.108039
0.106867
0.108500
0.103228
0.105012
0.110652
0.088998
0.148993
0.135137
0.094014
0.124451
0.112349
0.104647
0.106054
0.127761
0.111857
0.107346
0.108322
0.105105
0.116674
0.130430
0.118583
0.109481
0.101971
0.110194
0.101059
0.099645
0.097248
0.086416
0.090445
0.112971
0.121720
0.098424
0.100726
0.106792
0.102373
0.102568
0.101587
0.100666
0.136652
0.098916
0.117051
0.096012
0.109532
0.110463
0.106712
0.118220
0.108725
0.134901
0.122712
0.106927
0.122230
0.109599
0.099809
0.106625
0.120354
0.093170
0.095101
0.096538
0.101695
0.122610
0.110341
0.102499
0.141064
0.097303
0.102006
0.101251
0.098447
0.112018
0.098972
0.097522
0.108083
0.144832
0.108000
0.101694
0.100985
0.103021
0.150005
0.119286
0.148651
0.146082
0.135038
0.102594
0.098766
0.097819
0.117020
0.107585
0.113958
0.111633
0.103904
0.132376
0.105839
0.111336
0.121770
0.105357
0.135766
0.121585
0.101873
0.109595
0.129879
0.103902
0.110477
0.149251
0.116779
0.094600
0.094169
0.102514
0.101185
0.091411
0.094403
0.105287
0.105817
0.098825
0.102876
0.099937
0.133521
0.108811
0.107279
0.153090
0.103702
0.108180
0.110315
0.115505
0.127551
0.112024
0.099878
0.122579
0.098284
0.101365
0.094381
0.103681
0.116951
0.112388
0.153455
0.135001
0.109031
0.118608
0.109291
0.110935
0.131512
0.128955
0.108539
0.102627
0.109585
0.131858
0.095673
0.095153
0.104835
0.108342
0.117130
0.134791
0.092984
0.097744
0.099051
0.100157
0.098103
0.118431
0.103397
0.101080
0.101789
0.135357
0.113848
0.119066
0.110180
0.153219
0.096481
0.104019
0.110981
0.138732
0.143805
0.116376
0.124190
0.114930
0.127750
0.100898
0.106147
0.103652
0.105789
0.129088
0.096652
0.104647
0.100264
0.109166
0.104779
0.104803
0.111980
0.109470
0.092573
0.107361
0.094369
0.110841
0.097529
0.100569
0.101105
0.123831
0.111306
0.119982
0.105315
0.132432
0.114163
0.119338
0.098495
0.106686
0.143089
0.131521
0.097324
0.117887
0.094342
0.117279
0.096948
0.160100
0.102254
0.119498
0.105537
0.108653
0.124268
0.099427
0.099100
0.098403
0.101681
0.113060
0.155096
0.111651
0.091784
0.094829
0.100128
0.100894
0.111389
0.149612
0.105847
0.103482
0.108945
0.113888
0.122255
0.144470
0.107700
0.106782
0.114895
0.109998
0.107025
0.124815
0.120056
0.119941
0.138863
0.087927
0.100121
0.110046
0.136603
0.104763
0.101481
0.147940
0.118088
0.104097
0.112541
0.101877
0.109283
0.112833
0.118222
0.108929
0.107874
0.114582
0.114250
0.119211
0.115410
0.143685
0.110776
0.126107
0.109691
0.106042
0.107012
0.119622
0.110689
0.129709
0.120060
0.100901
0.095097
0.128146
0.112805
0.112754
0.100559
0.101852
0.102495
0.150151
0.117235
0.109532
0.104311
0.110898
0.157762
0.113797
0.109997
0.117431
0.116030
0.138300
0.113019
0.116988
0.120964
0.156900
0.128831
0.110212
0.103923
0.109859
0.103108
0.099113
0.120328
0.091605
0.091717
0.140766
0.110760
0.121345
0.147713
0.117387
0.113328
0.106539
0.132823
0.115448
0.094174
0.100928
0.105786
0.096321
0.121474
0.098322
0.140131
0.135751
0.107466
0.105867
0.115778
0.104815
0.127207
0.168264
0.107429
0.113454
0.158894
0.138329
0.148002
0.117786
0.110907
0.115178
0.099416
0.145545
0.110414
0.104661
0.096621
0.107107
0.137052
0.101391
0.104289
0.100229
0.098549
0.102626
0.114066
0.100899
0.128727
0.106258
0.108374
0.119777
0.165877
0.112647
0.111630
0.159123
0.099355
0.095175
0.108379
0.106625
0.139389
0.087644
0.104961
0.096213
0.103027
0.108953
0.100245
0.109910
0.094909
0.101451
0.114423
0.103218
0.140944
0.098368
0.104616
0.094604
0.099360
0.098768
0.101335
0.104044
0.099743
0.102909
0.110032
0.109474
0.102740
0.087075
0.102590
0.102018
0.098825
0.122493
0.098773
0.121782
0.105205
0.109275
0.106098
0.092227
0.123569
0.112271
0.122290
0.125582
0.114891
0.093838
0.085937
0.089528
0.093790
0.088182
0.158696
0.106855
0.159580
0.104759
0.116177
0.103902
0.116990
0.102832
0.102113
0.112595
0.101797
0.106232
0.108490
0.100055
0.107609
0.109709
0.114463
0.111254
0.093883
0.098275
0.099182
0.087154
0.101995
0.106768
0.106222
0.102462
0.126553
0.090076
0.084510
0.100835
0.095530
0.108755
0.103142
0.102395
0.107528
0.100094
0.109149
0.114929
0.116766
0.123244
0.105380
0.103926
0.142470
0.136099
0.150675
0.096506
0.094176
0.114947
0.104211
0.137797
0.118637
0.086900
0.131289
0.098116
0.099319
0.105928
0.102296
0.092456
0.133515
0.118132
0.108210
0.125529
0.111853
0.088094
0.091878
0.097691
0.100754
0.098292
0.093948
0.100563
0.106560
0.127862
0.098564
0.100183
0.097785
0.099284
0.104380
0.102762
0.092192
0.102489
0.133898
0.109412
0.097526
0.131418
0.151716
0.147290
0.113768
0.104748
0.112345
0.111031
0.126310
0.109042
0.104119
0.110644
0.097294
0.100116
0.091927
0.092072
0.086423
0.103264
0.101983
0.114600
0.103981
0.098843
0.117055
0.100430
0.101676
0.144929
0.138471
0.095989
0.128357
0.113094
0.157648
0.124516
0.110378
0.099812
0.116254
0.105368
0.103654
0.103676
0.100995
0.101069
0.106533
0.110128
0.111354
0.135976
0.097680
0.102025
0.097903
0.113512
0.122816
0.095108
0.111125
0.102340
0.099514
0.094235
0.095012
0.117661
0.117359
0.120196
0.105295
0.103112
0.144535
0.115505
0.106820
0.106511
0.107379
0.102042
0.142637
0.116161
0.100388
0.099135
0.097672
0.120775
0.112625
0.112108
0.108829
0.128596
0.108714
0.114560
0.104865
0.121715
0.115426
0.126315
0.124606
0.097553
0.101006
0.115209
0.109565
0.110214
0.103721
0.113334
0.158999
0.117129
0.107293
0.119617
0.099429
0.105334
0.106663
0.103757
0.101069
0.104247
0.102541
0.151715
0.105564
0.103168
0.105372
0.137037
0.103091
0.100387
0.106029
0.097254
0.104207
0.092175
0.117152
0.125958
0.105936
0.104934
0.107620
0.113357
0.144989
0.148638
0.132416
0.091023
0.098300
0.101007
0.096487
0.101453
0.104185
0.109792
0.101766
0.108854
0.109986
0.102232
0.102211
0.099734
0.150269
0.113649
0.098878
0.103424
0.098044
0.097021
0.123118
0.111240
0.100493
0.099673
0.101200
0.124424
0.098346
0.103424
0.104254
0.098886
0.095482
0.097616
0.112942
0.152339
0.105230
0.110192
0.107391
0.111470
0.125145
0.109569
0.133260
0.129545
0.110866
0.110201
0.112824
0.104110
0.099720
0.113503
0.099867
0.101750
0.105001
0.107110
0.110678
0.117533
0.122947
0.126259
0.101528
0.104731
0.099587
0.100728
0.097131
0.107833
0.098394
0.099483
0.113494
0.103933
0.103955
0.108176
0.122651
0.124274
0.156884
0.129679
0.102079
0.127315
0.137182
0.118003
0.138219
0.121594
0.113451
0.108327
0.119719
0.114557
0.111846
0.102696
0.106861
0.085907
0.085107
0.117116
0.138839
0.131096
0.102350
0.102499
0.133552
0.104996
0.116553
0.091305
0.103935
0.107771
0.114589
0.109715
0.099349
0.097219
0.108576
0.155640
0.094145
0.097574
0.097959
0.103390
0.099661
0.119303
0.131585
0.143987
0.134822
0.108376
0.108019
0.135076
0.123243
0.117115
0.111422
0.109401
0.105869
0.107622
0.102870
0.093732
0.088911
0.149536
0.121363
0.102052
0.099607
0.102659
0.132013
0.111225
0.117563
0.127039
0.097999
0.113984
0.112835
0.151593
0.131624
0.129355
0.113321
0.127260
0.110762
0.147350
0.104074
0.104682
0.106263
0.105465
0.106635
0.100453
0.120966
0.119605
0.125274
0.103436
0.141452
0.117155
0.118044
0.124119
0.122425
0.107764
0.109151
0.150743
0.100950
0.104591
0.102754
0.128413
0.108303
0.108588
0.108335
0.129677
0.098622
0.095171
0.091923
0.095764
0.093383
0.089281
0.093607
0.090277
0.092679
0.096293
0.108310
0.102074
0.099614
0.095921
0.099943
0.110143
0.105234
0.101355
0.099345
0.105702
0.106205
0.103904
0.094442
0.098439
0.096280
0.099940
0.107469
0.107363
0.126918
0.110412
0.136783
0.117080
0.105316
0.101627
0.099291
0.098417
0.129568
0.149507
0.136273
0.116221
0.108498
0.143625
0.120959
0.119706
0.112721
0.110188
0.116318
0.120307
0.138025
0.114298
0.125446
0.103272
0.099584
0.095524
0.097183
0.100843
0.116494
0.103357
0.107314
0.103573
0.121287
0.143839
0.107170
0.118194
0.101613
0.109103
0.106619
0.168510
0.122561
0.120648
0.110046
0.115827
0.104407
0.105820
0.151505
0.121824
0.125953
0.110887
0.113581
0.098266
0.099003
0.127874
0.130165
0.094128
0.116112
0.120548
0.128831
0.117932
0.096917
0.085827
0.101763
0.104916
0.116562
0.102859
0.131475
0.097654
0.160878
0.167716
0.132596
0.087838
0.108718
0.104935
0.096024
0.097926
0.100276
0.095652
0.091259
0.099137
0.100836
0.109552
0.109259
0.128407
0.120053
0.136800
0.114858
0.155635
0.151283
0.111209
0.121204
0.113331
0.114057
0.151865
0.114429
0.116920
0.115453
0.121749
0.122071
0.141964
0.112497
0.112628
0.126190
0.101140
0.105237
0.104006
0.122787
0.116667
0.110783
0.107442
0.103672
0.111423
0.122048
0.126029
0.123640
0.100898
0.102998
0.120088
0.104701
0.137853
0.106752
0.112740
0.105363
0.096678
0.137423
0.092792
0.108873
0.101812
0.097612
0.101400
0.100052
0.100508
0.093373
0.102228
0.113158
0.124916
0.105819
0.123849
0.100946
0.105115
0.124246
0.098089
0.097270
0.104152
0.098566
0.095521
0.112700
0.103292
0.103145
0.111962
0.158717
0.121866
0.099848
0.107892
0.121735
0.107837
0.106365
0.104538
0.105429
0.100411
0.106242
0.100068
0.117311
0.103227
0.140265
0.101702
0.117396
0.105741
0.110105
0.114507
0.106811
0.123872
0.098406
0.099796
0.101002
0.094454
0.113794
0.113079
0.096134
0.102200
0.113045
0.103252
0.104570
0.110682
0.144133
0.094794
0.103092
0.105409
0.100639
0.099756
0.099058
0.106546
0.112173
0.119895
0.113226
0.112072
0.123976
0.096533
0.102329
0.132210
0.103586
0.101263
0.101732
0.110257
0.128172
0.151624
0.122467
0.107219
0.119683
0.110585
0.112852
0.117504
0.118408
0.107824
0.101826
0.115484
0.091758
0.095872
0.096108
0.109253
0.105300
0.117280
0.099973
0.110659
0.096503
0.098998
0.086191
0.096647
0.101792
0.122195
0.105506
0.110903
0.126693
0.103242
0.103693
0.144389
0.120333
0.101222
0.119209
0.114447
0.113694
0.103614
0.113402
0.110086
0.111326
0.112833
0.114195
0.105531
0.105263
0.114749
0.135108
0.110139
0.102186
0.140844
0.108780
0.114799
0.095726
0.099553
0.102222
0.103604
0.115113
0.113063
0.108599
0.108213
0.106631
0.099036
0.137149
0.104692
0.105621
0.152006
0.130417
0.103331
0.103672
0.113622
0.123805
0.129825
0.111550
0.111601
0.107084
0.113547
0.124151
0.131908
0.108684
0.098934
0.108577
0.120548
0.109226
0.125990
0.095983
0.115207
0.151678
0.150097
0.108483
0.115113
0.109250
0.145535
0.148246
0.152192
0.149010
0.142143
0.104490
0.157353
0.114274
0.128388
0.116278
0.093558
0.107656
0.130781
0.114321
0.125402
0.119762
0.108956
0.104007
0.093178
0.093135
0.150722
0.146774
0.109808
0.108161
0.091656
0.099373
0.102533
0.150756
0.104685
0.103557
0.101161
0.100355
0.108744
0.123163
0.123067
0.126348
0.107239
0.108155
0.102210
0.111092
0.116250
0.132199
0.148046
0.102905
0.093977
0.103906
0.101501
0.102582
0.101998
0.099393
0.106777
0.108015
0.097831
0.139089
0.116374
0.097960
0.102146
0.120012
0.112460
0.142120
0.105912
0.119686
0.108209
0.099737
0.119581
0.102450
0.100405
0.109987
0.114918
0.111183
0.099853
0.144738
0.106819
0.099830
0.144314
0.134412
0.115064
0.112448
0.098659
0.097993
0.129246
0.103439
0.101832
0.102872
0.102881
0.125498
0.108863
0.112526
0.151757
0.097101
0.141507
0.119674
0.108210
0.108376
0.106700
0.101565
0.104744
0.100135
0.104528
0.106873
0.100998
0.115905
0.121827
0.141321
0.110983
0.109537
0.108249
0.148676
0.094673
0.104217
0.095008
0.112390
0.106564
0.108969
0.124070
0.106213
0.102238
0.115134
0.103437
0.119195
0.105212
0.105122
0.112568
0.147928
0.144369
0.139832
0.105668
0.163506
0.115641
0.101457
0.106514
0.101866
0.126546
0.121832
0.103593
0.099761
0.110184
0.108047
0.168167
0.117356
0.107109
0.105591
0.107824
0.153043
0.116774
0.114711
0.129340
0.112355
0.100178
0.093652
0.131380
0.119381
0.111059
0.114928
0.153343
0.116239
0.106272
0.105921
0.130835
0.109320
0.112948
0.108967
0.107944
0.102797
0.112925
0.109379
0.101882
0.105838
0.135573
0.109016
0.121189
0.125846
0.125879
0.144933
0.105323
0.146190
0.111975
0.125560
0.109618
0.096150
0.109125
0.092864
0.104581
0.113823
0.119222
0.103339
0.105644
0.103569
0.116084
0.119158
0.114510
0.116510
0.102158
0.118102
0.107732
0.133500
0.118041
0.115458
0.129507
0.102991
0.102901
0.108195
0.152413
0.126011
0.104133
0.112822
0.100356
0.104729
0.120447
0.129262
0.108096
0.107729
0.131866
0.110065
0.106743
0.129109
0.119564
0.107813
0.102323
0.108018
0.118895
0.100035
0.148671
0.104714
0.111369
0.103061
0.094299
0.094084
0.093380
0.105328
0.115923
0.155392
0.100064
0.116259
0.112098
0.111916
0.112289
0.103089
0.120197
0.109056
0.104245
0.105462
0.105391
0.134126
0.102602
0.120466
0.123525
0.113013
0.111424
0.108361
0.129914
0.112590
0.113043
0.117751
0.138382
0.108255
0.106281
0.119668
0.109715
0.116460
0.106728
0.122183
0.097840
0.114217
0.103662
0.101787
0.125149
0.102838
0.105585
0.114348
0.089203
0.103923
0.099293
0.099804
0.108593
0.115577
0.148597
0.107640
0.132676
0.107514
0.099411
0.104936
0.121779
0.111003
0.104220
0.103810
0.106633
0.130291
0.118805
0.106587
0.146722
0.109838
0.100283
0.108121
0.103988
0.093390
0.097580
0.097390
0.105062
0.102056
0.104871
0.123125
0.142300
0.099193
0.102424
0.101620
0.112254
0.115682
0.125968
0.159822
0.136786
0.105028
0.114805
0.118320
0.131905
0.118031
0.117324
0.126912
0.120933
0.099222
0.104827
0.099031
0.096918
0.102607
0.112333
0.107797
0.102679
0.103498
0.111851
0.107098
0.108558
0.164523
0.112732
0.103243
0.117197
0.125837
0.105966
0.116646
0.111111
0.156311
0.124539
0.109202
0.126584
0.100645
0.121203
0.129857
0.098600
0.093079
0.096365
0.091663
0.126235
0.114402
0.115175
0.119251
0.122964
0.125964
0.109997
0.129913
0.100000
0.101851
0.118158
0.096589
0.125254
0.097982
0.101026
0.101825
0.100876
0.109669
0.098547
0.100953
0.100870
0.117356
0.118261
0.128963
0.099789
0.112512
0.106260
0.130603
0.118941
0.135950
0.101837
0.123912
0.107326
0.099785
0.117350
0.114149
0.122205
0.143713
0.106021
0.136515
0.103202
0.112247
0.157881
0.140330
0.105895
0.114903
0.104807
0.099206
0.137279
0.120551
0.106888
0.105101
0.122284
0.102880
0.114591
0.121826
0.123200
0.109425
0.106773
0.116226
0.126392
0.095180
0.096045
0.101449
0.128134
0.127683
0.099507
0.099002
0.117409
0.129390
0.107855
0.121922
0.113722
0.132669
0.107212
0.108634
0.111278
0.099098
0.102595
0.102160
0.097904
0.097406
0.104134
0.094556
0.109667
0.124929
0.098553
0.109772
0.105012
0.120369
0.107270
0.106682
0.104885
0.098643
0.128474
0.123059
0.102094
0.107017
0.125100
0.103476
0.094228
0.107862
0.101800
0.109935
0.107082
0.119357
0.111439
0.115343
0.111433
0.104838
0.103236
0.136438
0.116729
0.088615
0.104982
0.134403
0.114622
0.109235
0.106320
0.102298
0.110869
0.109503
0.102857
0.105231
0.157995
0.128578
0.138021
0.131168
0.158282
0.114835
0.096069
0.108263
0.107263
0.111800
0.103489
0.101310
0.115607
0.109977
0.106883
0.131587
0.112768
0.106496
0.112645
0.104207
0.098877
0.110916
0.106074
0.096088
0.098649
0.100332
0.103055
0.095984
0.097274
0.102115
0.101360
0.108504
0.121321
0.111100
0.100201
0.121364
0.107688
0.102198
0.102145
0.108375
0.138254
0.111300
0.104316
0.100528
0.098432
0.096436
0.098979
0.095018
0.101159
0.102764
0.117263
0.103115
0.152483
0.147721
0.110297
0.107280
0.106738
0.116520
0.111831
0.107149
0.110648
0.109351
0.106724
0.131946
0.110479
0.117029
0.105419
0.110569
0.108959
0.099727
0.109099
0.109026
0.104990
0.112890
0.113339
0.113667
0.102148
0.141434
0.113945
0.129531
0.126645
0.110071
0.130843
0.116024
0.120420
0.102815
0.096648
0.101311
0.101044
0.093754
0.103667
0.101632
0.110205
0.116891
0.145979
0.110953
0.143266
0.120910
0.099402
0.104653
0.113892
0.108242
0.113487
0.121279
0.169096
0.118408
0.111098
0.100396
0.097250
0.110835
0.097573
0.105251
0.103303
0.103985
0.110965
0.103246
0.107175
0.119340
0.114394
0.116677
0.104280
0.104904
0.101547
0.098285
0.102525
0.111548
0.108325
0.135812
0.105235
0.110187
0.095199
0.104776
0.097783
0.096052
0.096379
0.094407
0.096681
0.093930
0.089797
0.118134
0.106378
0.114086
0.140144
0.127385
0.127173
0.145197
0.141870
0.101968
0.112169
0.106146
0.150905
0.106671
0.105097
0.142781
0.115201
0.105437
0.094806
0.097732
0.110516
0.102683
0.099858
0.105517
0.116886
0.109090
0.102825
0.100565
0.100943
0.092286
0.118613
0.100186
0.101467
0.101299
0.111059
0.145701
0.117266
0.105067
0.112912
0.109326
0.127912
0.103527
0.102340
0.095710
0.121283
0.124751
0.099648
0.099387
0.107747
0.150618
0.114421
0.102581
0.112866
0.110475
0.113339
0.108585
0.114681
0.108910
0.104251
0.127957
0.102276
0.095940
0.092116
0.110383
0.104590
0.106916
0.126427
0.104393
0.119133
0.120607
0.117557
0.105463
0.099494
0.104786
0.099624
0.126256
0.139411
0.129088
0.101903
0.100947
0.119148
0.106969
0.111622
0.100452
0.103263
0.134628
0.101430
0.109830
0.115619
0.116575
0.106723
0.121546
0.113362
0.119464
0.126007
0.121308
0.104447
0.106925
0.106443
0.108129
0.144039
0.117441
0.111940
0.106157
0.110751
0.103917
0.139697
0.137515
0.102369
0.107960
0.108153
0.118581
0.101776
0.092428
0.137445
0.102363
0.107176
0.099501
0.103550
0.099358
0.108274
0.121946
0.127796
0.104669
0.108001
0.104449
0.105283
0.095678
0.101107
0.143619
0.121092
0.098428
0.104114
0.108041
0.109950
0.107252
0.111247
0.133457
0.107208
0.111682
0.115521
0.102526
0.112883
0.109423
0.141800
0.106532
0.105833
0.112973
0.104668
0.146128
0.101810
0.152770
0.105427
0.108990
0.108393
0.102116
0.102957
0.098254
0.116012
0.101465
0.099935
0.096925
0.099599
0.101160
0.108160
0.116912
0.111768
0.098263
0.127753
0.105519
0.132306
0.121096
0.096744
0.097691
0.108656
0.098548
0.106067
0.120844
0.120856
0.114496
0.100324
0.099777
0.110914
0.109628
0.114611
0.115967
0.118164
0.109220
0.127845
0.114830
0.106736
0.095906
0.108980
0.106933
0.097148
0.118554
0.118541
0.115634
0.102122
0.108188
0.118415
0.105950
0.139295
0.103372
0.164435
0.109396
0.106206
0.106602
0.120883
0.118503
0.103442
0.105068
0.109474
0.095070
0.102624
0.096441
0.105428
0.109560
0.129581
0.109238
0.099669
0.104552
0.098837
0.107840
0.108886
0.102134
0.102165
0.098826
0.109594
0.114644
0.118474
0.103689
0.106868
0.113426
0.100321
0.140286
0.138566
0.125464
0.131343
0.171647
0.164351
0.120613
0.126705
0.105771
0.099245
0.103270
0.105301
0.109521
0.130215
0.121693
0.133840
0.121096
0.098785
0.090520
0.111681
0.099667
0.101073
0.115012
0.109504
0.116539
0.106407
0.114793
0.099908
0.099619
0.101710
0.106710
0.095059
0.113911
0.105940
0.110053
0.132161
0.094205
0.128683
0.111063
0.126573
0.103890
0.130847
0.102865
0.103491
0.140640
0.105186
0.103139
0.103573
0.098229
0.102086
0.109290
0.100826
0.097553
0.145459
0.101208
0.107824
0.134276
0.116849
0.094178
0.138957
0.103175
0.108738
0.101327
0.112799
0.111770
0.104430
0.118657
0.103161
0.099094
0.099975
0.109485
0.120577
0.113752
0.109668
0.160468
0.122664
0.127345
0.139265
0.106413
0.112471
0.114731
0.116944
0.114079
0.162655
0.116976
0.111142
0.106742
0.124931
0.121185
0.113075
0.142153
0.105785
0.108820
0.113811
0.136120
0.113189
0.134181
0.105526
0.111949
0.116763
0.105836
0.100562
0.093688
0.085050
0.090952
0.104129
0.111568
0.093559
0.144779
0.097710
0.109793
0.148540
0.142550
0.125861
0.123713
0.101384
0.111409
0.144288
0.152030
0.109537
0.116484
0.148550
0.105561
0.100303
0.101377
0.103600
0.108297
0.150467
0.155740
0.146132
0.107889
0.098563
0.099423
0.103718
0.115265
0.100528
0.099955
0.109623
0.119685
0.105507
0.111396
0.104769
0.105698
0.108335
0.111478
0.108211
0.161849
0.104935
0.098679
0.109136
0.113283
0.109295
0.121190
0.110742
0.115981
0.112298
0.129626
0.112969
0.110156
0.118812
0.106325
0.119582
0.108950
0.109899
0.110672
0.104348
0.125004
0.146680
0.105622
0.113963
0.108793
0.104978
0.099322
0.105650
0.104103
0.102782
0.120448
0.113816
0.103029
0.134631
0.148856
0.136218
0.115626
0.111295
0.109229
0.112469
0.108552
0.109612
0.103346
0.112686
0.123184
0.105299
0.107055
0.106460
0.128879
0.101463
0.102859
0.105662
0.103609
0.096853
0.151942
0.105067
0.128993
0.112594
0.127740
0.105680
0.100769
0.103226
0.108124
0.102498
0.104946
0.126164
0.120781
0.113376
0.104519
0.145235
0.103808
0.104359
0.105267
0.115682
0.133045
0.108672
0.165893
0.105788
0.112680
0.122291
0.106758
0.120116
0.120008
0.147119
0.130093
0.111675
0.137893
0.108537
0.112241
0.154335
0.129894
0.108229
0.101845
0.105129
0.095057
0.101627
0.116300
0.109373
0.117097
0.109019
0.115159
0.111381
0.110317
0.106219
0.111800
0.150765
0.106670
0.116264
0.115357
0.107377
0.108478
0.112860
0.140085
0.096884
0.099344
0.094486
0.094283
0.116304
0.107544
0.101583
0.105450
0.097733
0.141301
0.113580
0.106338
0.098879
0.102472
0.107725
0.096456
0.104363
0.101480
0.108474
0.110201
0.110161
0.135746
0.101755
0.104282
0.111043
0.143196
0.116045
0.097425
0.102966
0.105536
0.101701
0.102264
0.121972
0.110222
0.095747
0.113829
0.103213
0.107430
0.099965
0.096844
0.099308
0.099980
0.100201
0.089798
0.088425
0.102175
0.149272
0.103263
0.103511
0.095572
0.105185
0.109205
0.110047
0.105843
0.100708
0.113997
0.103007
0.104393
0.105989
0.104450
0.113326
0.107929
0.106697
0.106905
0.106141
0.131256
0.103257
0.085783
0.094314
0.100945
0.109027
0.104320
0.101696
0.138760
0.103466
0.103307
0.108563
0.151286
0.110077
0.136528
0.104380
0.113842
0.110557
0.107374
0.134915
0.127229
0.104651
0.118951
0.117254
0.159868
0.112178
0.112947
0.118620
0.112588
0.107475
0.111167
0.144302
0.116122
0.144414
0.154385
0.109869
0.112144
0.113670
0.110772
0.120944
0.153645
0.108697
0.109169
0.103267
0.122624
0.094168
0.108941
0.100787
0.146818
0.108830
0.100739
0.101767
0.110154
0.117725
0.113449
0.130523
0.106262
0.111789
0.113439
0.127132
0.115194
0.107125
0.111443
0.163712
0.143500
0.105967
0.107917
0.105341
0.112866
0.111638
0.121443
0.154341
0.152962
0.114135
0.119795
0.118069
0.109030
0.142456
0.093602
0.101327
0.109773
0.121514
0.120953
0.119732
0.113746
0.107942
0.125420
0.102815
0.101619
0.098833
0.098920
0.098759
0.099330
0.105778
0.118411
0.103801
0.102945
0.106498
0.114069
0.107208
0.109207
0.112509
0.101219
0.116644
0.101624
0.131006
0.094993
0.117856
0.161547
0.104256
0.112896
0.112890
0.178552
0.106280
0.104676
0.113994
0.141272
0.108518
0.111669
0.115436
0.113902
0.113707
0.118201
0.143174
0.113332
0.114523
0.115005
0.115690
0.114003
0.116850
0.108526
0.111820
0.107608
0.103663
0.112366
0.116014
0.105254
0.105549
0.104576
0.139258
0.110168
0.109077
0.097806
0.107093
0.108091
0.107946
0.118629
0.143249
0.104047
0.100816
0.101883
0.107228
0.106562
0.106384
0.108261
0.101024
0.096114
0.104261
0.097206
0.152137
0.127509
0.114427
0.105702
0.118448
0.112058
0.102629
0.109760
0.104384
0.103178
0.098161
0.125745
0.103920
0.098808
0.112613
0.101893
0.097753
0.156624
0.117490
0.125986
0.110017
0.144866
0.117448
0.114409
0.110312
0.098850
0.105798
0.106731
0.100507
0.121172
0.120900
0.117948
0.117497
0.108537
0.106347
0.111362
0.100590
0.113196
0.148022
0.147790
0.145749
0.125368
0.114600
0.112272
0.110308
0.108872
0.135493
0.123153
0.116641
0.114686
0.125176
0.106230
0.120251
0.105165
0.103105
0.153572
0.135330
0.106719
0.098672
0.096501
0.124595
0.142767
0.120140
0.139833
0.106686
0.098286
0.100470
0.111737
0.099295
0.108515
0.107460
0.104490
0.111698
0.105273
0.114778
0.116723
0.148946
0.107643
0.114897
0.105292
0.104366
0.099419
0.101364
0.101807
0.109808
0.111663
0.149361
0.097153
0.098491
0.110789
0.126571
0.107029
0.105609
0.100558
0.102395
0.103303
0.109637
0.108851
0.126710
0.120150
0.117989
0.118322
0.110779
0.107075
0.123355
0.115706
0.103450
0.109736
0.123040
0.103280
0.104728
0.103930
0.114281
0.106314
0.165314
0.158908
0.113697
0.104747
0.116436
0.111961
0.112953
0.108146
0.114077
0.107303
0.148797
0.165260
0.131065
0.131155
0.118673
0.107482
0.110343
0.105388
0.097768
0.100834
0.107999
0.110401
0.123835
0.127339
0.108782
0.123714
0.109151
0.106501
0.133175
0.111669
0.097893
0.142494
0.142991
0.116028
0.134956
0.102008
0.102987
0.108579
0.134417
0.110847
0.116033
0.103632
0.125998
0.107466
0.103971
0.118700
0.134165
0.156004
0.134300
0.126687
0.153115
0.118507
0.155250
0.112818
0.130573
0.119774
0.111363
0.119781
0.119029
0.155738
0.103746
0.125350
0.112365
0.113112
0.134773
0.104257
0.105240
0.108138
0.116152
0.106894
0.116291
0.109354
0.105027
0.105301
0.115887
0.094572
0.095752
0.140673
0.123483
0.123665
0.111877
0.134629
0.163578
0.119796
0.111181
0.115254
0.143999
0.132944
0.110634
0.096802
0.107867
0.105409
0.113760
0.109559
0.140610
0.130964
0.098445
0.105377
0.107813
0.101127
0.100530
0.102825
0.108196
0.103883
0.099908
0.102675
0.100520
0.100770
0.103948
0.097250
0.097844
0.099677
0.095678
0.105285
0.115000
0.115877
0.114037
0.118859
0.104502
0.108851
0.144481
0.145594
0.106857
0.094729
0.096973
0.092270
0.108517
0.132708
0.096286
0.102224
0.119493
0.112563
0.122689
0.097506
0.105186
0.116537
0.114544
0.122559
0.110916
0.114293
0.117367
0.110198
0.154503
0.113600
0.111218
0.143075
0.165218
0.112100
0.121614
0.126800
0.112231
0.118369
0.118618
0.110776
0.118384
0.118462
0.109352
0.126953
0.110517
0.107078
0.155255
0.111828
0.122861
0.145656
0.101077
0.165845
0.120593
0.115678
0.103379
0.105072
0.104731
0.102361
0.103911
0.140320
0.108344
0.111556
0.145155
0.110105
0.117044
0.112188
0.127379
0.110799
0.094889
0.106878
0.142754
0.145352
0.109166
0.099463
0.102684
0.109932
0.096103
0.109115
0.111576
0.140654
0.131731
0.098336
0.113812
0.091346
0.104056
0.120769
0.089750
0.089310
0.097658
0.093750
0.095780
0.098660
0.094279
0.132236
0.108547
0.105860
0.099543
0.110393
0.140294
0.108320
0.105092
0.108349
0.091506
0.089533
0.095494
0.112153
0.144524
0.104259
0.105174
0.114623
0.125774
0.111742
0.113146
0.156276
0.154657
0.116018
0.133739
0.111858
0.112179
0.115590
0.092656
0.106860
0.090526
0.108120
0.132531
0.085397
0.098996
0.112115
0.102323
0.105988
0.124531
0.097696
0.101919
0.092656
0.098501
0.106297
0.108778
0.112023
0.102661
0.143423
0.137846
0.111013
0.127891
0.101753
0.095224
0.141046
0.103391
0.108793
0.089697
0.110646
0.096891
0.089921
0.150660
0.119878
0.109050
0.104880
0.100933
0.108917
0.105877
0.104511
0.099217
0.133463
0.101274
0.105224
0.109867
0.104506
0.113192
0.111452
0.098540
0.097269
0.111392
0.113671
0.100940
0.107486
0.105951
0.120591
0.137893
0.126363
0.137111
0.152168
0.110888
0.120512
0.131324
0.109230
0.154211
0.101991
0.105518
0.123826
0.099891
0.117333
0.110098
0.105304
0.103945
0.114333
0.111854
0.121088
0.106870
0.115033
0.106988
0.119653
0.121732
0.112772
0.106700
0.124284
0.119706
0.103631
0.126195
0.146882
0.100962
0.104123
0.113302
0.128042
0.126733
0.124117
0.112879
0.117749
0.098824
0.101645
0.100476
0.111119
0.153690
0.100308
0.106304
0.128763
0.116021
0.109045
0.106576
0.096572
0.128578
0.106214
0.111854
0.108492
0.107338
0.111346
0.107880
0.119386
0.108382
0.108967
0.103465
0.103271
0.104125
0.097841
0.105573
0.092479
0.147823
0.115911
0.140916
0.102069
0.123402
0.099772
0.099742
0.100348
0.105444
0.110977
0.113034
0.109098
0.114591
0.108140
0.108455
0.104624
0.120781
0.108376
0.102763
0.130454
0.129598
0.107455
0.104764
0.126700
0.103338
0.104455
0.107152
0.107385
0.103243
0.105052
0.142471
0.100533
0.102292
0.107135
0.166199
0.111426
0.159398
0.134205
0.121731
0.112809
0.136383
0.127115
0.115053
0.106971
0.100794
0.100050
0.099102
0.157847
0.129554
0.126651
0.120318
0.128496
0.138629
0.116618
0.111787
0.109617
0.107744
0.107753
0.101373
0.099796
0.098849
0.097041
0.104565
0.099817
0.094288
0.144129
0.100588
0.116563
0.139543
0.095555
0.097327
0.091441
0.116477
0.113223
0.117376
0.108022
0.109668
0.105704
0.111232
0.107711
0.116998
0.105841
0.097275
0.098838
0.092219
0.135793
0.104313
0.103525
0.097406
0.092862
0.084903
0.123018
0.119754
0.086439
0.092030
0.097328
0.112129
0.141802
0.097582
0.095117
0.106098
0.153080
0.118892
0.110445
0.115710
0.111728
0.125519
0.097657
0.096318
0.120806
0.117317
0.104698
0.103483
0.110764
0.114124
0.111991
0.104807
0.113986
0.116297
0.106952
0.115134
0.112926
0.127887
0.114901
0.114998
0.107112
0.108792
0.142346
0.110149
0.112790
0.107537
0.113744
0.111295
0.117818
0.106953
0.107289
0.110940
0.115832
0.138548
0.126557
0.115583
0.124603
0.122583
0.114365
0.129709
0.129402
0.134242
0.115057
0.109025
0.122553
0.106167
0.105439
0.100166
0.100503
0.112818
0.150226
0.113229
0.109895
0.110803
0.105634
0.117134
0.115827
0.119498
0.096931
0.112548
0.114780
0.114807
0.141886
0.105781
0.107156
0.096587
0.107002
0.105470
0.109321
0.106048
0.143275
0.104759
0.108984
0.113264
0.159031
0.123767
0.115965
0.119217
0.125749
0.097304
0.114609
0.104161
0.111352
0.116956
0.110395
0.119264
0.152278
0.137339
0.099945
0.094847
0.091301
0.111774
0.096775
0.102097
0.101178
0.136782
0.115429
0.114289
0.123375
0.146259
0.112844
0.112109
0.114765
0.143339
0.116462
0.103689
0.122167
0.149182
0.103139
0.103800
0.109430
0.099944
0.123846
0.116074
0.108661
0.107998
0.107531
0.107475
0.112744
0.104128
0.106511
0.101707
0.105989
0.135830
0.139548
0.131900
0.126984
0.129054
0.128822
0.100384
0.114741
0.153351
0.109153
0.105648
0.122330
0.138346
0.121903
0.107927
0.112103
0.104310
0.102049
0.095122
0.104581
0.110750
0.118424
0.109930
0.137841
0.113019
0.114190
0.119494
0.106671
0.099722
0.098129
0.101445
0.102744
0.101232
0.105971
0.105169
0.108839
0.107270
0.101550
0.112227
0.105006
0.102530
0.101560
0.098804
0.099460
0.108805
0.125172
0.163325
0.099676
0.107100
0.103716
0.127591
0.125143
0.111768
0.108573
0.148489
0.115382
0.133323
0.119125
0.114680
0.120045
0.110384
0.110460
0.105508
0.107475
0.102341
0.099554
0.122024
0.096184
0.097957
0.119968
0.113355
0.113267
0.115344
0.153116
0.157945
0.145731
0.110965
0.140011
0.104912
0.111418
0.095240
0.109303
0.120509
0.153092
0.099910
0.126295
0.099036
0.107074
0.106822
0.138800
0.103381
0.104663
0.115205
0.113132
0.112093
0.114814
0.130371
0.110158
0.115372
0.117195
0.104133
0.099917
0.103205
0.102486
0.107938
0.107074
0.112825
0.100151
0.107752
0.106017
0.098903
0.106747
0.114697
0.113627
0.112832
0.105745
0.111291
0.156835
0.112884
0.113568
0.112741
0.099333
0.105362
0.107960
0.107419
0.106798
0.122475
0.107079
0.102730
0.102137
0.125284
0.127830
0.106769
0.105693
0.106314
0.104498
0.110467
0.106875
0.100039
0.102231
0.099434
0.097280
0.096483
0.098625
0.123027
0.100039
0.113054
0.107515
0.137891
0.103079
0.106977
0.114191
0.101496
0.120324
0.109040
0.104450
0.115868
0.106023
0.096731
0.100155
0.106315
0.094347
0.085523
0.130642
0.122789
0.108733
0.105310
0.096581
0.113905
0.104245
0.095602
0.106809
0.147689
0.106471
0.103338
0.097486
0.096719
0.100554
0.160458
0.109035
0.123768
0.101600
0.113479
0.112929
0.131886
0.125559
0.112812
0.150499
0.112838
0.111100
0.111394
0.112388
0.105756
0.119141
0.107923
0.160254
0.105525
0.110401
0.104064
0.131785
0.118536
0.107328
0.104091
0.152638
0.116355
0.112977
0.122987
0.121939
0.107265
0.102966
0.110390
0.109457
0.105626
0.101387
0.109408
0.130723
0.124526
0.106338
0.102806
0.105806
0.115683
0.107717
0.133852
0.116036
0.111706
0.103502
0.107424
0.107794
0.103448
0.104136
0.102330
0.098358
0.102735
0.124938
0.105932
0.097933
0.092428
0.095670
0.096244
0.097269
0.103762
0.128426
0.101850
0.120321
0.103353
0.090832
0.090929
0.091202
0.088609
0.116385
0.132989
0.144167
0.096937
0.106086
0.100401
0.096601
0.131730
0.145947
0.104205
0.101881
0.108779
0.112105
0.102911
0.090337
0.084360
0.090035
0.093265
0.100188
0.098910
0.096220
0.114232
0.095374
0.095409
0.096286
0.138219
0.126339
0.106894
0.093972
0.108434
0.104229
0.104665
0.106386
0.114527
0.105598
0.105127
0.119699
0.132645
0.095034
0.091119
0.081227
0.114810
0.105293
0.102880
0.101845
0.097459
0.096924
0.126310
0.111889
0.103680
0.127416
0.105296
0.108269
0.088107
0.089763
0.101670
0.114942
0.116939
0.102390
0.110658
0.102206
0.103583
0.108344
0.104882
0.100131
0.099245
0.132786
0.120529
0.116330
0.098485
0.111455
0.107538
0.098489
0.099047
0.113569
0.122706
0.158472
0.107731
0.107251
0.109768
0.118930
0.122017
0.161207
0.098503
0.159895
0.109869
0.109370
0.120485
0.118781
0.145666
0.151694
0.102503
0.093271
0.092768
0.094949
0.101722
0.099782
0.105488
0.106419
0.085661
0.106253
0.136675
0.110537
0.099082
0.105289
0.108529
0.151244
0.120035
0.100890
0.110041
0.114491
0.118910
0.123055
0.108592
0.117084
0.118657
0.097547
0.111970
0.103963
0.114388
0.100925
0.106616
0.112037
0.110032
0.115448
0.140610
0.132004
0.100162
0.112063
0.114441
0.103780
0.104141
0.121369
0.161044
0.110124
0.104410
0.095967
0.094464
0.112999
0.113435
0.161773
0.116785
0.102796
0.112594
0.093996
0.100658
0.110257
0.117199
0.118776
0.099004
0.100665
0.101165
0.100972
0.122697
0.112382
0.098102
0.141642
0.106229
0.111777
0.108092
0.108048
0.105569
0.125602
0.131913
0.114642
0.116593
0.111479
0.100665
0.111865
0.108364
0.101876
0.098781
0.090797
0.086665
0.128034
0.101060
0.139410
0.135189
0.104753
0.107446
0.117873
0.127268
0.103370
0.115119
0.103455
0.134178
0.100646
0.095205
0.089367
0.084976
0.094398
0.098315
0.117437
0.103349
0.096546
0.124123
0.102921
0.102401
0.104000
0.097773
0.097341
0.104143
0.102482
0.127065
0.110032
0.105363
0.105497
0.105080
0.111615
0.116305
0.109384
0.105119
0.107340
0.109512
0.150995
0.097814
0.127265
0.100334
0.109659
0.100274
0.109102
0.106350
0.155163
0.114493
0.112458
0.105778
0.110625
0.111551
0.114390
0.110900
0.098276
0.143118
0.105348
0.142284
0.117762
0.103617
0.103223
0.102735
0.100098
0.101583
0.099257
0.111515
0.098914
0.100168
0.101877
0.099723
0.098032
0.101855
0.157262
0.097829
0.105354
0.108232
0.106182
0.098686
0.098955
0.110264
0.106436
0.105947
0.109246
0.111021
0.154315
0.115673
0.112811
0.101493
0.108434
0.107958
0.159706
0.102379
0.107228
0.101017
0.114937
0.103314
0.105461
0.113671
0.108169
0.112962
0.105501
0.167748
0.118702
0.105776
0.103682
0.137212
0.123110
0.098541
0.106034
0.104461
0.100939
0.106446
0.106279
0.147498
0.135405
0.113384
0.105989
0.107422
0.136541
0.093967
0.104562
0.096302
0.104986
0.092412
0.105027
0.116075
0.110667
0.112440
0.115376
0.122144
0.124562
0.139530
0.125559
0.124593
0.121340
0.114825
0.115015
0.103966
0.104946
0.113287
0.140515
0.122369
0.106094
0.102491
0.091296
0.100581
0.114298
0.114719
0.105371
0.140663
0.131049
0.148389
0.114298
0.108583
0.102351
0.109474
0.101491
0.143390
0.100995
0.106128
0.111746
0.113052
0.119096
0.119784
0.106579
0.112758
0.107029
0.124177
0.114567
0.103930
0.117014
0.109388
0.100804
0.097171
0.144992
0.149175
0.111027
0.107865
0.108313
0.098197
0.094790
0.094524
0.106703
0.101885
0.115487
0.112185
0.112755
0.102962
0.114467
0.152668
0.111866
0.105925
0.132528
0.104247
0.138734
0.114996
0.124286
0.137407
0.124792
0.097679
0.101715
0.110455
0.103575
0.101967
0.098659
0.128955
0.106586
0.122464
0.102018
0.106238
0.131234
0.120570
0.102398
0.101461
0.097949
0.103005
0.101484
0.104395
0.091853
0.117279
0.086317
0.101054
0.124343
0.102234
0.101820
0.145441
0.118672
0.105089
0.106852
0.104004
0.102538
0.109191
0.134854
0.128940
0.159416
0.114675
0.111608
0.102005
0.128551
0.105502
0.149454
0.098431
0.105424
0.094387
0.104502
0.107816
0.096543
0.107325
0.108175
0.109089
0.104218
0.134268
0.107418
0.118128
0.120626
0.123502
0.132584
0.126425
0.148074
0.098569
0.144398
0.099257
0.089416
0.092837
0.100034
0.098158
0.097129
0.104276
0.116847
0.121948
0.101180
0.115268
0.126494
0.101676
0.103608
0.107458
0.110355
0.116641
0.108050
0.115825
0.104390
0.108290
0.113168
0.143180
0.093670
0.107150
0.137099
0.110640
0.135847
0.102150
0.107025
0.100341
0.099735
0.106546
0.099357
0.107188
0.107712
0.119199
0.093210
0.102196
0.094631
0.116196
0.113297
0.106851
0.102122
0.109766
0.119004
0.121903
0.117983
0.114322
0.100886
0.104807
0.118174
0.113935
0.092252
0.108125
0.098223
0.102395
0.098995
0.112254
0.116086
0.110500
0.110110
0.104306
0.108933
0.136501
0.149446
0.093942
0.097336
0.095929
0.103982
0.114692
0.104851
0.115812
0.103936
0.128135
0.140121
0.176906
0.114656
0.108670
0.130097
0.101091
0.140411
0.117445
0.106548
0.127419
0.126386
0.112728
0.166920
0.120877
0.108197
0.104360
0.150159
0.098849
0.119438
0.101487
0.108746
0.110301
0.105315
0.143505
0.106213
0.096412
0.121799
0.114842
0.115021
0.123007
0.109222
0.106034
0.099911
0.101916
0.100730
0.098699
0.108536
0.103538
0.100011
0.104313
0.099495
0.100637
0.105766
0.113036
0.111350
0.115088
0.101796
0.111357
0.104929
0.091255
0.091728
0.090443
0.123940
0.098656
0.108158
0.118879
0.107878
0.093171
0.104866
0.104241
0.099314
0.087276
0.101074
0.100009
0.099614
0.108442
0.099208
0.101068
0.097128
0.139256
0.104007
0.110718
0.108747
0.100295
0.118016
0.101987
0.107712
0.179127
0.113970
0.121099
0.118759
0.113554
0.109936
0.105592
0.104068
0.103816
0.106898
0.111089
0.098980
0.099185
0.099159
0.104697
0.122980
0.101758
0.109510
0.110679
0.118011
0.112197
0.120005
0.107031
0.121823
0.110020
0.116791
0.127561
0.119995
0.101270
0.102933
0.092727
0.107996
0.106395
0.105460
0.088922
0.140130
0.109270
0.118912
0.103201
0.106041
0.117240
0.101120
0.110996
0.109225
0.124565
0.093469
0.125479
0.155792
0.099912
0.101164
0.103003
0.100475
0.099619
0.099981
0.106087
0.109018
0.113128
0.106203
0.111492
0.113173
0.119807
0.118685
0.162688
0.135098
0.125036
0.120656
0.114680
0.103138
0.118228
0.118370
0.099362
0.104669
0.132522
0.102915
0.109866
0.109246
0.095919
0.100013
0.144109
0.091831
0.088289
0.089246
0.106029
0.106365
0.112506
0.109078
0.116824
0.102264
0.152706
0.105442
0.149360
0.104876
0.109820
0.106240
0.103337
0.101575
0.102864
0.106668
0.098060
0.134728
0.091349
0.098334
0.103681
0.100939
0.099899
0.102453
0.102927
0.112050
0.092896
0.099255
0.097710
0.098892
0.098687
0.096683
0.103297
0.109686
0.121500
0.164116
0.126125
0.109494
0.105918
0.107206
0.092386
0.104481
0.113987
0.104215
0.097892
0.100548
0.105574
0.105840
0.105721
0.153977
0.110385
0.133932
0.106432
0.119348
0.119001
0.106631
0.110088
0.135271
0.113011
0.104353
0.103617
0.105710
0.099754
0.124087
0.101740
0.103736
0.102151
0.099975
0.143138
0.125235
0.146341
0.106367
0.105136
0.113140
0.111902
0.100066
0.101583
0.104710
0.107929
0.106745
0.107605
0.104199
0.098320
0.099438
0.095894
0.099119
0.097069
0.109403
0.097030
0.093419
0.099081
0.091554
0.092699
0.098510
0.112647
0.120939
0.102733
0.106740
0.102504
0.100762
0.101695
0.103478
0.111542
0.105658
0.108815
0.091637
0.090191
0.105699
0.089348
0.120715
0.104033
0.093899
0.095248
0.094283
0.117883
0.092278
0.107690
0.106383
0.150678
0.096535
0.119261
0.148074
0.104250
0.104923
0.097806
0.123559
0.105910
0.112640
0.124356
0.116965
0.113500
0.106726
0.106228
0.154983
0.104876
0.104079
0.101671
0.109061
0.103796
0.100116
0.118678
0.094222
0.099886
0.098485
0.103538
0.106152
0.100801
0.128626
0.094295
0.115822
0.114771
0.113438
0.121586
0.110817
0.108586
0.104519
0.116825
0.113280
0.099499
0.103566
0.099059
0.117564
0.097472
0.152360
0.106584
0.132931
0.094826
0.096616
0.101767
0.112373
0.111917
0.119403
0.115495
0.109454
0.119247
0.114166
0.118919
0.111381
0.107030
0.106112
0.100982
0.105777
0.096490
0.093279
0.101152
0.101480
0.098367
0.102989
0.101650
0.103027
0.094926
0.094894
0.105486
0.096695
0.100026
0.103354
0.086238
0.114595
0.100338
0.113218
0.109655
0.099389
0.100999
0.097128
0.108334
0.092259
0.103184
0.103655
0.143906
0.098373
0.106263
0.097427
0.148609
0.101167
0.089592
0.099187
0.105562
0.093754
0.094169
0.101587
0.108917
0.114253
0.123457
0.103561
0.100594
0.136720
0.103330
0.102277
0.108616
0.108291
0.107544
0.101942
0.150661
0.166859
0.123454
0.118376
0.116446
0.111990
0.151600
0.142088
0.104830
0.099413
0.101684
0.101121
0.105356
0.107429
0.099555
0.095540
0.092402
0.105570
0.105620
0.106555
0.120836
0.101037
0.099480
0.101541
0.100358
0.128886
0.108206
0.107267
0.101994
0.100358
0.100333
0.098734
0.093432
0.106376
0.101732
0.102960
0.118673
0.110357
0.121710
0.107880
0.128868
0.120155
0.106315
0.141608
0.112092
0.119726
0.104836
0.110628
0.107726
0.109386
0.102493
0.094768
0.093222
0.101597
0.137138
0.148505
0.103292
0.150309
0.114636
0.121745
0.103066
0.102334
0.107347
0.124931
0.103893
0.103004
0.154407
0.105777
0.143554
0.100131
0.128827
0.108087
0.110615
0.100719
0.103242
0.118581
0.150707
0.098878
0.096194
0.099809
0.119639
0.120605
0.116942
0.108100
0.100915
0.101028
0.102179
0.102920
0.141545
0.145904
0.158931
0.108377
0.096986
0.101701
0.148951
0.129394
0.101541
0.107707
0.128030
0.114162
0.103387
0.093243
0.103144
0.102910
0.095098
0.086867
0.148045
0.098320
0.133974
0.096864
0.142892
0.107597
0.101157
0.104286
0.091771
0.088061
0.090673
0.102674
0.115930
0.106700
0.120157
0.104142
0.105748
0.148236
0.120629
0.087075
0.095308
0.097092
0.107175
0.110519
0.090097
0.100540
0.113712
0.111273
0.114969
0.103299
0.117000
0.138974
0.104932
0.109756
0.112994
0.151511
0.153958
0.143661
0.113488
0.144305
0.101417
0.098567
0.096400
0.102205
0.117216
0.098915
0.099122
0.107728
0.089004
0.091884
0.138691
0.105872
0.116786
0.104714
0.139754
0.121155
0.129836
0.115740
0.114233
0.101686
0.099995
0.110865
0.100125
0.102303
0.111072
0.116966
0.099610
0.152565
0.132947
0.103010
0.102448
0.097789
0.097140
0.114345
0.116625
0.090755
0.127594
0.113365
0.125103
0.105077
0.100751
0.107515
0.101448
0.100634
0.125673
0.116809
0.150995
0.116235
0.118291
0.106848
0.110837
0.139592
0.087903
0.086837
0.115927
0.139250
0.106878
0.107383
0.113228
0.111229
0.098818
0.111730
0.099069
0.094310
0.094125
0.108399
0.140816
0.110534
0.102970
0.104812
0.104407
0.123219
0.126514
0.145463
0.112880
0.103861
0.102705
0.106423
0.101041
0.103032
0.099880
0.095400
0.083140
0.107890
0.116915
0.106049
0.106259
0.139714
0.109543
0.125423
0.102427
0.104783
0.128665
0.109606
0.102885
0.142434
0.117169
0.110540
0.115248
0.114430
0.105717
0.111816
0.106270
0.097019
0.110573
0.129709
0.152387
0.106650
0.107142
0.127273
0.100129
0.153136
0.153394
0.100116
0.101670
0.102129
0.118469
0.097698
0.098910
0.102652
0.150540
0.157954
0.104706
0.109289
0.104032
0.152401
0.108090
0.111102
0.104783
0.098556
0.105762
0.145490
0.107785
0.100532
0.125636
0.103519
0.149607
0.136702
0.116429
0.104087
0.097154
0.101303
0.103380
0.131534
0.105973
0.103046
0.130710
0.110626
0.147786
0.113649
0.161698
0.107747
0.109317
0.109482
0.150022
0.128780
0.101516
0.100064
0.098525
0.104656
0.141242
0.103691
0.095353
0.097625
0.107795
0.099344
0.106622
0.097568
0.116305
0.103957
0.107431
0.141703
0.090109
0.088825
0.100244
0.110782
0.160791
0.103163
0.105674
0.107307
0.109813
0.105085
0.100701
0.096245
0.118704
0.110404
0.108037
0.151587
0.103092
0.098996
0.126839
0.105827
0.098929
0.100594
0.105561
0.140602
0.103986
0.124165
0.140414
0.138906
0.098184
0.112535
0.134580
0.117805
0.104785
0.107880
0.108359
0.127134
0.109461
0.115903
0.107967
0.109378
0.102260
0.100007
0.099355
0.100545
0.102661
0.102219
0.099423
0.100169
0.103106
0.115397
0.106097
0.167862
0.156681
0.116841
0.141750
0.114000
0.118348
0.125686
0.130658
0.103994
0.108117
0.102965
0.110054
0.107001
0.107229
0.093700
0.106157
0.096792
0.116981
0.118738
0.103589
0.099882
0.100190
0.106115
0.107277
0.102412
0.093669
0.100525
0.100589
0.116926
0.122834
0.101458
0.104280
0.100976
0.104279
0.125824
0.110461
0.109979
0.144984
0.100443
0.099639
0.105539
0.104673
0.103635
0.106354
0.106581
0.093674
0.106437
0.110602
0.104547
0.129790
0.103850
0.100441
0.098005
0.104280
0.104320
0.106835
0.104915
0.105367
0.112870
0.098686
0.100860
0.098941
0.109921
0.102934
0.100709
0.106020
0.125961
0.128184
0.118581
0.116931
0.118642
0.108412
0.109762
0.105483
0.116436
0.106336
0.101515
0.178977
0.120093
0.112828
0.110507
0.098694
0.105801
0.099432
0.100577
0.099030
0.097480
0.100373
0.122916
0.102611
0.115690
0.094262
0.134169
0.107837
0.150948
0.115982
0.158036
0.111040
0.093107
0.119626
0.115372
0.093607
0.096705
0.125120
0.112274
0.111648
0.108893
0.105783
0.110349
0.122148
0.153353
0.127369
0.106454
0.119037
0.107215
0.142060
0.149328
0.105690
0.106709
0.159358
0.103648
0.148828
0.112310
0.121051
0.114898
0.144216
0.111184
0.109239
0.114453
0.121931
0.107782
0.103615
0.103003
0.112601
0.110523
0.119645
0.125967
0.112791
0.091738
0.096854
0.091811
0.094154
0.093167
0.097475
0.099844
0.090432
0.090991
0.094964
0.091822
0.114355
0.110428
0.101265
0.109347
0.102979
0.112137
0.120700
0.119039
0.108502
0.109674
0.132970
0.131573
0.144235
0.099561
0.104471
0.103934
0.101654
0.104231
0.106421
0.115932
0.127397
0.105322
0.098993
0.100969
0.102740
0.111779
0.166553
0.124824
0.122746
0.102365
0.143389
0.115929
0.090447
0.101251
0.102299
0.108255
0.123134
0.105352
0.134266
0.120507
0.161074
0.137177
0.111264
0.111074
0.109452
0.107240
0.098936
0.097002
0.106902
0.111896
0.141404
0.117377
0.120143
0.126834
0.112675
0.111331
0.135152
0.118064
0.106247
0.162909
0.102547
0.105719
0.104917
0.120174
0.113963
0.135669
0.103223
0.099932
0.149634
0.105793
0.114290
0.159031
0.106573
0.107818
0.115520
0.159439
0.169219
0.116739
0.124831
0.121351
0.123353
0.128150
0.112781
0.120793
0.113134
0.116248
0.165532
0.129290
0.151378
0.137572
0.125365
0.095182
0.118635
0.129968
0.100809
0.096019
0.103190
0.092282
0.113925
0.124715
0.148298
0.124653
0.113141
0.132138
0.121619
0.130978
0.134126
0.110791
0.128726
0.114125
0.138504
0.134818
0.116360
0.112797
0.106296
0.105881
0.109716
0.129205
0.127210
0.105183
0.102952
0.143036
0.124982
0.165432
0.119411
0.116890
0.108226
0.116007
0.113735
0.098178
0.105721
0.106625
0.109267
0.109588
0.110178
0.098338
0.104385
0.096596
0.102304
0.110976
0.109425
0.116891
0.104564
0.109931
0.112855
0.121172
0.109116
0.114567
0.122754
0.149351
0.107690
0.134705
0.108295
0.149091
0.105725
0.115527
0.111806
0.107749
0.123711
0.117293
0.108778
0.142742
0.106930
0.157519
0.117936
0.121841
0.094608
0.164161
0.148495
0.111170
0.149582
0.107665
0.104905
0.106985
0.110059
0.109128
0.100553
0.104419
0.106615
0.116842
0.119072
0.121532
0.113493
0.118598
0.116535
0.105825
0.109218
0.121150
0.125623
0.118209
0.116894
0.116428
0.099531
0.105709
0.115987
0.102520
0.115956
0.147250
0.113962
0.110740
0.131217
0.130592
0.127342
0.115193
0.115961
0.129866
0.159484
0.144829
0.131845
0.114470
0.124891
0.126720
0.132288
0.114743
0.102880
0.104787
0.104072
0.107911
0.105943
0.128085
0.162545
0.127975
0.115297
0.148587
0.165298
0.120729
0.121789
0.116241
0.125137
0.112669
0.117110
0.160965
0.163178
0.141085
0.129762
0.121657
0.140931
0.115573
0.115557
0.118777
0.133418
0.127736
0.118933
0.123453
0.102943
0.125107
0.137339
0.117318
0.114851
0.141346
0.125704
0.135644
0.135305
0.126364
0.130589
0.125803
0.124676
0.113899
0.112352
0.112751
0.106688
0.106230
0.111589
0.137896
0.128643
0.117113
0.120501
0.126622
0.127946
0.170770
0.136797
0.118790
0.141661
0.125499
0.114201
0.108648
0.110709
0.115157
0.110509
0.107244
0.125813
0.112648
0.114618
0.117767
0.156446
0.114158
0.111830
0.117358
0.119407
0.118883
0.110282
0.117588
0.113570
0.115827
0.125524
0.133662
0.120232
0.101344
0.112806
0.141541
0.107792
0.117437
0.113235
0.164697
0.147248
0.117462
0.116677
0.162890
0.162075
0.150836
0.105767
0.107824
0.118071
0.149204
0.115115
0.105721
0.150733
0.119752
0.121849
0.112474
0.161979
0.121950
0.114233
0.109582
0.104364
0.115150
0.118051
0.118348
0.149013
0.100722
0.103733
0.104562
0.105687
0.105584
0.107747
0.107088
0.133071
0.117430
0.122332
0.121188
0.103875
0.107532
0.116467
0.103960
0.102560
0.116701
0.107720
0.126898
0.118805
0.124153
0.156262
0.117421
0.115364
0.114471
0.106691
0.115267
0.108779
0.111398
0.123670
0.094444
0.119357
0.116277
0.108333
0.115065
0.114222
0.108070
0.100859
0.127898
0.160365
0.113601
0.129478
0.104912
0.114830
0.109900
0.110433
0.128637
0.108938
0.120873
0.092729
0.103107
0.108209
0.110346
0.103959
0.131544
0.137592
0.108130
0.135793
0.089204
0.132596
0.085217
0.093253
0.098757
0.115342
0.094092
0.108828
0.106762
0.088127
0.112006
0.132623
0.101501
0.102597
0.105401
0.104791
0.112810
0.109683
0.115725
0.152407
0.109921
0.101367
0.147187
0.133290
0.113711
0.112443
0.132103
0.145400
0.110659
0.112322
0.127414
0.118408
0.151364
0.149255
0.128935
0.104409
0.112930
0.104725
0.107006
0.109990
0.119398
0.117913
0.107265
0.116172
0.114174
0.125162
0.124097
0.108469
0.107544
0.126642
0.110743
0.140316
0.114197
0.156631
0.112849
0.123599
0.110025
0.109769
0.103222
0.106063
0.155610
0.141976
0.112940
0.105918
0.104505
0.125914
0.102238
0.102533
0.109497
0.151073
0.112202
0.127164
0.113947
0.111495
0.112871
0.116215
0.168667
0.115348
0.113321
0.116773
0.167245
0.106664
0.133043
0.104442
0.115801
0.130626
0.108434
0.107631
0.106261
0.106414
0.107100
0.110210
0.101171
0.116315
0.113350
0.107057
0.102392
0.118461
0.109223
0.122147
0.122310
0.105760
0.120623
0.113700
0.120251
0.163274
0.113713
0.155305
0.122091
0.115813
0.115064
0.109001
0.124356
0.108930
0.133352
0.109521
0.103752
0.137660
0.115200
0.115636
0.149055
0.107520
0.110752
0.109929
0.147452
0.136700
0.109335
0.122295
0.112360
0.135881
0.107479
0.101101
0.104839
0.118918
0.130471
0.115043
0.109859
0.112874
0.128786
0.107852
0.141093
0.098133
0.107538
0.101873
0.100435
0.112167
0.095495
0.119206
0.107881
0.101979
0.116584
0.121873
0.109988
0.111323
0.101392
0.104533
0.109016
0.098930
0.093411
0.096198
0.099969
0.112911
0.098424
0.113632
0.100781
0.106061
0.102931
0.122675
0.140742
0.118790
0.119196
0.121418
0.119982
0.137189
0.118446
0.107834
0.102301
0.102501
0.122227
0.106020
0.105363
0.116217
0.111168
0.107118
0.106715
0.098327
0.103750
0.107242
0.123073
0.156688
0.156691
0.111115
0.115426
0.111517
0.110190
0.127091
0.097232
0.102742
0.103185
0.114836
0.099095
0.097654
0.101460
0.144719
0.096536
0.107169
0.106043
0.102044
0.096099
0.100177
0.103521
0.103054
0.104332
0.098155
0.097072
0.100702
0.089896
0.091808
0.106741
0.136583
0.103513
0.105996
0.118600
0.113218
0.109247
0.112677
0.104438
0.120628
0.095391
0.098269
0.099805
0.114300
0.142722
0.148748
0.115608
0.114323
0.095443
0.107737
0.098019
0.110506
0.116389
0.124661
0.096395
0.153485
0.102908
0.096247
0.096905
0.142763
0.125180
0.134489
0.100778
0.106384
0.102486
0.123991
0.113095
0.109011
0.104501
0.096845
0.110936
0.117394
0.110886
0.100773
0.099787
0.099597
0.124538
0.114295
0.095879
0.099820
0.099594
0.103552
0.099641
0.107105
0.112698
0.110818
0.106012
0.106166
0.104539
0.102886
0.109712
0.103865
0.143337
0.127507
0.092578
0.127399
0.099963
0.093709
0.111229
0.151714
0.100608
0.099509
0.149700
0.130990
0.124821
0.099466
0.101423
0.097837
0.102760
0.151838
0.100434
0.106118
0.100715
0.098773
0.144117
0.111045
0.103791
0.100858
0.099449
0.122526
0.093383
0.106136
0.099552
0.093914
0.095604
0.098426
0.098292
0.096811
0.103218
0.096609
0.105443
0.092741
0.101575
0.101933
0.124922
0.098704
0.093237
0.096937
0.127231
0.089351
0.087624
0.093112
0.092896
0.106906
0.091691
0.095555
0.146427
0.103135
0.099868
0.124358
0.097841
0.098299
0.091783
0.097554
0.104849
0.107122
0.110186
0.103365
0.106129
0.120755
0.109659
0.099375
0.101850
0.103357
0.104441
0.095322
0.092483
0.090144
0.096464
0.101260
0.103927
0.115182
0.112481
0.125467
0.108518
0.102563
0.105674
0.118696
0.156327
0.126418
0.110603
0.117163
0.125819
0.113383
0.115119
0.141424
0.114890
0.130206
0.103405
0.096724
0.138375
0.099164
0.115490
0.091730
0.102435
0.105232
0.106624
0.102256
0.100038
0.100160
0.104893
0.091369
0.092881
0.110582
0.097448
0.104022
0.102875
0.106102
0.152044
0.107345
0.104379
0.147720
0.117982
0.106762
0.122083
0.106331
0.111023
0.157062
0.106621
0.106841
0.109910
0.161771
0.144555
0.102541
0.105853
0.106981
0.120348
0.111116
0.112695
0.104855
0.102083
0.110802
0.106237
0.120652
0.090403
0.142679
0.101646
0.102358
0.106395
0.137602
0.108335
0.113104
0.109188
0.102410
0.126949
0.157812
0.102144
0.102972
0.116975
0.115534
0.159544
0.101075
0.109631
0.124467
0.116511
0.097284
0.100572
0.101432
0.096651
0.103668
0.120062
0.129817
0.126341
0.118751
0.118216
0.104219
0.102902
0.122863
0.109122
0.101707
0.112926
0.107294
0.101841
0.109146
0.098244
0.106171
0.097426
0.099816
0.113251
0.106611
0.111753
0.104227
0.120413
0.115792
0.098244
0.098158
0.100238
0.100655
0.109485
0.102476
0.093104
0.103457
0.128399
0.104955
0.089423
0.100515
0.120817
0.112673
0.102843
0.105115
0.096771
0.102562
0.125305
0.098928
0.090584
0.092800
0.118787
0.151867
0.137312
0.119832
0.101396
0.092340
0.086675
0.099648
0.099171
0.112446
0.123008
0.094683
0.124718
0.107351
0.133227
0.109663
0.129921
0.092149
0.127112
0.130439
0.148255
0.144067
0.100261
0.110046
0.103425
0.107518
0.098467
0.093690
0.093908
0.090992
0.104280
0.101793
0.113017
0.149479
0.136478
0.118261
0.124581
0.089766
0.092631
0.091814
0.093747
0.095562
0.106497
0.105195
0.100534
0.101984
0.101020
0.119317
0.111887
0.114432
0.105920
0.101288
0.105126
0.095011
0.102017
0.131099
0.138362
0.113628
0.120909
0.122970
0.096786
0.106309
0.101327
0.103889
0.115080
0.114234
0.115247
0.110917
0.157678
0.104830
0.098043
0.106820
0.101954
0.110889
0.105032
0.099189
0.101842
0.099674
0.097307
0.098131
0.104315
0.105623
0.105861
0.098931
0.094706
0.116220
0.122306
0.116385
0.096359
0.105885
0.099396
0.113792
0.102030
0.104346
0.146348
0.110485
0.113399
0.118357
0.110159
0.103867
0.109444
0.105373
0.104813
0.106774
0.115027
0.115793
0.112871
0.154050
0.116559
0.109316
0.106950
0.136872
0.126127
0.104175
0.105319
0.102476
0.099388
0.106353
0.099331
0.106672
0.101831
0.114621
0.114727
0.124152
0.114092
0.085425
0.095190
0.124640
0.104561
0.120391
0.093301
0.130475
0.101750
0.131778
0.105477
0.102226
0.105280
0.106651
0.097364
0.084250
0.093944
0.101853
0.101512
0.098432
0.103080
0.101131
0.128633
0.096184
0.110519
0.102192
0.105026
0.105128
0.111853
0.098706
0.092772
0.097617
0.094767
0.107939
0.094132
0.119754
0.132803
0.103010
0.096390
0.098324
0.087118
0.088091
0.153232
0.096991
0.113057
0.163248
0.112709
0.114207
0.107600
0.103894
0.102753
0.104918
0.112673
0.132355
0.106597
0.107420
0.109209
0.103779
0.111812
0.151929
0.152820
0.112710
0.116166
0.104526
0.122586
0.102030
0.108665
0.126228
0.109723
0.106041
0.104864
0.140150
0.110758
0.120490
0.136551
0.154051
0.124587
0.119944
0.114155
0.104427
0.101761
0.100523
0.102359
0.100970
0.109084
0.100473
0.101606
0.101854
0.109832
0.099058
0.098527
0.106634
0.107543
0.101104
0.100770
0.100622
0.101606
0.099907
0.097561
0.125928
0.104780
0.098452
0.098580
0.102875
0.104817
0.101062
0.103957
0.107877
0.105197
0.093367
0.103634
0.100752
0.111539
0.151648
0.118838
0.121739
0.113870
0.114756
0.114278
0.102696
0.094799
0.114737
0.113536
0.096900
0.096906
0.101048
0.126330
0.095545
0.098634
0.101630
0.100375
0.106017
0.103151
0.112372
0.103265
0.101972
0.138978
0.106755
0.110506
0.120347
0.113855
0.115132
0.106514
0.139361
0.100672
0.098814
0.114568
0.129391
0.103857
0.109676
0.099709
0.105773
0.116812
0.110281
0.153302
0.118514
0.105599
0.105635
0.106371
0.098404
0.102290
0.112065
0.102369
0.100754
0.121793
0.117553
0.109195
0.121094
0.117654
0.119965
0.107863
0.116221
0.112467
0.121447
0.112362
0.107377
0.088286
0.090657
0.113337
0.090744
0.130562
0.103695
0.103045
0.119761
0.107861
0.103410
0.147835
0.105210
0.124269
0.103577
0.100662
0.099218
0.140809
0.097913
0.135415
0.089027
0.103040
0.100549
0.099354
0.106791
0.131872
0.142142
0.112175
0.120414
0.122106
0.104727
0.115126
0.101812
0.110527
0.104747
0.111888
0.101341
0.090391
0.090246
0.088288
0.113358
0.104078
0.115968
0.100779
0.104630
0.110005
0.117889
0.107439
0.105152
0.140667
0.095617
0.101421
0.102755
0.101378
0.101991
0.102309
0.116262
0.096240
0.128244
0.123676
0.119061
0.137587
0.109825
0.105758
0.101347
0.113399
0.093939
0.107419
0.118250
0.143270
0.098705
0.104118
0.109457
0.102703
0.103652
0.105429
0.119091
0.124029
0.156276
0.103252
0.141863
0.102701
0.109640
0.108172
0.113871
0.109668
0.106146
0.116914
0.115340
0.112960
0.131715
0.110067
0.132741
0.147258
0.106630
0.101087
0.102925
0.091969
0.131073
0.147667
0.150273
0.097028
0.133730
0.122138
0.104564
0.104775
0.123618
0.115087
0.105226
0.118489
0.148831
0.101792
0.102822
0.096657
0.098022
0.115999
0.122196
0.111620
0.099290
0.114888
0.118585
0.109649
0.139827
0.114809
0.100724
0.109035
0.141882
0.107139
0.166172
0.100123
0.096747
0.110989
0.131890
0.097512
0.098226
0.102670
0.105737
0.102763
0.103351
0.113617
0.113500
0.117209
0.110217
0.118047
0.117575
0.118040
0.129733
0.100617
0.105263
0.107474
0.114206
0.121022
0.135264
0.104962
