0.113772
0.282175
0.307133
0.341449
0.215538
0.340838
0.265035
0.341718
0.264618
0.259095
0.272394
0.291532
0.221249
0.275095
0.269320
0.280937
0.351839
0.391710
0.221178
0.211223
0.242579
0.170487
0.224578
0.236601
0.321078
0.237202
0.204251
0.302530
0.186188
0.190173
0.239200
0.233846
0.223107
0.299758
0.216413
0.208286
0.291029
0.223572
0.216620
0.171924
0.194498
0.149851
0.189685
0.224373
0.314318
0.280328
0.294738
0.236280
0.303208
0.301540
0.253870
0.219513
0.226473
0.257781
0.217028
0.226236
0.232258
0.219955
0.189570
0.256724
0.198950
0.255078
0.259881
0.259329
0.234124
0.256387
0.232364
0.272426
0.199203
0.286288
0.165476
0.213948
0.239233
0.304693
0.285540
0.255383
0.341670
0.249398
0.215005
0.178581
0.227822
0.185341
0.217981
0.268352
0.197669
0.234309
0.220363
0.237173
0.230957
0.193805
0.210114
0.221230
0.199521
0.201057
0.223892
0.217025
0.196372
0.277849
0.254002
0.204714
0.326897
0.240824
0.215521
0.198312
0.262937
0.233465
0.179606
0.174595
0.289770
0.225737
0.272958
0.225062
0.244548
0.234902
0.198682
0.229025
0.330816
0.215904
0.315998
0.275034
0.274278
0.190231
0.211326
0.348654
0.244224
0.260598
0.226888
0.421558
0.308828
0.211066
0.189043
0.291298
0.244815
0.236449
0.263201
0.221355
0.187017
0.273209
0.336208
0.260188
0.276730
0.277744
0.237251
0.276705
0.237362
0.255809
0.270173
0.338881
0.260578
0.237578
0.289075
0.253439
0.298634
0.281676
0.327338
0.286784
0.328602
0.298361
0.244365
0.304902
0.282119
0.298128
0.267393
0.267304
0.323105
0.255599
0.283463
0.152152
0.227922
0.242677
0.235025
0.283432
0.312756
0.232475
0.366612
0.250034
0.268237
0.254089
0.235662
0.244678
0.405457
0.309549
0.273954
0.349052
0.265250
0.295828
0.275689
0.268703
0.253999
0.239931
0.299889
0.279809
0.299242
0.212714
0.288692
0.345461
0.255809
0.250615
0.325557
0.302338
0.234676
0.303271
0.280864
0.387647
0.236566
0.263423
0.286786
0.268019
0.279811
0.268344
0.335535
0.292414
0.342835
0.313012
0.264075
0.320980
0.327929
0.323727
0.391390
0.330155
0.298937
0.551659
0.269717
0.289625
0.218193
0.359615
0.296107
0.316729
0.255905
0.333501
0.321933
0.275666
0.258057
0.251707
0.308028
0.236595
0.274779
0.304612
0.364139
0.341817
0.281162
0.297935
0.413474
0.320468
0.241652
0.254668
0.344607
0.262846
0.341344
0.321291
0.310443
0.251411
0.240774
0.239019
0.285473
0.272993
0.324887
0.326708
0.273582
0.286415
0.276317
0.327481
0.237239
0.278175
0.269447
0.279341
0.241292
0.270712
0.230380
0.316699
0.211022
0.328739
0.218239
0.250878
0.269686
0.192165
0.209094
0.220140
0.185910
0.162983
0.250253
0.241107
0.209523
0.232446
0.313639
0.294156
0.208350
0.298334
0.252597
0.233756
0.247075
0.279805
0.287961
0.223213
0.270898
0.322645
0.192988
0.258143
0.196622
0.184894
0.182028
0.229227
0.181475
0.202552
0.215167
0.222477
0.251297
0.223490
0.208273
0.204968
0.236583
0.235846
0.310994
0.178448
0.203639
0.172310
0.187460
0.285088
0.263386
0.231595
0.341841
0.236191
0.147821
0.240290
0.364665
0.222332
0.262216
0.281815
0.247513
0.208256
0.231941
0.254603
0.171181
0.231539
0.184008
0.260540
0.227743
0.288858
0.221548
0.151462
0.243035
0.350386
0.268187
0.246082
0.238821
0.217049
0.202346
0.268337
0.241018
0.229497
0.219055
0.203518
0.210327
0.293632
0.223163
0.242338
0.173923
0.290763
0.225754
0.203554
0.172163
0.226315
0.235251
0.270281
0.188114
0.251265
0.253895
0.189363
0.164298
0.261378
0.221750
0.249816
0.278219
0.246236
0.255327
0.272825
0.246738
0.239553
0.221497
0.197575
0.191252
0.196670
0.295175
0.252949
0.225193
0.217147
0.223391
0.193891
0.272771
0.208867
0.194259
0.220869
0.207707
0.259363
0.195316
0.212837
0.335470
0.309826
0.244087
0.233731
0.167970
0.192008
0.208723
0.173743
0.204444
0.183497
0.220413
0.212988
0.240116
0.211270
0.203255
0.191673
0.270207
0.255363
0.246585
0.241671
0.190675
0.204271
0.240815
0.228577
0.209337
0.265064
0.171249
0.224769
0.197891
0.197854
0.227408
0.126149
0.280602
0.219282
0.224389
0.195577
0.257636
0.174517
0.216388
0.257508
0.241238
0.218145
0.238246
0.187829
0.221063
0.209663
0.215068
0.261425
0.248235
0.228360
0.279283
0.309454
0.310268
0.182537
0.296484
0.224411
0.262728
0.249955
0.206958
0.245697
0.253941
0.225183
0.190610
0.172193
0.215224
0.162189
0.275081
0.237121
0.196183
0.194365
0.229254
0.224796
0.204524
0.248452
0.228694
0.187660
0.192085
0.233663
0.270141
0.187726
0.273223
0.205247
0.213106
0.209774
0.190384
0.195335
0.182974
0.257505
0.258055
0.279896
0.237912
0.423375
0.228954
0.258499
0.272283
0.277309
0.248596
0.394652
0.235194
0.254252
0.306496
0.231857
0.214237
0.280867
0.196269
0.281348
0.360044
0.323761
0.290606
0.292576
0.227787
0.419910
0.252194
0.353038
0.388511
0.330059
0.464781
0.290608
0.318009
0.349527
0.301153
0.229012
0.309259
0.358027
0.378321
0.400697
0.247673
0.348607
0.328067
0.430001
0.373804
0.345737
0.249786
0.429373
0.366403
0.339507
0.266311
0.304524
0.385953
0.277022
0.366943
0.385458
0.464000
0.381773
0.510168
0.402400
0.276788
0.404362
0.279282
0.389159
0.355736
0.318127
0.342992
0.370155
0.291231
0.309514
0.289630
0.366169
0.356493
0.262470
0.261851
0.295299
0.371600
0.290719
0.357793
0.518468
0.362117
0.275785
0.380927
0.339802
0.276649
0.334146
0.297907
0.354731
0.290074
0.264331
0.194897
0.203177
0.272767
0.429279
0.352776
0.240219
0.309554
0.317873
0.316479
0.321007
0.307959
0.276391
0.363442
0.362231
0.292867
0.292596
0.371277
0.462307
0.264064
0.323517
0.298819
0.243802
0.185504
0.202060
0.208064
0.275262
0.300421
0.320961
0.278728
0.253369
0.269345
0.307809
0.244794
0.379527
0.286182
0.307385
0.266520
0.229185
0.280324
0.372087
0.255001
0.219112
0.268960
0.286105
0.283697
0.318928
0.299336
0.318990
0.284444
0.297939
0.208191
0.258117
0.200264
0.184242
0.202569
0.196164
0.217175
0.227895
0.210668
0.216621
0.195384
0.261036
0.199836
0.296405
0.143884
0.244017
0.203021
0.261013
0.163656
0.186514
0.178681
0.258003
0.239449
0.212823
0.204782
0.193041
0.262298
0.258253
0.224696
0.220041
0.163783
0.230758
0.212633
0.242002
0.235992
0.230999
0.150491
0.233409
0.220405
0.247459
0.175577
0.311174
0.298617
0.286995
0.222255
0.300943
0.236507
0.281353
0.189914
0.239301
0.249812
0.193263
0.203763
0.229838
0.319960
0.266490
0.220435
0.237259
0.226603
0.276630
0.319971
0.285245
0.255653
0.341474
0.260323
0.191215
0.219950
0.261316
0.216320
0.231920
0.238433
0.243678
0.261254
0.183911
0.255576
0.178882
0.238927
0.326455
0.290962
0.284917
0.341606
0.150081
0.282582
0.363721
0.238371
0.210757
0.230997
0.309402
0.243618
0.262874
0.229854
0.260669
0.277132
0.320667
0.218339
0.212403
0.207216
0.219243
0.235694
0.284848
0.203733
0.312331
0.251317
0.177207
0.254979
0.273580
0.281366
0.228167
0.232386
0.203949
0.249050
0.266526
0.212249
0.212151
0.199069
0.227091
0.233148
0.254381
0.226158
0.225367
0.283887
0.252922
0.201113
0.195134
0.233295
0.281547
0.335938
0.256200
0.246156
0.160580
0.224249
0.181342
0.214861
0.242736
0.293789
0.210207
0.195136
0.243967
0.236804
0.254623
0.231523
0.209548
0.224143
0.277671
0.335558
0.219553
0.220049
0.249546
0.204450
0.199780
0.217059
0.285925
0.292573
0.255076
0.195854
0.285936
0.179582
0.237856
0.144706
0.214128
0.230642
0.258405
0.290316
0.265657
0.195066
0.270851
0.228545
0.247042
0.254455
0.190858
0.282628
0.243159
0.221494
0.174671
0.291097
0.209100
0.200598
0.234617
0.253925
0.173861
0.272564
0.227032
0.287629
0.245722
0.234280
0.217081
0.291956
0.191336
0.199148
0.191102
0.250774
0.238183
0.270927
0.204771
0.239989
0.226363
0.211747
0.273942
0.175635
0.242201
0.265238
0.255713
0.188333
0.273566
0.255479
0.216632
0.198041
0.213353
0.195129
0.270784
0.300430
0.171231
0.196005
0.233011
0.186960
0.196588
0.230410
0.258767
0.337414
0.401801
0.274931
0.237844
0.255153
0.222848
0.259446
0.216660
0.267622
0.376203
0.287468
0.272052
0.340804
0.346479
0.360499
0.442798
0.309896
0.271622
0.242027
0.271661
0.367123
0.241270
0.323812
0.357211
0.241690
0.325143
0.296585
0.376189
0.313018
0.357108
0.343858
0.426502
0.313217
0.280600
0.364350
0.386277
0.264862
0.371947
0.403514
0.259665
0.322759
0.337641
0.292716
0.249582
0.324484
0.419304
0.264681
0.285465
0.285082
0.336831
0.392156
0.296736
0.330396
0.251496
0.266863
0.315350
0.442478
0.238852
0.264912
0.331546
0.334593
0.280029
0.384018
0.478965
0.277664
0.348970
0.368944
0.337942
0.365956
0.435997
0.308267
0.233255
0.212178
0.454651
0.206338
0.236041
0.290620
0.244250
0.253169
0.269235
0.226613
0.241427
0.343978
0.314982
0.237941
0.331084
0.299479
0.279340
0.317035
0.292762
0.191110
0.222497
0.331070
0.295828
0.375603
0.269161
0.240774
0.353865
0.265795
0.271932
0.233165
0.312630
0.289547
0.317731
0.340828
0.274454
0.278958
0.298661
0.257604
0.304251
0.245451
0.295613
0.416893
0.304339
0.284815
0.425960
0.319171
0.234001
0.238922
0.313106
0.244567
0.262494
0.274462
0.272447
0.263860
0.225641
0.283277
0.329870
0.245838
0.268519
0.249171
0.340881
0.370731
0.356225
0.355140
0.256325
0.306960
0.329696
0.253455
0.284575
0.286384
0.250012
0.282158
0.328196
0.257612
0.313550
0.311896
0.255597
0.322953
0.275624
0.246939
0.286343
0.342365
0.297643
0.415231
0.308730
0.316389
0.361882
0.269022
0.333210
0.279735
0.236839
0.338870
0.250107
0.298737
0.298081
0.365156
0.257017
0.208789
0.355054
0.277437
0.308756
0.225282
0.299516
0.267102
0.350621
0.279538
0.282103
0.256684
0.261754
0.358778
0.301188
0.335747
0.225065
0.297750
0.269413
0.309217
0.284346
0.292542
0.280120
0.307404
0.307876
0.322674
0.392786
0.262091
0.252063
0.220247
0.294639
0.334348
0.317110
0.262222
0.343499
0.336354
0.335991
0.349250
0.364904
0.255946
0.315449
0.331594
0.237525
0.322143
0.298580
0.360989
0.301436
0.267257
0.315373
0.235727
0.281150
0.309422
0.265951
0.285789
0.222705
0.255108
0.302966
0.244307
0.231083
0.325809
0.229151
0.414699
0.212275
0.355975
0.288544
0.236982
0.217451
0.351274
0.392314
0.223009
0.257924
0.230770
0.209938
0.392187
0.286431
0.387818
0.292940
0.238996
0.249743
0.296278
0.312490
0.245425
0.240791
0.361279
0.218463
0.265232
0.288203
0.270098
0.249895
0.208849
0.265077
0.235421
0.259134
0.237167
0.252975
0.226311
0.316851
0.301497
0.264692
0.301782
0.247776
0.325712
0.349197
0.342302
0.239367
0.226842
0.190180
0.252081
0.273577
0.227216
0.236950
0.192975
0.317128
0.269650
0.340149
0.316170
0.237771
0.264284
0.225467
0.222646
0.222395
0.287914
0.224892
0.217940
0.200548
0.255343
0.178248
0.239909
0.176964
0.203715
0.292089
0.271529
0.258832
0.234422
0.259953
0.247499
0.240404
0.185888
0.235341
0.229959
0.220896
0.228857
0.279898
0.251106
0.283690
0.246533
0.237113
0.286051
0.289777
0.245959
0.222229
0.195318
0.287121
0.266391
0.205203
0.222449
0.242026
0.250960
0.255398
0.240803
0.202795
0.290267
0.263851
0.227769
0.211557
0.181011
0.238911
0.237699
0.228492
0.222159
0.264595
0.217865
0.238879
0.272086
0.302798
0.264221
0.210685
0.266216
0.202586
0.233283
0.185051
0.281964
0.244161
0.266411
0.204309
0.247925
0.184646
0.328775
0.240757
0.178054
0.197887
0.215145
0.258840
0.233573
0.221548
0.244838
0.190107
0.231939
0.254273
0.222529
0.247158
0.198383
0.306369
0.221901
0.335899
0.253305
0.277392
0.213269
0.237585
0.222798
0.186583
0.211505
0.193721
0.231349
0.240967
0.222482
0.293821
0.230839
0.258710
0.299367
0.346780
0.302027
0.225125
0.314174
0.224883
0.287394
0.344395
0.309616
0.320713
0.305822
0.274994
0.224990
0.273767
0.252371
0.247756
0.255770
0.254665
0.268115
0.312790
0.249808
0.223573
0.239165
0.406046
0.338261
0.409853
0.306738
0.326975
0.201919
0.350657
0.255095
0.330320
0.281974
0.317263
0.255706
0.300718
0.356990
0.277252
0.339648
0.308007
0.225169
0.279110
0.301371
0.304301
0.221826
0.266644
0.282932
0.320108
0.276561
0.220019
0.287241
0.236136
0.221698
0.265794
0.239131
0.323018
0.255420
0.270088
0.387807
0.286309
0.257445
0.279244
0.245841
0.419445
0.309323
0.272027
0.361899
0.263467
0.385289
0.244233
0.297979
0.243908
0.321395
0.344958
0.426960
0.311907
0.276114
0.238777
0.301470
0.339503
0.457056
0.271100
0.266113
0.311046
0.341187
0.248183
0.357547
0.131531
0.401494
0.328110
0.484532
0.280759
0.287320
0.432773
0.407847
0.355669
0.277147
0.361740
0.250966
0.302713
0.262213
0.467957
0.292623
0.332399
0.318606
0.202522
0.291427
0.319530
0.271132
0.284654
0.325288
0.359444
0.293664
0.250298
0.428378
0.244711
0.320435
0.256590
0.346576
0.287061
0.217907
0.286489
0.332924
0.359579
0.299485
0.289598
0.304085
0.351380
0.240128
0.422985
0.326749
0.385553
0.320109
0.284365
0.263494
0.342456
0.310303
0.236493
0.374552
0.298088
0.425151
0.347418
0.315916
0.267662
0.217356
0.200222
0.248776
0.153639
0.247518
0.219866
0.210542
0.257947
0.344266
0.311828
0.405445
0.325441
0.330715
0.432059
0.274463
0.325891
0.295463
0.321226
0.299050
0.350702
0.354901
0.436743
0.289665
0.508365
0.200401
0.192268
0.442310
0.239785
0.234032
0.364719
0.355555
0.330845
0.232121
0.208348
0.434461
0.197165
0.302814
0.363657
0.250832
0.236395
0.240849
0.300541
0.203374
0.208724
0.207366
0.321129
0.261794
0.343533
0.242599
0.302330
0.262492
0.225797
0.229293
0.265907
0.274629
0.274165
0.235236
0.250413
0.269091
0.295448
0.231411
0.301969
0.296324
0.253029
0.208360
0.208398
0.210330
0.273121
0.260890
0.253406
0.244504
0.233647
0.208762
0.211477
0.215714
0.185030
0.190260
0.251239
0.230069
0.230084
0.234337
0.217229
0.205503
0.186735
0.246996
0.162284
0.207176
0.278680
0.317563
0.187757
0.201762
0.205440
0.196691
0.232147
0.308008
0.306369
0.297703
0.222225
0.220768
0.282660
0.263901
0.256324
0.227406
0.240368
0.231279
0.263232
0.234526
0.270170
0.271684
0.254627
0.200147
0.188640
0.217435
0.220636
0.226756
0.245555
0.266572
0.253425
0.191407
0.264495
0.260700
0.243575
0.234263
0.283668
0.231304
0.242340
0.204807
0.278735
0.236985
0.255476
0.245742
0.248432
0.293266
0.264822
0.217392
0.193340
0.192690
0.209763
0.250247
0.262393
0.250316
0.259390
0.204120
0.177706
0.263775
0.188852
0.250580
0.249542
0.161150
0.211935
0.289271
0.358319
0.235603
0.265339
0.232078
0.242668
0.311822
0.245339
0.200850
0.301029
0.271485
0.264938
0.239777
0.244910
0.283193
0.238603
0.352819
0.226373
0.205126
0.215121
0.236463
0.181473
0.222870
0.254707
0.187271
0.156305
0.180316
0.191312
0.210179
0.210447
0.303380
0.244801
0.176626
0.305010
0.188746
0.143786
0.359713
0.241175
0.204863
0.363947
0.197068
0.237704
0.207650
0.273239
0.249231
0.252647
0.206838
0.251478
0.186843
0.172396
0.238079
0.275419
0.283205
0.195292
0.199562
0.202560
0.176103
0.172170
0.238788
0.305997
0.209527
0.229442
0.163857
0.241251
0.229373
0.281956
0.277883
0.226074
0.314077
0.230554
0.207006
0.162910
0.188749
0.241352
0.174390
0.265332
0.194560
0.226598
0.214044
0.215809
0.232893
0.209919
0.231566
0.245480
0.179381
0.220305
0.215422
0.232576
0.272402
0.147306
0.313956
0.287136
0.220130
0.240234
0.172900
0.178707
0.199910
0.223949
0.209153
0.302619
0.199975
0.234908
0.225370
0.221017
0.239349
0.263330
0.344322
0.260867
0.237101
0.246478
0.172940
0.300112
0.254119
0.208978
0.235310
0.243724
0.254904
0.242326
0.262774
0.234288
0.246350
0.243623
0.243102
0.124866
0.258825
0.236559
0.253784
0.229874
0.194924
0.219638
0.260384
0.187760
0.230420
0.200514
0.189763
0.156311
0.190731
0.255818
0.255585
0.193376
0.139177
0.180714
0.184383
0.200995
0.198613
0.289747
0.269060
0.199643
0.162889
0.224697
0.230156
0.202474
0.205194
0.196178
0.193172
0.211844
0.259671
0.221073
0.243268
0.171297
0.186536
0.196718
0.224706
0.264813
0.205634
0.179069
0.231992
0.181647
0.284072
0.248087
0.212923
0.279415
0.304566
0.213858
0.257474
0.215726
0.214750
0.183904
0.276324
0.225612
0.207622
0.193846
0.161659
0.209577
0.236747
0.191883
0.227538
0.216969
0.258251
0.238102
0.183121
0.212600
0.279251
0.234659
0.219199
0.220123
0.247529
0.261734
0.237725
0.187318
0.195455
0.160232
0.202959
0.206954
0.189186
0.245209
0.179767
0.254589
0.252558
0.265220
0.214651
0.314666
0.218928
0.177899
0.207126
0.172911
0.190845
0.250391
0.227810
0.189949
0.223274
0.236416
0.200024
0.277041
0.180810
0.228373
0.396959
0.224210
0.262420
0.261280
0.198171
0.229856
0.217471
0.238562
0.215353
0.224565
0.233808
0.213037
0.233148
0.233221
0.218077
0.224390
0.210887
0.241335
0.217161
0.257807
0.225517
0.251333
0.265174
0.175924
0.197087
0.244887
0.236615
0.246647
0.223127
0.232271
0.285764
0.241132
0.201599
0.230845
0.279819
0.236421
0.186834
0.216419
0.222842
0.213579
0.229355
0.229284
0.233543
0.261621
0.198630
0.238373
0.204114
0.225142
0.257052
0.278492
0.292770
0.274718
0.259441
0.256348
0.229380
0.231544
0.245546
0.211439
0.254576
0.234297
0.198228
0.237534
0.263120
0.226842
0.230176
0.254043
0.212895
0.226172
0.326952
0.354874
0.236054
0.232163
0.189716
0.210775
0.194409
0.163791
0.207940
0.236121
0.291724
0.249552
0.221452
0.251296
0.218770
0.272729
0.295680
0.280864
0.252769
0.184216
0.243584
0.164366
0.189036
0.161272
0.161349
0.159687
0.151652
0.135764
0.155771
0.142397
0.212931
0.245029
0.169930
0.184404
0.204410
0.194159
0.282005
0.179570
0.208682
0.225366
0.187196
0.244524
0.344445
0.292612
0.215911
0.250874
0.203544
0.236204
0.189339
0.288002
0.210497
0.259434
0.231369
0.208969
0.171490
0.261738
0.251922
0.172035
0.202956
0.191527
0.282183
0.227002
0.221652
0.238690
0.192235
0.243363
0.211647
0.243001
0.293648
0.160813
0.234774
0.228751
0.409094
0.188170
0.180307
0.319258
0.194509
0.294500
0.319519
0.274360
0.283108
0.248720
0.211150
0.265423
0.245384
0.187816
0.232294
0.239339
0.280533
0.293039
0.230372
0.330969
0.212049
0.215338
0.164834
0.287214
0.261651
0.211306
0.231625
0.246869
0.195234
0.274486
0.222784
0.272632
0.237994
0.194256
0.212147
0.307429
0.221965
0.205360
0.252386
0.323398
0.209439
0.213754
0.249901
0.217481
0.211813
0.229716
0.291510
0.303936
0.329351
0.256081
0.225706
0.214149
0.175943
0.152957
0.240730
0.180651
0.263015
0.284562
0.187587
0.222557
0.240577
0.259277
0.290809
0.224948
0.211818
0.261555
0.347061
0.242087
0.231649
0.350542
0.256754
0.238252
0.227364
0.209027
0.197161
0.211102
0.162445
0.244324
0.266208
0.254106
0.239165
0.222080
0.180925
0.266930
0.264410
0.256926
0.194176
0.253347
0.226602
0.187405
0.155123
0.240124
0.189172
0.199054
0.159921
0.206522
0.224908
0.205167
0.216494
0.178092
0.208522
0.168483
0.209838
0.249887
0.256422
0.207668
0.214807
0.225986
0.199209
0.226151
0.177511
0.256576
0.286203
0.227459
0.231158
0.289726
0.297443
0.333185
0.257966
0.244043
0.239450
0.191640
0.247188
0.157465
0.213503
0.228679
0.200557
0.171440
0.225598
0.239932
0.207345
0.152631
0.188645
0.240332
0.263753
0.223916
0.192925
0.187058
0.181233
0.247578
0.211506
0.218394
0.220417
0.244791
0.204532
0.194977
0.235804
0.192712
0.226325
0.240454
0.173128
0.153156
0.126168
0.227308
0.217935
0.261966
0.171127
0.215974
0.212950
0.208092
0.214247
0.173160
0.218000
0.217294
0.176055
0.166101
0.217917
0.247282
0.251958
0.199160
0.177195
0.210572
0.239188
0.165416
0.281903
0.175054
0.248954
0.248185
0.196629
0.216869
0.200674
0.231537
0.148273
0.219008
0.159677
0.183712
0.173573
0.215358
0.171047
0.190605
0.199452
0.188436
0.164748
0.143993
0.197595
0.182170
0.171154
0.204928
0.213799
0.198490
0.236873
0.233040
0.224710
0.150639
0.210494
0.195302
0.242620
0.157079
0.209775
0.172121
0.213647
0.149800
0.221391
0.188812
0.209525
0.193604
0.236588
0.194024
0.187071
0.144720
0.190442
0.218722
0.252867
0.246577
0.208838
0.175861
0.222756
0.208636
0.192102
0.198466
0.183288
0.323909
0.237971
0.148718
0.193527
0.230277
0.211846
0.191829
0.197271
0.182269
0.198729
0.216398
0.180699
0.195621
0.218830
0.172831
0.267865
0.242621
0.176203
0.190720
0.167734
0.230499
0.163669
0.197525
0.176848
0.205231
0.198448
0.148230
0.179901
0.232837
0.215946
0.166690
0.142751
0.113847
0.124989
0.173847
0.204262
0.194371
0.217336
0.202798
0.172198
0.149542
0.158371
0.225985
0.146886
0.172724
0.157091
0.153856
0.234555
0.163539
0.147038
0.229926
0.201776
0.193089
0.213277
0.165038
0.260632
0.207698
0.160929
0.238798
0.296965
0.223019
0.232286
0.195511
0.238455
0.308805
0.231622
0.228203
0.363801
0.242244
0.226971
0.213629
0.375654
0.252706
0.234993
0.251952
0.240527
0.237956
0.303826
0.277042
0.399705
0.185221
0.298215
0.421631
0.217461
0.170970
0.188072
0.178514
0.205642
0.186388
0.229503
0.223345
0.154592
0.224978
0.295321
0.179708
0.231399
0.192021
0.180105
0.223678
0.228880
0.309850
0.315855
0.246532
0.345991
0.208779
0.247774
0.313796
0.452729
0.270358
0.192025
0.200443
0.282501
0.221349
0.220009
0.232114
0.197969
0.170902
0.168323
0.215786
0.184584
0.184780
0.229979
0.229389
0.151657
0.185728
0.236825
0.207167
0.257377
0.218522
0.163439
0.177108
0.190432
0.234043
0.150258
0.200441
0.224905
0.174902
0.139711
0.257692
0.200702
0.167049
0.150841
0.161803
0.183784
0.180784
0.177465
0.223785
0.258053
0.229464
0.217139
0.261014
0.202908
0.227252
0.169691
0.171473
0.141076
0.153633
0.128378
0.143453
0.139807
0.130439
0.101157
0.163065
0.139959
0.150056
0.143214
0.197420
0.174057
0.162192
0.176820
0.156068
0.158243
0.150074
0.164193
0.179583
0.186708
0.132808
0.139810
0.141809
0.184719
0.186799
0.143809
0.189530
0.236639
0.187307
0.221642
0.219981
0.211908
0.199946
0.228828
0.175165
0.218854
0.226093
0.244222
0.291975
0.219798
0.237889
0.183019
0.269158
0.275137
0.199548
0.279804
0.212599
0.219249
0.223596
0.168469
0.228853
0.185426
0.243890
0.189402
0.228082
0.215389
0.264456
0.285148
0.226797
0.224365
0.242722
0.188063
0.240999
0.238994
0.213643
0.226829
0.198804
0.227162
0.218221
0.247832
0.175218
0.214018
0.192260
0.230871
0.194397
0.207992
0.161995
0.234020
0.249449
0.185923
0.233801
0.227631
0.227616
0.167916
0.202213
0.212362
0.205255
0.105705
0.165857
0.191874
0.207715
0.183744
0.141613
0.128706
0.153572
0.199498
0.143004
0.219593
0.174165
0.177718
0.232548
0.161810
0.211741
0.191869
0.194825
0.253098
0.172779
0.174228
0.190446
0.270503
0.224727
0.190769
0.173970
0.215947
0.173970
0.169123
0.187505
0.195060
0.179796
0.137364
0.179555
0.174055
0.201022
0.209105
0.251413
0.229489
0.171358
0.259574
0.221316
0.207525
0.215948
0.151932
0.270504
0.178876
0.202315
0.207189
0.206996
0.200213
0.202468
0.162774
0.229563
0.198188
0.221019
0.210352
0.181982
0.139450
0.197331
0.234711
0.258187
0.248478
0.201329
0.284801
0.185068
0.192106
0.176836
0.186652
0.192096
0.204372
0.189679
0.197895
0.159164
0.203332
0.168190
0.170527
0.162833
0.209983
0.170661
0.189310
0.224617
0.168073
0.145758
0.160922
0.151920
0.152247
0.159717
0.179869
0.192048
0.234775
0.180976
0.184005
0.164643
0.146474
0.123574
0.192788
0.186115
0.152148
0.241745
0.200558
0.111454
0.181384
0.210880
0.183005
0.169716
0.148845
0.183834
0.201529
0.169238
0.175090
0.167058
0.164097
0.175925
0.240630
0.216837
0.198187
0.166195
0.178606
0.241027
0.240606
0.184068
0.193558
0.166123
0.159125
0.200184
0.173457
0.162695
0.165622
0.142487
0.194258
0.201464
0.208935
0.227720
0.189585
0.190705
0.151983
0.182561
0.117235
0.177069
0.198837
0.216318
0.300625
0.169496
0.171186
0.184704
0.272743
0.166828
0.217739
0.181512
0.198218
0.188415
0.216860
0.160017
0.256232
0.221864
0.165784
0.190521
0.143825
0.214148
0.171655
0.280588
0.153523
0.150590
0.127321
0.219559
0.198067
0.175106
0.189214
0.109991
0.189547
0.188245
0.161423
0.116279
0.178323
0.142814
0.166004
0.159082
0.238147
0.173068
0.188429
0.198418
0.168175
0.145532
0.201327
0.172567
0.152620
0.180108
0.133733
0.119625
0.129765
0.144898
0.132310
0.155390
0.207283
0.220182
0.238775
0.205603
0.176004
0.192459
0.159771
0.205892
0.255471
0.207658
0.247468
0.200914
0.221927
0.155902
0.279106
0.164474
0.208383
0.174408
0.224372
0.177530
0.199398
0.138807
0.176434
0.172910
0.166746
0.171363
0.283778
0.289060
0.309091
0.234554
0.216639
0.194106
0.178774
0.269885
0.152437
0.201613
0.200242
0.260828
0.198847
0.230107
0.190615
0.209474
0.094357
0.151952
0.173738
0.172295
0.195892
0.282923
0.251111
0.164411
0.189348
0.180604
0.206963
0.255450
0.253694
0.220124
0.210932
0.238835
0.141861
0.162113
0.208019
0.214261
0.226069
0.195025
0.248695
0.225424
0.152478
0.183625
0.254134
0.240445
0.192050
0.295715
0.233495
0.259483
0.180089
0.196843
0.257664
0.215361
0.153626
0.219796
0.211308
0.175680
0.195730
0.218892
0.189140
0.199916
0.212194
0.187787
0.184706
0.160511
0.207045
0.241359
0.212721
0.256774
0.185201
0.163839
0.208937
0.145880
0.185232
0.305196
0.224572
0.190984
0.217390
0.236697
0.218803
0.248770
0.203972
0.229530
0.237631
0.294403
0.129736
0.170042
0.168800
0.273517
0.235328
0.211416
0.182089
0.179462
0.154143
0.259351
0.224708
0.251876
0.252639
0.198488
0.231827
0.304354
0.221421
0.192975
0.197963
0.155911
0.205820
0.204003
0.229450
0.319629
0.225956
0.165923
0.146258
0.212595
0.229899
0.254736
0.210929
0.214555
0.206095
0.209065
0.205971
0.212409
0.207817
0.181593
0.231291
0.138405
0.289771
0.177040
0.198690
0.219635
0.154695
0.155433
0.242686
0.243842
0.213211
0.194336
0.213564
0.256095
0.201002
0.201741
0.229426
0.195656
0.204520
0.184478
0.165900
0.213071
0.218481
0.298145
0.176117
0.227560
0.227679
0.168628
0.204331
0.179052
0.216069
0.183876
0.212605
0.206246
0.209096
0.163380
0.219041
0.215145
0.167532
0.209297
0.175471
0.264806
0.228208
0.118585
0.267306
0.251608
0.252119
0.290981
0.230703
0.220235
0.242799
0.249599
0.203109
0.164031
0.267901
0.222098
0.197886
0.257199
0.222759
0.256914
0.225126
0.163536
0.187859
0.254325
0.187635
0.176809
0.158666
0.180532
0.189502
0.235149
0.182771
0.187554
0.191223
0.201685
0.193623
0.178419
0.126092
0.164870
0.207880
0.132952
0.156141
0.189547
0.182416
0.213979
0.206464
0.168450
0.190213
0.181462
0.162753
0.148028
0.135220
0.177664
0.180508
0.144121
0.166220
0.270009
0.191658
0.252844
0.195741
0.234797
0.215396
0.175854
0.187577
0.135140
0.170689
0.248546
0.255117
0.239184
0.222296
0.216193
0.173245
0.200062
0.180358
0.168105
0.174181
0.291899
0.235606
0.151346
0.186796
0.205611
0.183711
0.243004
0.176250
0.130135
0.175458
0.162550
0.167865
0.184516
0.143597
0.166238
0.216061
0.154293
0.151148
0.176940
0.149611
0.177449
0.145698
0.175124
0.156813
0.170611
0.167984
0.165444
0.234766
0.223500
0.127735
0.155949
0.276076
0.271405
0.293476
0.223646
0.230577
0.279489
0.227646
0.169381
0.202601
0.160002
0.225053
0.176083
0.219691
0.213799
0.256629
0.176420
0.222574
0.220667
0.298885
0.313645
0.180373
0.221832
0.248950
0.229294
0.199728
0.258260
0.204787
0.227933
0.228827
0.297893
0.167626
0.286553
0.241415
0.235912
0.195741
0.195582
0.260546
0.283641
0.287280
0.220758
0.259103
0.172879
0.187864
0.183383
0.183711
0.214217
0.213221
0.175574
0.201963
0.229194
0.208049
0.215245
0.236613
0.189167
0.210652
0.208719
0.203969
0.180441
0.245449
0.224167
0.243992
0.268519
0.389329
0.248134
0.194535
0.225129
0.242706
0.180763
0.274837
0.152130
0.204562
0.185754
0.209428
0.152324
0.220121
0.227542
0.264094
0.178315
0.150495
0.152417
0.141337
0.131017
0.099605
0.115851
0.219802
0.202955
0.188759
0.261649
0.235641
0.173685
0.198930
0.229681
0.206285
0.186235
0.239167
0.221153
0.234768
0.259173
0.220441
0.168501
0.184050
0.158296
0.178439
0.225785
0.187753
0.245886
0.131938
0.236410
0.219388
0.216982
0.235361
0.183996
0.194421
0.162754
0.183351
0.152661
0.232183
0.230697
0.169383
0.186160
0.261930
0.151350
0.248165
0.236237
0.233607
0.177615
0.162446
0.271243
0.185614
0.267271
0.200857
0.207913
0.175364
0.218529
0.149561
0.229576
0.207753
0.214351
0.197635
0.171157
0.177621
0.208988
0.335659
0.238917
0.241654
0.225655
0.208299
0.158307
0.161792
0.184842
0.229823
0.225318
0.130874
0.194120
0.216687
0.177028
0.270692
0.187357
0.193657
0.214815
0.168082
0.173051
0.185431
0.168656
0.139749
0.211898
0.231265
0.218125
0.265653
0.197834
0.189380
0.264292
0.217154
0.181956
0.193562
0.186457
0.213341
0.209091
0.169796
0.221270
0.209761
0.257658
0.197184
0.244044
0.204926
0.194990
0.268342
0.196040
0.190492
0.243371
0.197722
0.280338
0.221422
0.257681
0.303283
0.220146
0.166256
0.214783
0.213956
0.174574
0.178948
0.198233
0.177400
0.174719
0.262164
0.255351
0.235052
0.210023
0.279363
0.202734
0.138848
0.206419
0.284955
0.286084
0.288110
0.339090
0.295677
0.368119
0.251455
0.361255
0.331082
0.303140
0.188118
0.424916
0.292640
0.465104
0.400185
0.316856
0.251365
0.283800
0.386060
0.342075
0.447300
0.508892
0.245854
0.329076
0.242154
0.367447
0.265602
0.267603
0.284970
0.257253
0.351056
0.343595
0.267031
0.288071
0.328496
0.292811
0.252434
0.266891
0.333705
0.216486
0.381962
0.231691
0.364639
0.289269
0.345938
0.437046
0.270182
0.272209
0.342699
0.295886
0.333663
0.336094
0.254909
0.272799
0.389086
0.337156
0.252614
0.424395
0.454813
0.263156
0.374972
0.457655
0.263912
0.289836
0.428670
0.398259
0.236011
0.398514
0.271070
0.265730
0.297283
0.246683
0.216201
0.276198
0.321826
0.349778
0.384905
0.346632
0.340415
0.336957
0.215039
0.286618
0.216469
0.424902
0.269327
0.421942
0.286613
0.370604
0.463106
0.253960
0.362782
0.296676
0.256567
0.314859
0.274270
0.359808
0.267791
0.384458
0.235772
0.342237
0.262874
0.318166
0.297014
0.292570
0.294686
0.325669
0.386654
0.348009
0.325062
0.255419
0.264781
0.279769
0.321220
0.308577
0.354419
0.368325
0.249866
0.256846
0.254874
0.261918
0.220044
0.324464
0.340604
0.239852
0.332697
0.403356
0.336206
0.308564
0.336410
0.263258
0.274262
0.214000
0.178836
0.334453
0.362642
0.298358
0.162008
0.234798
0.316894
0.217343
0.237105
0.198326
0.262963
0.182381
0.281724
0.383307
0.333996
0.285803
0.318860
0.242872
0.319042
0.229172
0.295151
0.386853
0.266593
0.271895
0.301308
0.290752
0.356591
0.340563
0.212252
0.257355
0.409351
0.328837
0.294601
0.264843
0.233290
0.309747
0.282757
0.240313
0.238794
0.251848
0.310462
0.185023
0.352481
0.298502
0.219393
0.185858
0.227896
0.233784
0.247440
0.231706
0.313060
0.243391
0.217408
0.352158
0.263680
0.292794
0.331355
0.230268
0.277725
0.247376
0.172125
0.273859
0.277063
0.272326
0.287276
0.248346
0.238358
0.212451
0.231278
0.262347
0.255303
0.253139
0.192493
0.215154
0.191836
0.227872
0.240664
0.263335
0.265387
0.296024
0.282509
0.256720
0.212079
0.227016
0.258417
0.238439
0.185710
0.227588
0.181431
0.288740
0.222839
0.203894
0.268592
0.208876
0.223511
0.248153
0.225313
0.169079
0.171109
0.249433
0.224865
0.263840
0.219834
0.207428
0.199186
0.231938
0.312368
0.221332
0.213445
0.270185
0.275898
0.212736
0.237247
0.290852
0.190140
0.186627
0.211411
0.277025
0.186986
0.192301
0.199292
0.267965
0.193010
0.191459
0.231717
0.214527
0.238205
0.298117
0.171340
0.286705
0.240020
0.255113
0.310961
0.225556
0.248935
0.237058
0.282750
0.193593
0.231112
0.248604
0.234399
0.289929
0.216216
0.192852
0.291910
0.281598
0.208392
0.221476
0.225456
0.254374
0.209925
0.237395
0.246891
0.195317
0.217780
0.170307
0.287421
0.266286
0.216019
0.192861
0.207694
0.221337
0.175826
0.232274
0.262485
0.260858
0.250127
0.252717
0.186971
0.182462
0.218209
0.279162
0.191987
0.232411
0.209953
0.151773
0.210622
0.259903
0.220020
0.207225
0.271056
0.214367
0.276423
0.285131
0.317250
0.271946
0.230835
0.271078
0.211238
0.256608
0.272668
0.245766
0.220833
0.230885
0.273363
0.267096
0.182100
0.230903
0.309023
0.261527
0.262492
0.254615
0.229499
0.226810
0.210567
0.242363
0.185968
0.257908
0.310588
0.238645
0.307858
0.181892
0.164529
0.204958
0.268525
0.232656
0.228039
0.351743
0.254566
0.274833
0.204935
0.254689
0.245932
0.212719
0.250727
0.244922
0.274922
0.172668
0.200323
0.339197
0.176994
0.286664
0.314229
0.298086
0.302151
0.239659
0.186159
0.265162
0.294997
0.213424
0.249941
0.252521
0.244565
0.258653
0.202462
0.252135
0.233363
0.316547
0.228554
0.285689
0.209121
0.238087
0.214049
0.388638
0.331018
0.211468
0.196436
0.219676
0.212739
0.201664
0.352444
0.237704
0.199023
0.231866
0.167816
0.235795
0.241085
0.294992
0.169587
