0.039742
0.110389
0.103917
0.123471
0.109072
0.121778
0.106229
0.114884
0.109898
0.118420
0.099895
0.132444
0.117957
0.107931
0.100217
0.097508
0.099135
0.119227
0.090437
0.113354
0.092297
0.106642
0.140584
0.090806
0.116331
0.122774
0.086248
0.104891
0.103987
0.117999
0.101002
0.105665
0.140085
0.110039
0.130306
0.127674
0.110012
0.142974
0.097105
0.108428
0.119326
0.119314
0.110562
0.107868
0.104103
0.098876
0.113491
0.105645
0.105271
0.133322
0.114847
0.142708
0.122699
0.116238
0.103108
0.086529
0.098561
0.101890
0.090553
0.102896
0.102588
0.100469
0.089357
0.077537
0.093145
0.100497
0.088420
0.080586
0.093154
0.109914
0.074296
0.137402
0.120233
0.096916
0.086708
0.114403
0.080331
0.098588
0.089921
0.113958
0.103825
0.091271
0.085400
0.093119
0.093510
0.078161
0.111897
0.110217
0.119607
0.153096
0.121296
0.107975
0.093573
0.076541
0.124912
0.113252
0.101155
0.143639
0.083689
0.101553
0.105051
0.117868
0.103453
0.108129
0.144858
0.095423
0.108874
0.116540
0.098320
0.108256
0.071470
0.074135
0.076084
0.114338
0.119036
0.094676
0.102336
0.072731
0.098100
0.082562
0.117507
0.154784
0.156132
0.118857
0.114492
0.141152
0.123962
0.132905
0.129120
0.167356
0.132322
0.126658
0.164209
0.107295
0.143641
0.092560
0.102272
0.110811
0.104573
0.121124
0.133325
0.137815
0.147145
0.124918
0.109253
0.086074
0.102863
0.116542
0.109817
0.110768
0.104517
0.112291
0.111480
0.138704
0.134361
0.135435
0.137593
0.114968
0.140587
0.097283
0.120203
0.106988
0.106282
0.113976
0.169189
0.115959
0.129220
0.119309
0.096527
0.102585
0.102149
0.100506
0.114306
0.133198
0.142383
0.102775
0.137540
0.147971
0.085595
0.081175
0.067657
0.112242
0.122293
0.120942
0.108486
0.114398
0.094898
0.116975
0.152356
0.136170
0.106361
0.103462
0.087798
0.084564
0.093687
0.100610
0.090395
0.103486
0.104455
0.079771
0.106725
0.076685
0.100086
0.124708
0.124814
0.111200
0.150738
0.156063
0.114403
0.108658
0.103588
0.093699
0.086187
0.118526
0.116718
0.134229
0.104577
0.102751
0.124320
0.121124
0.135741
0.114505
0.118771
0.078028
0.091166
0.089978
0.091066
0.112940
0.139115
0.115727
0.103612
0.094797
0.087962
0.100772
0.095003
0.110057
0.095439
0.091522
0.087427
0.085401
0.082747
0.082675
0.124347
0.109595
0.105528
0.082248
0.093209
0.094286
0.094140
0.095639
0.088522
0.088906
0.072695
0.086242
0.087773
0.092977
0.103916
0.103465
0.076980
0.070945
0.087476
0.093662
0.095514
0.085731
0.096782
0.129501
0.089167
0.130802
0.127394
0.093679
0.101079
0.085528
0.084957
0.081607
0.084181
0.088264
0.091270
0.091076
0.097041
0.111577
0.107001
0.106328
0.122235
0.113884
0.099983
0.112056
0.121025
0.104759
0.106588
0.121068
0.108869
0.136127
0.114149
0.122268
0.074511
0.102870
0.131719
0.083077
0.130469
0.098783
0.137754
0.152541
0.106745
0.082995
0.098895
0.087091
0.105515
0.125411
0.122501
0.125768
0.136727
0.102197
0.116747
0.129567
0.129476
0.127248
0.119653
0.105035
0.086819
0.097896
0.132004
0.083743
0.135346
0.101264
0.091600
0.116359
0.079528
0.112638
0.134501
0.103683
0.109025
0.075838
0.097933
0.082507
0.114981
0.077031
0.082695
0.079623
0.119522
0.096686
0.107180
0.097971
0.074299
0.087461
0.094982
0.094125
0.085248
0.069511
0.086979
0.072644
0.076395
0.105547
0.112992
0.092302
0.110330
0.073449
0.100732
0.107628
0.098624
0.095947
0.085847
0.088954
0.137378
0.122376
0.114578
0.139717
0.106245
0.088154
0.088319
0.079243
0.091827
0.084173
0.114648
0.091956
0.078343
0.113229
0.115320
0.114308
0.104033
0.098189
0.098603
0.072795
0.101215
0.135135
0.116539
0.083931
0.085146
0.096233
0.112533
0.096547
0.107252
0.080822
0.089298
0.103198
0.084057
0.083172
0.114844
0.124871
0.107311
0.108932
0.094975
0.076611
0.098108
0.094475
0.084472
0.088135
0.098287
0.106477
0.080865
0.102617
0.098119
0.082776
0.081997
0.080087
0.074276
0.075797
0.074836
0.093738
0.087424
0.078367
0.073110
0.088431
0.071687
0.085794
0.094981
0.116525
0.117004
0.113871
0.117945
0.084471
0.107259
0.103920
0.095644
0.138757
0.101695
0.101561
0.120439
0.101255
0.117709
0.082303
0.109687
0.100597
0.102307
0.103699
0.092893
0.095960
0.099842
0.112855
0.132104
0.118614
0.090603
0.090459
0.107250
0.120139
0.113699
0.096637
0.111454
0.099576
0.098086
0.114892
0.091429
0.105439
0.112493
0.130719
0.081823
0.109132
0.075934
0.071653
0.089528
0.130227
0.105125
0.113419
0.114318
0.100265
0.076818
0.085976
0.085443
0.094205
0.091216
0.066847
0.077496
0.105715
0.088031
0.072897
0.096210
0.093401
0.082893
0.075818
0.078489
0.085366
0.112442
0.107709
0.132447
0.073744
0.068322
0.080604
0.103042
0.079910
0.077648
0.087034
0.113207
0.090056
0.113166
0.131731
0.106828
0.120541
0.090707
0.109067
0.103754
0.101308
0.108895
0.087319
0.074749
0.104138
0.124512
0.154327
0.139597
0.098602
0.115196
0.121950
0.153633
0.132505
0.114104
0.133304
0.109441
0.118881
0.116471
0.100293
0.088011
0.123265
0.118199
0.095303
0.106872
0.126252
0.144291
0.109035
0.110965
0.114555
0.105732
0.099633
0.091408
0.124641
0.111166
0.107411
0.097569
0.112630
0.122812
0.108938
0.096693
0.118994
0.084355
0.091570
0.100232
0.120152
0.108113
0.141339
0.136124
0.102065
0.120063
0.106047
0.072778
0.084138
0.105294
0.089915
0.113358
0.072890
0.094120
0.064344
0.065140
0.075313
0.085691
0.095131
0.101427
0.077796
0.084203
0.085146
0.100890
0.089348
0.087283
0.129813
0.086986
0.084619
0.103865
0.152211
0.134537
0.117391
0.141500
0.085265
0.103924
0.122324
0.154015
0.085975
0.099041
0.109852
0.172901
0.119126
0.147671
0.122321
0.120074
0.151983
0.111197
0.110600
0.116780
0.136415
0.136124
0.103841
0.131346
0.102900
0.131123
0.104583
0.094312
0.144090
0.100613
0.083800
0.112383
0.122545
0.119753
0.119420
0.107099
0.099630
0.134378
0.095388
0.093036
0.133307
0.097657
0.079455
0.112881
0.081687
0.073187
0.104794
0.095198
0.083808
0.092504
0.128587
0.121430
0.137479
0.116129
0.091141
0.088503
0.117383
0.112305
0.108034
0.094272
0.082944
0.110750
0.084613
0.086056
0.106889
0.127587
0.149876
0.110790
0.123337
0.086725
0.108595
0.086122
0.108266
0.109748
0.098529
0.102032
0.097219
0.083910
0.094208
0.098876
0.082325
0.086022
0.082546
0.089204
0.088216
0.084718
0.082978
0.099956
0.087853
0.101658
0.108788
0.088184
0.106741
0.097085
0.084458
0.096959
0.080429
0.103301
0.083127
0.079458
0.080510
0.099982
0.076479
0.070441
0.094612
0.103278
0.075821
0.089289
0.085493
0.071320
0.088695
0.090765
0.083336
0.082176
0.096905
0.087078
0.082886
0.107244
0.093821
0.092153
0.087879
0.084548
0.082757
0.083541
0.098573
0.093288
0.073147
0.088610
0.088805
0.108058
0.104218
0.094663
0.102375
0.098799
0.114852
0.101712
0.089978
0.080745
0.090039
0.104231
0.076256
0.087831
0.095408
0.099334
0.091938
0.099885
0.073893
0.079483
0.088504
0.090468
0.099951
0.098257
0.088346
0.097043
0.083331
0.074811
0.084206
0.098413
0.094078
0.068706
0.086644
0.102665
0.077513
0.097766
0.133023
0.094783
0.099664
0.076602
0.099669
0.083401
0.072998
0.075509
0.115248
0.095354
0.095709
0.074927
0.072622
0.088324
0.092519
0.098945
0.103399
0.088689
0.108487
0.100910
0.106192
0.108549
0.095392
0.113621
0.099740
0.114460
0.111532
0.107106
0.106053
0.108727
0.116753
0.084742
0.141825
0.097648
0.109422
0.098766
0.104352
0.125368
0.113649
0.112344
0.101857
0.112958
0.114997
0.101303
0.145203
0.115306
0.087175
0.089602
0.089082
0.095463
0.062266
0.105689
0.113275
0.114045
0.105754
0.104784
0.076205
0.130493
0.085878
0.088511
0.113051
0.074786
0.116604
0.091570
0.099014
0.095690
0.125562
0.084851
0.089504
0.119339
0.105057
0.094202
0.071658
0.073121
0.086075
0.086803
0.123591
0.094363
0.109903
0.071654
0.095182
0.107577
0.091828
0.100843
0.104824
0.116459
0.102251
0.066605
0.087918
0.093208
0.090266
0.114981
0.166645
0.115577
0.120464
0.095733
0.088793
0.110440
0.120975
0.115856
0.126162
0.106154
0.097420
0.099997
0.109001
0.108010
0.108042
0.118200
0.126139
0.107152
0.131903
0.130041
0.120290
0.107452
0.128407
0.129605
0.096421
0.103189
0.115748
0.116476
0.115825
0.106444
0.116808
0.074964
0.079954
0.115607
0.119015
0.116670
0.093546
0.106231
0.081874
0.111039
0.084533
0.117469
0.097134
0.112153
0.070414
0.094441
0.125359
0.100802
0.093607
0.101376
0.092303
0.115332
0.128073
0.111278
0.103003
0.080945
0.077193
0.111927
0.098051
0.105845
0.092331
0.098606
0.124163
0.145774
0.143237
0.106772
0.089816
0.095477
0.083354
0.086832
0.114221
0.135623
0.118490
0.125627
0.130627
0.076690
0.123246
0.092713
0.108166
0.086481
0.122866
0.079067
0.091217
0.108301
0.119120
0.092895
0.092771
0.122808
0.112098
0.105322
0.111556
0.111118
0.098082
0.142478
0.110047
0.112848
0.094375
0.092996
0.073700
0.076738
0.115512
0.097363
0.094794
0.123302
0.094431
0.097479
0.077808
0.087256
0.087145
0.095874
0.101005
0.098595
0.092463
0.085706
0.087193
0.081157
0.119257
0.118289
0.101117
0.073183
0.096847
0.081984
0.089700
0.096826
0.103043
0.106670
0.102455
0.102882
0.092398
0.100024
0.098943
0.106215
0.069188
0.101726
0.101011
0.086451
0.086325
0.103905
0.109231
0.093925
0.102675
0.129845
0.112066
0.115011
0.138065
0.075478
0.112377
0.115655
0.088872
0.099070
0.076757
0.085397
0.106186
0.096689
0.069270
0.083237
0.077300
0.092691
0.087551
0.117351
0.092891
0.104375
0.066095
0.077159
0.097606
0.089381
0.081791
0.109337
0.098143
0.071945
0.106256
0.092821
0.098838
0.090523
0.088681
0.100302
0.073335
0.106385
0.084322
0.107370
0.084553
0.091926
0.114493
0.110868
0.113640
0.094080
0.118381
0.086123
0.098361
0.083554
0.084696
0.085092
0.084948
0.078542
0.083381
0.099854
0.085040
0.099552
0.086139
0.140908
0.085456
0.079888
0.111261
0.082614
0.075241
0.086958
0.072142
0.111441
0.089161
0.087261
0.110719
0.091535
0.086864
0.138274
0.100012
0.116849
0.102061
0.074083
0.128470
0.117351
0.098702
0.094145
0.110374
0.095332
0.093356
0.107672
0.108537
0.082249
0.093410
0.110718
0.106237
0.077348
0.078485
0.098264
0.082938
0.082411
0.097110
0.101556
0.104614
0.117080
0.102069
0.113156
0.099618
0.098774
0.115325
0.110579
0.125089
0.124188
0.112222
0.103743
0.090766
0.121577
0.099723
0.081756
0.097517
0.076652
0.071064
0.081982
0.081630
0.098734
0.088819
0.095513
0.103755
0.095271
0.125754
0.085756
0.104990
0.092702
0.093013
0.092035
0.085090
0.102458
0.082028
0.098916
0.083037
0.091753
0.113032
0.095756
0.100430
0.118737
0.081924
0.092694
0.074340
0.085746
0.100252
0.099713
0.069163
0.078498
0.085157
0.085075
0.077486
0.104338
0.104452
0.102427
0.086185
0.087646
0.109032
0.071294
0.079556
0.104072
0.116305
0.116495
0.072210
0.117687
0.084448
0.095608
0.097747
0.128462
0.088561
0.118036
0.102578
0.083849
0.070063
0.071216
0.094851
0.111316
0.081951
0.132123
0.145576
0.105478
0.077369
0.099367
0.092440
0.093935
0.116746
0.116185
0.082110
0.100245
0.099825
0.095301
0.130806
0.144768
0.110252
0.110416
0.111732
0.107789
0.113582
0.103985
0.085612
0.101879
0.096337
0.085096
0.086174
0.099624
0.110880
0.103187
0.111602
0.097558
0.113339
0.114531
0.117850
0.098632
0.086435
0.096820
0.097578
0.096654
0.083509
0.091748
0.098719
0.092044
0.085944
0.107996
0.093322
0.085752
0.068799
0.106286
0.091945
0.087188
0.093979
0.119596
0.071376
0.097413
0.090640
0.087730
0.099098
0.086814
0.076174
0.098059
0.080627
0.071206
0.085677
0.081846
0.096387
0.104684
0.096354
0.107223
0.107458
0.112914
0.093963
0.107523
0.123489
0.101543
0.106139
0.117586
0.093113
0.109277
0.116363
0.105984
0.125695
0.093545
0.113204
0.117714
0.097943
0.119784
0.102349
0.090790
0.165081
0.122937
0.123064
0.106678
0.109560
0.116139
0.101925
0.095598
0.079218
0.112751
0.108027
0.082758
0.074974
0.074301
0.090601
0.073415
0.087774
0.081748
0.095757
0.096229
0.095695
0.083490
0.116619
0.085218
0.098352
0.080163
0.097240
0.122095
0.107392
0.092201
0.074531
0.091548
0.089373
0.102084
0.084766
0.095432
0.090630
0.120940
0.085423
0.097648
0.080389
0.091667
0.094099
0.087416
0.107051
0.082021
0.089844
0.087912
0.126405
0.092937
0.079447
0.113125
0.099982
0.081012
0.104614
0.081670
0.103381
0.095644
0.102645
0.099643
0.098032
0.102276
0.081327
0.107927
0.098872
0.099586
0.077911
0.107496
0.100888
0.111717
0.095124
0.090147
0.105656
0.101709
0.091930
0.121177
0.109843
0.097472
0.091097
0.091469
0.095294
0.096394
0.084314
0.085374
0.071903
0.074457
0.088816
0.073587
0.097450
0.084519
0.103114
0.078584
0.098153
0.098283
0.084002
0.090252
0.079788
0.100456
0.086982
0.079031
0.101942
0.101207
0.084009
0.094420
0.098770
0.088175
0.081858
0.074206
0.081474
0.075279
0.089697
0.106615
0.089597
0.091010
0.106178
0.092246
0.108985
0.088789
0.095837
0.077826
0.092437
0.073814
0.076160
0.111469
0.115583
0.092644
0.088055
0.076498
0.085398
0.087206
0.097640
0.091474
0.114411
0.101903
0.126812
0.115628
0.084221
0.108378
0.100486
0.080441
0.099458
0.094849
0.094641
0.123086
0.104006
0.102494
0.119230
0.108603
0.096900
0.083379
0.088944
0.073492
0.087679
0.078938
0.100660
0.080965
0.092605
0.098097
0.105998
0.108898
0.106635
0.098979
0.120579
0.126789
0.081661
0.099048
0.107709
0.090818
0.114125
0.091598
0.105141
0.099424
0.118938
0.082234
0.113474
0.101272
0.099464
0.098061
0.121796
0.095058
0.097770
0.102192
0.104761
0.112343
0.163142
0.129954
0.121607
0.147353
0.124772
0.113796
0.119470
0.145612
0.101641
0.114088
0.137096
0.117856
0.124414
0.152256
0.128039
0.109511
0.086576
0.137308
0.102593
0.104663
0.107951
0.130475
0.121523
0.094540
0.174168
0.150490
0.124919
0.133600
0.162042
0.083225
0.077215
0.095080
0.111717
0.092334
0.115689
0.124278
0.106477
0.102867
0.138337
0.141146
0.134295
0.079836
0.119662
0.117885
0.128834
0.116534
0.086713
0.102775
0.092264
0.076907
0.078470
0.089475
0.095895
0.075408
0.099942
0.099756
0.093199
0.079876
0.093505
0.098587
0.088103
0.118551
0.118842
0.179945
0.138091
0.154829
0.142992
0.157747
0.095573
0.120260
0.115016
0.105097
0.099277
0.120488
0.093741
0.089402
0.116831
0.090136
0.099748
0.074619
0.083911
0.111566
0.097004
0.090322
0.103277
0.101616
0.107720
0.108345
0.120350
0.119493
0.117368
0.110568
0.104141
0.119694
0.067413
0.094759
0.087070
0.091350
0.092800
0.080002
0.097659
0.090883
0.109766
0.090164
0.114321
0.087789
0.109855
0.086643
0.097279
0.124310
0.125613
0.115882
0.127051
0.142404
0.090216
0.105878
0.090954
0.083913
0.100270
0.086627
0.086230
0.091514
0.110297
0.089120
0.094978
0.091995
0.098967
0.112996
0.111297
0.123563
0.092802
0.085001
0.083105
0.096213
0.091334
0.104758
0.103141
0.110978
0.130385
0.082584
0.093587
0.085849
0.102638
0.089181
0.095071
0.093416
0.076916
0.111648
0.102631
0.139343
0.117836
0.100209
0.088059
0.098022
0.107790
0.089873
0.095818
0.097873
0.111603
0.106350
0.106264
0.113904
0.119100
0.093907
0.085322
0.079320
0.090866
0.100590
0.108989
0.084735
0.096357
0.101594
0.112423
0.120382
0.102230
0.082764
0.098826
0.073891
0.082623
0.073896
0.092280
0.084730
0.092118
0.090257
0.069321
0.097159
0.084173
0.080426
0.081225
0.096725
0.087383
0.101512
0.083484
0.086784
0.090704
0.103065
0.110124
0.125561
0.117184
0.134746
0.115051
0.071964
0.099506
0.106963
0.074409
0.105396
0.090562
0.097166
0.099209
0.109601
0.103277
0.116066
0.099132
0.125004
0.102573
0.089148
0.091063
0.107255
0.106366
0.092345
0.108810
0.112614
0.090453
0.100706
0.098039
0.139584
0.080443
0.103737
0.084680
0.087868
0.090537
0.078724
0.091830
0.093703
0.105907
0.089242
0.105187
0.100470
0.078087
0.087691
0.090152
0.102877
0.084279
0.115565
0.078473
0.089022
0.077025
0.103753
0.094067
0.100978
0.111371
0.102160
0.104730
0.140459
0.092329
0.087372
0.102301
0.102469
0.098077
0.103217
0.103574
0.111075
0.104410
0.121065
0.115004
0.122006
0.115592
0.145274
0.119184
0.109320
0.079148
0.109186
0.111608
0.103063
0.125393
0.114205
0.110961
0.108552
0.092122
0.101636
0.115124
0.118640
0.136378
0.121068
0.112409
0.114206
0.110467
0.106515
0.097507
0.093085
0.138145
0.083067
0.112595
0.101472
0.102550
0.103294
0.074648
0.084723
0.077836
0.103567
0.089328
0.099313
0.099180
0.108358
0.101672
0.110734
0.122060
0.101815
0.101344
0.095401
0.067391
0.082367
0.096756
0.066478
0.117887
0.079491
0.094876
0.112503
0.084928
0.093026
0.087773
0.086664
0.086042
0.092876
0.065849
0.080442
0.103009
0.100969
0.113721
0.102145
0.110667
0.112528
0.078203
0.101682
0.093091
0.098395
0.086467
0.093323
0.108992
0.084273
0.094657
0.111338
0.080643
0.087768
0.080556
0.147585
0.106998
0.086412
0.086009
0.121957
0.086533
0.082024
0.110997
0.149420
0.102121
0.125976
0.091990
0.101503
0.101523
0.114893
0.112029
0.126970
0.114796
0.121787
0.120097
0.100808
0.093936
0.127574
0.104858
0.088392
0.093463
0.094297
0.102010
0.099020
0.102144
0.109146
0.106476
0.100186
0.102486
0.096304
0.093606
0.123652
0.113573
0.086355
0.111128
0.103840
0.135098
0.123980
0.079934
0.086134
0.119304
0.090262
0.100512
0.097210
0.112206
0.089997
0.098156
0.144504
0.114068
0.123212
0.104841
0.091850
0.101708
0.094993
0.090300
0.099397
0.085324
0.102590
0.108926
0.133340
0.122549
0.137591
0.091249
0.123988
0.117707
0.111245
0.071288
0.094122
0.081333
0.072877
0.081021
0.071702
0.097265
0.109929
0.084573
0.092605
0.074857
0.080529
0.079070
0.093106
0.090343
0.093417
0.086390
0.093862
0.096787
0.074364
0.102741
0.104699
0.080174
0.087040
0.088642
0.107579
0.108158
0.086818
0.103952
0.131724
0.122437
0.090026
0.117106
0.113566
0.099078
0.085732
0.105032
0.079016
0.076043
0.089786
0.099186
0.085987
0.075315
0.095959
0.087243
0.105605
0.101623
0.110692
0.106609
0.110835
0.080510
0.087863
0.072598
0.108938
0.108379
0.089921
0.101543
0.108419
0.108900
0.094704
0.097626
0.089812
0.111266
0.121134
0.089483
0.108194
0.091596
0.090741
0.116664
0.108786
0.119705
0.122917
0.117494
0.097003
0.083519
0.096924
0.094124
0.086077
0.083206
0.079458
0.072325
0.088698
0.096443
0.082654
0.081188
0.103221
0.120871
0.102607
0.126190
0.123481
0.144651
0.126507
0.153368
0.131745
0.111484
0.123082
0.144080
0.131936
0.120646
0.128400
0.095352
0.118044
0.118093
0.108159
0.091289
0.110021
0.122613
0.133855
0.147944
0.120745
0.145797
0.124176
0.125841
0.113898
0.086787
0.116514
0.123467
0.136477
0.138509
0.100176
0.111490
0.106399
0.118830
0.160253
0.108500
0.113382
0.086713
0.152825
0.098731
0.098990
0.125287
0.110974
0.095141
0.095609
0.121437
0.127152
0.119432
0.105867
0.137901
0.096660
0.085351
0.092090
0.096866
0.119371
0.135977
0.124009
0.112473
0.095165
0.089185
0.076545
0.093293
0.112492
0.134571
0.104624
0.101360
0.086603
0.083477
0.093949
0.093460
0.130451
0.093612
0.101660
0.108091
0.105917
0.150590
0.112662
0.091368
0.141549
0.205536
0.119861
0.143048
0.124148
0.152818
0.087087
0.090486
0.119896
0.102774
0.125730
0.109417
0.098574
0.090276
0.126701
0.174847
0.149166
0.150249
0.137236
0.125073
0.105373
0.116491
0.128646
0.127862
0.153951
0.119804
0.132553
0.112095
0.129426
0.135798
0.098056
0.139987
0.151438
0.146169
0.135909
0.148778
0.156854
0.133410
0.152358
0.170079
0.179988
0.135291
0.149048
0.158949
0.123272
0.165167
0.110869
0.123841
0.135258
0.183838
0.168210
0.208551
0.125914
0.114826
0.132202
0.203962
0.127901
0.147423
0.150582
0.143440
0.095972
0.096058
0.116024
0.092486
0.080256
0.083082
0.092244
0.076504
0.086290
0.085161
0.076798
0.069682
0.098024
0.106875
0.118707
0.124753
0.089519
0.095256
0.092938
0.127257
0.132070
0.132075
0.137000
0.124797
0.134430
0.107059
0.110146
0.126715
0.141877
0.083387
0.115889
0.094887
0.108594
0.099129
0.105588
0.116018
0.137870
0.073163
0.103925
0.093259
0.092868
0.084968
0.096787
0.116751
0.118387
0.109725
0.098517
0.105365
0.105436
0.098812
0.099083
0.108488
0.084321
0.083836
0.112561
0.107808
0.132685
0.082348
0.146195
0.099701
0.107660
0.116679
0.093375
0.079017
0.113438
0.083764
0.073939
0.087700
0.086093
0.116057
0.114981
0.105557
0.117540
0.141423
0.125454
0.113096
0.114232
0.112519
0.092924
0.080546
0.100957
0.126040
0.086982
0.101684
0.116067
0.102700
0.087906
0.126727
0.119056
0.100067
0.111708
0.119340
0.142716
0.113681
0.085522
0.097147
0.108003
0.102514
0.108432
0.100161
0.095316
0.102003
0.107018
0.086358
0.101728
0.100633
0.119244
0.105674
0.093804
0.091445
0.071068
0.084277
0.107961
0.078193
0.092500
0.081992
0.100954
0.098910
0.092968
0.096390
0.077223
0.104113
0.103578
0.067101
0.111886
0.071392
0.084594
0.084549
0.089277
0.087299
0.112902
0.121183
0.113254
0.094333
0.118858
0.100670
0.096277
0.115420
0.101849
0.120345
0.100308
0.101009
0.080843
0.100988
0.116412
0.109860
0.073655
0.111951
0.087119
0.113420
0.101119
0.102036
0.092401
0.149067
0.090311
0.111482
0.109693
0.099794
0.109352
0.123613
0.108781
0.085961
0.123706
0.099823
0.083844
0.104878
0.117742
0.119178
0.124234
0.109310
0.136202
0.120711
0.121299
0.121947
0.122786
0.099013
0.115423
0.079565
0.118570
0.132851
0.157972
0.141417
0.138202
0.113259
0.126198
0.151575
0.118707
0.143233
0.129498
0.109652
0.101016
0.086893
0.097460
0.088658
0.112266
0.097360
0.091604
0.093590
0.114065
0.077233
0.088141
0.096832
0.109927
0.091816
0.092391
0.100217
0.090832
0.087840
0.103908
0.100242
0.117855
0.100512
0.088961
0.090208
0.076615
0.101135
0.088119
0.092840
0.089976
0.080319
0.115928
0.105333
0.124424
0.082005
0.077769
0.110058
0.073706
0.083825
0.082253
0.093416
0.117398
0.091753
0.093551
0.108298
0.095466
0.103675
0.105906
0.087257
0.117363
0.117142
0.107590
0.081004
0.075729
0.100374
0.114160
0.119812
0.130296
0.123492
0.098426
0.117301
0.111044
0.096216
0.090293
0.118147
0.084855
0.079375
0.087208
0.104686
0.092378
0.092739
0.085716
0.092341
0.082816
0.077254
0.110230
0.096861
0.108144
0.095918
0.097607
0.088454
0.075456
0.079086
0.095499
0.130612
0.118394
0.123996
0.133708
0.103338
0.097471
0.102721
0.071195
0.118425
0.080476
0.106604
0.095834
0.085638
0.086630
0.105188
0.109090
0.094679
0.093024
0.121242
0.105445
0.095073
0.117556
0.102251
0.107745
0.083843
0.083101
0.133604
0.113045
0.095304
0.095402
0.095296
0.088984
0.114502
0.122277
0.130337
0.145212
0.108375
0.124829
0.107669
0.116775
0.132564
0.127832
0.120550
0.132659
0.111071
0.103070
0.084934
0.119029
0.125093
0.111034
0.097469
0.121613
0.115934
0.098067
0.078815
0.093251
0.115498
0.100561
0.116627
0.118602
0.132571
0.092637
0.118316
0.131098
0.129673
0.140621
0.108547
0.170573
0.141060
0.144221
0.111885
0.122663
0.097080
0.112251
0.100393
0.129328
0.118538
0.123907
0.115893
0.096396
0.111937
0.104391
0.106956
0.114949
0.113408
0.108767
0.093422
0.095494
0.094769
0.086970
0.097107
0.123426
0.111889
0.107854
0.072685
0.103509
0.097342
0.129269
0.142788
0.107164
0.097025
0.112645
0.101693
0.099401
0.089817
0.107071
0.122427
0.118444
0.128321
0.112420
0.137989
0.094630
0.106487
0.097021
0.105768
0.149416
0.134939
0.132096
0.136145
0.136955
0.131694
0.148253
0.125968
0.129416
0.112333
0.126915
0.116041
0.102585
0.125070
0.112266
0.137699
0.142970
0.091406
0.099560
0.116607
0.101148
0.097924
0.098179
0.110585
0.111197
0.114849
0.131289
0.095589
0.097188
0.096586
0.115252
0.088657
0.108998
0.105936
0.134907
0.150580
0.118540
0.108847
0.101070
0.109515
0.121354
0.113793
0.103656
0.104412
0.117756
0.125614
0.103455
0.117639
0.109757
0.152776
0.085141
0.118687
0.118684
0.118285
0.106592
0.098879
0.089386
0.093628
0.102790
0.119416
0.088486
0.106029
0.096547
0.120302
0.104204
0.136603
0.088095
0.116670
0.103184
0.084495
0.085305
0.116462
0.097021
0.062684
0.117298
0.098652
0.099419
0.084746
0.090834
0.092629
0.116055
0.099946
0.082582
0.087155
0.087230
0.096128
0.117808
0.115008
0.089338
0.103035
0.092655
0.075743
0.150271
0.094406
0.103828
0.111566
0.069462
0.097662
0.077914
0.113101
0.087816
0.097263
0.102154
0.128956
0.123462
0.106614
0.105657
0.095652
0.119421
0.117735
0.115752
0.121352
0.080844
0.108224
0.091277
0.112776
0.113670
0.110740
0.103030
0.118378
0.087549
0.092804
0.084072
0.109409
0.115567
0.105472
0.105119
0.123435
0.104678
0.169850
0.105156
0.122602
0.092252
0.094062
0.098732
0.101582
0.117641
0.087141
0.086683
0.096756
0.106509
0.165110
0.138062
0.132703
0.111531
0.105415
0.156451
0.095513
0.096313
0.121668
0.114595
0.153159
0.086875
0.093976
0.103898
0.111086
0.090348
0.118515
0.118212
0.139210
0.138875
0.079353
0.108801
0.097040
0.104829
0.098902
0.122652
0.106775
0.101961
0.087811
0.089739
0.075817
0.082890
0.096641
0.110124
0.115289
0.110035
0.134782
0.092129
0.126345
0.095595
0.096893
0.107380
0.121339
0.130106
0.122613
0.118282
0.098969
0.104852
0.101674
0.109864
0.106281
0.130527
0.128901
0.085958
0.113568
0.097819
0.118479
0.088585
0.080572
0.086921
0.102950
0.121694
0.114840
0.089386
0.084702
0.122073
0.096017
0.112642
0.097166
0.102828
0.101801
0.103278
0.113861
0.096375
0.144101
0.130516
0.120140
0.106056
0.135526
0.141654
0.120079
0.095620
0.116024
0.109999
0.093267
0.125823
0.108505
0.109162
0.110442
0.091012
0.117060
0.109837
0.102005
0.113716
0.110332
0.110533
0.100162
0.099014
0.107987
0.120087
0.114638
0.106039
0.104390
0.142338
0.116486
0.119481
0.099658
0.095235
0.105839
0.074284
0.084050
0.101415
0.082856
0.087009
0.091424
0.087994
0.068778
0.084955
0.109162
0.086025
0.106315
0.113996
0.070767
0.105574
0.090329
0.101893
0.096368
0.098247
0.111761
0.127018
0.139898
0.116744
0.100872
0.101294
0.109568
0.102522
0.092082
0.109111
0.087754
0.101526
0.102776
0.096144
0.127506
0.117070
0.092618
0.098727
0.100558
0.099874
0.096221
0.097419
0.096294
0.100197
0.093479
0.111668
0.109099
0.103537
0.104039
0.113064
0.121401
0.116903
0.134670
0.113971
0.156396
0.132278
0.116547
0.093860
0.135240
0.129675
0.101348
0.093897
0.114182
0.117338
0.081054
0.097687
0.118991
0.137731
0.110166
0.104479
0.108022
0.135755
0.111537
0.114632
0.120911
0.108316
0.100160
0.108466
0.086929
0.115522
0.111899
0.113904
0.086326
0.102531
0.093650
0.086142
0.103630
0.087670
0.104535
0.074721
0.100057
0.089795
0.092724
0.106740
0.121702
0.111539
0.080535
0.106371
0.111184
0.093951
0.109085
0.106213
0.086808
0.093127
0.089713
0.105101
0.094942
0.124025
0.129495
0.157191
0.093806
0.116571
0.122524
0.116786
0.165501
0.142877
0.118277
0.139715
0.141058
0.132137
0.113591
0.159905
0.090532
0.129436
0.114712
0.119574
0.138839
0.098650
0.118893
0.106358
0.104481
0.125569
0.118427
0.101116
0.094437
0.071920
0.090730
0.114687
0.113570
0.110492
0.121719
0.119570
0.112439
0.100445
0.092946
0.110793
0.140437
0.108814
0.108552
0.088739
0.101483
0.108588
0.096340
0.093008
0.073165
0.084881
0.089856
0.115342
0.102424
0.100331
0.142689
0.098417
0.072755
0.075958
0.084161
0.093637
0.081695
0.080269
0.090535
0.101585
0.114944
0.088773
0.090018
0.104914
0.103799
0.121518
0.101485
0.115508
0.090977
0.164607
0.146272
0.128811
0.129893
0.102776
0.104332
0.133136
0.130187
0.132378
0.134667
0.127165
0.103534
0.103883
0.112147
0.126036
0.109632
0.105204
0.104103
0.105911
0.141901
0.108364
0.108604
0.116810
0.109721
0.108684
0.117766
0.098186
0.105258
0.101325
0.089981
0.106104
0.146514
0.125608
0.113404
0.137506
0.101651
0.107219
0.120101
0.120835
0.106857
0.161269
0.127847
0.090299
0.104664
0.112099
0.093881
0.117591
0.128319
0.097210
0.100794
0.110389
0.128853
0.127140
0.080005
0.170802
0.104122
0.098864
0.101459
0.100775
0.102154
0.079159
0.084814
0.086476
0.125861
0.117058
0.135706
0.093784
0.127262
0.110024
0.127134
0.112938
0.108488
0.121578
0.083096
0.076079
0.087561
0.105388
0.079258
0.091235
0.093499
0.100433
0.104595
0.116760
0.144280
0.112118
0.128487
0.127939
0.165078
0.143542
0.117763
0.167878
0.164876
0.106733
0.126656
0.114466
0.208730
0.148917
0.204520
0.117025
0.114856
0.146792
0.115602
0.112617
0.079886
0.078726
0.146696
0.131637
0.146742
0.130267
0.128183
0.145729
0.141843
0.102310
0.144734
0.146558
0.110512
0.127542
0.102405
0.105453
0.128779
0.148269
0.106833
0.127371
0.135207
0.136205
0.116571
0.142604
0.148574
0.139298
0.136216
0.117259
0.128441
0.127171
0.140989
0.144363
0.125193
0.152592
0.130537
0.144006
0.120505
0.143133
0.145489
0.112401
0.155103
0.134527
0.141952
0.114011
0.105443
0.083282
0.072210
0.096626
0.103395
0.090762
0.096044
0.127809
0.175965
0.175348
0.169906
0.131238
0.142795
0.153190
0.112765
0.132370
0.131121
0.140757
0.146213
0.096352
0.122235
0.121506
0.081899
0.065374
0.065350
0.075098
0.068504
0.071766
0.096602
0.090492
0.091143
0.078303
0.089359
0.082058
0.111136
0.151571
0.155514
0.177296
0.130730
0.120659
0.165417
0.098967
0.128597
0.146355
0.160849
0.129872
0.147756
0.133529
0.122843
0.112786
0.100551
0.109276
0.149334
0.145145
0.135880
0.102582
0.120676
0.101736
0.094644
0.084025
0.099118
0.093719
0.113307
0.098753
0.098354
0.078581
0.083107
0.107252
0.084543
0.089489
0.091199
0.115895
0.115412
0.088194
0.116701
0.100899
0.131534
0.120012
0.125566
0.119955
0.099247
0.085477
0.079952
0.103740
0.099731
0.099018
0.095753
0.110577
0.115391
0.101251
0.106006
0.110785
0.126808
0.129709
0.094290
0.098695
0.117649
0.088533
0.089205
0.125712
0.109151
0.091791
0.106086
0.084595
0.097119
0.115757
0.100810
0.109143
0.128915
0.131997
0.105272
0.121513
0.115554
0.107541
0.108379
0.136861
0.121968
0.130564
0.119302
0.100681
0.097169
0.097585
0.117651
0.103529
0.091081
0.118065
0.113321
0.094562
0.102515
0.086400
0.110316
0.084365
0.118701
0.068767
0.113403
0.097884
0.117928
0.108562
0.111002
0.106795
0.122319
0.088831
0.096156
0.086736
0.085391
0.082346
0.069389
0.074714
0.076204
0.074171
0.075149
0.092532
0.078345
0.076905
0.108111
0.089563
0.112595
0.100759
0.096852
0.096345
0.113548
0.112398
0.097379
0.080583
0.084205
0.078835
0.112049
0.089572
0.081367
0.087795
0.085416
0.073603
0.095600
0.079066
0.088676
0.119841
0.087597
0.084471
0.105877
0.099405
0.138800
0.122119
0.114356
0.122130
0.132881
0.137831
0.104958
0.114482
0.111786
0.122802
0.110200
0.142906
0.103002
0.120824
0.094408
0.105455
0.114257
0.084043
0.116658
0.115946
0.109233
0.111248
0.120990
0.129832
0.111721
0.088161
0.093457
0.104041
0.103723
0.108546
0.099321
0.088094
0.098671
0.085100
0.089610
0.085719
0.095992
0.074864
0.103470
0.094580
0.076381
0.116751
0.147969
0.115684
0.116046
0.154438
0.117950
0.119390
0.113791
0.105198
0.125239
0.163337
0.124064
0.136369
0.159938
0.135653
0.115608
0.136130
0.116511
0.088489
0.088752
0.104067
0.119385
0.126127
0.110157
0.114696
0.101767
0.101459
0.110389
0.119965
0.094624
0.114833
0.107620
0.122077
0.090165
0.098909
0.099493
0.154080
0.099564
0.124357
0.125310
0.094054
0.080358
0.098634
0.125613
0.142647
0.103132
0.083449
0.076288
0.101304
0.091265
0.102220
0.085947
0.124218
0.123867
0.142527
0.094033
0.093625
0.071275
0.082566
0.081219
0.102359
0.134094
0.138757
0.136244
0.117223
0.106359
0.079829
0.076010
0.086694
0.088300
0.086818
0.084948
0.112873
0.091613
0.094191
0.084329
0.120827
0.153717
0.115587
0.134698
0.142937
0.125724
0.135876
0.130023
0.104626
0.084518
0.076892
0.118088
0.111397
0.100289
0.082123
0.112087
0.099329
0.103088
0.113300
0.096780
0.122222
0.132290
0.103279
0.100021
0.130567
0.114379
0.115078
0.142487
0.127126
0.099461
0.087371
0.121962
0.104355
0.096864
0.094705
0.098653
0.102339
0.073403
0.088534
0.086004
0.111901
0.103191
0.104058
0.091805
0.093316
0.067361
0.085240
0.096515
0.082577
0.086909
0.097268
0.107870
0.091746
0.073594
0.084266
0.080886
0.097313
0.091649
0.091722
0.105423
0.080456
0.095300
0.134076
0.113098
0.092233
0.105430
0.107172
0.102437
0.107523
0.105832
0.108701
0.118545
0.100614
0.094924
0.121524
0.129633
0.092016
0.106902
0.106196
0.100633
0.101433
0.112376
0.070652
0.095484
0.114537
0.116322
0.098378
0.091910
0.099052
0.093904
0.128611
0.121808
0.112162
0.110480
0.099464
0.088365
0.098253
0.086336
0.110985
0.092772
0.080079
0.101704
0.114509
0.111216
0.091905
0.101667
0.093646
0.087630
0.107047
0.119350
0.110961
0.149371
0.113702
0.128806
0.091238
0.089764
0.112831
0.125397
0.120991
0.106859
0.138928
0.098674
0.079819
0.083349
0.081442
0.074522
0.083775
0.074332
0.103124
0.078135
0.081141
0.089612
0.080340
0.083243
0.084197
0.110921
0.109085
0.089607
0.089216
0.085915
0.089517
0.081463
0.080996
0.101763
0.094537
0.103191
0.079409
0.080022
0.095227
0.093922
0.082699
0.090078
0.098034
0.093994
0.081589
0.090169
0.093838
0.085056
0.073756
0.120431
0.097248
0.080769
0.085991
0.087072
0.074745
0.092158
0.108404
0.086808
0.104140
0.092994
0.091975
0.091498
0.111754
0.103086
0.083467
0.102080
0.104748
0.073020
0.084178
0.076803
0.084188
0.092278
0.089779
0.093592
0.119456
0.092090
0.083361
0.062652
0.092696
0.100465
0.093728
0.092690
0.079966
0.108700
0.079292
0.086615
0.096093
0.085629
0.099657
0.110660
0.109624
0.099270
0.115126
0.087607
0.089493
0.079042
0.080433
0.102158
0.122837
0.078633
0.088533
0.101329
0.074996
0.101050
0.086312
0.093313
0.082992
0.079898
0.069820
0.112562
0.096671
0.083620
0.134096
0.084052
0.110119
0.123754
0.134585
0.125643
0.131908
0.131942
0.081292
0.086626
0.111714
0.101244
0.105816
0.114533
0.096199
0.116807
0.096427
0.107059
0.102799
0.097622
0.086452
0.112209
0.094451
0.080992
0.099720
0.106480
0.097823
0.102209
0.108996
0.093094
0.104595
0.127464
0.122486
0.107742
0.096201
0.089956
0.102324
0.093762
0.112881
0.088735
0.099813
0.104121
0.118244
0.101710
0.103363
0.115500
0.093071
0.118635
0.098466
0.088286
0.121554
0.102352
0.095101
0.130101
0.121309
0.138434
0.093610
0.103617
0.110401
0.095156
0.104317
0.100142
0.150873
0.132132
0.108956
0.104095
0.087717
0.100719
0.119387
0.092940
0.111238
0.153297
0.092446
0.078279
0.095271
0.115876
0.090485
0.088732
0.086195
0.076745
0.080210
0.084513
0.095894
0.088563
0.070227
0.107929
0.106200
0.095890
0.086927
0.106946
0.104536
0.092110
0.091410
0.078136
0.085379
0.099658
0.089203
0.101923
0.070368
0.083013
0.079837
0.080487
0.071123
0.111199
0.093407
0.083876
0.071195
0.101001
0.095237
0.103129
0.084309
0.084840
0.085396
0.098756
0.090924
0.085014
0.083965
0.094529
0.092126
0.074191
0.081160
0.099916
0.078806
0.087087
0.099245
0.100305
0.083052
0.092907
0.093974
0.095614
0.080387
0.078793
0.094126
0.087039
0.099797
0.087802
0.091989
0.086452
0.080568
0.086649
0.080326
0.089642
0.091312
0.097992
0.088449
0.080053
0.101348
0.100020
0.098559
0.088685
0.080652
0.086037
0.073655
0.082849
0.092470
0.106272
0.090333
0.079947
0.089391
0.106099
0.089412
0.061388
0.073133
0.064951
0.067951
0.093335
0.067396
0.076286
0.071567
0.073418
0.100443
0.087267
0.115485
0.129430
0.119733
0.099988
0.124219
0.119388
0.087088
0.121733
0.112297
0.094101
0.118466
0.094295
0.081060
0.113013
0.108686
0.089121
0.131539
0.112923
0.096403
0.094175
0.096727
0.116284
0.148525
0.130842
0.088232
0.084349
0.116255
0.086282
0.093949
0.129961
0.122577
0.113988
0.127134
0.110095
0.087070
0.095523
0.095266
0.088735
0.110199
0.112478
0.088692
0.111427
0.106148
0.109341
0.107137
0.120215
0.096574
0.096824
0.091424
0.099516
0.103077
0.109140
0.139300
0.127771
0.101690
0.096023
0.096445
0.099140
0.129290
0.129663
0.098197
0.113548
0.094569
0.111526
0.105599
0.086432
0.100939
0.109610
0.132543
0.110814
0.123846
0.127626
0.128001
0.103196
0.086705
0.102389
0.093311
0.087335
0.072650
0.104675
0.112312
0.123765
0.117033
0.116130
0.084036
0.101402
0.105838
0.089686
0.099302
0.090145
0.108563
0.085791
0.120605
0.119066
0.131972
0.103529
0.108757
0.114463
0.103064
0.108022
0.139350
0.086732
0.124959
0.125064
0.108107
0.086113
0.095366
0.081120
0.083939
0.086481
0.096339
0.115885
0.086048
0.078068
0.094835
0.126907
0.128830
0.099614
0.067909
0.082759
0.067272
0.072810
0.077852
0.063465
0.067071
0.062506
0.067864
0.075407
0.063588
0.072153
0.066813
0.088015
0.098564
0.098573
0.092546
0.112510
0.122468
0.094334
0.106500
0.087545
0.097639
0.101215
0.103077
0.107464
0.112298
0.110465
0.110366
0.118758
0.121786
0.109844
0.131306
0.107569
0.115040
0.118379
0.125488
0.119506
0.095113
0.117431
0.144141
0.084285
0.089503
0.078676
0.107404
0.107475
0.083647
0.093729
0.074692
0.094085
0.112851
0.091601
0.090544
0.115599
0.111831
0.096966
0.103444
0.087109
0.116357
0.108105
0.097320
0.084269
0.103251
0.094145
0.096500
0.099842
0.088771
0.114756
0.099597
0.086211
0.089480
0.088455
0.108917
0.116292
0.092238
0.119119
0.113590
0.100797
0.086828
0.123489
0.079569
0.098555
0.110872
0.101755
0.130679
0.132526
0.109262
0.080608
0.111133
0.096492
0.127160
0.091913
0.101209
0.103505
0.078442
0.109063
0.080788
0.117925
0.093108
0.091624
0.084701
0.092971
0.090081
0.092499
0.134190
0.102905
0.070299
0.094049
0.104244
0.103408
0.083659
0.108429
0.096300
0.075772
0.108432
0.135306
0.107149
0.088630
0.119191
0.107875
0.071771
0.083970
0.111602
0.081455
0.099125
0.071511
0.081161
0.087375
0.090894
0.117328
0.080921
0.088896
0.088644
0.108540
0.111461
0.101745
0.110738
0.113601
0.121058
0.128712
0.074209
0.106155
0.080764
0.097100
0.073618
0.128909
0.087282
0.133181
0.114972
0.107962
0.104065
0.111674
0.126197
0.097031
0.096094
0.115319
0.107675
0.097453
0.080491
0.079616
0.090050
0.123601
0.117842
0.100480
0.073832
0.104226
0.115912
0.112453
0.131944
0.128326
0.094752
0.097525
0.063322
0.105044
0.094250
0.109694
0.085534
0.097425
0.080070
0.089923
0.094586
0.088542
0.137077
0.114260
0.103279
0.073659
0.097775
0.105748
0.109542
0.109902
0.123379
0.114417
0.118344
0.136317
0.090406
0.088777
0.101294
0.105016
0.090817
0.096982
0.103694
0.103741
0.093036
0.120098
0.105562
0.140876
0.113583
0.117137
0.109987
0.126759
0.101289
0.123960
0.096205
0.073101
0.072182
0.075426
0.088209
0.071821
0.097019
0.076684
0.078684
0.121955
0.114114
0.080573
0.103924
0.077058
0.118798
0.100229
0.165128
0.157516
0.113543
0.110175
0.137297
0.139857
0.098349
0.081122
0.118092
0.106432
0.096625
0.103412
0.099393
0.127738
0.130439
0.109488
0.105335
0.136061
0.135561
0.120159
0.111624
0.128800
0.130554
0.112216
0.139869
0.089968
0.103160
0.116643
0.118464
0.108179
0.128979
0.140423
0.147941
0.146396
0.105567
0.116174
0.131869
0.152161
0.103273
0.138003
0.094883
0.078307
0.107208
0.084603
0.101756
0.085750
0.083289
0.092338
0.090675
0.080844
0.091553
0.112059
0.080739
0.091031
0.092104
0.101627
0.095791
0.098462
0.129477
0.097922
0.103673
0.086827
0.083561
0.077180
0.077903
0.095059
0.071708
0.092053
0.089727
0.082317
0.097470
0.099425
0.085261
0.079659
0.090118
0.107016
0.098563
0.103227
0.087842
0.076875
0.074370
0.093433
0.090464
0.091789
0.099715
0.090831
0.123116
0.082362
0.104299
0.090014
0.091236
0.110082
0.097902
0.090663
0.094805
0.083007
0.099479
0.113292
0.081917
0.083150
0.096942
0.094854
0.072673
0.121402
0.094186
0.093548
0.086246
0.089924
0.088386
0.090414
0.079431
