817	542	108	116
811	544	111	116
804	548	114	116
796	550	103	116
785	553	102	115
771	556	106	114
754	559	103	114
728	559	106	114
710	556	103	113
683	544	116	119
656	530	104	120
629	519	111	117
596	505	120	118
563	493	104	111
534	483	109	111
508	477	105	109
484	473	103	107
460	470	101	107
440	474	100	105
421	479	102	105
406	486	99	108
400	497	101	111
407	511	92	111
425	534	100	101
449	540	104	103
488	577	86	66
537	590	87	48
592	574	88	59
658	562	81	61
708	543	93	70
777	538	82	61
835	525	75	60
886	514	67	59
924	507	59	58
943	505	57	58
944	506	57	59
936	511	55	60
910	518	64	60
882	528	68	62
851	540	68	62
812	553	71	61
773	567	72	56
727	574	76	49
681	569	76	47
638	559	75	44
601	544	71	40
576	521	61	44
549	495	56	46
530	466	56	51
513	431	61	65
489	403	84	72
466	398	67	62
450	373	82	72
433	362	83	73
420	356	81	73
410	351	80	71
403	346	78	70
401	342	74	72
400	335	74	73
400	330	71	73
401	326	72	71
407	318	71	72
415	307	75	74
429	296	74	70
449	284	78	66
475	270	76	61
512	260	52	50
550	238	59	49
594	218	68	50
639	205	58	50
705	203	66	44
769	205	66	51
824	224	51	49
859	247	49	48
872	270	59	48
874	292	66	49
874	314	64	50
867	332	65	51
855	350	64	54
841	369	63	56
822	385	65	57
803	401	64	59
785	414	63	59
763	430	64	54
749	440	58	60
734	452	51	56
734	467	34	42
683	480	44	57
686	501	18	24
676	503	29	24
667	503	37	25
656	505	37	25
648	506	37	26
642	492	41	42
639	505	38	27
638	489	46	46
638	487	46	48
639	489	45	46
643	490	41	44
646	491	39	43
652	504	35	30
654	505	40	27
661	504	37	26
664	501	37	28
667	499	35	28
670	498	34	28
672	498	32	27
674	498	29	25
675	498	27	24
677	498	24	22
678	498	23	21
679	499	21	20
679	499	20	19
679	499	20	18
680	500	19	18
680	500	18	17
680	501	16	16
681	501	16	16
681	502	13	14
683	503	11	11
676	491	30	31
675	485	60	55
666	463	81	105
602	360	175	200
587	203	54	59
583	206	69	46
582	206	71	47
590	205	63	48
584	206	72	48
587	208	72	47
594	210	73	46
604	213	74	45
618	215	76	41
633	220	76	39
647	224	76	40
659	226	77	41
670	227	78	42
683	227	68	41
693	226	78	43
702	224	78	43
710	222	78	42
718	220	80	44
724	218	79	43
730	216	79	44
735	214	79	44
739	212	78	43
741	211	79	43
743	209	79	43
744	208	78	42
744	206	79	42
743	206	78	41
742	207	79	40
741	206	79	40
738	207	78	40
733	207	80	40
730	207	79	39
725	208	80	41
720	209	79	42
714	209	80	44
709	210	80	44
703	211	78	46
697	211	78	48
692	211	77	50
685	211	77	50
679	209	75	51
673	209	74	52
666	207	72	53
661	205	71	54
656	204	70	55
651	203	68	54
649	202	67	53
646	201	65	53
644	201	65	53
643	200	63	53
642	200	62	53
642	200	61	53
642	200	60	53
642	199	59	53
640	199	60	53
633	192	119	76
629	193	70	67
642	202	55	54
640	202	56	54
640	203	54	53
639	204	53	52
639	205	53	51
639	205	52	52
638	207	52	52
638	207	51	52
637	207	52	52
635	208	52	52
634	208	52	51
633	209	52	51
629	207	99	65
632	210	54	52
632	211	52	50
632	211	52	49
632	213	52	49
633	214	52	49
634	214	52	48
635	215	52	49
636	216	52	49
638	216	51	50
638	216	51	51
639	217	51	51
640	218	50	51
640	218	50	52
641	218	50	52
641	219	50	53
642	219	50	52
642	219	49	52
642	219	50	52
642	219	51	52
642	220	51	53
643	220	50	52
644	218	51	53
644	219	51	53
645	218	50	53
645	219	50	53
644	218	50	53
644	217	50	53
644	217	50	53
643	217	50	53
643	217	50	53
642	217	50	52
641	217	50	52
640	216	49	53
640	217	49	52
639	216	49	52
638	216	49	52
638	215	49	52
637	216	49	52
638	216	49	52
637	216	49	52
636	216	49	52
637	216	49	52
637	216	49	52
637	216	49	52
636	216	49	52
636	217	49	52
636	217	49	52
636	217	49	52
636	217	49	51
635	217	49	51
635	217	49	51
634	217	49	51
633	217	49	51
631	217	50	51
630	218	50	51
630	218	50	51
628	217	51	52
626	218	51	52
625	218	52	52
624	218	52	53
623	219	52	53
622	220	52	54
622	220	52	55
623	220	52	56
623	221	53	56
624	222	53	56
624	222	53	56
624	221	53	56
623	222	53	55
623	221	54	55
622	221	53	54
620	220	54	54
620	220	54	54
619	219	55	54
618	219	55	53
618	219	56	53
617	219	55	53
616	220	55	53
616	219	55	53
615	220	56	53
614	220	56	53
613	221	54	52
611	222	55	52
608	223	55	52
606	223	55	52
603	223	55	52
601	225	56	52
596	223	55	52
593	223	56	51
589	221	56	50
585	219	57	49
582	219	59	47
577	218	60	45
576	218	60	42
575	220	61	40
576	223	62	39
581	227	59	36
585	232	59	35
592	238	57	34
597	246	56	33
602	252	58	33
607	260	59	33
611	267	62	33
618	274	63	33
627	278	65	32
636	277	65	31
647	273	65	31
655	265	66	31
664	256	67	31
673	247	66	30
677	236	67	30
682	227	67	30
685	218	68	31
688	211	69	34
688	204	70	36
687	199	70	35
685	197	70	36
683	194	71	39
681	193	71	41
678	193	71	39
675	194	72	38
673	195	71	37
667	195	72	37
663	197	72	36
656	200	73	34
652	202	70	34
645	209	70	34
637	217	70	35
629	226	70	35
619	236	70	35
609	244	70	35
597	251	70	36
585	256	67	35
572	258	66	35
559	257	63	33
547	256	60	33
537	251	56	35
526	247	52	33
518	240	47	32
508	229	47	35
496	216	49	37
484	200	49	40
471	182	51	41
458	164	53	42
445	148	63	45
432	133	74	50
421	121	68	45
409	114	70	46
397	113	70	48
386	117	71	50
375	122	71	47
365	132	71	50
356	147	70	52
352	163	70	55
349	180	66	59
346	200	65	55
345	220	61	61
345	241	61	54
349	256	60	46
358	268	62	37
368	274	62	36
381	278	65	38
394	279	68	35
406	281	66	36
419	285	63	37
431	291	59	38
439	298	55	38
444	306	51	37
446	312	50	35
447	317	49	33
449	321	51	32
450	324	57	30
457	325	58	29
469	325	58	29
482	325	60	29
495	327	61	30
509	328	60	30
517	330	59	33
523	333	58	34
530	335	56	33
538	337	54	38
547	336	54	35
559	336	52	35
569	335	51	29
581	331	49	29
593	327	46	25
607	322	44	24
620	316	43	24
637	312	39	21
649	309	38	26
661	306	39	28
673	302	40	29
683	298	43	26
691	297	44	26
707	296	37	23
702	296	46	25
698	297	44	24
688	298	43	29
680	305	41	26
673	311	40	26
670	315	40	27
669	318	44	27
668	320	45	27
668	321	46	27
666	322	44	28
665	320	43	28
663	319	41	29
662	314	39	31
660	311	38	31
658	305	38	31
656	300	38	30
652	294	37	29
645	291	37	28
636	287	37	27
628	287	37	26
618	287	37	25
604	289	41	31
602	292	36	27
595	297	36	25
590	302	35	26
586	308	35	27
582	314	35	24
581	318	35	27
581	321	35	25
581	326	35	27
585	329	35	26
591	330	35	25
599	331	35	25
609	331	36	25
620	330	38	27
632	328	39	26
642	325	38	24
649	320	39	24
655	315	39	24
658	309	40	24
661	305	40	26
662	301	42	25
660	299	45	25
656	296	47	25
651	295	49	26
646	293	48	26
641	292	48	27
637	290	48	27
633	288	50	28
630	287	50	26
628	286	42	29
625	285	39	29
622	285	38	33
621	286	45	38
619	288	49	38
616	290	48	40
615	295	49	40
611	298	49	43
609	302	48	40
608	307	48	36
604	311	49	41
601	314	49	38
599	316	48	35
595	318	49	34
591	319	46	26
585	322	39	25
581	323	42	25
574	322	41	26
568	323	37	28
562	322	36	28
556	320	37	27
549	319	37	27
543	319	38	25
537	318	39	25
533	317	39	25
529	317	39	24
528	317	39	24
529	316	38	24
532	316	38	24
536	316	38	23
544	316	38	23
552	317	37	23
560	320	36	22
570	321	36	22
580	322	36	23
589	325	36	23
599	328	36	24
608	331	36	23
617	336	36	24
617	308	27	27
588	314	27	28
560	337	27	28
541	370	24	30
533	417	23	22
522	410	55	54
562	510	35	37
610	549	31	28
658	551	27	42
711	523	31	35
746	476	24	36
753	435	24	21
734	414	60	63
640	368	33	28
627	367	40	28
623	364	40	27
616	361	43	27
610	359	43	26
603	355	44	26
596	351	46	25
588	346	45	26
578	342	48	25
568	337	49	26
559	331	49	27
549	326	50	26
538	319	51	27
529	314	52	28
521	310	51	29
513	307	51	31
508	304	50	32
503	303	50	33
501	301	49	34
499	302	49	36
498	300	48	37
499	300	47	39
500	300	44	40
503	300	42	41
506	301	40	41
510	301	37	41
514	302	37	42
520	302	35	42
520	303	39	42
526	303	39	43
528	304	40	43
531	306	43	43
535	306	44	43
537	306	44	42
539	306	45	42
539	306	45	42
539	305	46	43
541	307	45	41
542	307	46	41
542	307	46	41
543	306	46	39
544	306	47	38
540	304	54	38
548	305	48	35
550	305	48	31
553	305	49	29
557	305	47	29
560	305	48	30
564	306	51	32
569	307	53	32
575	308	52	33
583	311	52	30
591	315	51	30
600	319	52	34
609	322	51	32
620	328	51	32
628	332	51	33
638	336	51	31
647	340	52	30
656	343	52	29
663	345	51	28
670	348	52	26
677	350	52	26
682	351	51	26
686	351	51	26
689	350	49	26
691	348	48	27
691	346	50	27
691	345	49	27
691	341	49	28
689	339	48	29
688	336	48	30
686	333	46	31
686	330	46	32
684	328	45	32
682	327	44	33
679	326	44	34
675	325	42	35
670	326	41	35
665	327	40	36
658	329	40	37
652	330	39	37
644	335	40	38
636	338	39	39
629	343	38	39
621	348	38	40
614	353	37	41
605	359	38	41
598	364	39	42
591	369	39	43
585	376	42	42
579	380	43	43
576	384	44	43
572	387	45	43
570	390	46	42
570	392	46	40
570	392	46	40
571	390	46	39
571	387	46	39
574	383	45	39
578	378	45	38
581	373	43	37
585	365	43	37
589	357	42	36
594	349	41	34
599	340	40	35
605	331	40	33
608	323	39	32
614	317	39	30
617	311	38	29
621	306	38	27
623	302	38	25
626	299	36	24
627	296	38	25
628	295	38	25
629	295	37	26
631	293	38	26
631	294	38	27
631	293	39	29
630	294	39	31
629	295	40	32
628	295	39	33
627	297	39	34
627	299	39	35
626	302	39	36
624	303	38	37
623	307	35	39
622	311	37	40
619	314	34	41
617	318	33	41
615	321	34	43
614	325	33	43
613	328	33	44
612	331	37	45
611	332	39	45
611	332	38	45
612	329	39	45
614	326	39	44
616	321	40	43
620	316	39	42
626	310	38	41
633	306	37	36
641	303	38	35
649	300	39	35
656	300	37	35
663	299	37	36
668	299	36	37
671	301	36	38
671	302	36	39
670	303	36	41
669	305	36	42
666	307	37	43
662	309	38	44
658	311	38	44
653	313	38	45
647	316	38	47
641	319	38	46
636	323	36	47
629	326	37	47
621	328	38	47
616	331	36	44
612	332	36	45
607	332	36	47
604	332	36	47
600	331	38	47
597	331	40	47
594	329	42	47
592	327	44	46
589	325	46	45
589	324	47	45
588	323	47	43
587	322	48	43
585	321	49	43
585	322	49	42
584	322	50	42
584	324	50	41
585	326	50	40
585	328	51	40
587	331	50	40
589	334	50	40
591	337	51	41
595	339	51	42
599	342	50	43
604	344	50	44
609	345	50	46
613	346	49	46
618	347	48	47
623	346	47	48
626	345	46	49
631	343	44	50
634	340	42	50
636	336	41	50
638	333	40	49
637	329	39	49
636	325	39	47
635	322	39	44
634	318	39	36
633	315	38	28
634	312	38	40
638	311	35	36
639	310	37	34
643	310	38	33
649	311	39	33
657	314	39	36
662	320	41	39
670	326	40	43
676	333	41	47
681	340	40	43
687	344	42	50
693	350	41	49
698	353	42	48
703	356	45	48
712	357	42	48
719	356	42	48
725	355	44	48
731	354	45	49
737	352	47	47
742	351	48	46
747	349	48	43
752	347	48	44
754	346	49	43
756	344	50	42
757	341	49	42
757	338	49	39
756	335	50	35
754	330	50	33
752	326	51	31
748	321	51	30
745	316	51	30
742	312	51	31
740	309	52	32
737	306	52	34
736	304	52	35
734	303	51	37
732	304	51	37
732	304	51	41
730	306	51	37
729	309	51	35
727	314	51	37
723	320	52	35
720	326	52	34
714	332	53	33
707	339	53	32
698	345	54	33
690	350	52	32
679	354	49	33
668	356	47	34
658	355	45	35
649	353	41	34
642	349	38	33
636	343	37	31
631	337	38	29
629	332	38	26
629	327	37	24
624	321	44	23
626	316	46	25
629	312	47	25
634	308	46	26
640	305	45	25
651	304	37	24
648	300	44	29
660	299	37	27
673	304	44	27
667	310	38	26
667	311	42	29
667	314	45	29
668	318	45	24
665	321	49	28
664	324	49	31
662	326	49	30
660	329	48	29
659	330	48	29
657	330	43	29
655	331	45	28
655	328	46	27
654	326	45	28
653	323	44	30
653	321	43	34
651	321	41	35
651	322	39	38
650	323	38	41
649	325	37	45
649	329	37	46
650	333	38	51
653	338	38	51
656	343	38	52
660	349	37	53
665	353	37	52
669	358	39	52
676	363	37	52
683	367	40	52
689	368	41	52
694	369	45	51
699	368	43	50
705	368	46	49
712	365	48	47
718	363	49	46
725	360	48	45
730	357	48	44
734	352	48	45
738	349	48	44
741	344	49	44
743	340	48	44
744	337	48	44
744	334	48	44
745	332	48	44
744	330	47	45
743	329	48	45
742	328	47	45
738	327	48	45
736	327	48	45
731	328	48	45
728	328	47	45
723	330	46	45
718	330	46	45
713	332	45	45
706	334	45	45
700	334	45	45
695	336	45	45
689	337	45	45
685	338	44	44
681	337	44	44
678	338	44	44
675	337	45	44
674	338	45	44
673	337	45	44
673	337	45	43
674	336	46	42
675	335	46	42
677	336	46	40
681	335	46	40
686	334	45	39
689	334	46	37
695	332	46	37
701	331	46	36
708	328	45	35
714	327	45	34
720	325	44	33
725	322	44	33
732	320	44	32
738	316	44	32
744	313	43	32
749	310	43	31
753	308	44	31
757	306	45	32
760	305	46	33
763	304	46	33
765	302	49	34
769	301	48	34
771	300	51	35
774	299	49	34
776	298	49	34
778	297	50	33
779	298	50	33
780	297	50	32
781	298	49	31
780	298	50	31
780	300	49	30
778	302	50	29
775	304	49	29
770	306	49	28
766	309	47	27
759	312	48	26
749	314	48	27
739	316	49	26
728	319	47	26
717	320	48	26
707	322	48	26
697	323	48	26
687	324	48	26
677	326	48	25
667	326	48	25
657	326	48	26
647	328	47	26
637	327	47	27
628	327	46	28
619	327	46	29
612	327	44	30
605	325	42	32
600	324	40	32
596	323	39	33
592	322	38	33
590	320	35	33
586	320	36	33
584	319	37	34
580	319	39	35
575	319	41	36
572	318	43	37
569	319	44	37
567	320	46	37
566	319	47	36
566	319	47	36
565	318	47	36
564	318	47	35
564	318	47	35
564	318	46	36
563	319	46	36
562	320	46	37
563	322	44	37
563	324	42	38
563	327	41	38
565	329	38	38
565	333	36	37
565	337	35	38
564	339	37	39
563	343	37	39
563	344	38	40
564	343	38	41
565	342	38	41
568	340	38	42
570	337	39	42
573	333	39	42
577	328	40	41
582	320	40	41
586	312	41	40
591	304	41	40
598	297	41	40
603	290	42	40
609	283	43	39
615	275	44	39
622	269	44	38
627	264	45	38
634	259	45	37
642	256	45	36
650	253	44	35
660	251	43	33
671	251	39	31
682	255	35	28
684	249	42	32
691	248	40	33
697	248	39	24
705	249	38	31
711	251	41	35
718	253	40	35
725	255	39	34
730	255	39	36
735	257	39	37
736	258	42	38
739	259	42	38
739	259	43	39
740	259	45	41
740	258	45	41
737	257	46	42
735	256	46	41
732	253	46	42
727	251	47	43
721	247	45	42
713	244	46	42
705	242	48	42
698	239	48	41
692	236	46	41
685	234	46	40
676	233	46	43
672	231	43	44
664	231	44	45
657	230	43	46
651	230	44	47
646	231	44	48
643	231	44	49
640	232	45	49
638	234	45	49
638	234	47	51
639	235	48	51
641	236	51	51
642	237	53	51
643	237	56	50
645	236	57	50
649	235	58	51
652	234	58	49
654	232	58	49
657	231	59	48
660	230	60	47
663	231	60	46
667	231	59	47
670	232	59	46
675	233	59	46
680	235	60	46
687	238	59	45
693	241	60	45
701	244	59	44
711	245	59	44
719	246	60	44
729	244	60	44
739	243	60	44
749	241	61	44
759	238	59	43
767	236	61	44
775	234	59	44
784	232	59	45
792	232	58	46
801	230	58	48
809	232	56	48
819	233	54	50
825	234	54	53
831	238	54	54
838	241	53	56
844	244	51	55
848	247	52	56
850	251	52	57
852	254	53	56
852	256	54	57
849	258	55	56
843	259	56	54
836	258	57	53
826	258	59	53
816	256	59	51
809	253	60	48
803	250	61	44
799	246	61	41
794	242	61	40
789	239	63	37
784	235	63	36
778	232	63	35
771	228	65	35
764	227	64	35
756	224	64	36
746	224	63	36
736	223	63	37
728	224	62	37
719	226	60	38
711	230	63	36
704	233	61	36
698	236	59	37
692	239	56	36
686	241	48	37
680	242	42	39
672	242	42	39
654	239	54	39
648	236	52	40
649	234	44	39
625	231	62	37
617	230	63	37
614	229	61	39
612	229	57	40
613	230	52	43
613	231	47	46
614	232	45	47
613	232	44	47
612	234	44	48
610	237	45	48
608	241	47	48
608	245	48	49
607	250	48	50
606	256	49	50
603	260	49	51
601	264	49	51
598	265	48	52
594	266	47	52
591	268	48	53
590	270	47	53
586	272	47	53
584	275	46	54
581	279	45	55
576	283	45	55
570	289	45	55
566	296	45	56
563	303	45	57
559	312	46	57
556	320	47	59
555	327	48	60
557	332	47	60
558	337	47	61
563	342	46	61
568	346	45	61
576	347	45	60
584	347	45	46
591	347	44	56
596	344	47	61
602	341	47	59
608	337	49	58
614	334	51	57
621	328	53	56
628	320	54	54
635	313	57	53
643	305	58	51
651	297	60	49
658	288	61	48
665	281	61	46
672	274	61	44
677	270	61	42
684	267	61	40
690	265	61	39
696	263	61	41
703	263	60	42
708	265	59	44
713	267	59	46
717	269	59	49
723	273	58	52
725	277	57	54
724	282	56	56
722	286	55	56
718	290	54	57
711	294	53	57
703	297	52	58
690	300	52	58
679	300	51	58
667	300	49	60
657	297	47	61
646	291	47	63
639	284	46	61
633	274	46	60
627	265	45	60
624	257	45	60
619	249	47	60
616	243	48	61
613	238	48	60
612	236	47	60
610	234	47	59
611	234	47	58
610	237	46	56
611	239	47	55
613	242	46	54
617	246	46	53
620	249	46	53
626	251	46	52
629	255	48	51
636	256	47	51
643	258	48	51
653	258	48	50
662	259	48	50
672	258	47	50
681	257	46	49
688	257	46	49
695	255	46	49
702	253	45	50
707	251	44	50
710	249	46	51
714	247	46	51
717	246	46	50
720	244	46	50
722	244	47	49
724	243	47	49
727	243	47	49
728	243	47	49
729	243	47	48
731	243	46	48
732	242	44	49
733	243	44	48
732	245	45	47
732	245	45	47
732	246	46	47
732	247	45	47
731	247	45	47
727	247	48	47
727	247	48	47
725	246	48	47
722	245	48	46
720	243	49	46
717	241	49	45
713	239	49	44
711	238	49	43
708	236	49	43
704	234	49	42
698	233	51	42
695	231	50	41
689	232	51	41
684	232	52	41
679	234	52	41
673	236	53	43
666	238	54	43
659	242	54	44
651	247	56	46
643	253	57	48
634	259	58	50
625	267	59	51
615	274	60	51
605	283	60	51
595	290	60	51
584	295	60	50
574	300	58	51
563	302	56	50
555	302	54	50
548	299	49	49
542	296	46	48
537	290	44	46
534	284	44	44
530	279	45	42
529	272	47	40
531	266	47	35
534	262	45	33
538	257	44	31
539	251	47	30
544	247	47	29
552	243	44	29
551	241	52	46
567	240	44	40
575	239	49	34
585	239	60	32
595	241	44	27
605	241	51	28
614	244	54	28
625	246	56	27
635	248	58	27
646	251	58	26
655	255	58	26
663	260	58	27
670	265	57	28
675	270	56	28
679	274	48	28
680	278	52	30
679	281	52	32
676	284	50	33
672	286	48	34
667	287	47	36
660	288	46	37
654	288	43	38
645	288	43	40
635	289	44	41
625	290	47	42
616	289	48	44
607	289	49	45
600	290	50	47
594	290	51	48
590	291	51	50
586	291	49	51
583	293	47	51
582	292	45	51
581	295	44	48
579	294	43	49
577	295	43	48
576	295	44	36
576	295	45	47
577	295	48	48
579	297	50	47
582	296	51	47
586	296	52	47
592	297	53	47
598	295	55	46
606	293	56	46
614	290	56	46
623	287	57	46
631	284	57	46
639	281	57	47
646	278	57	48
652	276	57	49
657	274	57	49
662	274	56	49
668	274	55	50
672	275	55	50
677	277	54	50
681	280	53	50
686	282	52	50
689	285	51	50
692	287	50	49
697	289	49	48
700	290	50	48
705	291	49	47
710	290	48	46
714	290	48	43
721	288	48	42
726	286	47	40
732	286	48	39
737	284	48	39
743	282	48	38
748	280	49	37
752	278	49	37
756	276	49	37
760	274	49	37
762	273	50	37
763	273	49	36
763	273	49	35
762	273	50	35
762	274	49	35
761	274	48	35
758	276	48	35
755	277	49	34
751	279	48	33
751	281	47	33
750	282	48	33
749	282	47	33
750	284	48	32
750	284	49	34
749	283	50	35
746	283	52	36
743	283	54	38
739	282	55	39
735	282	55	39
730	281	56	40
726	280	57	41
720	279	57	42
715	276	57	41
709	273	57	41
703	270	57	40
697	267	57	40
690	263	57	39
684	260	57	38
677	257	57	37
670	255	57	35
666	252	57	35
662	251	57	35
660	250	58	35
659	251	58	34
658	253	58	33
657	256	58	33
655	260	57	34
653	266	56	35
648	271	56	36
642	277	56	37
635	282	56	38
628	288	56	38
618	292	54	39
609	295	53	39
599	297	51	39
589	295	48	39
580	293	45	39
571	287	44	39
564	282	43	37
559	277	44	35
554	271	44	33
551	266	44	31
550	263	43	30
549	260	43	29
548	257	43	29
549	255	44	30
551	254	44	29
555	254	44	48
561	253	48	41
565	254	43	26
573	255	44	28
578	255	46	27
585	257	48	27
593	259	50	28
601	262	52	29
610	264	53	30
619	267	54	32
630	271	54	34
637	276	56	36
645	280	56	37
651	284	57	39
656	288	56	40
659	290	56	42
660	292	55	43
659	292	53	42
658	292	54	42
654	290	54	43
650	288	53	43
643	287	51	43
636	285	49	45
627	283	47	48
617	282	46	50
610	282	45	52
603	282	43	54
594	282	43	55
586	283	43	56
578	284	44	56
571	285	44	58
566	286	44	58
560	288	45	60
556	290	45	59
554	291	45	60
553	293	44	60
552	295	44	59
552	297	43	60
553	298	42	60
554	301	43	60
554	302	44	59
555	303	45	54
556	303	47	59
557	303	48	58
558	302	50	57
559	302	51	55
558	301	53	54
558	299	56	53
558	297	57	51
560	295	57	48
561	292	60	45
564	289	61	42
567	287	62	38
571	284	62	39
577	282	62	39
582	279	63	39
588	278	63	39
595	275	64	38
603	273	64	39
612	271	63	38
620	271	64	39
628	269	63	39
637	267	63	41
648	268	61	39
658	267	60	40
669	267	59	41
680	266	55	39
691	265	50	39
702	263	43	39
711	264	42	38
714	262	46	39
714	262	52	38
719	263	55	37
723	263	58	38
729	264	60	33
735	264	60	32
742	265	62	31
753	266	60	32
763	267	59	32
771	266	61	34
779	269	60	33
785	266	60	35
792	265	59	38
797	265	59	39
808	266	54	40
810	266	56	41
814	265	57	42
818	263	56	43
821	262	56	42
822	261	56	42
821	261	56	42
818	261	56	42
816	264	55	41
812	269	55	42
808	273	55	42
804	282	54	42
796	290	55	44
790	302	54	44
784	313	54	47
780	325	54	49
777	338	53	52
775	350	52	54
773	360	50	56
769	368	49	58
763	375	49	60
757	380	50	61
751	385	50	62
744	389	49	62
738	390	49	60
736	391	49	62
733	392	48	63
730	391	48	62
728	392	48	62
727	392	48	61
728	392	48	61
728	392	49	61
728	392	49	62
729	393	49	61
729	393	49	62
729	393	49	65
730	393	48	61
729	393	49	61
728	393	49	61
729	394	49	61
728	394	49	61
727	394	49	63
727	394	48	61
727	394	49	60
726	395	50	61
726	395	49	61
725	395	50	61
725	395	50	60
725	394	50	61
724	394	50	61
722	393	50	61
721	394	51	63
722	393	50	61
721	394	50	62
719	394	51	61
719	394	50	60
719	393	50	62
717	394	51	61
717	392	49	61
716	392	47	60
715	391	44	58
715	391	40	54
716	390	38	50
716	389	38	45
716	387	38	45
717	385	38	45
716	384	38	45
716	383	38	45
716	382	38	45
715	381	38	44
714	381	38	44
715	381	38	44
714	382	38	44
714	382	38	44
713	383	37	43
712	383	39	44
712	383	38	43
713	383	38	44
713	383	38	44
713	383	37	44
713	384	38	44
713	384	38	44
713	384	38	44
713	383	38	44
714	384	38	44
714	384	38	44
714	384	39	43
715	383	39	43
714	383	38	43
714	383	39	43
713	382	38	43
711	380	38	43
709	375	39	43
707	371	38	43
704	366	39	41
700	358	41	42
696	351	42	41
692	342	44	39
687	335	46	39
680	327	49	37
674	317	51	36
668	309	52	34
660	300	54	33
654	289	53	32
646	280	54	30
639	271	55	29
633	264	54	28
628	257	54	27
622	251	55	28
618	248	54	27
613	245	55	27
611	242	54	27
609	239	54	27
608	238	55	28
607	237	54	28
607	236	54	28
607	236	53	28
607	235	54	28
611	236	52	29
616	235	46	30
614	234	51	30
618	233	50	32
620	229	50	35
623	226	50	37
626	224	49	38
630	222	49	38
633	220	48	39
637	219	47	41
640	218	47	40
640	216	46	41
641	215	45	42
640	214	46	42
640	214	46	42
640	214	46	42
640	215	46	42
640	214	46	42
639	214	47	42
640	215	47	42
640	214	47	43
641	216	48	43
642	216	47	43
643	216	48	43
644	217	47	43
645	216	48	44
646	217	47	45
647	218	47	44
649	218	47	45
650	218	47	45
653	217	46	45
654	217	46	45
655	217	46	45
657	217	46	45
659	216	46	45
661	217	47	45
663	216	47	45
665	217	47	45
667	217	47	46
670	218	47	46
672	218	46	47
674	218	46	47
676	219	47	47
679	219	47	47
680	219	48	47
680	218	49	47
680	217	50	46
680	216	52	46
680	216	53	44
678	215	54	42
678	214	56	41
675	214	57	39
673	212	58	38
672	211	59	36
670	211	59	35
668	209	60	34
665	209	60	34
662	209	61	31
659	208	61	31
655	208	61	31
652	208	62	31
646	210	62	30
641	211	63	30
636	214	62	29
632	217	62	28
626	219	61	29
619	223	62	29
613	230	60	29
604	236	61	30
595	242	62	31
585	247	62	31
575	252	63	31
566	255	63	31
560	256	61	31
559	253	60	31
564	252	59	31
571	250	57	32
577	248	53	31
582	243	47	29
587	239	43	29
588	234	42	29
588	226	44	30
585	217	47	31
583	209	48	31
577	200	48	32
572	192	47	32
565	187	48	31
561	184	56	31
554	183	57	32
550	184	58	32
548	187	59	32
546	193	59	33
544	201	62	33
542	212	60	33
539	221	61	33
538	230	61	34
536	237	64	33
534	240	63	32
532	241	61	33
528	239	62	31
526	237	60	32
522	234	60	33
518	232	59	35
515	229	58	35
512	226	56	37
510	223	54	38
510	220	52	37
510	219	51	37
512	217	49	37
516	216	46	37
517	217	45	37
516	219	44	37
513	223	44	37
508	227	44	38
503	232	45	39
495	238	46	40
490	247	47	41
483	255	48	43
477	266	49	46
472	277	49	50
468	287	49	50
465	295	50	52
462	304	52	55
465	310	51	57
470	316	51	59
477	320	52	60
483	324	50	60
487	327	50	61
491	328	50	61
495	328	50	60
499	327	50	60
503	326	51	60
512	324	48	59
522	322	47	58
531	318	47	57
541	314	46	54
550	307	45	53
560	302	45	51
569	296	47	50
579	289	48	46
590	281	51	47
600	273	52	45
610	264	55	44
620	257	55	43
627	251	57	42
631	244	57	41
628	239	58	39
619	236	59	38
605	232	59	38
585	228	61	37
566	226	62	36
552	224	62	35
539	223	62	34
531	223	62	33
523	221	62	34
517	221	63	35
512	221	63	35
510	221	64	35
508	220	63	36
508	222	63	36
508	222	62	36
508	223	60	36
508	222	59	37
508	222	59	40
507	221	56	40
506	218	59	43
505	217	61	43
505	216	60	44
505	216	58	45
506	214	57	48
506	213	56	44
507	212	55	47
508	212	55	46
511	210	53	46
526	209	39	33
513	208	54	39
514	210	54	38
515	208	55	45
517	207	39	48
518	208	44	41
520	209	51	39
521	211	55	38
523	211	57	36
523	213	53	36
525	214	51	37
524	215	49	38
522	216	46	38
518	217	46	38
511	219	49	39
504	219	51	39
498	220	54	39
492	220	55	38
487	219	57	38
482	219	58	36
478	219	58	36
475	219	59	35
472	219	59	35
469	218	59	34
466	218	60	33
464	218	59	32
462	218	58	31
458	219	61	32
455	221	62	35
452	224	64	31
452	227	64	32
451	231	64	34
451	235	64	35
452	240	63	33
451	247	64	31
452	251	63	29
454	255	63	27
453	258	63	40
456	263	66	37
457	267	65	38
460	272	64	37
462	276	63	39
467	280	63	37
472	284	63	39
477	288	64	38
483	292	65	38
490	296	64	38
499	299	64	40
510	303	63	36
520	305	62	33
532	305	62	32
546	303	60	28
560	298	57	28
573	293	53	27
590	287	44	28
601	281	44	27
610	275	44	27
617	270	44	27
623	264	44	27
629	260	44	28
633	255	45	28
637	251	47	31
641	248	47	31
645	246	49	30
648	245	48	29
650	243	50	29
653	242	50	29
655	242	50	30
656	241	50	31
657	241	50	32
657	242	48	31
658	242	48	31
658	242	47	32
658	240	47	34
658	241	45	34
658	241	45	36
658	240	45	35
658	240	45	39
657	240	44	36
657	241	43	38
656	241	42	36
654	241	42	37
652	242	43	35
648	243	42	35
643	244	42	33
640	245	42	32
634	245	42	28
629	244	42	29
622	244	43	29
617	227	42	44
615	246	45	56
612	248	45	33
611	250	45	30
612	251	45	35
611	255	44	42
612	259	43	47
613	263	43	53
613	266	43	58
612	270	44	58
612	272	44	59
611	273	45	60
609	274	46	60
608	272	46	61
606	272	46	61
605	273	47	60
605	271	47	61
604	271	47	61
605	270	46	61
605	270	46	60
604	270	46	60
604	270	46	60
604	270	46	60
603	269	46	60
603	269	46	59
603	269	46	59
602	268	46	59
601	266	46	61
599	267	47	60
598	267	46	59
598	267	46	59
596	266	45	59
595	268	45	58
594	267	45	58
592	268	46	58
591	267	46	58
588	267	46	58
586	267	46	60
583	267	46	58
582	267	46	59
581	268	46	59
581	268	46	59
580	269	45	59
579	269	46	58
577	269	46	59
577	269	46	58
575	269	46	58
575	270	46	59
574	271	46	59
573	270	47	60
573	272	46	58
572	272	47	58
571	273	46	58
570	275	45	58
570	277	46	57
569	279	45	57
570	281	45	58
570	283	45	58
570	284	45	58
570	286	45	57
569	285	45	58
569	285	45	56
568	283	45	53
567	280	45	48
567	279	45	39
565	280	45	29
565	279	45	26
565	279	45	27
565	279	45	28
565	279	45	28
565	280	45	27
565	280	45	27
564	280	45	27
565	279	45	26
564	280	45	26
565	280	45	27
565	279	44	29
565	278	45	32
565	276	45	37
564	276	46	39
564	275	46	42
563	276	46	42
563	275	47	43
563	275	48	42
563	274	48	42
563	275	48	41
563	275	49	41
564	273	49	41
566	273	49	40
566	273	50	40
568	272	50	39
571	272	51	39
574	272	51	38
580	272	47	38
579	272	50	38
581	272	50	37
583	273	51	36
586	272	50	37
588	272	50	36
589	272	50	36
591	272	49	36
592	272	50	36
593	272	51	36
593	273	51	36
594	275	51	35
595	276	51	35
596	277	51	35
599	278	51	34
600	280	52	34
605	280	50	35
610	281	51	35
615	282	50	35
628	283	45	36
633	285	48	34
641	286	48	33
651	288	46	34
661	290	45	33
671	293	44	34
679	295	44	34
686	298	45	33
691	299	45	33
694	300	44	33
694	301	43	32
690	301	43	32
685	300	44	31
675	299	46	32
664	298	47	33
654	297	48	33
641	296	49	32
636	295	41	32
619	294	47	32
606	294	50	33
598	294	52	34
589	295	52	34
582	295	51	35
575	296	51	36
568	297	49	37
560	298	46	38
553	299	45	38
545	301	46	38
536	302	49	38
528	303	52	38
522	303	53	38
518	303	55	37
514	302	57	37
511	301	58	36
510	301	58	35
509	300	59	36
508	299	58	35
509	298	59	35
509	299	59	35
510	298	58	35
511	298	58	35
512	299	58	35
513	298	58	36
517	297	56	36
519	297	55	36
523	297	54	37
527	296	54	38
534	295	53	38
541	294	52	39
550	294	50	39
557	293	49	37
566	293	49	37
575	294	48	36
585	295	47	34
595	295	45	33
607	295	43	33
615	296	43	33
623	296	43	32
628	296	44	32
632	296	45	32
636	296	44	32
639	296	47	32
640	295	47	32
639	295	48	33
636	294	50	33
633	293	51	32
636	292	44	34
628	291	50	34
621	291	54	35
615	290	54	35
609	292	53	35
602	293	53	36
597	294	50	37
589	296	47	38
582	296	44	38
574	298	44	38
563	299	48	38
554	300	51	38
546	299	54	38
541	299	55	38
535	297	56	38
532	297	57	37
530	295	58	36
527	294	58	35
525	294	58	35
523	293	59	35
521	292	59	35
520	293	59	34
519	292	58	35
519	293	57	36
518	293	56	36
517	294	56	38
518	294	55	39
518	293	54	41
520	294	54	42
524	292	52	41
527	291	51	43
531	291	50	43
535	292	46	41
540	288	49	43
545	287	49	42
550	287	49	41
557	286	48	41
563	285	47	41
569	285	49	40
577	283	49	40
585	281	49	39
594	279	47	38
603	277	46	36
610	274	46	35
617	271	46	34
623	268	45	34
629	266	45	33
634	264	46	32
638	263	44	32
641	263	46	32
644	263	49	31
648	262	48	31
653	263	49	30
657	263	47	31
653	264	56	31
655	264	55	31
658	265	54	33
659	266	55	34
660	264	54	35
661	265	54	34
662	264	54	34
663	265	52	34
662	263	52	34
662	263	52	34
663	263	52	34
663	264	51	33
662	262	50	33
662	263	51	33
662	263	50	32
662	262	50	32
664	262	46	33
664	262	46	32
660	264	48	33
659	264	47	34
657	266	47	34
655	268	46	35
650	270	45	35
646	272	44	35
641	274	45	35
634	277	45	35
627	280	45	34
620	282	45	33
612	286	45	32
603	287	43	33
594	289	39	33
583	293	37	31
572	293	37	29
561	294	36	28
551	293	43	27
539	291	44	23
541	291	32	21
524	284	43	26
517	279	44	57
497	272	59	33
505	272	47	28
502	268	48	29
500	265	50	29
499	263	50	28
497	261	52	28
496	260	53	31
496	262	39	23
495	260	55	26
507	261	44	33
501	264	50	33
495	268	57	30
495	272	58	29
496	276	58	29
499	282	57	30
504	288	56	30
515	293	48	31
519	297	50	30
522	301	55	30
529	303	56	31
541	304	54	32
552	304	55	33
566	304	52	32
577	302	51	32
591	299	47	32
603	296	46	31
614	294	44	32
622	291	45	32
628	287	46	32
633	285	49	33
640	282	51	33
644	280	53	33
649	278	54	34
653	275	54	35
656	273	55	35
659	272	54	35
661	270	54	34
663	270	53	34
665	268	53	35
667	268	52	35
668	266	52	35
670	265	51	34
671	265	51	33
673	265	50	32
674	265	50	32
685	266	39	32
680	267	45	33
677	267	47	34
677	268	47	34
675	270	47	34
672	270	47	34
670	271	47	34
665	271	48	34
663	272	47	34
658	273	47	34
654	273	47	35
648	274	47	34
641	275	46	34
634	276	46	34
626	277	45	33
617	278	43	31
609	278	40	31
600	278	37	31
592	278	44	26
588	278	41	24
578	275	42	31
570	272	44	30
550	270	60	38
561	268	43	29
556	267	45	28
554	265	48	28
551	264	48	28
550	264	49	29
548	264	49	28
548	265	33	23
545	265	50	25
544	264	51	31
554	267	41	28
548	268	45	29
544	270	49	27
547	272	44	28
544	273	46	30
540	275	48	31
540	275	47	32
540	277	46	32
539	276	45	32
538	277	45	31
537	277	45	30
536	277	44	28
534	277	44	28
534	276	44	28
534	275	45	28
534	273	45	29
535	273	46	29
536	273	46	30
539	276	45	26
540	277	46	29
542	281	29	27
546	284	36	27
550	287	39	26
555	290	41	27
560	292	42	28
566	296	42	27
572	299	43	28
578	303	43	28
584	308	44	30
591	313	45	30
598	316	46	30
605	319	46	28
615	320	43	29
617	321	47	30
624	322	47	32
629	320	48	34
635	319	47	35
640	317	48	35
646	315	47	35
650	314	46	34
654	311	45	34
658	310	46	34
661	308	43	32
664	307	44	31
666	304	44	31
666	303	44	32
670	301	43	29
672	299	43	27
676	296	43	27
685	295	26	23
675	293	53	25
675	292	57	25
676	293	57	27
678	291	52	31
680	294	46	31
681	296	48	31
682	299	49	31
682	301	54	30
680	304	55	30
678	307	55	30
674	310	55	31
671	313	55	34
666	315	54	35
661	317	52	36
654	318	51	36
647	317	49	37
640	315	46	36
635	315	43	36
629	313	44	35
626	311	45	34
622	310	45	31
618	308	45	30
613	307	50	29
610	306	52	29
609	304	52	29
608	303	53	28
607	302	54	29
607	302	54	29
607	301	53	29
606	300	53	29
606	300	53	30
605	299	52	30
604	299	51	30
604	298	52	30
602	299	48	20
602	299	33	19
600	299	30	20
580	301	44	32
578	319	29	32
581	339	28	30
583	360	30	33
582	383	32	32
579	403	31	32
573	418	32	32
563	422	32	31
558	419	30	30
554	412	30	31
552	403	30	30
551	396	31	31
553	391	31	31
553	389	31	31
554	387	32	32
553	388	32	33
555	391	32	33
553	395	32	33
550	398	31	31
546	401	31	30
543	402	30	30
539	403	31	31
534	406	32	32
530	408	32	32
529	409	32	32
530	409	32	32
534	410	32	31
539	410	33	31
549	409	33	32
560	411	32	32
573	414	31	32
586	419	32	32
598	425	31	31
609	432	31	31
617	438	31	32
624	444	31	32
629	446	32	32
633	446	32	32
640	443	32	32
648	438	32	31
660	429	31	32
676	422	30	29
693	413	31	31
714	406	32	31
734	401	33	33
754	400	34	32
775	400	30	31
792	403	30	32
802	408	31	33
810	416	31	33
813	428	30	32
813	440	31	32
812	453	29	31
805	466	32	31
799	478	31	32
793	488	31	32
787	496	31	32
787	494	31	32
792	481	32	31
802	464	33	33
816	443	33	34
834	417	32	34
848	378	29	35
843	333	30	34
820	286	35	35
782	249	34	32
732	224	33	30
685	215	27	29
642	217	23	31
638	206	34	43
648	204	27	44
646	205	25	45
647	207	25	47
646	206	25	47
646	206	25	47
646	206	25	46
646	206	25	46
647	206	24	47
647	206	24	47
647	206	25	43
647	205	25	45
646	205	25	47
646	205	25	44
646	204	25	46
646	206	25	44
647	205	25	45
646	205	26	46
649	208	24	42
649	208	24	44
649	207	24	44
649	207	24	44
649	208	24	44
649	208	23	43
650	208	23	43
649	207	23	44
649	208	24	43
648	206	24	45
648	206	25	44
648	205	25	45
647	204	26	48
648	206	25	46
646	204	26	48
647	205	26	46
647	205	25	47
647	204	26	49
647	205	26	49
647	204	26	48
647	205	26	45
647	206	25	46
646	204	26	48
648	207	25	45
648	205	24	46
646	202	26	49
647	203	26	49
646	202	26	49
647	202	26	50
646	202	26	50
647	203	25	48
647	205	25	47
648	205	25	47
647	204	26	49
613	188	80	61
668	286	59	46
665	283	58	48
660	280	57	45
654	278	57	43
647	278	56	46
638	277	55	42
628	278	56	40
618	278	56	39
609	279	56	38
597	281	56	37
583	284	59	34
572	288	58	30
563	296	53	28
560	306	47	30
550	316	42	39
543	328	45	55
542	343	41	61
542	359	46	62
546	372	44	62
550	380	45	62
557	388	46	62
567	390	48	65
576	389	51	66
588	388	53	66
601	384	51	61
616	379	53	64
629	371	59	63
646	363	54	62
662	354	60	60
676	347	62	58
689	339	61	55
702	332	62	54
713	326	63	52
722	320	62	45
730	315	63	43
738	311	63	40
743	307	62	38
747	304	60	35
752	302	54	33
755	300	57	32
759	300	57	31
761	301	55	30
765	301	53	30
767	303	51	29
770	304	48	29
773	306	45	29
776	309	41	29
778	311	44	32
780	314	46	32
784	315	47	32
782	316	52	36
781	315	57	42
782	313	59	48
787	313	60	50
791	309	59	55
795	306	58	64
798	305	57	59
798	305	57	62
797	306	56	63
796	306	55	69
795	305	54	63
794	305	53	63
790	305	52	60
774	297	73	74
784	304	52	63
782	303	51	61
779	304	50	59
776	304	49	59
772	305	49	56
771	305	46	56
769	307	46	56
767	308	46	57
765	310	46	56
764	310	45	60
764	311	45	60
764	312	46	60
765	312	46	60
767	312	47	60
768	311	46	59
771	309	46	60
773	308	46	59
776	307	46	58
778	305	47	58
781	303	46	55
783	302	46	53
785	299	46	49
788	296	46	47
789	294	48	44
791	293	46	42
792	291	47	41
793	292	45	38
792	293	43	35
791	294	43	34
789	297	42	31
786	299	42	31
780	303	42	29
773	305	42	30
765	308	43	29
757	312	42	29
746	316	44	29
737	319	44	28
727	321	45	27
718	323	45	26
705	324	48	28
700	324	46	27
695	323	48	27
691	323	47	27
688	322	48	27
681	321	55	36
687	322	49	27
676	321	59	39
675	320	61	39
686	320	49	27
674	319	61	38
673	317	62	37
673	315	62	37
672	313	63	37
672	311	63	37
671	309	63	36
669	306	63	39
668	305	63	37
667	303	63	36
666	303	64	36
665	303	63	38
664	303	62	38
663	304	62	39
663	306	62	40
665	308	61	40
664	310	60	40
665	311	59	41
667	313	59	40
670	313	57	39
674	314	57	39
679	315	52	39
692	315	42	31
695	317	42	27
697	317	46	44
698	317	53	44
698	318	58	43
698	315	61	45
697	312	63	44
697	308	63	42
695	306	64	39
696	303	64	37
697	300	63	35
697	298	63	37
699	295	63	36
704	294	62	35
706	292	62	35
711	291	62	38
716	290	63	38
721	290	63	39
728	290	62	43
734	292	62	43
740	295	63	43
744	299	63	40
748	302	63	38
754	305	64	37
760	309	64	34
767	311	64	34
775	314	64	34
782	315	63	35
788	319	63	34
793	320	63	33
799	323	61	33
806	324	53	29
812	326	49	28
818	326	60	31
825	327	63	35
831	327	62	37
838	326	62	36
845	324	62	35
851	321	61	35
854	318	63	35
860	313	62	35
864	309	62	33
867	304	62	33
871	300	63	31
873	296	62	30
876	292	63	29
879	290	64	30
882	288	63	29
887	287	62	31
889	286	63	32
892	287	63	32
894	288	63	32
895	290	63	35
896	293	63	36
896	297	62	37
895	301	61	39
894	305	61	42
891	310	59	43
886	316	58	47
879	321	55	49
870	328	51	49
862	334	51	48
854	339	48	48
847	343	47	46
842	343	45	46
837	343	43	42
833	341	46	40
829	337	48	34
829	335	47	31
832	330	45	29
826	326	52	27
826	320	55	29
826	317	54	28
828	314	55	28
829	311	54	28
829	310	52	27
829	308	50	27
828	307	49	28
828	306	45	27
827	304	42	29
825	304	42	29
822	305	44	31
817	307	48	31
811	308	52	32
807	311	53	33
804	314	54	34
800	318	48	34
793	324	53	34
786	329	60	36
779	334	60	38
770	340	58	41
764	343	53	42
755	343	50	44
746	343	48	44
739	341	45	43
728	337	47	42
722	333	49	41
720	328	52	41
719	321	54	38
721	313	56	36
724	303	58	34
729	291	59	34
740	281	52	32
742	270	52	32
744	260	53	34
744	254	53	36
738	248	59	38
737	242	59	41
735	239	59	45
731	233	59	45
728	231	59	43
722	228	59	43
717	227	57	42
709	226	58	42
702	227	58	41
691	227	59	38
681	229	59	38
672	229	60	40
665	230	60	42
661	230	60	41
666	232	51	37
657	234	58	36
654	239	60	34
652	242	61	32
650	247	62	31
649	252	62	32
649	257	63	33
649	261	62	34
650	263	62	35
650	266	63	37
650	266	63	38
652	266	62	39
654	265	61	40
654	263	61	41
655	260	61	41
657	259	61	42
658	256	60	44
658	255	60	44
660	254	57	45
663	253	54	47
667	252	50	50
672	252	46	51
675	252	44	52
676	252	47	52
675	252	51	52
676	251	53	52
674	251	54	52
673	250	55	51
670	250	56	50
668	249	56	49
665	248	56	48
661	247	58	46
655	245	57	45
648	242	57	45
640	239	58	42
632	235	60	40
623	234	61	38
615	232	62	39
607	231	63	40
599	231	64	41
591	229	61	42
586	228	58	42
583	225	54	42
581	224	51	41
581	222	49	40
580	219	47	39
580	219	48	38
583	217	48	38
586	215	49	37
590	215	48	36
594	213	49	36
600	210	49	36
603	209	52	36
609	208	51	37
614	207	50	37
618	205	52	39
623	205	51	40
628	205	51	42
631	203	51	44
634	203	52	45
637	203	52	46
637	202	56	47
638	201	58	47
637	199	62	48
636	200	64	48
632	198	68	47
627	197	70	47
622	196	72	46
616	194	74	45
610	193	77	43
604	191	78	42
600	189	78	41
595	186	80	41
589	183	81	43
582	180	81	45
578	176	82	47
573	173	82	52
568	169	83	52
564	166	84	56
559	162	83	54
555	159	83	57
550	155	83	59
545	152	83	61
543	150	82	63
539	149	82	63
538	146	82	65
538	145	81	67
537	145	80	66
539	146	78	64
543	148	77	64
549	152	73	59
560	157	70	50
570	136	84	74
588	153	80	59
613	148	89	60
640	145	97	67
672	153	98	75
735	163	65	87
769	188	64	83
776	206	90	86
791	215	111	99
810	239	129	94
822	251	128	120
829	264	67	97
837	276	63	96
846	285	60	97
849	295	59	98
851	305	56	96
851	376	50	35
861	382	40	38
879	386	24	44
899	365	35	35
918	373	28	34
933	377	22	42
944	383	20	48
927	416	51	75
890	364	118	92
898	561	67	57
880	568	69	64
854	570	70	65
826	566	71	68
806	558	65	66
782	546	64	64
755	545	66	46
770	528	98	97
811	578	77	133
792	584	77	127
773	581	89	131
760	576	90	119
793	642	62	69
792	644	61	66
792	642	59	66
792	642	57	66
787	639	59	68
795	637	49	68
786	634	58	69
785	629	57	70
769	598	68	90
792	635	47	64
782	630	54	66
786	631	49	64
783	629	48	65
786	627	44	65
778	627	50	64
764	616	63	72
776	625	51	64
775	623	51	65
771	623	54	65
783	624	44	65
777	624	50	66
769	621	58	66
776	626	52	64
711	589	111	91
720	561	60	66
739	571	57	74
779	626	50	64
768	622	59	66
789	626	40	64
791	624	39	64
779	624	50	64
713	565	109	104
766	607	55	65
741	563	68	73
781	623	46	59
773	618	52	62
713	582	128	108
752	531	229	188
557	363	461	356
643	168	96	112
646	179	77	83
641	180	79	77
638	183	80	69
635	184	81	65
632	185	81	63
630	184	81	59
628	184	82	58
625	184	81	58
623	182	82	60
622	181	81	62
620	180	81	60
617	180	81	61
614	179	81	61
609	180	82	59
604	181	83	58
599	182	82	56
593	183	83	55
587	185	82	56
578	188	82	52
567	195	81	47
559	202	80	46
553	214	76	43
542	231	78	44
541	251	75	45
551	265	67	46
551	279	71	50
550	290	75	51
550	301	78	53
552	311	78	55
555	320	77	57
559	328	75	59
561	334	75	62
560	338	75	62
556	342	74	61
551	342	77	60
546	340	78	58
539	336	78	55
527	329	82	51
515	320	84	47
502	305	86	48
495	289	80	50
488	271	74	49
479	253	75	50
462	235	85	56
458	217	85	54
466	197	84	54
493	177	76	51
521	155	78	54
546	135	77	53
563	117	77	51
559	99	91	56
554	88	91	68
548	80	92	72
542	78	93	70
537	79	93	70
533	85	91	77
521	96	92	78
506	110	93	67
494	127	94	68
483	141	97	66
471	149	99	74
463	153	101	69
459	154	100	63
461	156	99	60
468	158	98	53
473	158	98	51
475	157	97	47
471	155	98	47
465	156	96	48
456	157	96	50
446	158	94	51
437	155	94	52
432	151	92	52
423	143	96	50
416	139	94	49
404	138	100	50
394	138	100	52
384	137	102	52
376	133	101	51
374	125	98	48
369	113	98	48
367	100	95	48
361	90	97	47
355	80	98	47
352	74	96	47
352	71	94	48
353	71	94	50
358	75	93	50
367	83	91	50
376	96	91	47
385	112	91	47
395	130	92	47
408	148	92	47
424	164	94	46
441	177	91	46
457	189	87	48
464	198	87	48
468	207	84	47
468	217	83	47
465	225	82	48
454	232	86	50
444	235	90	52
438	237	92	54
436	237	92	56
438	236	94	57
447	236	95	57
463	236	97	58
487	238	99	57
516	239	99	57
541	243	100	59
560	247	100	61
578	249	98	64
592	249	97	64
597	246	97	63
602	242	94	61
605	237	90	60
613	229	82	57
623	220	78	54
635	211	76	49
647	199	73	47
657	188	73	46
667	176	72	44
676	167	71	46
683	160	72	50
690	159	71	48
692	161	71	49
688	167	71	47
671	176	74	47
643	180	71	41
614	179	71	39
590	173	71	42
575	166	70	44
573	158	73	48
583	148	74	43
609	136	75	43
635	123	75	44
655	112	77	45
673	105	78	45
691	102	79	44
708	102	78	45
722	108	78	45
736	120	74	46
737	134	75	48
725	148	79	45
703	159	79	42
671	163	79	40
639	159	78	41
610	151	81	47
592	142	82	46
576	126	85	45
567	111	86	43
564	98	87	46
567	92	85	50
574	93	85	55
590	98	83	61
603	101	80	62
612	98	75	51
616	96	83	44
619	99	81	45
614	111	84	45
612	129	84	43
610	149	79	47
604	164	80	49
592	168	83	48
569	164	85	42
540	159	86	43
510	157	88	48
488	154	83	49
473	149	83	49
477	141	85	49
491	132	85	49
506	125	83	46
519	121	84	46
532	122	83	46
543	127	85	47
560	134	89	51
584	143	89	54
610	151	90	53
630	157	90	49
646	159	90	50
657	160	87	50
673	161	75	48
679	159	65	44
645	149	87	52
633	136	87	54
617	124	85	47
615	115	67	45
584	108	76	47
554	106	81	50
531	109	78	48
508	116	73	52
486	127	75	56
467	140	75	61
457	155	70	69
456	170	73	74
456	177	74	79
455	179	75	85
456	177	75	86
457	170	77	85
463	165	77	82
471	159	74	78
478	156	74	73
487	153	73	70
492	151	72	68
497	149	73	67
502	147	72	66
506	146	73	64
509	146	73	62
511	147	73	60
510	149	74	56
506	152	74	51
501	154	75	47
495	155	75	44
486	155	75	42
475	153	75	46
468	149	75	49
458	146	74	50
451	144	75	52
444	140	75	57
443	140	73	63
453	139	65	42
462	139	61	40
473	140	59	41
480	142	62	42
479	143	72	58
486	146	74	56
495	144	75	53
507	145	70	44
511	150	71	44
515	154	72	48
517	156	73	52
519	160	73	55
520	163	72	57
520	166	72	58
519	168	72	61
518	170	71	62
517	172	70	62
516	173	69	63
514	175	69	63
510	177	70	63
505	179	71	62
499	182	70	61
492	186	72	60
486	192	71	60
478	197	71	60
472	203	72	60
465	209	72	60
459	215	71	58
454	221	71	58
452	226	72	58
450	232	71	57
449	237	71	58
450	241	69	59
452	243	68	59
455	247	68	60
460	248	67	60
464	250	68	61
471	252	65	60
478	253	63	59
487	254	62	59
498	255	60	58
509	255	61	58
522	255	60	58
535	254	60	58
548	253	59	59
559	252	58	59
569	251	57	58
578	251	58	58
585	251	58	58
592	253	59	58
598	254	59	57
603	256	59	57
608	258	59	57
612	260	61	57
616	264	61	57
621	266	61	57
626	270	61	56
631	273	62	57
638	276	63	57
643	279	65	56
650	283	62	55
656	286	61	53
661	289	62	53
666	293	63	52
672	295	64	53
677	297	63	54
682	298	64	55
687	300	64	55
692	300	66	57
696	303	68	58
700	304	71	60
705	306	71	61
709	308	69	62
713	309	69	63
716	310	68	64
719	311	68	65
724	313	67	66
725	315	68	66
728	317	68	66
730	320	69	67
733	321	68	68
734	323	68	68
737	326	68	69
738	327	68	69
740	328	67	70
742	330	66	69
743	332	67	69
743	334	66	68
743	336	66	69
744	337	66	69
746	339	65	68
747	340	65	67
748	342	65	67
749	343	66	66
750	343	65	66
752	343	65	66
754	342	64	67
755	341	63	67
756	340	62	67
756	339	61	67
755	340	60	67
755	340	59	67
753	340	58	67
752	342	57	67
750	345	56	65
748	349	55	64
748	352	53	63
747	356	52	63
747	359	52	60
747	362	52	59
747	363	52	60
748	364	52	59
747	362	52	59
746	360	52	59
745	358	52	60
743	357	52	60
742	356	53	61
741	355	53	62
739	354	54	62
738	355	54	62
739	355	53	62
736	355	56	62
736	356	55	62
736	356	55	61
735	358	55	61
732	358	55	62
731	359	55	62
727	359	56	63
728	359	54	62
724	359	54	62
721	358	56	63
720	358	55	63
719	357	54	62
716	356	53	62
714	357	53	62
712	357	52	62
708	359	52	62
706	360	52	63
704	361	52	62
703	363	51	61
704	364	51	61
703	363	53	62
705	362	52	62
705	363	53	62
706	361	53	62
706	360	54	62
706	359	55	62
707	357	56	62
707	358	57	61
707	356	57	62
707	357	57	62
708	359	58	62
707	359	59	61
707	359	59	62
706	360	59	62
705	360	59	63
704	360	60	63
704	361	60	63
703	360	59	63
703	358	58	63
702	355	59	64
703	351	58	64
701	347	57	65
699	343	56	65
696	338	56	66
693	332	55	67
689	327	54	68
684	321	53	70
679	317	53	70
675	310	53	70
670	305	52	70
665	297	52	70
661	288	51	71
659	280	49	70
658	270	46	69
656	261	45	67
651	251	46	64
645	243	47	62
635	235	52	60
623	229	56	56
610	224	63	51
599	219	67	48
587	218	68	47
578	218	69	48
568	218	69	50
562	219	64	52
556	221	62	55
548	224	58	56
541	225	56	56
533	226	54	57
526	230	52	58
517	233	51	59
506	238	51	61
498	241	51	64
488	244	52	65
480	248	52	68
474	250	53	70
469	252	52	72
465	253	53	72
463	254	53	72
461	255	53	72
460	254	53	73
460	253	52	72
460	252	53	70
461	251	52	69
462	249	52	66
465	247	52	64
467	246	52	61
469	244	52	59
471	242	53	57
474	241	54	55
476	239	53	53
479	237	54	52
480	235	55	50
482	234	56	49
482	232	56	48
483	231	57	46
483	229	57	44
482	228	57	43
481	227	56	42
480	224	55	42
478	223	56	42
476	223	55	41
473	223	55	41
469	223	55	41
466	222	55	40
462	223	54	38
457	223	55	38
455	224	54	38
454	225	54	38
453	225	53	37
454	225	54	38
456	226	53	39
460	227	53	39
465	228	54	39
469	229	55	40
