0.037367
0.096070
0.138577
0.103600
0.202057
0.192915
0.122355
0.107431
0.165539
0.119574
0.110437
0.125932
0.168637
0.178707
0.162268
0.118010
0.078749
0.159604
0.084086
0.127629
0.148717
0.080983
0.137543
0.120369
0.116522
0.140393
0.153828
0.132802
0.078352
0.102150
0.130318
0.135776
0.102142
0.099579
0.114159
0.154569
0.208562
0.168968
0.105402
0.123500
0.149297
0.100378
0.098172
0.088017
0.140266
0.138360
0.172583
0.113102
0.083814
0.118430
0.101629
0.043809
0.095378
0.101725
0.152260
0.048160
0.082752
0.052505
0.065032
0.074932
0.112967
0.091613
0.083134
0.114325
0.144428
0.148705
0.107203
0.121724
0.142334
0.116449
0.099180
0.109796
0.132653
0.087348
0.149704
0.170362
0.110170
0.082030
0.097807
0.104729
0.112517
0.108138
0.118732
0.103465
0.045936
0.061882
0.071402
0.063758
0.118420
0.123004
0.134634
0.119582
0.050140
0.096833
0.112469
0.146098
0.127504
0.134188
0.110816
0.116505
0.153729
0.135940
0.088277
0.112307
0.129444
0.099275
0.109754
0.140812
0.130935
0.115016
0.080300
0.104689
0.123001
0.165687
0.120324
0.117365
0.107013
0.119596
0.170248
0.117858
0.114327
0.047604
0.092300
0.084188
0.099185
0.097213
0.120198
0.163789
0.136343
0.197463
0.204967
0.120442
0.151407
0.105926
0.096524
0.132260
0.146379
0.190806
0.148603
0.136930
0.116484
0.137575
0.188046
0.174037
0.166800
0.167043
0.235909
0.144869
0.196480
0.177319
0.137287
0.269895
0.148849
0.149418
0.153199
0.151815
0.135983
0.097160
0.138652
0.166058
0.144864
0.138947
0.138101
0.155460
0.177710
0.177121
0.122702
0.167574
0.228058
0.086938
0.134431
0.161264
0.206979
0.151975
0.098746
0.100450
0.126183
0.116095
0.176519
0.121512
0.180276
0.160826
0.195910
0.186910
0.157597
0.177474
0.212887
0.135170
0.174344
0.138901
0.148729
0.093542
0.083674
0.132291
0.084720
0.200989
0.170857
0.174595
0.155002
0.134514
0.105929
0.124643
0.117254
0.118269
0.117857
0.144543
0.116267
0.084750
0.120474
0.180902
0.121777
0.206182
0.205273
0.118762
0.141280
0.122026
0.237183
0.070706
0.120138
0.106950
0.162003
0.147524
0.107295
0.063832
0.132908
0.143113
0.139165
0.163614
0.194370
0.156842
0.122586
0.144741
0.116409
0.095666
0.170276
0.099847
0.077409
0.062228
0.103277
0.053481
0.070891
0.151352
0.130444
0.152329
0.139918
0.099078
0.157451
0.071594
0.090863
0.064845
0.136451
0.140636
0.109990
0.104981
0.088568
0.114202
0.155313
0.130986
0.089428
0.139218
0.138416
0.166383
0.115082
0.127214
0.101362
0.161589
0.123281
0.112740
0.080859
0.084207
0.067804
0.098248
0.110511
0.104930
0.120071
0.122209
0.110683
0.120444
0.114395
0.122325
0.092217
0.048522
0.214212
0.134280
0.109853
0.075787
0.091350
0.040688
0.082894
0.152717
0.149607
0.116806
0.106089
0.119267
0.119872
0.061014
0.101351
0.154827
0.151474
0.111205
0.110828
0.082130
0.115080
0.145337
0.123977
0.171849
0.097371
0.088454
0.131838
0.161571
0.199029
0.142876
0.165162
0.121898
0.078085
0.112820
0.123444
0.095241
0.121422
0.089804
0.106146
0.172412
0.150330
0.145402
0.109749
0.104481
0.147600
0.128831
0.090945
0.101574
0.077038
0.127432
0.068454
0.119572
0.085632
0.116232
0.045784
0.097138
0.138730
0.079148
0.110478
0.123737
0.065009
0.134938
0.112002
0.086416
0.118630
0.129523
0.089977
0.098696
0.112187
0.123581
0.083267
0.090848
0.069131
0.127973
0.131354
0.091974
0.142906
0.127069
0.071470
0.089958
0.131225
0.120430
0.090853
0.078157
0.135638
0.075172
0.066331
0.060327
0.056783
0.088290
0.133393
0.189763
0.184722
0.073189
0.118217
0.197921
0.175792
0.117596
0.108883
0.125168
0.100514
0.132826
0.080266
0.120683
0.060653
0.054339
0.126866
0.152547
0.076812
0.105669
0.138674
0.130317
0.199418
0.156252
0.178333
0.151842
0.105056
0.111917
0.103505
0.125928
0.102930
0.110974
0.165398
0.109409
0.134725
0.091786
0.153068
0.107888
0.087906
0.040352
0.126931
0.126498
0.064448
0.065016
0.119073
0.080894
0.163864
0.107147
0.087045
0.138347
0.105526
0.079237
0.086854
0.086778
0.109273
0.090073
0.061802
0.044866
0.108592
0.092055
0.027406
0.075863
0.081034
0.090065
0.101826
0.064376
0.105003
0.093439
0.076911
0.081726
0.058627
0.102836
0.084278
0.078560
0.064174
0.059082
0.091199
0.082977
0.073766
0.056529
0.068896
0.084898
0.088642
0.048170
0.081534
0.107242
0.089648
0.065195
0.102702
0.059892
0.091306
0.081007
0.058329
0.079306
0.049344
0.084776
0.097560
0.066808
0.086221
0.077528
0.160923
0.080867
0.083116
0.098328
0.163532
0.096956
0.059303
0.069644
0.057919
0.062743
0.054183
0.066945
0.136709
0.113978
0.148507
0.061360
0.078045
0.054617
0.101271
0.073063
0.103421
0.058293
0.071235
0.073464
0.055581
0.063950
0.051650
0.062106
0.061161
0.127601
0.106467
0.099320
0.084561
0.092411
0.086496
0.087188
0.117317
0.069865
0.098542
0.100048
0.073479
0.097116
0.079993
0.089169
0.067772
0.057680
0.071567
0.062180
0.058320
0.069805
0.058735
0.109623
0.090579
0.075389
0.156070
0.064149
0.075217
0.070112
0.103275
0.058701
0.057451
0.067784
0.085924
0.064760
0.114329
0.085396
0.127778
0.145776
0.086417
0.119491
0.050873
0.095035
0.077598
0.082175
0.079919
0.061032
0.038112
0.069150
0.086565
0.112303
0.108383
0.097344
0.101305
0.083072
0.096847
0.068420
0.093886
0.092188
0.106074
0.069243
0.094549
0.075855
0.062189
0.078321
0.063537
0.081643
0.092014
0.082288
0.141241
0.076957
0.099096
0.107860
0.116910
0.104465
0.028927
0.099017
0.084535
0.064631
0.054759
0.085852
0.106300
0.047782
0.085441
0.064625
0.071899
0.084099
0.091581
0.103655
0.037521
0.097474
0.117689
0.079888
0.102569
0.154626
0.059125
0.092603
0.092451
0.074297
0.083117
0.076360
0.086983
0.083720
0.099892
0.085729
0.051049
0.082967
0.084960
0.072608
0.044121
0.130171
0.055402
0.046337
0.070240
0.067272
0.123003
0.075572
0.105663
0.061081
0.084119
0.101740
0.079427
0.055732
0.069926
0.056416
0.097785
0.127935
0.084721
0.033285
0.081481
0.122121
0.149523
0.070974
0.072719
0.094839
0.133027
0.088354
0.055980
0.133123
0.124891
0.093738
0.082707
0.051555
0.112002
0.085477
0.072522
0.060002
0.056574
0.093656
0.049838
0.100940
0.076167
0.057626
0.053273
0.093690
0.114051
0.148285
0.091687
0.097664
0.135219
0.088010
0.113517
0.101752
0.105170
0.122070
0.109761
0.058928
0.098930
0.084295
0.080848
0.099819
0.074153
0.040085
0.061555
0.072296
0.110320
0.051492
0.073065
0.053455
0.099032
0.082869
0.110454
0.071600
0.046164
0.056382
0.072504
0.090648
0.094802
0.078737
0.060890
0.066183
0.100775
0.082453
0.050179
0.074153
0.052311
0.060349
0.085597
0.053217
0.064140
0.076978
0.123095
0.080019
0.062214
0.070394
0.055537
0.115956
0.067692
0.057673
0.053381
0.080559
0.084705
0.050498
0.084083
0.060233
0.065169
0.075222
0.074386
0.059142
0.106733
0.042306
0.092742
0.063424
0.083784
0.080480
0.098283
0.076576
0.111162
0.089932
0.072571
0.050613
0.104664
0.061485
0.058487
0.104115
0.049074
0.092495
0.057447
0.070995
0.032795
0.094183
0.052923
0.108557
0.099852
0.063248
0.099257
0.089914
0.130107
0.082366
0.068280
0.071361
0.070194
0.099013
0.083398
0.107394
0.111521
0.091402
0.069335
0.098216
0.076608
0.122829
0.061178
0.087672
0.056781
0.061987
0.087150
0.033976
0.070155
0.079818
0.086169
0.062313
0.063553
0.095716
0.061279
0.102972
0.054361
0.064718
0.055919
0.102302
0.054053
0.074126
0.083748
0.064846
0.115763
0.056597
0.160121
0.101498
0.169836
0.128946
0.034069
0.095828
0.088281
0.093994
0.091588
0.091688
0.050998
0.132037
0.083730
0.152228
0.077202
0.127766
0.080410
0.046686
0.115706
0.118742
0.119496
0.137587
0.071651
0.097608
0.085809
0.088279
0.098821
0.062844
0.067531
0.128955
0.119858
0.101445
0.148605
0.133300
0.140230
0.107556
0.065933
0.152595
0.074548
0.079276
0.086919
0.030110
0.044225
0.056155
0.085977
0.065283
0.055587
0.078524
0.068334
0.045356
0.049043
0.075325
0.092352
0.109507
0.106067
0.070609
0.115715
0.119153
0.142974
0.094693
0.087517
0.117642
0.116064
0.077808
0.071556
0.068557
0.161320
0.116535
0.138111
0.111688
0.127624
0.099111
0.139197
0.128467
0.115812
0.061994
0.081378
0.099250
0.142367
0.089963
0.075362
0.117302
0.085089
0.100997
0.124849
0.162048
0.153464
0.099448
0.099224
0.144924
0.103655
0.077567
0.065414
0.065061
0.063878
0.092956
0.116486
0.063430
0.063046
0.039635
0.053012
0.029027
0.079343
0.113282
0.077214
0.118796
0.058193
0.063343
0.105322
0.062944
0.062078
0.046005
0.052130
0.113764
0.055026
0.067616
0.073365
0.087437
0.091860
0.089415
0.086542
0.108898
0.057724
0.049666
0.041908
0.111053
0.056591
0.189436
0.059269
0.087785
0.054003
0.060501
0.052936
0.103895
0.048233
0.094287
0.057490
0.064973
0.072020
0.072520
0.059393
0.121933
0.065313
0.058070
0.089195
0.040932
0.084511
0.081919
0.053003
0.059403
0.034608
0.044652
0.037998
0.040558
0.031405
0.049203
0.076750
0.074686
0.054988
0.034991
0.117338
0.099828
0.097831
0.095658
0.048379
0.082455
0.146793
0.106616
0.105845
0.075834
0.088277
0.073468
0.050870
0.108224
0.080945
0.055873
0.095842
0.084733
0.055153
0.085108
0.061943
0.066131
0.109983
0.114530
0.081949
0.062658
0.116672
0.099926
0.173992
0.131793
0.113520
0.136462
0.132852
0.052946
0.085895
0.073970
0.097001
0.081747
0.108462
0.097173
0.087400
0.137633
0.112433
0.092996
0.103098
0.131518
0.097241
0.096859
0.066550
0.100771
0.084321
0.075551
0.084917
0.093496
0.101952
0.059205
0.063804
0.067557
0.061536
0.095603
0.059578
0.070503
0.080012
0.088997
0.035016
0.086806
0.077807
0.063721
0.100392
0.044457
0.070566
0.082508
0.087517
0.060318
0.062867
0.125051
0.158241
0.081153
0.131647
0.088646
0.091612
0.152873
0.184898
0.162017
0.138232
0.116904
0.127234
0.096576
0.093949
0.109568
0.111296
0.054410
0.045367
0.111543
0.096361
0.121292
0.119489
0.068772
0.162961
0.187955
0.202264
0.185330
0.107850
0.074807
0.095232
0.090035
0.134670
0.108869
0.130916
0.129971
0.185341
0.188244
0.132400
0.111771
0.116658
0.118800
0.077475
0.089309
0.166081
0.171213
0.098932
0.096205
0.061627
0.134228
0.090121
0.101130
0.055622
0.085937
0.056138
0.080135
0.128396
0.148114
0.143796
0.156039
0.151798
0.190749
0.253513
0.223799
0.167550
0.050179
0.207979
0.165943
0.131202
0.163388
0.117460
0.112718
0.093536
0.096660
0.097281
0.078894
0.103042
0.094069
0.130075
0.101398
0.108653
0.136503
0.063643
0.067775
0.058327
0.149499
0.097893
0.090275
0.088180
0.072439
0.045234
0.064607
0.075447
0.075672
0.116510
0.036067
0.097028
0.094224
0.093643
0.107454
0.056574
0.093190
0.130407
0.147120
0.084177
0.091815
0.082355
0.052084
0.047623
0.062662
0.096136
0.052593
0.095536
0.064817
0.138188
0.093256
0.097445
0.061711
0.069895
0.076235
0.065201
0.071482
0.095278
0.062339
0.097359
0.072537
0.080508
0.077742
0.069657
0.101722
0.091368
0.091458
0.080872
0.144343
0.142806
0.102087
0.099696
0.068051
0.118812
0.090879
0.078831
0.094607
0.081115
0.127158
0.119164
0.062829
0.070185
0.034930
0.084877
0.066494
0.133948
0.095164
0.063071
0.135026
0.097604
0.095714
0.122243
0.070962
0.144990
0.138381
0.113385
0.121462
0.125900
0.141519
0.120460
0.129757
0.044206
0.105737
0.079257
0.058067
0.090195
0.067014
0.094899
0.071413
0.089869
0.092883
0.086658
0.089701
0.058682
0.096298
0.075092
0.108599
0.073165
0.107649
0.105752
0.047025
0.108463
0.069780
0.085718
0.089727
0.093464
0.078215
0.047293
0.087022
0.104721
0.078062
0.122658
0.094021
0.045700
0.049713
0.082025
0.098034
0.098041
0.060497
0.046090
0.049514
0.076915
0.057322
0.098021
0.059810
0.078902
0.089114
0.155620
0.088764
0.073421
0.090990
0.093381
0.097048
0.113575
0.068698
0.101586
0.144470
0.113792
0.081765
0.094559
0.069458
0.108287
0.114377
0.070207
0.075492
0.084269
0.112836
0.070404
0.117062
0.139576
0.040711
0.052141
0.067975
0.084603
0.035839
0.119313
0.089549
0.076931
0.073258
0.087425
0.112517
0.094743
0.098053
0.153638
0.119820
0.126343
0.244556
0.141052
0.113651
0.128105
0.128090
0.130752
0.084073
0.111914
0.121836
0.080328
0.076940
0.081411
0.095464
0.080472
0.104384
0.069814
0.092914
0.056462
0.137777
0.094795
0.111126
0.165074
0.091202
0.087590
0.063778
0.106754
0.116053
0.084102
0.137038
0.092952
0.113306
0.094670
0.076357
0.125177
0.122887
0.109416
0.095884
0.067272
0.061522
0.111911
0.117962
0.078939
0.127473
0.076634
0.094289
0.102427
0.114287
0.094751
0.165406
0.151995
0.081319
0.161583
0.179623
0.097869
0.208090
0.189843
0.238057
0.260573
0.184774
0.060824
0.061374
0.077202
0.050897
0.092149
0.070424
0.081590
0.039614
0.064453
0.054137
0.050667
0.101057
0.085862
0.090392
0.107591
0.138310
0.095212
0.071039
0.066767
0.080734
0.049231
0.103147
0.168096
0.093555
0.097182
0.153196
0.093157
0.084697
0.115003
0.071792
0.066929
0.062629
0.094502
0.062868
0.107646
0.202188
0.105643
0.098523
0.112465
0.086551
0.077265
0.136156
0.069999
0.093211
0.071084
0.137020
0.136378
0.156539
0.096238
0.106408
0.113257
0.102420
0.133973
0.117704
0.161142
0.148436
0.161900
0.138062
0.210474
0.169342
0.114483
0.144990
0.095856
0.077107
0.057511
0.127594
0.131516
0.072838
0.092860
0.117249
0.104835
0.134296
0.142750
0.118077
0.064601
0.074228
0.071543
0.035198
0.102921
0.111212
0.084384
0.104853
0.087580
0.081831
0.063037
0.073635
0.052602
0.040709
0.045485
0.094304
0.068473
0.091942
0.096595
0.091047
0.109477
0.110366
0.137730
0.162260
0.152006
0.129565
0.159833
0.155682
0.185412
0.188674
0.243753
0.179541
0.140000
0.136911
0.231555
0.157519
0.152268
0.161144
0.084574
0.129698
0.098752
0.115700
0.106491
0.119286
0.136568
0.124058
0.151055
0.123975
0.081736
0.073726
0.152488
0.149018
0.122338
0.109547
0.103404
0.122576
0.090662
0.065288
0.065717
0.049598
0.058282
0.078159
0.061873
0.073342
0.083504
0.147173
0.085069
0.100210
0.042524
0.101773
0.066110
0.089312
0.127803
0.085807
0.102519
0.054953
0.073211
0.078921
0.090926
0.070357
0.071424
0.091715
0.080614
0.071123
0.079174
0.065583
0.062493
0.080267
0.068041
0.094026
0.080866
0.055406
0.106616
0.073063
0.079690
0.089806
0.074331
0.090456
0.062070
0.095928
0.119426
0.062609
0.048370
0.093354
0.061269
0.080172
0.080006
0.056736
0.038975
0.089862
0.134245
0.104332
0.117429
0.098583
0.107476
0.101730
0.112245
0.083580
0.090703
0.108570
0.085649
0.137571
0.071682
0.096067
0.124369
0.114652
0.106094
0.091510
0.123623
0.062344
0.105719
0.075463
0.138769
0.134282
0.076222
0.062396
0.067796
0.066566
0.067739
0.067676
0.068240
0.079872
0.080600
0.178983
0.050373
0.077086
0.134747
0.094621
0.082057
0.158239
0.139774
0.076893
0.100597
0.176079
0.155598
0.161618
0.125463
0.103231
0.108232
0.136424
0.136581
0.064769
0.122622
0.109144
0.053392
0.063875
0.095230
0.076282
0.075840
0.037850
0.096383
0.068578
0.057056
0.063023
0.083880
0.079448
0.074826
0.073439
0.100496
0.066923
0.071292
0.038967
0.080314
0.065263
0.096476
0.062765
0.070460
0.093209
0.087215
0.072660
0.067490
0.100884
0.064036
0.131478
0.075567
0.099812
0.068304
0.081223
0.049043
0.089582
0.046205
0.076862
0.043138
0.055954
0.060098
0.117006
0.101945
0.105542
0.077154
0.121826
0.080003
0.051099
0.102187
0.126312
0.047293
0.122791
0.055212
0.077138
0.102450
0.079562
0.098243
0.119756
0.086806
0.124302
0.087466
0.080646
0.087044
0.072987
0.142303
0.112257
0.109509
0.126344
0.080604
0.112845
0.072503
0.101663
0.092563
0.122423
0.135821
0.109604
0.084339
0.061291
0.100356
0.064759
0.066142
0.037162
0.077111
0.074864
0.057815
0.074219
0.071579
0.079636
0.102992
0.044350
0.117322
0.066034
0.128958
0.060158
0.067235
0.103136
0.067517
0.087285
0.055572
0.099494
0.146210
0.071100
0.051926
0.084301
0.074288
0.092230
0.110641
0.096595
0.104138
0.083277
0.103649
0.074501
0.097336
0.065843
0.154372
0.082786
0.093638
0.102084
0.103980
0.057209
0.094531
0.097567
0.101922
0.184319
0.064810
0.070445
0.078135
0.118065
0.057951
0.106877
0.119039
0.080133
0.054317
0.102895
0.138775
0.128807
0.077622
0.036866
0.074721
0.075407
0.081117
0.135313
0.052560
0.112550
0.073285
0.095160
0.107090
0.083382
0.057259
0.101654
0.122109
0.117900
0.084242
0.058849
0.087039
0.044461
0.098593
0.050942
0.064172
0.072600
0.168442
0.118746
0.154432
0.212380
0.118391
0.080799
0.076051
0.105538
0.076186
0.116168
0.150670
0.091054
0.082491
0.070270
0.082483
0.154621
0.090317
0.049897
0.052795
0.077222
0.167714
0.197778
0.107497
0.161110
0.125262
0.133778
0.196075
0.087236
0.110142
0.172307
0.213529
0.136583
0.132564
0.165954
0.172948
0.202634
0.136549
0.190542
0.106692
0.114289
0.153167
0.101544
0.091013
0.084107
0.133376
0.155819
0.063556
0.049951
0.115859
0.140466
0.169694
0.156357
0.185908
0.110016
0.098847
0.104987
0.101213
0.098092
0.078233
0.139277
0.166388
0.100967
0.125098
0.097772
0.070076
0.112219
0.164730
0.114304
0.129234
0.182873
0.154423
0.076055
0.150405
0.160950
0.125884
0.129483
0.189717
0.116365
0.148239
0.149344
0.101460
0.134678
0.113635
0.077375
0.100311
0.052119
0.146394
0.095678
0.077096
0.090061
0.068110
0.118589
0.131613
0.099019
0.095441
0.071824
0.151214
0.135245
0.164588
0.037302
0.104803
0.119739
0.078489
0.084148
0.067839
0.126124
0.108927
0.134131
0.121626
0.102819
0.082839
0.080473
0.134701
0.129271
0.157541
0.123829
0.127602
0.082816
0.084069
0.072759
0.053721
0.094092
0.104979
0.140024
0.083416
0.075080
0.122716
0.131270
0.105829
0.118924
0.102593
0.129246
0.084120
0.084965
0.111534
0.115500
0.085805
0.145293
0.109381
0.145963
0.077231
0.096334
0.134083
0.125069
0.099815
0.098595
0.110312
0.051837
0.119940
0.110790
0.074837
0.075801
0.053815
0.072712
0.058517
0.068738
0.082711
0.111054
0.119404
0.091202
0.055511
0.129870
0.132025
0.109707
0.090116
0.083329
0.116731
0.061159
0.080284
0.050553
0.077738
0.088238
0.108229
0.112230
0.084817
0.082292
0.071793
0.108324
0.109114
0.183243
0.117145
0.202543
0.159815
0.097085
0.079801
0.069040
0.139337
0.140572
0.110127
0.110110
0.129572
0.159470
0.143006
0.094196
0.070380
0.059033
0.104868
0.080590
0.080819
0.070940
0.103590
0.103811
0.091185
0.103589
0.075923
0.093405
0.109296
0.106006
0.149720
0.111416
0.103391
0.086728
0.110631
0.113335
0.127519
0.105963
0.085170
0.168400
0.144700
0.152598
0.072935
0.107806
0.203552
0.103685
0.124568
0.113254
0.049622
0.052547
0.121012
0.139253
0.113249
0.079752
0.066017
0.087207
0.087246
0.124218
0.148433
0.090350
0.101553
0.074074
0.143875
0.142716
0.082110
0.123586
0.137217
0.101123
0.090420
0.114766
0.081144
0.125830
0.141325
0.120127
0.127579
0.145764
0.131895
0.111021
0.139532
0.064167
0.127493
0.096376
0.099310
0.086659
0.103450
0.092547
0.066373
0.068976
0.084734
0.103551
0.082547
0.090348
0.068563
0.096003
0.086792
0.060337
0.128916
0.093414
0.197619
0.087095
0.103170
0.100698
0.122390
0.064293
0.054385
0.115126
0.085042
0.140806
0.082166
0.102343
0.137402
0.084940
0.092792
0.092360
0.124855
0.117313
0.129910
0.102473
0.052705
0.088408
0.088982
0.112806
0.139560
0.112298
0.106781
0.151106
0.113920
0.086621
0.093488
0.044709
0.121357
0.109974
0.049874
0.083679
0.095492
0.067419
0.105897
0.135628
0.123888
0.089170
0.072518
0.069670
0.115011
0.111047
0.070431
0.098253
0.096708
0.122633
0.115042
0.115558
0.105960
0.092703
0.106329
0.072062
0.098983
0.100389
0.116034
0.031533
0.137666
0.171415
0.115038
0.106380
0.118892
0.134205
0.123991
0.076540
0.098186
0.083298
0.078724
0.141292
0.080790
0.111500
0.102927
0.084481
0.182515
0.112043
0.106391
0.107728
0.031730
0.048940
0.072359
0.121155
0.139135
0.050854
0.075552
0.098414
0.084709
0.135072
0.093779
0.081326
0.172205
0.137013
0.058979
0.084892
0.088745
0.116321
0.130347
0.172949
0.152387
0.130588
0.099813
0.063085
0.126248
0.075656
0.180515
0.080153
0.092281
0.110729
0.113841
0.109395
0.133586
0.092773
0.107914
0.101539
0.096851
0.073924
0.099542
0.076488
0.095943
0.099564
0.101912
0.087806
0.094096
0.173292
0.180154
0.096714
0.126363
0.093379
0.132437
0.116013
0.094966
0.092793
0.102587
0.082400
0.108881
0.122690
0.099202
0.089546
0.157487
0.105154
0.111457
0.076376
0.152997
0.147621
0.093068
0.120238
0.129260
0.125377
0.156852
0.080741
0.188951
0.066059
0.119839
0.105400
0.119514
0.079146
0.072385
0.103847
0.091396
0.140309
0.130021
0.101994
0.093788
0.052864
0.058938
0.066703
0.113085
0.079304
0.071642
0.109592
0.111661
0.072478
0.096640
0.132904
0.116661
0.210800
0.147009
0.170889
0.051921
0.055218
0.125315
0.076034
0.092312
0.146952
0.151055
0.124350
0.067693
0.094822
0.100151
0.087654
0.074538
0.095759
0.189354
0.098256
0.069742
0.105364
0.089738
0.063232
0.097843
0.110067
0.120138
0.099791
0.067303
0.129055
0.129162
0.163200
0.127500
0.166516
0.142254
0.083588
0.107023
0.102807
0.158460
0.119829
0.104201
0.082746
0.116235
0.157294
0.076589
0.075317
0.104269
0.167216
0.161363
0.079350
0.108298
0.146943
0.061373
0.112098
0.123746
0.098417
0.124446
0.102630
0.072867
0.151808
0.093021
0.148528
0.089510
0.091551
0.110112
0.139450
0.115397
0.058588
0.130924
0.228061
0.165589
0.087378
0.103255
0.130071
0.108705
0.119072
0.079129
0.142456
0.085654
0.133616
0.111832
0.095814
0.089034
0.098274
0.119522
0.118285
0.149906
0.070923
0.160131
0.114751
0.119218
0.075894
0.064614
0.091991
0.095392
0.075113
0.052747
0.088960
0.091619
0.114385
0.108819
0.105459
0.161749
0.046967
0.110220
0.117492
0.148522
0.129695
0.110982
0.105609
0.110768
0.110781
0.096687
0.067420
0.101634
0.130243
0.077981
0.101300
0.108013
0.094384
0.099188
0.069493
0.113132
0.099075
0.076469
0.162591
0.069382
0.071580
0.082542
0.077626
0.130486
0.107415
0.110119
0.089309
0.157290
0.185133
0.193095
0.110927
0.192911
0.166728
0.127880
0.138912
0.153592
0.165432
0.236817
0.187022
0.161965
0.242632
0.155885
0.288268
0.183526
0.168937
0.202785
0.242083
0.235485
0.150222
0.218407
0.168479
0.210109
0.111262
0.208539
0.193817
0.206053
0.193209
0.258172
0.175543
0.278698
0.238519
0.174116
0.186371
0.230928
0.225841
0.197022
0.154809
0.108104
0.069301
0.141461
0.134410
0.092535
0.083194
0.099630
0.187529
0.209306
0.217172
0.187338
0.234940
0.238607
0.178768
0.143103
0.196124
0.175635
0.182263
0.254284
0.229995
0.191977
0.173698
0.170883
0.235146
0.215030
0.185791
0.228835
0.172043
0.189358
0.284629
0.271486
0.257046
0.179133
0.102561
0.191417
0.205654
0.235112
0.143017
0.177238
0.199295
0.111756
0.158819
0.177486
0.131612
0.167372
0.159711
0.183407
0.134038
0.174725
0.125075
0.047221
0.073642
0.077301
0.055119
0.101332
0.063483
0.113196
0.122389
0.088415
0.105511
0.085575
0.124527
0.084523
0.132848
0.149099
0.116730
0.107609
0.118121
0.091908
0.061937
0.119588
0.061824
0.082176
0.100879
0.048630
0.094055
0.119791
0.101812
0.105230
0.113102
0.058010
0.092885
0.122307
0.118919
0.133739
0.107217
0.182999
0.130329
0.131535
0.140584
0.194197
0.121894
0.115657
0.143391
0.108737
0.101408
0.060961
0.156287
0.172101
0.160305
0.177584
0.157697
0.170964
0.117043
0.140129
0.193926
0.192697
0.227475
0.121262
0.081619
0.143596
0.265333
0.167640
0.174519
0.175468
0.138383
0.140814
0.168394
0.180147
0.160765
0.118160
0.109040
0.096083
0.127223
0.064869
0.169840
0.109592
0.112755
0.087788
0.154143
0.131567
0.118496
0.106398
0.095740
0.075998
0.128086
0.071035
0.170508
0.095172
0.084042
0.113313
0.095608
0.162235
0.180724
0.101660
0.168961
0.120058
0.091847
0.115852
0.137186
0.126996
0.074208
0.123667
0.092897
0.119235
0.074013
0.130296
0.100462
0.101790
0.199673
0.171710
0.124488
0.128221
0.094192
0.109932
0.201540
0.130643
0.081866
0.079645
0.092584
0.103887
0.106059
0.139607
0.166458
0.120541
0.234997
0.149363
0.134920
0.063999
0.132604
0.087408
0.109405
0.067333
0.106145
0.083285
0.085697
0.130103
0.077462
0.082973
0.112518
0.069660
0.133216
0.134763
0.064294
0.094682
0.120903
0.128620
0.121771
0.111973
0.089747
0.099598
0.192327
0.142269
0.068389
0.131315
0.156661
0.102948
0.119201
0.088934
0.062746
0.064125
0.059896
0.112237
0.207843
0.097386
0.083000
0.108056
0.136954
0.108533
0.094773
0.120855
0.104079
0.041106
0.052653
0.065885
0.070462
0.134488
0.136776
0.099965
0.056867
0.051981
0.143922
0.118702
0.172554
0.118809
0.152766
0.087706
0.104995
0.155167
0.232254
0.220974
0.168557
0.097405
0.071405
0.097784
0.136003
0.210009
0.155260
0.097553
0.069393
0.119444
0.085310
0.065567
0.108419
0.054707
0.103823
0.213548
0.186901
0.213221
0.129952
0.121708
0.159265
0.179836
0.098082
0.068455
0.053811
0.106009
0.119011
0.140157
0.093040
0.129951
0.125858
0.063509
0.063052
0.126384
0.158871
0.125143
0.088310
0.053990
0.081242
0.124498
0.066916
0.096491
0.134407
0.123814
0.156865
0.108857
0.162624
0.075915
0.134179
0.118931
0.138501
0.121394
0.094603
0.114491
0.046262
0.098306
0.206123
0.151642
0.088398
0.091771
0.070030
0.135890
0.121426
0.072629
0.129611
0.176238
0.186368
0.108481
0.125348
0.054164
0.080263
0.110739
0.084407
0.089652
0.048191
0.109017
0.113027
0.061240
0.093262
0.116539
0.060630
0.081721
0.106594
0.079870
0.133289
0.141893
0.087261
0.152028
0.178745
0.141018
0.106611
0.129777
0.110604
0.085568
0.159847
0.101403
0.133383
0.121671
0.133366
0.119586
0.133039
0.141037
0.116464
0.117838
0.077242
0.076549
0.093799
0.107565
0.080157
0.098005
0.110415
0.093560
0.059600
0.114537
0.096415
0.085583
0.118655
0.090945
0.124827
0.153465
0.168720
0.093956
0.115586
0.132024
0.119156
0.143106
0.058554
0.159775
0.211980
0.130703
0.173726
0.148474
0.141723
0.139070
0.160191
0.115375
0.152101
0.087877
0.156332
0.137137
0.133802
0.151262
0.148958
0.141231
0.095247
0.118347
0.114125
0.107590
0.106042
0.137903
0.102549
0.139760
0.168160
0.131320
0.087500
0.118098
0.152683
0.106810
0.133968
0.143648
0.157084
0.202037
0.195918
0.182827
0.121148
0.166653
0.061687
0.093415
0.124295
0.117463
0.060389
0.085008
0.113612
0.143965
0.114026
0.222106
0.192415
0.219067
0.149606
0.153921
0.117641
0.093792
0.186507
0.110876
0.103247
0.114113
0.154859
0.105409
0.179273
0.115035
0.125206
0.185817
0.171091
0.182180
0.127838
0.101078
0.106584
0.128146
0.085772
0.107692
0.124314
0.142919
0.115774
0.177111
0.230005
0.178618
0.160861
0.185181
0.103075
0.109112
0.082430
0.099862
0.108619
0.158252
0.173165
0.166474
0.201233
0.210180
0.115906
0.139557
0.122721
0.161705
0.131095
0.120433
0.120706
0.172275
0.146787
0.115925
0.192308
0.214118
0.146526
0.075710
0.080605
0.093533
0.093425
0.136835
0.101631
0.141960
0.165510
0.238766
0.223225
0.209157
0.145307
0.117291
0.168958
0.136877
0.127723
0.134263
0.053885
0.066410
0.147576
0.288507
0.158772
0.185641
0.163940
0.195561
0.123993
0.113093
0.129244
0.128248
0.128042
0.109525
0.143064
0.120036
0.103905
0.152085
0.196210
0.194391
0.172878
0.145578
0.110479
0.106782
0.097929
0.130726
0.077593
0.090129
0.088763
0.105982
0.109750
0.130008
0.130412
0.148818
0.086988
0.106244
0.051739
0.057594
0.092703
0.103816
0.080193
0.086026
0.045355
0.048840
0.108942
0.083833
0.065529
0.095001
0.062739
0.067666
0.081390
0.097311
0.044856
0.064780
0.042689
0.063713
0.043514
0.054556
0.098044
0.069496
0.090219
0.103949
0.081743
0.086673
0.042856
0.159292
0.089214
0.077071
0.066581
0.100556
0.163601
0.083375
0.087426
0.124847
0.071713
0.103949
0.125103
0.091922
0.086179
0.166647
0.096247
0.124438
0.107966
0.130047
0.142290
0.098423
0.109434
0.087430
0.064250
0.106180
0.131744
0.120836
0.202665
0.101632
0.124000
0.075403
0.132198
0.155041
0.101305
0.066444
0.049113
0.076634
0.101408
0.068823
0.063853
0.082234
0.100523
0.096033
0.063887
0.082973
0.092291
0.100172
0.040361
0.096170
0.070022
0.081703
0.100255
0.090362
0.100266
0.097057
0.078033
0.098386
0.074572
0.049059
0.050502
0.079275
0.104849
0.048667
0.045111
0.064728
0.077939
0.073020
0.139118
0.120746
0.114660
0.056605
0.156976
0.109516
0.106660
0.089488
0.112879
0.142257
0.079474
0.081449
0.088196
0.125277
0.066014
0.066129
0.081699
0.090979
0.078453
0.106158
0.066469
0.102760
0.159290
0.106733
0.102832
0.081441
0.075278
0.085078
0.085315
0.077590
0.102456
0.081464
0.090710
0.107520
0.137716
0.090798
0.077166
0.117524
0.061627
0.084970
0.110873
0.111845
0.091754
0.115740
0.113014
0.063410
0.096181
0.100569
0.110084
0.118714
0.090064
0.096551
0.041461
0.041271
0.101549
0.102478
0.097300
0.090189
0.073623
0.083050
0.122023
0.134659
0.121597
0.078041
0.078487
0.097051
0.065177
0.050718
0.106154
0.081457
0.085841
0.088396
0.098984
0.116425
0.110608
0.128898
0.190759
0.034078
0.132898
0.184641
0.086894
0.100866
0.076195
0.062041
0.124462
0.116507
0.145214
0.102501
0.109911
0.114008
0.120200
0.124784
0.095659
0.134230
0.100309
0.104369
0.225800
0.152297
0.108541
0.108028
0.078998
0.057554
0.041820
0.055051
0.099518
0.107029
0.106494
0.086138
0.099371
0.091149
0.096444
0.097220
0.089551
0.079575
0.128471
0.079898
0.079482
0.088810
0.075149
0.072552
0.135101
0.080790
0.125850
0.116017
0.087964
0.095719
0.082534
0.152142
0.072112
0.181047
0.142250
0.180226
0.184715
0.166686
0.111124
0.078960
0.077753
0.147385
0.085986
0.116166
0.116560
0.228365
0.146882
0.106179
0.191618
0.131384
0.204656
0.167334
0.141693
0.120074
0.133552
0.083132
0.112303
0.100184
0.086621
0.170597
0.133237
0.156082
0.140657
0.081729
0.154185
0.188806
0.210969
0.062812
0.130821
0.166724
0.051858
0.071720
0.123651
0.175446
0.132074
0.170013
0.166989
0.108060
0.180443
0.131768
0.089926
0.152720
0.159977
0.136136
0.142523
0.127736
0.165528
0.170395
0.143045
0.217653
0.161890
0.109804
0.132683
0.166294
0.179781
0.116238
0.096618
0.239927
0.192976
0.210094
0.169916
0.230781
0.102832
0.126490
0.140048
0.123366
0.063870
0.132896
0.146551
0.175529
0.180432
0.181628
0.212376
0.052950
0.193572
0.116464
0.160861
0.134436
0.124255
0.099789
0.069464
0.111641
0.047734
0.083197
0.066548
0.067983
0.095230
0.142499
0.105835
0.097073
0.091665
0.086480
0.081114
0.128358
0.054270
0.067028
0.068082
0.034791
0.047267
0.040794
0.076836
0.048244
0.077640
0.065354
0.069136
0.063629
0.111683
0.081475
0.097613
0.064118
0.129404
0.085269
0.088972
0.035744
0.072453
0.041594
0.080109
0.073414
0.131572
0.111807
0.152281
0.129050
0.204976
0.192697
0.201572
0.176419
0.134097
0.109552
0.073197
0.115348
0.094398
0.107383
0.076153
0.097161
0.106967
0.101951
0.098031
0.087176
0.084203
0.065270
0.075577
0.079049
0.089201
0.101043
0.068770
0.083264
0.044811
0.074746
0.083731
0.080150
0.117456
0.101295
0.105788
0.113235
0.061035
0.058952
0.104741
0.107764
0.073295
0.113012
0.108663
0.121271
0.041609
0.129801
0.123086
0.106315
0.100469
0.042355
0.058828
0.098414
0.045781
0.081868
0.105220
0.135724
0.072469
0.097106
0.095731
0.120645
0.125407
0.079444
0.062954
0.095654
0.084674
0.118973
0.152044
0.093246
0.110847
0.154435
0.146740
0.148915
0.081713
0.052148
0.118537
0.162916
0.115605
0.103209
0.116197
0.121814
0.082954
0.117769
0.129271
0.128535
0.070209
0.071873
0.084749
0.055160
0.094574
0.125857
0.080846
0.067311
0.089764
0.053486
0.080363
0.104429
0.053077
0.074778
0.077943
0.072462
0.066785
0.057405
0.058358
0.082436
0.067366
0.085269
0.102510
0.096688
0.084764
0.085237
0.070615
0.157727
0.125871
0.116181
0.070181
0.102117
0.103234
0.072656
0.090454
0.100787
0.092241
0.078439
0.089599
0.114546
0.078497
0.057930
0.082560
0.122915
0.107136
0.095838
0.103375
0.069631
0.145398
0.126160
0.140289
0.098069
0.123192
0.163547
0.158345
0.078098
0.056835
0.167878
0.052424
0.096349
0.106509
0.113889
0.056478
0.144663
0.176043
0.151581
0.104130
0.099966
0.069108
0.125781
0.110447
0.075057
0.056815
0.112959
0.108637
0.104715
0.093593
0.096396
0.051914
0.071193
0.077264
0.131357
0.060216
0.095166
0.093316
0.091180
0.117958
0.102866
0.109634
0.072883
0.067758
0.058287
0.091449
0.095849
0.064360
0.050253
0.082747
0.068611
0.070636
0.048591
0.125310
0.043121
0.091125
0.048531
0.087707
0.080004
0.098512
0.100763
0.141968
0.121584
0.117765
0.125082
0.118292
0.136259
0.095303
0.068245
0.106115
0.120265
0.088678
0.074609
0.133373
0.097956
0.183482
0.109997
0.066465
0.068004
0.076265
0.087918
0.080439
0.157665
0.132230
0.070872
0.051108
0.071025
0.089117
0.038841
0.083442
0.036995
0.085951
0.073660
0.080633
0.074698
0.089111
0.054065
0.124414
0.091159
0.090904
0.129239
0.085545
0.063402
0.055584
0.140913
0.051479
0.108011
0.154272
0.128594
0.077600
0.072502
0.108469
0.111062
0.075006
0.091388
0.110525
0.066934
0.119122
0.082150
0.130817
0.066304
0.056653
0.074745
0.089250
0.062969
0.059115
0.071329
0.093334
0.128406
0.101572
0.044848
0.108476
0.058078
0.116887
0.109438
0.129671
0.095734
0.077646
0.100729
0.103212
0.033717
0.122465
0.049506
0.081005
0.046910
0.049628
0.078092
0.095403
0.080629
0.079954
0.093214
0.079755
0.087926
0.065874
0.090963
0.142775
0.126853
0.089558
0.088641
0.036890
0.113171
0.122484
0.090591
0.054744
0.078521
0.153311
0.095930
0.083234
0.066776
0.117127
0.072585
0.097290
0.093395
0.074628
0.056658
0.097267
0.060040
0.128212
0.080666
0.080029
0.096545
0.179178
0.110520
0.119076
0.077628
0.086854
0.075830
0.101110
0.056098
0.045836
0.089169
0.081602
0.122034
0.124413
0.139272
0.089176
0.095401
0.109466
0.087006
0.098060
0.067984
0.041562
0.103731
0.095063
0.080973
0.091183
0.070670
0.085809
0.080731
0.123942
0.133882
0.143889
0.131217
0.130805
0.103947
0.101107
0.115970
0.102120
0.091606
0.100509
0.093458
0.122504
0.103258
0.101814
0.147730
0.128780
0.080302
0.095957
0.116427
0.055669
0.112334
0.127915
0.057382
0.118963
0.061682
0.089202
0.084285
0.099615
0.073511
0.187663
0.151683
0.123746
0.091706
0.093511
0.177268
0.104018
0.167852
0.100498
0.084509
0.056481
0.122776
0.073244
0.103366
0.103132
0.110908
0.148720
0.132909
0.063136
0.097391
0.123838
0.042346
0.098825
0.097681
0.108193
0.099820
0.063373
0.172312
0.149118
0.103657
0.106817
0.134764
0.099494
0.103724
0.112904
0.122849
0.095944
0.102915
0.118291
0.067121
0.082203
0.070420
0.088563
0.062339
0.094976
0.131713
0.090333
0.071687
0.102175
0.061732
0.054545
0.101780
0.072534
0.061661
0.110256
0.113411
0.124182
0.138504
0.116477
0.157782
0.157121
0.173147
0.089684
0.094678
0.115763
0.097560
0.097662
0.124087
0.078434
0.102209
0.103117
0.077432
0.120940
0.090210
0.124496
0.119650
0.072057
0.090109
0.163754
0.084346
0.079688
0.077986
0.129767
0.082750
0.048070
0.086582
0.144022
0.070477
0.083179
0.066589
0.080622
0.093311
0.096714
0.168829
0.074482
0.081170
0.043875
0.132534
0.055561
0.051705
0.081513
0.087579
0.086566
0.096008
0.113791
0.207698
0.107424
0.125586
0.117269
0.106848
0.097524
0.124405
0.103720
0.119897
0.061518
0.075798
0.058712
0.061432
0.068179
0.109193
0.086427
0.109944
0.089082
0.078226
0.086920
0.097102
0.066316
0.082789
0.079535
0.077485
0.134661
0.094948
0.101505
0.061160
0.091720
0.080874
0.056909
0.094894
0.090319
0.077672
0.043360
0.073139
0.089222
0.067393
0.073818
0.099045
0.069172
0.085920
0.047325
0.086262
0.078696
0.083063
0.057715
0.069433
0.069663
0.053705
0.037744
0.047839
0.053391
0.042101
0.051112
0.087671
0.076863
0.057356
0.069536
0.061497
0.082431
0.069119
0.042231
0.076141
0.046365
0.062401
0.108290
0.049366
0.072844
0.075434
0.073995
0.073967
0.083272
0.080469
0.075337
0.058360
0.079365
0.058194
0.056722
0.060279
0.103672
0.069136
0.094148
0.053537
0.100235
0.075822
0.069042
0.083731
0.060704
0.054425
0.053088
0.094895
0.075611
0.057301
0.084195
0.056942
0.040427
0.132068
0.051344
0.058276
0.052819
0.085211
0.094041
0.065828
0.069070
0.037203
0.072778
0.040768
0.081323
0.089004
0.047348
0.095682
0.060367
0.066972
0.070286
0.097251
0.053087
0.103472
0.088716
0.070463
0.105321
0.049031
0.073245
0.063046
0.031199
0.089675
0.080840
0.062465
0.076061
0.064264
0.069832
0.065214
0.083671
0.088719
0.103694
0.062806
0.088740
0.110240
0.089301
0.116683
0.088745
0.144778
0.084535
0.098501
0.143238
0.077868
0.059310
0.077382
0.101640
0.070225
0.067449
0.099596
0.101188
0.057112
0.089534
0.076795
0.059490
0.100571
0.092518
0.062531
0.099644
0.053058
0.111271
0.091099
0.093346
0.101501
0.074290
0.148249
0.062406
0.122310
0.098179
0.109530
0.099175
0.106780
0.058871
0.104606
0.114348
0.106176
0.098722
0.062100
0.071627
0.103489
0.095881
0.112487
0.097637
0.103681
0.162478
0.073361
0.098012
0.080216
0.094280
0.054699
0.078986
0.058972
0.078958
0.066754
0.037868
0.063012
0.096565
0.068315
0.096635
0.087305
0.103042
0.129516
0.120246
0.087223
0.132965
0.070676
0.076700
0.094503
0.080030
0.055404
0.091259
0.068810
0.089210
0.079750
0.035563
0.088368
0.096909
0.061430
0.079818
0.109896
0.139271
0.095406
0.069216
0.063072
0.093676
0.094601
0.116556
0.060522
0.082812
0.080475
0.040903
0.078610
0.086771
0.109036
0.083440
0.059170
0.065654
0.074483
0.070198
0.053712
0.076837
0.053783
0.095972
0.115335
0.071005
0.059610
0.029603
0.074422
0.064743
0.058495
0.077820
0.084329
0.057993
0.116503
0.147519
0.071245
0.060768
0.061035
0.079567
0.049562
0.076499
0.051689
0.103364
0.111889
0.056533
0.074020
0.117474
0.049311
0.083153
0.101477
0.062628
0.110188
0.085181
0.066350
0.069093
0.088132
0.099664
0.069307
0.041967
0.099405
0.104055
0.069308
0.121086
0.064073
0.094671
0.038376
0.077696
0.062875
0.122362
0.069265
0.087660
0.087745
0.051319
0.066080
0.103385
0.050316
0.073896
0.110418
0.084254
0.111780
0.107599
0.061152
0.055506
0.074781
0.048135
0.075256
0.069811
0.099721
0.101660
0.080549
0.065167
0.088733
0.056508
0.093381
0.118551
0.086674
0.092439
0.062024
0.091926
0.098461
0.067649
0.056348
0.086719
0.094541
0.059711
0.055419
0.088928
0.098719
0.124676
0.090722
0.132049
0.063398
0.103904
0.072094
0.118623
0.090976
0.055507
0.101349
0.085584
0.127704
0.086164
0.090221
0.082303
0.077209
0.069553
0.124352
0.065540
0.107592
0.106725
0.107380
0.090638
0.060341
0.072222
0.090849
0.072819
0.065138
0.056819
0.101467
0.073102
0.109625
0.061684
0.094660
0.060030
0.122224
0.091820
0.088466
0.135109
0.100164
0.087495
0.045082
0.101354
0.075101
0.052110
0.039465
0.078005
0.094623
0.083533
0.086160
0.119524
0.115188
0.061317
0.051301
0.044888
0.061247
0.048135
0.089814
0.045433
0.052809
0.071749
0.055755
0.074993
0.059340
0.073015
0.081623
0.090979
0.063102
0.085782
0.072621
0.073041
0.088290
0.154385
0.072369
0.092929
0.085500
0.063615
0.045435
0.066168
0.081521
0.064628
0.079060
0.106656
0.101417
0.075516
0.133874
0.090226
0.112748
0.112689
0.083992
0.073011
0.081629
0.064909
0.077671
0.086593
0.085212
0.092517
0.040777
0.088218
0.070120
0.101158
0.082897
0.089753
0.073190
0.038649
0.049856
0.109203
0.051326
0.062132
0.049022
0.054385
0.091806
0.100499
0.087271
0.082861
0.095290
0.054526
0.071436
0.078146
0.082179
0.073833
0.088252
0.077616
0.094684
0.101555
0.090108
0.091249
0.091712
0.073126
0.083404
0.060590
0.083485
0.125840
0.118074
0.037693
0.066142
0.098576
0.127340
0.127268
0.087747
0.093094
0.101795
0.114642
0.107265
0.046564
0.097036
0.162052
0.168775
0.120064
0.173944
0.089584
0.094992
0.135414
0.156457
0.115813
0.113097
0.112775
0.128101
0.091687
0.123281
0.098908
0.124370
0.099989
0.140646
0.145945
0.179575
0.192966
0.167633
0.135937
0.100805
0.096818
0.083465
0.145870
0.122452
0.072374
0.160917
0.097304
0.103156
0.101148
0.067922
0.126265
0.092114
0.109398
0.061182
0.154939
0.121602
0.089530
0.149406
0.095359
0.094701
0.113548
0.065557
0.060917
0.137221
0.077897
0.128058
0.183049
0.095170
0.104217
0.074772
0.123445
0.119284
0.066497
0.054536
0.052558
0.109464
0.072294
0.060287
0.078108
0.058598
0.098817
0.084235
0.078207
0.049954
0.089706
0.078106
0.097264
0.047990
0.088873
0.071676
0.078009
0.089231
0.082450
0.079925
0.078108
0.092088
0.084201
0.080885
0.086251
0.097103
0.106957
0.078835
0.068228
0.115098
0.113124
0.047804
0.117248
0.118080
0.091392
0.069492
0.059268
0.068650
0.096191
0.068153
0.065946
0.062236
0.128610
0.087479
0.149683
0.109400
0.077433
0.081956
0.102828
0.098209
0.100695
0.118744
0.104782
0.143176
0.070553
0.073209
0.107415
0.049829
0.084397
0.076829
0.145272
0.066807
0.099670
0.109728
0.070700
0.102733
0.102310
0.066978
0.049731
0.053136
0.058471
0.067049
0.070536
0.072725
0.063533
0.123876
0.083767
0.094579
0.115275
0.084801
0.057492
0.093741
0.080714
0.063246
0.107110
0.107587
0.092948
0.094140
0.076565
0.158297
0.112831
0.088389
0.067471
0.116769
0.098394
0.072746
0.086064
0.063738
0.112467
0.138865
0.084206
0.113393
0.071399
0.085380
0.103587
0.074869
0.082087
0.072474
0.070415
0.051513
0.105934
0.106628
0.093460
0.071286
0.142096
0.099174
0.120715
0.078060
0.087173
0.093873
0.131636
0.092760
0.070860
0.096426
0.106097
0.065104
0.082845
0.087940
0.075124
0.073488
0.040747
0.106552
0.075163
0.140640
0.117207
0.081203
0.119904
0.156582
0.070154
0.088087
0.052984
0.110040
0.098680
0.128297
0.099125
0.081014
0.086821
0.115606
0.063885
0.145382
0.137311
0.148333
0.095978
0.108996
0.102282
0.152191
0.075796
0.080132
0.106463
0.135840
0.070484
0.102003
0.108576
0.135871
0.143136
0.112031
0.135584
0.163320
0.151967
0.150316
0.096896
0.136122
0.154249
0.110582
0.161391
0.158281
0.179948
0.060452
0.095593
0.044563
0.073639
0.118250
0.075752
0.088245
0.105983
0.067515
0.089665
0.062833
0.087615
0.062989
0.113636
0.078129
0.260539
0.163877
0.180499
0.167468
0.149823
0.067969
0.110305
0.158343
0.100597
0.068933
0.105057
0.139047
0.110326
0.085317
0.048428
0.050508
0.062881
0.128954
0.083121
0.165481
0.084293
0.063798
0.101869
0.120077
0.116591
0.126855
0.151816
0.097757
0.117272
0.091787
0.071911
0.135299
0.144882
0.072588
0.172775
0.156018
0.080114
0.092741
0.078812
0.123356
0.057960
0.079711
0.096635
0.059881
0.065358
0.093187
0.079685
0.130506
0.130195
0.067958
0.075283
0.057149
0.121737
0.062171
0.063076
0.050187
0.096937
0.101082
0.058501
0.080332
0.068452
0.039757
0.049330
0.073445
0.102398
0.048477
0.066105
0.070776
0.093034
0.040622
0.050894
0.065236
0.046441
0.087016
0.073726
0.062782
0.059325
0.035605
0.055444
0.055331
0.051750
0.073984
0.068959
0.091345
0.061281
0.063414
0.108513
0.129899
0.106201
0.096321
0.040521
0.069523
0.101090
0.067633
0.106218
0.043125
0.105620
0.102700
0.117426
0.069436
0.085001
0.049977
0.108071
0.062076
0.063025
0.104540
0.056760
0.066694
0.116028
0.049818
0.054358
0.071273
0.061368
0.069258
0.121469
0.074167
0.080447
0.083015
0.090483
0.101437
0.100754
0.044590
0.091797
0.049061
0.072746
0.065839
0.046013
0.068353
0.081155
0.150121
0.075048
0.085403
0.095907
0.102009
0.052223
0.073882
0.121944
0.078816
0.048177
0.062472
0.077505
0.073743
0.089720
0.076652
0.053767
0.097835
0.093948
0.080587
0.089926
0.049961
0.098994
0.060911
0.041936
0.091132
0.071094
0.070365
0.034733
0.082857
0.110654
0.055862
0.060058
0.048931
0.063747
0.048846
0.063107
0.084184
0.071549
0.062528
0.078338
0.046933
0.065446
0.047842
0.051917
0.056454
0.091558
0.050886
0.043077
0.075159
0.046361
0.053645
0.064201
0.051085
0.150726
0.092422
0.058962
0.072839
0.079382
0.044759
0.032715
0.073564
0.071578
0.055998
0.041099
0.063259
0.069895
0.050319
0.123133
0.061231
0.068248
0.047000
0.068569
0.093361
0.111885
0.052677
0.072565
0.069499
0.077461
0.084962
0.115926
0.084190
0.141495
0.098905
0.069144
0.181606
0.154795
0.097245
0.137860
0.119708
0.138048
0.057263
0.060053
0.089800
0.056302
0.098136
0.084308
0.113310
0.109727
0.105715
0.060718
0.052853
0.066050
0.077103
0.113030
0.133541
0.118798
0.094159
0.135533
0.072702
0.080704
0.084497
0.086777
0.112857
0.086466
0.098056
0.129101
0.076397
0.090834
0.150692
0.086957
0.073295
0.049317
0.050956
0.056194
0.070426
0.056585
0.060389
0.096077
0.098453
0.070101
0.124655
0.069613
0.145146
0.048260
0.111783
0.070775
0.048365
0.118659
0.070789
0.096377
0.086115
0.082126
0.125831
0.051585
0.102660
0.065459
0.072941
0.110878
0.090279
0.100123
0.090047
0.105583
0.166752
0.109322
0.112242
0.125669
0.124912
0.068554
0.092817
0.072940
0.152342
0.115554
0.081131
0.062864
0.085928
0.128129
0.088688
0.079042
0.113489
0.164158
0.071363
0.113837
0.074152
0.123568
0.145515
0.106457
0.100854
0.106723
0.090292
0.089918
0.067310
0.102380
0.063221
0.098074
0.070940
0.079776
0.051348
0.120476
0.088983
0.094413
0.079154
0.084962
0.108016
0.069968
0.093590
0.082607
0.078516
0.079640
0.094078
0.098845
0.073081
0.116237
0.056125
0.066430
0.109273
0.074252
0.109511
0.235820
0.132503
0.123055
0.129391
0.084754
0.107069
0.075020
0.089914
0.111098
0.114128
0.093558
0.117821
0.067448
0.076863
0.117484
0.158761
0.129422
0.150797
0.131829
0.129443
0.131594
0.136271
0.066605
0.090304
0.161445
0.110214
0.147794
0.123493
0.102576
0.091517
0.089942
0.105576
0.109332
0.129592
0.150071
0.152889
0.116395
0.134043
0.040049
0.107998
0.080681
0.123013
0.085417
0.140598
0.075695
0.057624
0.044279
0.063270
0.120780
0.074623
0.093513
0.115196
0.099645
0.105171
0.140565
0.081733
0.170396
0.117096
0.190388
0.122374
0.080680
0.089528
0.120515
0.170402
0.103061
0.131068
0.207622
0.115083
0.079435
0.088402
0.084621
0.121096
0.099257
0.107457
0.142344
0.149760
0.077744
0.089162
0.148939
0.101231
0.077470
0.082719
0.089199
0.111853
0.119898
0.062642
0.076625
0.166444
0.180355
0.129431
0.132849
0.080158
0.081282
0.066666
0.082237
0.082081
0.079141
0.098027
0.074674
0.090519
0.103024
0.132888
0.142946
0.155393
0.109502
0.106297
0.065592
0.041254
0.108417
0.121139
0.112917
0.186219
0.103353
0.147382
0.143684
0.161613
0.100878
0.111350
0.123766
0.115895
0.110633
0.095720
0.053334
0.136195
0.051378
0.171627
0.170272
0.126375
0.081795
0.057087
0.088480
0.105792
0.088084
0.106398
0.070032
0.074972
0.094567
0.093744
0.090104
0.062899
0.063931
0.077189
0.080429
0.154821
0.120091
0.065280
0.103679
0.043594
0.091783
0.118920
0.116625
0.155877
0.032358
0.075641
0.092388
0.096828
0.054142
0.093739
0.059050
0.082119
0.103706
0.099835
0.109927
0.103082
0.078851
0.095265
0.090113
0.076412
0.118998
0.068620
0.122131
0.128779
0.070773
0.129084
0.098227
0.090035
0.073218
0.054587
0.054727
0.058474
0.088276
0.114192
0.055457
0.085319
0.103850
0.144277
0.153529
0.142022
0.063580
0.080456
0.095120
0.103649
0.078820
0.092488
0.081425
0.110607
0.055094
0.085242
0.058148
0.082538
0.105435
0.083212
0.077854
0.146165
0.120166
0.091301
0.069617
0.069454
0.106594
0.104115
0.059805
0.118200
0.064079
0.092546
0.068368
0.101087
0.101829
0.055517
0.103436
0.091817
0.093935
0.135677
0.090659
0.120216
0.105820
0.070377
0.114080
0.051539
0.092046
0.098430
0.126449
0.074569
0.074065
0.058047
0.079630
0.083757
0.061159
0.066479
0.095275
0.136411
0.080281
0.052172
0.088495
0.093036
0.047800
0.076471
0.068058
0.075490
0.136357
0.113484
0.081112
0.078617
0.086193
0.056859
0.046031
0.097447
0.118153
0.063928
0.083337
0.084899
0.076473
0.139912
0.104949
0.135561
0.141411
0.097312
0.108220
0.068410
0.090024
0.115185
0.095436
0.104403
0.084984
0.060842
0.093408
0.099080
0.055574
0.091165
0.108614
0.068725
0.051554
0.155287
0.200121
0.136555
0.074446
0.154922
0.101796
0.090482
0.086282
0.123599
0.127643
0.139221
0.150484
0.080078
0.094461
0.171540
0.092427
0.108791
0.156576
0.137834
0.094813
0.086772
0.103523
0.098819
0.082941
0.091533
0.082323
0.070287
0.080472
0.045787
0.119138
0.066224
0.081990
0.103175
0.112869
0.119589
0.100574
0.088438
0.130075
0.069469
0.088458
0.186421
0.115651
0.077335
0.062461
0.074872
0.141823
0.085792
0.072888
0.077576
0.074589
0.092194
0.050903
0.070640
0.069852
0.108941
0.057998
0.100349
0.136452
0.078982
0.063490
0.099356
0.068942
0.083895
0.171838
0.109681
0.101432
0.048181
0.131207
0.063363
0.068928
0.147680
0.093750
0.099744
0.082429
0.112478
0.094961
0.080326
0.137354
0.205067
0.117124
0.101373
0.057970
0.094100
0.078269
0.102840
0.075628
0.066838
0.071034
0.059086
0.059294
0.099168
0.104175
0.081232
0.117239
0.093745
0.084577
0.056066
0.046219
0.120977
0.085860
0.076165
0.139641
0.095218
0.074999
0.067929
0.122354
0.076486
0.102705
0.053749
0.091151
0.072571
0.091437
0.048882
0.086079
0.111535
0.080764
0.106590
0.091276
0.091800
0.082203
0.113959
0.065648
0.033777
0.067969
0.074445
0.062582
0.059281
0.097034
0.065495
0.109421
0.063160
0.088153
0.087969
0.065307
0.105011
0.053593
0.100546
0.038653
0.073338
0.115235
0.069651
0.088462
0.116880
0.125952
0.101913
0.081742
0.144096
0.105316
0.097848
0.128184
0.101900
0.098370
0.117400
0.075167
0.065019
0.055013
0.091538
0.058403
0.051510
0.047072
0.080441
0.110121
0.172087
0.058191
0.074474
0.081351
0.138926
0.148124
0.080950
0.098649
0.098078
0.100538
0.067897
0.084362
0.047988
0.052430
0.122032
0.151382
0.145720
0.123883
0.083961
0.077897
0.111212
0.068483
0.041082
0.112548
0.130441
0.080752
0.101461
0.043734
0.043336
0.096610
0.033093
0.142316
0.114286
0.098009
0.069587
0.084311
0.087171
0.055483
0.087989
0.072803
0.145955
0.101345
0.182131
0.168073
0.127510
0.144430
0.166906
0.122121
0.130957
0.117397
0.121145
0.123538
0.118494
0.085024
0.153232
0.118835
0.079232
0.094337
0.145543
0.075626
0.109618
0.146905
0.132441
0.072930
0.095592
0.069144
0.088102
0.108833
0.128663
0.093692
0.135913
0.142594
0.076820
0.071710
0.064099
0.090208
0.092790
0.110941
0.061005
0.083009
0.091580
0.055329
0.081997
0.141867
0.078322
0.073792
0.029317
0.082775
0.083606
0.039033
0.082607
0.086665
0.161990
0.084591
0.128108
0.206730
0.169529
0.159159
0.181743
0.090740
0.148082
0.160248
0.131837
0.089273
0.163411
0.134774
0.185133
0.123120
0.139559
0.105758
0.142669
0.145070
0.100011
0.159896
0.142194
0.135676
0.119572
0.120541
0.079384
0.054624
0.108533
0.089033
0.126786
0.088269
0.108251
0.119739
0.065623
0.068224
0.048491
0.054498
0.076176
0.036441
0.060809
0.069277
0.068338
0.072319
0.080546
0.054650
0.073031
0.046742
0.070312
0.098723
0.051450
0.084707
0.070861
0.054825
0.062462
0.081891
0.033000
0.058131
0.090651
0.079247
0.055821
0.063198
0.089507
0.088135
0.075295
0.059175
0.116204
0.093665
0.059448
0.066945
0.091558
0.158847
0.072253
0.086987
0.051837
0.076742
0.070276
0.073243
0.063764
0.071184
0.061293
0.067225
0.075157
0.046288
0.068866
0.074183
0.048542
0.106731
0.083946
0.093703
0.068262
0.075255
0.074436
0.107306
0.111051
0.085551
0.114173
0.135319
0.112992
0.060128
0.089468
0.085768
0.072039
0.142260
0.129489
0.071396
0.101719
0.085925
0.092714
0.128959
0.074075
0.096832
0.057059
0.082979
0.107127
0.072720
0.070291
0.100375
0.099380
0.055245
0.060623
0.131301
0.101855
0.065208
0.112350
0.054626
0.092134
0.077343
0.111689
0.063595
0.117696
0.046247
0.118761
0.118374
0.147850
0.105970
0.073354
0.139863
0.160178
0.089904
0.058277
0.096744
0.080063
0.070312
0.072857
0.083312
0.123115
0.071396
0.064071
0.104573
0.125454
0.046053
0.068005
0.066982
0.128039
0.081587
0.130119
0.097255
0.072305
0.101899
0.120482
0.110370
0.112691
0.119653
0.116014
0.094991
0.099563
0.095697
0.093608
0.066343
0.073737
0.150883
0.137135
0.043427
0.111303
0.066925
0.148457
0.108561
0.126066
0.082112
0.116403
0.085130
0.088079
0.045745
0.099500
0.089799
0.095506
0.089257
0.126724
0.171483
0.130502
0.104432
0.138485
0.175245
0.105790
0.148201
0.130610
0.082894
0.113652
0.099379
0.097160
0.107613
0.108526
0.108489
0.098673
0.115270
0.139673
0.108650
0.112859
0.083686
0.080101
0.125670
0.103398
0.113662
0.091512
0.078377
0.053019
0.115246
0.124640
0.082243
0.121418
0.201325
0.105376
0.117790
0.135561
0.085751
0.102346
0.150690
0.127494
0.118925
0.063938
0.064636
0.136843
0.145762
0.132408
0.149818
0.131749
0.073569
0.088053
0.121266
0.133730
0.040617
0.102945
0.129778
0.125179
0.080687
0.123250
0.177204
0.207368
0.146923
0.182564
0.214501
0.155427
0.252335
0.219173
0.172175
0.180178
0.156484
0.133327
0.154031
0.172170
0.199203
0.061816
0.082109
0.122265
0.154148
0.112663
0.089704
0.132011
0.185971
0.082367
0.190017
0.136822
0.132301
0.177885
0.174142
0.184972
0.125563
0.106341
0.070184
0.118513
0.064047
0.084809
0.042438
0.183614
0.197986
0.171580
0.159772
0.121703
0.124581
0.088735
0.086755
0.121526
0.110783
0.119265
0.060759
0.082768
0.124485
0.099504
0.146254
0.178788
0.182627
0.177845
0.131749
0.174983
0.241554
0.130699
0.148429
0.160211
0.214974
0.190785
0.215890
0.105859
0.170980
0.199637
0.135165
0.130718
0.143425
0.103826
0.140147
0.136212
0.168630
0.120157
0.102670
0.074779
0.116173
0.130622
0.107293
0.065239
0.114591
0.085677
0.097049
0.129904
0.108540
0.171276
0.198357
0.179443
0.127840
0.179519
0.055561
0.148213
0.158275
0.086891
0.072775
0.108306
0.135820
0.084030
0.097954
0.077081
0.103507
0.078718
0.170501
0.101280
0.106201
0.133949
0.120915
0.114103
0.053310
0.093588
0.073054
0.108464
0.082245
0.108843
0.067524
0.083483
0.133564
0.119019
0.085536
0.190294
0.104700
0.055606
0.105910
0.087912
0.130833
0.084725
0.066076
0.107876
0.114376
0.093308
0.105008
0.096442
0.137294
0.094569
0.090353
0.102469
0.145759
0.089415
0.090774
0.060431
0.071736
0.080016
0.126419
0.086632
0.099903
0.101110
0.119269
0.088066
0.103214
0.266154
0.178994
0.099185
0.133092
0.132633
0.143144
0.141598
0.124417
0.146366
0.173268
0.125639
0.090553
0.121166
0.060075
0.055256
0.117725
0.096471
0.128853
0.128442
0.150351
0.157941
0.079525
0.104076
0.069574
0.085758
0.071497
0.119157
0.112327
0.061774
0.160804
0.137794
0.095334
0.136549
0.088701
0.092719
0.084910
0.091814
0.083885
0.103964
0.122015
0.133253
0.116888
0.069062
0.132089
0.090598
0.137389
0.152581
0.094079
0.131044
0.082111
0.163861
0.086637
0.108631
0.110785
0.100908
0.106993
0.084381
0.073430
0.104619
0.114982
0.106605
0.115310
0.133139
0.076858
0.081009
0.073037
0.122165
0.111307
0.096554
0.071660
0.072423
0.085737
0.117017
0.106840
0.057110
0.088913
0.095398
0.069665
0.118420
0.106636
0.051808
0.099855
0.094891
0.090094
0.127433
0.119921
0.105186
0.132721
0.107107
0.130786
0.147283
0.093314
0.093245
0.099806
0.136936
0.157106
0.061264
0.084615
0.100235
0.135560
0.106828
0.157149
0.083380
0.087863
0.134591
0.083534
0.085750
0.173884
0.098817
0.159739
0.082038
0.069690
0.103121
0.131150
0.146000
0.115578
0.080998
0.051609
0.105945
0.065188
0.110390
0.121345
0.097460
0.084539
0.119878
0.094602
0.127179
0.089371
0.120620
0.110396
0.115138
0.078253
0.126959
0.116147
0.128089
0.120227
0.155493
0.156193
0.132169
0.045021
0.084987
0.141664
0.109749
0.165473
0.158493
0.081666
0.189374
0.127870
0.090649
0.101092
0.091732
0.092481
0.135465
0.059736
0.139547
0.055185
0.155514
0.099925
0.038579
0.122502
0.076978
0.149829
0.194031
0.116427
0.134917
0.134922
0.115069
0.135734
0.092602
0.135525
0.063999
0.120966
0.085562
0.089295
0.098000
0.104740
0.154955
0.098264
0.061962
0.110230
0.087968
0.151820
0.120172
0.074632
0.122941
0.097149
0.121144
0.084642
0.094445
0.068186
0.151633
0.044004
0.144923
0.096339
0.132057
0.085624
0.093788
0.125485
0.070113
0.182808
0.136612
0.071326
0.149495
0.073157
0.091466
0.049283
0.086428
0.097159
0.075339
0.092236
0.105478
0.204397
0.103682
0.095140
0.131733
0.122941
0.180801
0.128068
0.126550
0.083158
0.077181
0.079058
0.115586
0.108274
0.058541
0.141977
0.154908
0.119742
0.131661
0.116896
0.182385
0.143114
0.077612
0.131063
0.146001
0.162875
0.148052
0.157900
0.157053
0.169697
0.148278
0.063918
0.085583
0.118945
0.104092
0.095745
0.099437
0.109082
0.130937
0.117920
0.108482
0.109190
0.125427
0.099716
0.088790
0.122983
0.069967
0.113841
0.091388
0.129261
0.135296
0.112340
0.125067
0.124268
0.112686
0.125992
0.137686
0.112724
0.090908
0.094106
0.076409
0.101509
0.116784
0.048968
0.104140
0.128222
0.114015
0.128904
0.122255
0.119326
0.126353
0.154312
0.179030
0.142731
0.125026
0.153657
0.143641
0.134441
0.140026
0.098084
0.164834
0.145571
0.194194
0.194796
0.143442
0.145559
0.079571
0.164438
0.121286
0.185471
0.107572
0.175848
0.169913
0.191285
0.154400
0.142283
0.109626
0.077642
0.079912
0.069413
0.163986
0.097588
0.100190
0.096157
0.132414
0.165026
0.127610
0.105827
0.116113
0.126871
0.079587
0.105976
0.110114
0.121623
0.078521
0.109640
0.137565
0.155461
0.097180
0.140017
0.167467
0.127622
0.066308
0.091435
0.070496
0.048578
0.083559
0.147056
0.087143
0.096706
0.199694
0.177612
0.233350
0.157431
0.203142
0.209023
0.109468
0.182221
0.187321
0.176532
0.203435
0.166133
0.205989
0.174296
0.145032
0.069412
0.140768
0.176256
0.173016
0.192387
0.182479
0.108531
0.118320
0.218515
0.193183
0.165785
0.131843
0.090489
0.046116
0.099514
0.125235
0.132467
0.086973
0.119834
0.165929
0.116039
0.183474
0.086891
0.103807
0.074151
0.108211
0.097461
0.090384
0.119216
0.090174
0.081110
0.068796
0.129419
0.121820
0.083512
0.101543
0.103044
0.115054
0.105100
0.132837
0.117748
0.109019
0.137528
0.087680
0.101646
0.160962
0.100914
0.145874
0.149783
0.084098
0.107498
0.073717
0.089954
0.046551
0.116918
0.077511
0.104796
0.093225
0.108145
0.148743
0.078397
0.086417
0.115409
0.145579
0.131774
0.099320
0.044811
0.079633
0.088340
0.154983
0.149025
0.192333
0.149744
0.112730
0.200960
0.229068
0.185518
0.191102
0.226408
0.075617
0.105006
0.120693
0.129653
0.138208
0.102588
0.163470
0.104012
0.127035
0.137557
0.133967
0.131892
0.113481
0.086905
0.134151
0.136798
0.130247
0.083338
0.109190
0.091084
0.096892
0.106940
0.111704
0.094886
0.102024
0.142122
0.205508
0.151216
0.175987
0.121329
0.106849
0.109399
0.154873
0.125581
0.125268
0.069949
0.101369
0.130184
0.155680
0.153565
0.150696
0.109840
0.127833
0.080397
0.105025
0.162775
0.126951
0.112904
0.137530
0.125020
0.103561
0.148952
0.143515
0.086448
0.163347
0.131916
0.217901
0.188210
0.114303
0.068417
0.111064
0.060832
0.100868
0.060579
0.067179
0.051750
0.079863
0.114417
0.079245
0.118635
0.092376
0.185137
0.142763
0.089059
0.142269
0.109810
0.148705
0.139527
0.106736
0.098141
0.134372
0.135769
0.138108
0.061794
0.120289
0.087780
0.044454
0.105435
0.166286
0.127834
0.146468
0.145988
0.075859
0.090569
0.157570
0.151688
0.156600
0.065602
0.114649
0.158312
0.163274
0.116542
0.147295
0.110473
0.086505
0.126269
0.114320
0.107096
0.154978
0.062238
0.171063
0.177895
0.164129
0.095027
0.118102
0.142431
0.109438
0.190609
0.131243
0.126817
0.065073
0.058920
0.109447
0.125507
0.126707
0.163749
0.197838
0.129529
0.070868
0.097897
0.073051
0.091263
0.081777
0.129217
0.071754
0.101024
0.056216
0.056186
0.090434
0.085196
0.118935
0.086752
0.059567
0.205902
0.172080
0.057074
0.156182
0.106902
0.075734
0.135742
0.129898
0.090085
0.133134
0.080562
0.136907
0.130766
0.110789
0.106661
0.056035
0.105923
0.139884
0.108815
0.088675
0.140393
0.040105
0.108007
0.120858
0.180497
0.180480
0.110279
0.132731
0.118796
0.112572
0.145720
0.086484
0.105007
0.118823
0.106105
0.074869
0.056966
0.118998
0.098933
0.117055
0.126566
0.100122
0.118862
0.118041
0.132381
0.064811
0.119907
0.116126
0.112628
0.075500
0.085968
0.127391
0.105576
0.092898
0.050236
0.079951
0.070085
0.103971
0.135521
0.074154
0.129706
0.106876
0.083914
0.064925
0.084951
0.077815
0.185694
0.089876
0.062129
0.086083
0.205755
0.138272
0.132865
0.160490
0.141763
0.085648
0.130888
0.188537
0.176030
0.154676
0.125468
0.090068
0.092029
0.088491
0.091878
0.096174
0.098085
0.074511
0.092838
0.136063
0.104285
0.098110
0.058630
0.078473
0.122202
0.099875
0.114328
0.157543
0.044720
0.104800
0.197440
0.170928
0.128105
0.116402
0.132175
0.073676
0.135529
0.092775
0.164934
0.130300
0.142279
0.111681
0.094005
0.091432
0.164026
0.122162
0.051049
0.112409
0.089309
0.107876
0.057877
0.077142
0.061307
0.124667
0.138533
0.153555
0.107110
0.144823
0.157743
0.162289
0.132951
0.093801
0.104280
0.133416
0.070639
0.123015
0.110879
0.142565
0.103018
0.127234
0.108852
0.087602
0.081696
0.106843
0.116796
0.175710
0.166002
0.125041
0.159109
0.115923
0.083364
0.074106
0.092886
0.156880
0.109432
0.165232
0.127256
0.124323
0.092394
0.047593
0.071194
0.086821
0.073354
0.111841
0.114851
0.125134
0.161860
0.122314
0.130798
0.098277
0.078776
0.045484
0.071453
0.157745
0.189198
0.172505
0.109014
0.143961
0.160413
0.124105
0.154458
0.182893
0.099985
0.073451
0.088194
0.077492
0.100884
0.074981
0.108663
0.048358
0.059462
0.100543
0.085156
0.129186
0.113723
0.079135
0.136129
0.131028
0.135466
0.127427
0.118911
0.101585
0.118093
0.146383
0.122309
0.115875
0.093310
0.123612
0.104570
0.063663
0.046789
0.057330
0.080040
0.085854
0.090431
0.134657
0.182923
0.137793
0.153089
0.087782
0.086204
0.139453
0.141355
0.160778
0.159936
0.129870
0.143243
0.103232
0.097647
0.094233
0.119564
0.100538
0.079320
0.137932
0.075800
0.084415
0.117581
0.058026
0.088982
0.114354
0.119469
0.112023
0.070480
0.090134
0.115190
0.060902
0.075748
0.093228
0.166213
0.120986
0.143834
0.082555
0.063761
0.091090
0.065815
0.101103
0.145539
0.090584
0.085644
0.145609
0.092489
0.147668
0.071904
0.069372
0.123395
0.113739
0.127762
0.118384
0.138555
0.098671
0.105108
0.053392
0.037788
0.105862
0.057596
0.052942
0.104249
0.087823
0.086081
0.127785
0.105961
0.097821
0.168597
0.089054
0.064481
0.129495
0.105875
0.084877
0.094435
0.110035
0.119001
0.098500
0.097810
0.097872
0.094968
0.122329
0.101263
0.127786
0.110335
0.079219
0.191736
0.099529
0.115813
0.099165
0.131701
0.100281
0.079383
0.173195
0.095510
0.123136
0.046717
0.151246
0.060894
0.176321
0.091180
0.064880
0.079785
0.163684
0.114580
0.112695
0.134936
0.072157
0.140990
0.152852
0.115550
0.181699
0.141588
0.097086
0.134643
0.061816
0.077342
0.088647
0.106152
0.088556
0.162144
0.186458
0.087336
0.116827
0.066049
0.066703
0.071115
0.099255
0.090185
0.167185
0.075141
0.133306
0.146933
0.094521
0.049533
0.077779
0.107809
0.099272
0.046905
0.129843
0.121327
0.130858
0.130435
0.048889
0.080600
0.071181
0.120413
0.074853
0.122584
0.059330
0.089034
0.109493
0.126086
0.095101
0.097529
0.196479
0.144218
0.167692
0.079558
0.096439
0.068972
0.085277
0.091607
0.124570
0.084265
0.095676
0.095547
0.077840
0.143538
0.051014
0.062287
0.132135
0.146284
0.092806
0.099306
0.141058
0.148753
0.150327
0.114851
0.133652
0.120717
0.091356
0.094138
0.144565
0.137315
0.168151
0.145142
0.142296
0.121495
0.179103
0.191298
0.151366
0.174247
0.186381
0.128274
0.105004
0.219617
0.179771
0.121799
0.135593
0.098104
0.134556
0.133658
0.131204
0.240897
0.233383
0.256605
0.236673
0.209260
0.243650
0.217084
0.210358
0.173085
0.127004
0.092033
0.127745
0.120934
0.148374
0.180641
0.125014
0.079772
0.116932
0.086730
0.151467
0.085086
0.098010
0.118324
0.118480
0.130752
0.145915
0.098553
0.112043
0.128784
0.109833
0.102669
0.096112
0.127909
0.128587
0.114059
0.172493
0.131076
0.093163
0.137168
0.111074
0.104608
0.122871
0.112066
0.140620
0.095473
0.058944
0.134914
0.066084
0.094671
0.142467
0.113397
0.114229
0.084776
0.075755
0.116617
0.094841
0.059302
0.168956
0.096474
0.160632
0.114735
0.068567
0.087034
0.139681
0.177121
0.147645
0.157913
0.090264
0.191318
0.133355
0.075118
0.098366
0.141397
0.125439
0.092880
0.064639
0.073783
0.192590
0.116687
0.092177
0.093423
0.081889
0.112487
0.170534
0.064106
0.043620
0.081344
0.044234
0.086929
0.145753
0.089309
0.069823
0.119328
0.080740
0.134957
0.099035
0.083074
0.092849
0.053548
0.080319
0.055593
0.054389
0.069089
0.055151
0.073222
0.073951
0.133798
0.096221
0.092031
0.077383
0.091539
0.065858
0.052754
0.139385
0.110025
0.115123
0.041167
0.040441
0.028851
0.100293
0.084493
0.066162
0.115795
0.128383
0.166699
0.167818
0.156712
0.131735
0.138838
0.156408
0.182069
0.136590
0.150873
0.090666
0.133452
0.077830
0.104921
0.095788
0.083093
0.100017
0.055262
0.188635
0.134982
0.100286
0.171019
0.210769
0.165770
0.119544
0.121811
0.087953
0.104196
0.128379
0.169080
0.176048
0.123055
0.084267
0.181186
0.170652
0.162323
0.122000
0.055818
0.110081
0.117003
0.125038
0.076347
0.130149
0.119096
0.107563
0.120239
0.126503
0.158281
0.115204
0.194144
0.181040
0.222536
0.088408
0.145252
0.114156
0.151577
0.174688
0.081673
0.112227
0.123140
0.062858
0.156289
0.215071
0.212212
0.202992
0.197847
0.189776
0.188501
0.142395
0.221028
0.224503
0.175104
0.156708
0.137454
0.131657
0.236165
0.131916
0.129659
0.159456
0.127562
0.137169
0.129711
0.227028
0.185444
0.068776
0.113773
0.154562
0.090196
0.152226
0.110861
0.149176
0.210593
0.181443
0.126460
0.188276
0.105770
0.164282
0.127663
0.091320
0.104823
0.112870
0.077915
0.097226
0.101309
0.136061
0.149894
0.099005
0.168395
0.141700
0.149555
0.177789
0.106196
0.204425
0.161395
0.140928
0.125795
0.133523
0.174956
0.151948
0.136097
0.172528
0.139789
0.111684
0.131507
0.141160
0.095503
0.123347
0.139541
0.133178
0.134053
0.083567
0.135981
0.133882
0.116214
0.200496
0.166614
0.162170
0.087054
0.228813
0.147525
0.111237
0.110596
0.220689
0.152450
0.147207
0.103117
0.085939
0.048081
0.073089
0.078547
0.091855
0.075389
0.097112
0.089871
0.109654
0.099023
0.068869
0.064461
0.114236
0.078626
0.140877
0.122471
0.136400
0.109432
0.154530
0.171184
0.098550
0.169932
0.156676
0.124465
0.150164
0.204056
0.174576
0.132233
0.175279
0.149277
0.084991
0.113683
0.095117
0.127228
0.152358
0.152730
0.156804
0.117479
0.130874
0.193112
0.182041
0.162681
0.144378
0.104654
0.124645
0.220513
0.199222
0.086596
0.100875
0.190263
0.125830
0.116225
0.110654
0.092908
0.111620
0.065161
0.075750
0.084082
0.060517
0.073463
0.182401
0.183150
0.121475
0.155497
0.131515
0.099787
0.163558
0.162639
0.167536
0.140528
0.076527
0.041041
0.158264
0.107719
0.111482
0.110726
0.134670
0.106295
0.085170
0.109575
0.240855
0.166159
0.147697
0.130080
0.172730
0.188866
0.192179
0.219088
0.138520
0.166530
0.103260
0.129800
0.095507
0.153474
0.168045
0.109288
0.072731
0.113148
0.082341
0.076460
0.113947
0.082281
0.101147
0.072072
0.067587
0.039337
0.096611
0.186772
0.119478
0.071255
0.152366
0.094121
0.124014
0.154998
0.203300
0.147721
0.133896
0.192995
0.139633
0.110915
0.132241
0.108152
0.068087
0.131154
0.111713
0.066916
0.091808
0.072868
0.138199
0.064424
0.140975
0.125576
0.124813
0.079660
0.083920
0.052357
0.053215
0.107259
0.131229
0.091063
0.042121
0.113171
0.084597
0.124781
0.112834
0.118700
0.106320
0.090708
0.094597
0.064595
0.167433
0.143862
0.127196
0.100744
0.130111
0.111286
0.093923
0.156314
0.135077
0.160583
0.086638
0.128726
0.117205
0.178420
0.131464
0.108664
0.115716
0.148226
0.097842
0.103827
0.105211
0.152730
0.134570
0.125559
0.151485
0.095480
0.055310
0.113415
0.098926
0.156587
0.113248
0.068686
0.057389
0.093201
0.038347
0.106834
0.075836
0.081293
0.064371
0.161755
0.132885
0.095371
0.069460
0.054375
0.104431
0.094419
0.117013
0.137605
0.099161
0.109560
0.140219
0.116326
0.139412
0.108762
0.076838
0.059304
0.082353
0.108598
0.076330
0.110059
0.131680
0.114094
0.069949
0.111264
0.167877
0.111602
0.069856
0.162528
0.111977
0.130654
0.094196
0.121494
0.177967
0.180577
0.085848
0.128476
0.142502
0.066626
0.122986
0.093548
0.059650
0.098068
0.143630
0.196086
0.113833
0.134175
0.061550
0.096459
0.089622
0.054810
0.058079
0.058405
0.051567
0.075687
0.054846
0.081965
0.107083
0.079392
0.138709
0.140029
0.129387
0.127473
0.081804
0.083109
0.082232
0.051715
0.098970
0.050825
0.069023
0.037088
0.120409
0.065181
0.044989
0.061991
0.055117
0.075099
0.091465
0.114314
0.081374
0.109798
0.075729
0.100310
0.160730
0.085653
0.136445
0.140387
0.036626
0.026229
0.153581
0.044447
0.086484
0.174946
0.127710
0.132010
0.117568
0.212439
0.060576
0.121257
0.109354
0.098383
0.055185
0.091600
0.098186
0.045512
0.059813
0.093269
0.098756
0.064950
0.085040
0.069845
0.062127
0.118143
0.079102
0.097841
0.097471
0.185292
0.074790
0.087563
0.101250
0.074610
0.136188
0.123702
0.150184
0.110823
0.095391
0.077454
0.079129
0.114020
0.069435
0.137157
0.045527
0.104173
0.101191
0.105527
0.111786
0.055339
0.099220
0.150737
0.122953
0.123425
0.155805
0.209683
0.092019
0.085807
0.078867
0.133395
0.104291
0.099932
0.094874
0.055481
0.104098
0.082378
0.100889
0.046502
0.108591
0.088160
0.078179
0.056217
0.086004
0.129606
0.107147
0.092488
0.106391
0.083645
0.052456
0.064576
0.099353
0.074754
0.092653
0.159451
0.137846
0.101235
0.052634
0.064942
0.064533
0.086219
0.078330
0.081202
0.048861
0.092648
0.052713
0.124324
0.064357
0.069827
0.077989
0.079626
0.077936
0.090254
0.069183
0.105301
0.075319
0.050297
0.086434
0.087374
0.074276
0.060650
0.069896
0.143979
0.052921
0.084433
0.087508
0.125973
0.099590
0.138509
0.078089
0.102140
0.098191
0.106436
0.065043
0.067258
0.051908
0.097247
0.040302
0.088825
0.076213
0.076503
0.092479
0.058201
0.124656
0.120615
0.114781
0.096922
0.131263
0.100402
0.114113
0.119995
0.117974
0.079447
0.071683
0.083556
0.078998
0.039526
0.072121
0.082392
0.086657
0.066532
0.050841
0.086283
0.056394
0.094737
0.119719
0.043728
0.091185
0.076932
0.083840
0.091535
0.085196
0.068884
0.052362
0.082442
0.065458
0.086115
0.078920
0.076860
0.140521
0.069917
0.059038
0.052166
0.054264
0.103743
0.073690
0.080862
0.079589
0.087829
0.135880
0.039006
0.070560
0.033780
0.054856
0.085703
0.072272
0.075614
0.059399
0.154655
0.097567
0.130550
0.081792
0.098693
0.087028
0.094666
0.065675
0.053949
0.039250
0.108757
0.111145
0.171794
0.102522
0.140735
0.091562
0.070181
0.111835
0.080762
0.065816
0.137722
0.111755
0.077690
0.099641
0.116833
0.096664
0.083418
0.048929
0.070284
0.051791
0.114876
0.089299
0.103600
0.155600
0.063033
0.093216
0.088689
0.080738
0.090463
0.064171
0.094471
0.083961
0.057714
0.046174
0.053574
0.075611
0.085222
0.074627
0.067126
0.111138
0.100971
0.069311
0.067586
0.085838
0.065265
0.096792
0.102270
0.120961
0.114635
0.067299
0.061470
0.140379
0.115275
0.137825
0.086572
0.095057
0.124077
0.073481
0.108487
0.059486
0.083684
0.105420
0.071162
0.052459
0.088176
0.120765
0.084658
0.063876
0.109896
0.095191
0.121406
0.141152
0.106567
0.041405
0.090810
0.138202
0.127205
0.140750
0.054297
0.150669
0.138180
0.154201
0.079427
0.078808
0.092953
0.152071
0.115342
0.215912
0.135904
0.186065
0.162361
0.135623
0.112017
0.044273
0.100260
0.099128
0.065204
0.163939
0.095721
0.054034
0.065739
0.136552
0.105902
0.081787
0.079627
0.144951
0.099241
0.097495
0.122173
0.099282
0.125966
0.112715
0.083006
0.174384
0.124282
0.103556
0.120942
0.078466
0.088320
0.097946
0.119273
0.069153
0.122980
0.071682
0.125763
0.068186
0.052818
0.121627
0.080660
0.074830
0.147239
0.103644
0.123639
0.137694
0.144031
0.139781
0.084232
0.061049
0.170813
0.119112
0.136009
0.137025
0.065436
0.056916
0.098011
0.084783
0.124997
0.066918
0.111748
0.143543
0.100663
0.095999
0.076655
0.146089
0.107278
0.150511
0.146801
0.117711
0.089368
0.127418
0.099618
0.141321
0.097041
0.096033
0.105924
0.090488
0.115568
0.049108
0.073364
0.111192
0.046926
0.075980
0.086535
0.085683
0.120818
0.100589
0.110375
0.040570
0.120445
0.187728
0.093118
0.048714
0.060619
0.092678
0.088334
0.048610
0.100850
0.067881
0.042858
0.074583
0.104358
0.119180
0.058995
0.082287
0.059878
0.058275
0.081598
0.094699
0.076492
0.097456
0.061451
0.092099
0.073231
0.095123
0.046343
0.079821
0.047761
0.093987
0.077814
0.086929
0.062619
0.033675
0.069872
0.077831
0.076490
0.059265
0.073701
0.038509
0.099102
0.080329
0.062412
0.107204
0.066789
0.039208
0.059839
0.053347
0.050121
0.096508
0.065919
0.117254
0.085043
0.117695
0.107896
0.097477
0.091712
0.157860
0.162233
0.127592
0.071912
0.093139
0.080417
0.108846
0.107285
0.128525
0.083644
0.111922
0.091266
0.104529
0.141229
0.097006
0.132579
0.132927
0.159860
0.170374
0.097663
0.072465
0.131406
0.120988
0.080019
0.086087
0.111795
0.052562
0.092138
0.068946
0.073752
0.097828
0.058303
0.051481
0.078772
0.093413
0.133540
0.069725
0.112972
0.100955
0.113638
0.087963
0.065932
0.083598
0.052855
0.099456
0.128039
0.108958
0.107308
0.090532
0.068047
0.084671
0.074232
0.042385
0.083287
0.067125
0.101549
0.080820
0.098425
0.081168
0.057250
0.041470
0.091683
0.126809
0.098051
0.102657
0.196220
0.055122
0.139345
0.101644
0.090967
0.077400
0.063076
0.069862
0.053803
0.044786
0.092888
0.093653
0.068689
0.090207
0.048659
0.097764
0.076816
0.072705
0.071925
0.100365
0.079539
0.156259
0.102828
0.053877
0.118944
0.077763
0.070669
0.107249
0.068231
0.090975
0.108699
0.076525
0.079759
0.089171
0.059800
0.083436
0.104824
0.092878
0.145577
0.117778
0.158732
0.107823
0.100454
0.096264
0.175269
0.129119
0.110162
0.093576
0.112849
0.108006
0.102827
0.260583
0.191918
0.166196
0.076437
0.139925
0.197157
0.149390
0.103941
0.097298
0.107634
0.150870
0.124480
0.104963
0.095356
0.105552
0.098912
0.131066
0.194577
0.172110
0.172856
0.124816
0.110044
0.062800
0.072964
0.095762
0.061194
0.085076
0.095299
0.090671
0.074112
0.069756
0.133699
0.113421
0.136449
0.113020
0.165795
0.183952
0.138771
0.213592
0.178668
0.073369
0.094196
0.094917
0.155025
0.138731
0.130783
0.151649
0.126059
0.111700
0.151920
0.165635
0.158294
0.124846
0.191404
0.147585
0.175355
0.205859
0.148041
0.101198
0.154693
0.195823
0.210119
0.120694
0.115410
0.147596
0.174233
0.113724
0.052501
0.080281
0.104058
0.057197
0.139060
0.082298
0.102003
0.116527
0.118429
0.160178
0.097515
0.110609
0.122429
0.081188
0.038956
0.081567
0.133929
0.117818
0.102465
0.090459
0.123180
0.089567
0.118741
0.118302
0.115365
0.106744
0.097623
0.101889
0.127664
0.137498
0.086692
0.101938
0.062654
0.088581
0.057760
0.105489
0.100829
0.126014
0.075790
0.147528
0.077079
0.162414
0.122455
0.173029
0.101220
0.149935
0.181832
0.167204
0.178853
0.153552
0.121095
0.126512
0.074564
0.099382
0.098607
0.199556
0.208691
0.190053
0.185172
0.133438
0.170522
0.123205
0.115290
0.174757
0.173853
0.104390
0.076637
0.077889
0.138461
0.103821
0.128002
0.104805
0.040648
0.115260
0.121053
0.076970
0.048233
0.183474
0.153288
0.135888
0.135154
0.113163
0.140820
0.126960
0.103244
0.061049
0.100692
0.076281
0.061760
0.064078
0.101018
0.099427
0.071415
0.088656
0.071974
0.092630
0.074914
0.036374
0.105200
0.070112
0.102181
0.133404
0.071581
0.079574
0.113916
0.112543
0.091865
0.061593
0.075196
0.062231
0.084378
0.146016
0.087675
0.080895
0.106250
0.056599
