0.034988
14.821179
0.221025
0.047217
0.077011
0.072618
0.034321
0.048478
0.034107
0.090704
0.070028
0.095428
0.036458
0.044925
0.086100
0.062284
0.042373
0.050468
0.084320
0.056565
0.065501
0.064500
0.082805
0.045058
0.059587
0.061298
0.052724
0.086786
0.053990
0.064019
0.114615
0.064543
0.131351
0.091230
0.055617
0.095783
0.063163
0.086210
0.050452
0.079733
0.097688
0.061162
0.071104
0.061330
0.077075
0.083511
0.110137
0.078451
0.076484
0.114264
0.069798
0.067394
0.130876
0.071097
0.128645
0.049744
0.054003
0.096054
0.089661
0.074704
0.071249
0.060724
0.097112
0.087117
0.062686
0.110437
0.111579
0.099753
0.092071
0.083144
0.109931
0.033183
0.105602
0.082861
0.062340
0.076865
0.072404
0.058771
0.066120
0.062437
0.073603
0.098990
0.095438
0.087609
0.123979
0.097711
0.149404
0.094949
0.082802
0.121597
0.087022
0.111881
0.105254
0.067066
0.085365
0.096139
0.086630
0.058594
0.075629
0.058154
0.051716
0.087232
0.081394
0.089023
0.082709
0.079451
0.081290
0.093181
0.043660
0.103072
0.087034
0.066992
0.115067
0.126076
0.097433
0.070751
0.100884
0.082244
0.053836
0.065423
0.067023
0.078629
0.052487
0.042152
0.070429
0.062236
0.081427
0.093775
0.074714
0.102601
0.055257
0.071876
0.063630
0.131308
0.063140
0.054448
0.053068
0.044909
0.060308
0.047083
0.080007
0.038417
0.059435
0.117723
0.089799
0.053125
0.101016
0.112753
0.099850
0.068319
0.096967
0.103565
0.049303
0.030548
0.053642
0.101768
0.044756
0.061043
0.056597
0.098640
0.112685
0.105288
0.094942
0.150363
0.073632
0.091624
0.082903
0.082841
0.082596
0.071946
0.123117
0.072819
0.099094
0.106591
0.063778
0.100955
0.070326
0.126208
0.102507
0.070904
0.088901
0.077821
0.094430
0.152004
0.047209
0.034716
0.086900
0.064518
0.064260
0.049709
0.080758
0.065903
0.062803
0.077555
0.115301
0.075899
0.071606
0.092380
0.085978
0.108603
0.097196
0.059518
0.125624
0.061598
0.077826
0.105538
0.062689
0.059650
0.042068
0.069000
0.055158
0.043379
0.055485
0.069524
0.092689
0.117752
0.074511
0.068612
0.052251
0.043387
0.040149
0.106217
0.053966
0.084184
0.089384
0.143578
0.088420
0.056589
0.120958
0.122093
0.114385
0.083679
0.055517
0.106099
0.083701
0.101848
0.098724
0.095460
0.114089
0.113236
0.120960
0.109119
0.160215
0.082974
0.053873
0.110011
0.089749
0.080409
0.187802
0.072880
0.090101
0.084976
0.075369
0.059450
0.063508
0.068717
0.103357
0.084008
0.054726
0.075614
0.101724
0.090564
0.086853
0.123751
0.065700
0.069380
0.088179
0.056744
0.128982
0.058608
0.054371
0.053931
0.102613
0.069568
0.049247
0.060154
0.076416
0.118335
0.118355
0.076627
0.098020
0.046098
0.070857
0.060074
0.055904
0.048852
0.145689
0.095801
0.100771
0.075503
0.107994
0.084396
0.078399
0.049074
0.038441
0.128565
0.047252
0.128084
0.037141
0.084337
0.077889
0.092375
0.080309
0.072633
0.080307
0.049824
0.095278
0.080574
0.060390
0.054393
0.144891
0.069215
0.088029
0.113017
0.079051
0.089336
0.058626
0.051590
0.108484
0.098062
0.076974
0.098647
0.066964
0.088348
0.048284
0.069723
0.059569
0.055211
0.084692
0.076058
0.064085
0.070256
0.087743
0.073896
0.084865
0.079401
0.067766
0.095752
0.061487
0.068130
0.087831
0.106956
0.119112
0.095827
0.059488
0.070485
0.074342
0.089128
0.068949
0.052488
0.048606
0.098076
0.091872
0.083645
0.067483
0.062701
0.098902
0.080163
0.075913
0.057037
0.077793
0.133738
0.086836
0.051095
0.077530
0.042770
0.053262
0.097618
0.079199
0.074443
0.078510
0.070558
0.069752
0.069520
0.093551
0.066527
0.068643
0.062889
0.063499
0.071963
0.099566
0.089631
0.094145
0.043439
0.057569
0.132462
0.084213
0.082210
0.126058
0.133353
0.114351
0.071818
0.115157
0.140198
0.090097
0.069453
0.063672
0.063099
0.168289
0.071640
0.055993
0.065741
0.155188
0.044842
0.089288
0.072402
0.041260
0.111669
0.082635
0.086140
0.056566
0.140273
0.095818
0.102323
0.036407
0.087419
0.070565
0.064536
0.086190
0.043504
0.061430
0.107260
0.117053
0.097863
0.092479
0.058077
0.109519
0.065061
0.108622
0.075996
0.117940
0.054071
0.117783
0.076751
0.104269
0.094142
0.054394
0.038732
0.102297
0.088800
0.060821
0.070137
0.077117
0.076056
0.083628
0.052821
0.102615
0.068328
0.064767
0.057935
0.098858
0.058931
0.044876
0.104545
0.106876
0.085419
0.064759
0.092082
0.089231
0.081510
0.076110
0.065517
0.108753
0.067627
0.128525
0.171481
0.112476
0.135985
0.112024
0.100907
0.073725
0.096780
0.049114
0.128249
0.089216
0.075070
0.078371
0.110698
0.081048
0.060889
0.112722
0.051094
0.088160
0.089062
0.119840
0.107191
0.103352
0.103405
0.081975
0.083328
0.100948
0.114321
0.079647
0.048552
0.060653
0.108617
0.046266
0.037460
0.098476
0.077729
0.072091
0.076012
0.076231
0.095582
0.071913
0.048025
0.108646
0.092304
0.078222
0.089670
0.069658
0.095657
0.049477
0.084741
0.087869
0.096125
0.064991
0.063335
0.068535
0.100612
0.061846
0.051619
0.056985
0.067699
0.067283
0.062433
0.110551
0.055617
0.112493
0.079829
0.081186
0.100735
0.092043
0.055616
0.056307
0.076021
0.097394
0.070246
0.087119
0.046871
0.118593
0.057351
0.075371
0.078331
0.102936
0.065546
0.090613
0.078871
0.076174
0.100287
0.069517
0.057858
0.143061
0.106971
0.070209
0.091036
0.078284
0.155607
0.176422
0.187036
0.131119
0.179307
0.056622
0.085849
0.110282
0.039671
0.063401
0.119179
0.093168
0.151535
0.073245
0.080577
0.110045
0.045476
0.121635
0.087059
0.139718
0.120742
0.052804
0.101703
0.057124
0.078805
0.052664
0.072682
0.085930
0.044699
0.091818
0.050680
0.050611
0.098812
0.057006
0.045667
0.060888
0.039680
0.066909
0.048694
0.065675
0.126472
0.083960
0.069534
0.118244
0.068934
0.066358
0.169366
0.056478
0.090802
0.079614
0.090921
0.060600
0.074039
0.066371
0.098821
0.058578
0.057816
0.069471
0.065767
0.147253
0.053049
0.102254
0.047168
0.079543
0.066660
0.096228
0.110188
0.108745
0.066081
0.161639
0.066606
0.103080
0.046954
0.099746
0.118924
0.103630
0.093069
0.114897
0.175580
0.157753
0.167814
0.129315
0.067362
0.125157
0.127821
0.125779
0.140307
0.067037
0.062682
0.107780
0.092839
0.114766
0.070623
0.089591
0.120543
0.123077
0.081752
0.097804
0.086820
0.094605
0.077074
0.045582
0.079237
0.088201
0.062676
0.054771
0.074673
0.121102
0.104875
0.124425
0.103880
0.087133
0.119232
0.099680
0.079264
0.150346
0.049249
0.119435
0.050909
0.051347
0.097885
0.151449
0.164312
0.093864
0.122590
0.035336
0.052283
0.102732
0.072661
0.078365
0.166536
0.141945
0.074050
0.116216
0.111583
0.086660
0.080777
0.091254
0.056350
0.194139
0.131033
0.120032
0.086552
0.074083
0.044542
0.082760
0.116055
0.104075
0.122222
0.048469
0.127361
0.082627
0.041801
0.076504
0.098875
0.104688
0.143398
0.164751
0.154503
0.097141
0.109469
0.124004
0.100668
0.065609
0.149255
0.083993
0.066196
0.111925
0.102463
0.112447
0.089886
0.104840
0.135065
0.056520
0.105488
0.050806
0.082467
0.113392
0.081411
0.117798
0.115757
0.083876
0.070825
0.064902
0.089092
0.089128
0.070492
0.047877
0.106205
0.175507
0.121199
0.078902
0.085558
0.067737
0.085180
0.163276
0.096493
0.077374
0.080497
0.075257
0.070042
0.034134
0.071490
0.066741
0.067201
0.096480
0.044821
0.075949
0.066683
0.057882
0.057084
0.092578
0.123338
0.130277
0.109302
0.071058
0.120270
0.097035
0.108487
0.076360
0.064622
0.112962
0.064549
0.123233
0.115760
0.133660
0.087725
0.197071
0.112929
0.098853
0.132305
0.046020
0.088254
0.125625
0.096156
0.052593
0.063624
0.087756
0.111853
0.102621
0.093087
0.091742
0.091812
0.107654
0.125756
0.077554
0.109597
0.088072
0.114642
0.090673
0.103410
0.095448
0.099936
0.094981
0.065876
0.102691
0.096964
0.127093
0.120421
0.139801
0.118691
0.068185
0.057167
0.096172
0.054126
0.060615
0.104528
0.152332
0.104139
0.109952
0.136808
0.103165
0.084079
0.082491
0.159119
0.126602
0.133469
0.128829
0.100298
0.175044
0.088408
0.113677
0.115218
0.083924
0.074040
0.072684
0.093526
0.139156
0.078030
0.064407
0.114524
0.082665
0.082106
0.140476
0.061845
0.110989
0.159714
0.100735
0.101403
0.092418
0.082097
0.079045
0.071522
0.110309
0.094424
0.133320
0.155653
0.110803
0.069800
0.037744
0.085452
0.147011
0.145306
0.080195
0.110616
0.184700
0.052357
0.058531
0.071340
0.107442
0.109561
0.119905
0.098238
0.073954
0.106706
0.156140
0.093994
0.107666
0.097924
0.154650
0.125476
0.076414
0.097862
0.109417
0.144880
0.136896
0.086772
0.070240
0.075479
0.089180
0.147921
0.092436
0.041835
0.106939
0.076944
0.121281
0.069177
0.149311
0.055944
0.068221
0.120695
0.102746
0.077856
0.110757
0.120431
0.084427
0.157171
0.106554
0.120948
0.091785
0.133796
0.113632
0.063474
0.180091
0.164293
0.101816
0.066173
0.115693
0.048746
0.112692
0.068401
0.099235
0.133584
0.153139
0.108922
0.084154
0.089241
0.103070
0.112408
0.136927
0.102432
0.136512
0.083566
0.076416
0.121258
0.067220
0.098750
0.071290
0.100514
0.082454
0.112297
0.072922
0.110289
0.095685
0.087021
0.072925
0.138939
0.046480
0.095196
0.041401
0.047896
0.090806
0.087612
0.097967
0.069472
0.060840
0.101202
0.119156
0.095862
0.114588
0.109810
0.067790
0.088999
0.080705
0.083858
0.082017
0.040324
0.066759
0.060858
0.036289
0.110812
0.080203
0.096873
0.094290
0.047369
0.130794
0.046917
0.105505
0.082452
0.097913
0.095108
0.108924
0.125441
0.046526
0.065828
0.080319
0.072315
0.045030
0.078388
0.092421
0.080555
0.117771
0.108704
0.095168
0.100036
0.059449
0.126132
0.124214
0.065678
0.125255
0.120598
0.138036
0.124179
0.112472
0.086011
0.054649
0.118920
0.040904
0.129053
0.125948
0.107868
0.083586
0.141362
0.099418
0.123626
0.074341
0.098100
0.047577
0.093320
0.120891
0.092171
0.100852
0.083867
0.120376
0.119368
0.106009
0.159957
0.155845
0.093112
0.205965
0.085743
0.093951
0.095875
0.109556
0.071016
0.133359
0.147042
0.074661
0.079993
0.086102
0.069105
0.058174
0.091182
0.052620
0.183239
0.096400
0.117911
0.111548
0.129452
0.172880
0.116543
0.135979
0.101234
0.134623
0.110552
0.138600
0.133234
0.066616
0.073978
0.121428
0.136933
0.102313
0.086271
0.117585
0.079981
0.063299
0.134018
0.042504
0.072808
0.081515
0.116150
0.081766
0.131951
0.118718
0.145919
0.100945
0.126302
0.110485
0.066561
0.112781
0.105057
0.079175
0.108595
0.080657
0.050641
0.126203
0.102533
0.056101
0.106387
0.074368
0.100847
0.098059
0.063247
0.090027
0.100487
0.123142
0.118255
0.070661
0.114124
0.055334
0.101002
0.142943
0.095866
0.059566
0.085186
0.081794
0.159150
0.112696
0.147929
0.094153
0.095647
0.070453
0.095293
0.071251
0.112196
0.072257
0.083390
0.107287
0.058851
0.195839
0.179767
0.071335
0.191169
0.133293
0.137374
0.065528
0.083422
0.074309
0.123581
0.141450
0.092091
0.109723
0.130690
0.124922
0.103350
0.062477
0.134843
0.053426
0.114701
0.090531
0.139343
0.189367
0.196704
0.141787
0.088481
0.086058
0.138894
0.103114
0.067433
0.116667
0.058509
0.090138
0.116236
0.114440
0.119954
0.073565
0.130912
0.081064
0.108370
0.081783
0.090012
0.076556
0.082330
0.141699
0.119050
0.130449
0.068123
0.175373
0.105087
0.079055
0.113433
0.120981
0.111879
0.073158
0.102719
0.061906
0.119367
0.121094
0.080723
0.083389
0.047951
0.117247
0.066821
0.060627
0.091027
0.090202
0.083524
0.075425
0.110901
0.078284
0.100933
0.072296
0.082210
0.109362
0.077142
0.046236
0.068333
0.120256
0.092519
0.081660
0.085376
0.161951
0.107227
0.083234
0.110513
0.071085
0.118740
0.114644
0.145345
0.095093
0.161278
0.088691
0.082189
0.143874
0.090520
0.141271
0.106159
0.073657
0.149338
0.113823
0.139218
0.255340
0.162517
0.233227
0.175526
0.143989
0.112475
0.077450
0.130739
0.132016
0.097829
0.131348
0.092610
0.079092
0.062464
0.078866
0.115865
0.079397
0.113379
0.127262
0.124781
0.108013
0.050284
0.128316
0.131175
0.142690
0.134273
0.071790
0.106014
0.081479
0.097444
0.137615
0.087667
0.099064
0.135371
0.118347
0.082051
0.069505
0.123830
0.117425
0.081974
0.104052
0.117131
0.047582
0.096736
0.113748
0.078538
0.060833
0.071065
0.116270
0.100000
0.105917
0.078266
0.120472
0.061263
0.123194
0.094402
0.118781
0.067760
0.103098
0.114543
0.076738
0.116969
0.081375
0.065258
0.064367
0.101169
0.086549
0.129658
0.094377
0.115052
0.104082
0.168172
0.143701
0.092967
0.093560
0.108364
0.139698
0.086074
0.042252
0.094706
0.119301
0.119235
0.054917
0.056533
0.064629
0.144279
0.111591
0.074092
0.105589
0.098658
0.096455
0.158692
0.108282
0.105223
0.119090
0.042280
0.058278
0.067988
0.070614
0.087115
0.063548
0.080712
0.112537
0.097731
0.133723
0.094893
0.098495
0.080086
0.079718
0.058785
0.156937
0.138623
0.100795
0.109524
0.059354
0.129813
0.107846
0.147998
0.050675
0.083063
0.101668
0.087106
0.091557
0.113775
0.111677
0.065666
0.078660
0.054988
0.050525
0.102366
0.079932
0.130989
0.123462
0.064434
0.112231
0.100564
0.119542
0.068161
0.079364
0.099245
0.114705
0.071386
0.084937
0.082560
0.123761
0.073616
0.098588
0.120889
0.127097
0.082684
0.148842
0.118220
0.098211
0.103154
0.051816
0.090564
0.081912
0.164770
0.089911
0.116622
0.089593
0.145013
0.077379
0.105528
0.123610
0.131644
0.172434
0.101037
0.056816
0.052487
0.149301
0.100731
0.101467
0.144972
0.085928
0.177530
0.113660
0.068533
0.157382
0.055105
0.092419
0.098669
0.119508
0.133120
0.110455
0.127779
0.122075
0.100312
0.061962
0.214778
0.111366
0.071472
0.105814
0.096525
0.101455
0.078663
0.062994
0.084028
0.123178
0.094874
0.066644
0.141793
0.065646
0.073879
0.065275
0.089662
0.142931
0.116112
0.074650
0.113688
0.145598
0.072830
0.079671
0.107297
0.086506
0.103175
0.138591
0.136748
0.106267
0.102512
0.127931
0.152782
0.097473
0.131015
0.095999
0.102186
0.099195
0.147798
0.150879
0.081697
0.114551
0.080219
0.107742
0.073111
0.074538
0.137028
0.076889
0.098519
0.068250
0.117553
0.074162
0.136523
0.089550
0.070189
0.078562
0.118684
0.077474
0.104526
0.055433
0.091480
0.057338
0.146312
0.114630
0.084482
0.107178
0.105347
0.137202
0.132861
0.132405
0.106022
0.067349
0.103382
0.069824
0.132945
0.072870
0.129803
0.099632
0.153180
0.117765
0.154858
0.143762
0.135458
0.078371
0.081206
0.082104
0.080414
0.046304
0.069218
0.062885
0.073816
0.088810
0.092575
0.097441
0.176044
0.101765
0.105390
0.177468
0.164381
0.058235
0.080661
0.115017
0.083648
0.088952
0.083083
0.098543
0.049712
0.082397
0.056790
0.168700
0.085093
0.088651
0.074519
0.119525
0.056255
0.114186
0.125220
0.106667
0.075606
0.093056
0.096426
0.069837
0.104064
0.084749
0.147632
0.126415
0.118162
0.078686
0.072352
0.112712
0.209396
0.130519
0.078686
0.127759
0.100381
0.107982
0.109292
0.128617
0.105488
0.057684
0.127157
0.064323
0.100900
0.146709
0.117481
0.065197
0.142347
0.065593
0.071509
0.095798
0.130375
0.111069
0.062422
0.087413
0.087527
0.109941
0.064664
0.064828
0.070319
0.057474
0.087919
0.110346
0.085279
0.173281
0.074256
0.076082
0.136796
0.102524
0.060215
0.045983
0.089936
0.143209
0.131786
0.166209
0.150624
0.144679
0.170781
0.092579
0.060539
0.049901
0.133690
0.115369
0.100529
0.105339
0.136539
0.143204
0.191545
0.117686
0.101073
0.119437
0.121664
0.121032
0.069156
0.084101
0.078673
0.096700
0.127460
0.115637
0.081963
0.132326
0.151720
0.190493
0.156076
0.111682
0.118770
0.093060
0.129728
0.147240
0.061555
0.139499
0.103857
0.110564
0.118634
0.137769
0.074235
0.146929
0.104135
0.096952
0.204218
0.084064
0.141363
0.138099
0.102697
0.065102
0.085538
0.133646
0.109145
0.110831
0.131945
0.132597
0.112931
0.141078
0.111985
0.148114
0.108572
0.144719
0.125284
0.159593
0.086641
0.106249
0.074944
0.063883
0.098058
0.084580
0.070410
0.063411
0.114793
0.098085
0.144031
0.078448
0.090014
0.140518
0.076163
0.115905
0.160726
0.129892
0.119878
0.103276
0.090478
0.105370
0.124692
0.124584
0.138842
0.125777
0.112353
0.094275
0.128274
0.123814
0.066459
0.180656
0.047552
0.124397
0.202938
0.093929
0.170839
0.164473
0.164592
0.138617
0.082375
0.121319
0.165564
0.157938
0.115171
0.127599
0.098476
0.073784
0.127193
0.161460
0.148439
0.143160
0.100439
0.108154
0.102382
0.110324
0.088618
0.127287
0.143976
0.154340
0.110915
0.088362
0.081618
0.182563
0.144275
0.131486
0.168275
0.151795
0.105588
0.124683
0.054666
0.191101
0.132415
0.137926
0.159363
0.047467
0.072847
0.118629
0.089184
0.080285
0.091519
0.074567
0.076276
0.097171
0.070817
0.073019
0.052410
0.065460
0.059316
0.096136
0.064221
0.167217
0.154519
0.078376
0.113571
0.096481
0.136568
0.123118
0.097515
0.140134
0.076389
0.108296
0.084091
0.059165
0.112405
0.089023
0.143860
0.097657
0.065564
0.061187
0.118631
0.071648
0.059020
0.106347
0.113291
0.111830
0.125495
0.062733
0.065072
0.070965
0.089735
0.076469
0.129158
0.123527
0.179709
0.070113
0.080827
0.086608
0.074642
0.158433
0.125332
0.122200
0.129284
0.045572
0.102655
0.079475
0.080720
0.129850
0.119197
0.113863
0.082322
0.076761
0.071550
0.052686
0.078038
0.073223
0.095331
0.048863
0.115800
0.082769
0.097388
0.118055
0.158377
0.137327
0.124958
0.140909
0.184329
0.130339
0.183487
0.135895
0.055616
0.117400
0.150411
0.144987
0.107306
0.069478
0.157314
0.110742
0.062732
0.085281
0.078679
0.077373
0.072299
0.078855
0.106127
0.098941
0.114960
0.100067
0.138097
0.161422
0.063057
0.141353
0.156313
0.109962
0.100507
0.096402
0.065634
0.155425
0.128176
0.119463
0.068298
0.119866
0.103487
0.107339
0.106589
0.119319
0.096482
0.061530
0.118836
0.070368
0.117032
0.095710
0.055920
0.147693
0.070210
0.146248
0.089409
0.120049
0.158136
0.126625
0.052402
0.124024
0.101308
0.106220
0.071030
0.086964
0.094583
0.070233
0.085660
0.130729
0.092241
0.064739
0.097668
0.087868
0.068890
0.104903
0.058236
0.110882
0.097530
0.072875
0.051088
0.082508
0.078414
0.071083
0.091472
0.096956
0.099342
0.060672
0.072800
0.047347
0.037131
0.069111
0.116604
0.175794
0.060173
0.092731
0.160387
0.122784
0.097337
0.137541
0.126186
0.104622
0.069495
0.099185
0.064827
0.104314
0.092647
0.066447
0.085720
0.082260
0.101189
0.092280
0.069452
0.055664
0.090966
0.065190
0.069455
0.078399
0.095868
0.080369
0.074761
0.092056
0.157607
0.080631
0.078463
0.145552
0.067066
0.124709
0.151725
0.103737
0.095694
0.101030
0.088610
0.062421
0.081505
0.112149
0.118007
0.096712
0.094769
0.080746
0.189698
0.129004
0.123731
0.041319
0.107794
0.118660
0.111856
0.142952
0.106910
0.083429
0.103349
0.136238
0.090467
0.118173
0.056203
0.120828
0.053256
0.136493
0.098532
0.073661
0.107073
0.110264
0.099764
0.125184
0.130981
0.072355
0.057689
0.087358
0.067980
0.123343
0.119816
0.088710
0.133120
0.085121
0.090528
0.071852
0.137670
0.133132
0.055164
0.095680
0.129237
0.197868
0.158537
0.121113
0.103236
0.141603
0.080154
0.143223
0.077507
0.081404
0.087486
0.115960
0.101732
0.130650
0.149393
0.113486
0.093948
0.070933
0.100262
0.058858
0.044822
0.059830
0.145967
0.130608
0.073207
0.126655
0.090731
0.156511
0.232013
0.159570
0.178085
0.067816
0.100113
0.084696
0.081980
0.046296
0.064757
0.079181
0.050917
0.056818
0.045486
0.068777
0.081329
0.053230
0.193166
0.134688
0.183753
0.131015
0.133356
0.133510
0.125915
0.160357
0.072123
0.127095
0.154352
0.146301
0.168966
0.083044
0.055311
0.127396
0.121910
0.086620
0.065821
0.142358
0.139658
0.097260
0.169031
0.176235
0.072284
0.139902
0.060120
0.119686
0.061131
0.060299
0.109900
0.128861
0.103202
0.105028
0.105907
0.122649
0.105067
0.064864
0.076087
0.071891
0.065674
0.081157
0.099764
0.110201
0.126826
0.091554
0.224127
0.071928
0.080839
0.127033
0.101953
0.098510
0.048026
0.059450
0.079880
0.081429
0.051782
0.075068
0.072102
0.089415
0.131454
0.086267
0.082499
0.108306
0.095065
0.073766
0.046277
0.090258
0.073105
0.086048
0.131204
0.110940
0.093975
0.140582
0.066474
0.129380
0.116346
0.076607
0.110207
0.074873
0.113032
0.078344
0.053707
0.177180
0.122915
0.072757
0.115924
0.086737
0.093171
0.074536
0.054662
0.072828
0.083681
0.081680
0.071857
0.064895
0.075091
0.072986
0.121007
0.060685
0.095037
0.093744
0.068457
0.052229
0.088348
0.058960
0.074005
0.077048
0.063483
0.061348
0.048558
0.091951
0.089277
0.074134
0.104327
0.092566
0.066644
0.054560
0.046999
0.097630
0.072197
0.076881
0.066885
0.056580
0.143852
0.062355
0.099908
0.144016
0.118208
0.147357
0.175460
0.104749
0.172443
0.104262
0.088320
0.133410
0.198516
0.126061
0.165240
0.147603
0.138919
0.126896
0.131143
0.170925
0.220048
0.153354
0.126822
0.078426
0.048407
0.073582
0.100858
0.070451
0.100415
0.131744
0.056476
0.115223
0.109294
0.078504
0.219891
0.090056
0.131696
0.121745
0.133193
0.079809
0.082093
0.086645
0.075150
0.116715
0.142833
0.170072
0.104559
0.064572
0.078215
0.137514
0.176378
0.096952
0.137725
0.102021
0.140995
0.134839
0.086275
0.124647
0.084819
0.151719
0.159423
0.105231
0.162607
0.156210
0.095764
0.051530
0.121900
0.130903
0.164824
0.132097
0.175588
0.119550
0.097595
0.157487
0.118428
0.128442
0.190326
0.087742
0.132504
0.083370
0.095401
0.128633
0.131083
0.148794
0.158126
0.070076
0.051844
0.128077
0.130386
0.099047
0.120575
0.150506
0.100366
0.157904
0.103355
0.182569
0.160192
0.089857
0.124901
0.114603
0.122993
0.132850
0.082716
0.104840
0.071947
0.127120
0.117819
0.063551
0.072972
0.062810
0.092439
0.064901
0.041283
0.076355
0.064442
0.062339
0.084945
0.035415
0.101669
0.055551
0.067536
0.159365
0.171307
0.133699
0.044452
0.128015
0.124941
0.134341
0.121116
0.096533
0.139521
0.113068
0.082067
0.090365
0.130339
0.046129
0.144934
0.062905
0.103847
0.115357
0.113602
0.088889
0.065995
0.131471
0.188457
0.094094
0.104942
0.178919
0.164095
0.203665
0.079386
0.064592
0.087349
0.121518
0.087704
0.135552
0.100648
0.062841
0.095560
0.078399
0.159884
0.171582
0.123024
0.085361
0.040879
0.105696
0.095331
0.087075
0.113160
0.052830
0.074484
0.090004
0.086711
0.052348
0.062945
0.045842
0.051012
0.077284
0.073643
0.096602
0.036546
0.048925
0.060343
0.093754
0.076008
0.045702
0.047158
0.102455
0.070618
0.078159
0.069542
0.101312
0.102348
0.064394
0.057001
0.043565
0.089217
0.078848
0.099558
0.099572
0.129408
0.204980
0.137272
0.150317
0.137813
0.066227
0.105170
0.062990
0.093540
0.115153
0.076053
0.078179
0.154266
0.228388
0.173620
0.149075
0.155386
0.174204
0.125049
0.070158
0.090162
0.097409
0.089973
0.109003
0.074106
0.101070
0.102610
0.131670
0.055623
0.074620
0.090256
0.089347
0.123167
0.120040
0.160927
0.075166
0.071764
0.143688
0.096409
0.163604
0.147479
0.093948
0.128777
0.148046
0.154385
0.132880
0.181309
0.119322
0.152996
0.142191
0.119500
0.156319
0.165579
0.104813
0.096621
0.134770
0.168051
0.127704
0.133549
0.089057
0.155439
0.199722
0.110926
0.157642
0.188750
0.083932
0.182560
0.141522
0.159815
0.111673
0.046242
0.064694
0.069350
0.102021
0.052410
0.211069
0.233828
0.081068
0.078376
0.100173
0.052998
0.082382
0.109033
0.096489
0.062603
0.131839
0.072625
0.062756
0.125066
0.121612
0.191920
0.207492
0.132706
0.134762
0.109145
0.167816
0.196992
0.066222
0.102172
0.079822
0.085950
0.111061
0.144510
0.127737
0.096794
0.112498
0.165201
0.136859
0.118534
0.085623
0.063542
0.084078
0.099880
0.098986
0.177081
0.124653
0.135192
0.097238
0.141892
0.125545
0.070371
0.063353
0.125142
0.083265
0.173326
0.091866
0.061579
0.072933
0.071642
0.106796
0.158812
0.217190
0.133776
0.100796
0.181260
0.107749
0.136537
0.176588
0.137103
0.052788
0.093158
0.056550
0.119483
0.066747
0.102645
0.114720
0.075568
0.073759
0.087749
0.091754
0.076135
0.090689
0.058247
0.085792
0.071273
0.145662
0.100630
0.058845
0.134176
0.112475
0.097664
0.062620
0.098170
0.156303
0.177976
0.123550
0.097602
0.131971
0.114320
0.120846
0.089439
0.052513
0.121358
0.121742
0.061306
0.096449
0.065241
0.127228
0.131756
0.101516
0.077289
0.100070
0.075958
0.117327
0.097444
0.099021
0.109569
0.142685
0.216071
0.084686
0.064979
0.087162
0.072935
0.131839
0.043754
0.118286
0.120576
0.103544
0.121477
0.094170
0.135840
0.162330
0.157456
0.143770
0.204237
0.124270
0.129194
0.149012
0.077116
0.134569
0.117771
0.151521
0.100488
0.122245
0.168466
0.104728
0.089246
0.083161
0.107330
0.105075
0.111517
0.137221
0.087220
0.085125
0.075084
0.080772
0.053352
0.067820
0.102174
0.096744
0.148790
0.093078
0.103142
0.070559
0.104044
0.114307
0.098802
0.041625
0.073027
0.069740
0.084005
0.092094
0.148641
0.088543
0.056221
0.062194
0.091501
0.121660
0.122810
0.071213
0.096906
0.124013
0.107404
0.133895
0.114141
0.110217
0.097728
0.126583
0.142285
0.161171
0.100248
0.099929
0.065751
0.132270
0.129447
0.126610
0.114684
0.123190
0.125862
0.103451
0.072829
0.088979
0.127992
0.104381
0.131592
0.059866
0.090157
0.088768
0.097524
0.059177
0.071262
0.156829
0.112311
0.113236
0.134882
0.132273
0.125615
0.171681
0.103127
0.119330
0.153468
0.080722
0.121650
0.130264
0.141615
0.154236
0.111988
0.163769
0.055222
0.072573
0.093818
0.121356
0.116224
0.109101
0.123353
0.117527
0.108597
0.118464
0.100097
0.122120
0.070738
0.092311
0.050540
0.069704
0.067814
0.096590
0.098208
0.140614
0.087754
0.154582
0.124875
0.067869
0.103965
0.079404
0.079480
0.095265
0.090149
0.049273
0.125845
0.118889
0.101706
0.154989
0.132325
0.124045
0.123626
0.167249
0.092908
0.080394
0.090002
0.121361
0.088181
0.163106
0.141752
0.180855
0.126863
0.086321
0.074061
0.061374
0.104746
0.171159
0.105190
0.108633
0.107537
0.119183
0.125252
0.115011
0.090704
0.079942
0.044424
0.069269
0.060448
0.082515
0.069772
0.095297
0.121703
0.222289
0.158080
0.137953
0.104692
0.098313
0.126090
0.082555
0.074665
0.072127
0.164074
0.125573
0.129619
0.132100
0.116607
0.116300
0.093300
0.119578
0.127805
0.133784
0.111770
0.089226
0.078692
0.091502
0.163540
0.116812
0.118368
0.099671
0.131205
0.119851
0.103107
0.139909
0.193736
0.136209
0.115593
0.123902
0.218714
0.126025
0.147692
0.132481
0.115938
0.148780
0.098031
0.086876
0.113134
0.113548
0.121628
0.133170
0.138335
0.102378
0.082904
0.124292
0.120117
0.082220
0.125619
0.089992
0.077569
0.088351
0.112703
0.133240
0.127011
0.112648
0.098428
0.104397
0.127046
0.120299
0.080290
0.130347
0.104414
0.149275
0.117968
