557	479	104	176
557	477	103	177
556	477	103	177
556	476	103	178
556	477	103	177
556	476	103	178
556	477	104	177
556	477	104	178
556	476	104	177
556	476	104	178
557	476	103	178
556	476	104	177
556	476	103	178
557	476	103	178
555	476	104	177
556	476	103	177
555	476	103	176
555	476	103	177
555	476	102	173
557	475	101	176
555	474	104	177
555	478	103	175
556	481	103	169
556	483	103	168
557	480	102	172
556	479	102	172
556	479	103	172
556	480	103	172
556	479	103	173
556	481	103	171
557	480	102	172
556	481	103	172
557	480	103	171
557	481	103	172
556	481	103	170
556	481	103	170
556	481	103	171
557	480	103	171
557	481	103	171
556	481	103	170
556	482	103	170
556	481	103	171
556	482	103	170
557	482	103	171
556	482	103	169
556	481	103	171
556	482	103	170
556	482	103	170
556	482	103	170
556	481	103	170
556	481	103	171
556	480	103	171
556	482	103	168
556	481	103	170
556	481	103	171
556	482	103	170
556	481	103	171
556	480	103	172
556	480	103	172
556	480	104	171
555	481	104	171
555	480	104	172
555	480	104	172
555	479	104	174
555	480	104	172
555	480	104	171
555	480	104	172
556	481	104	171
555	480	104	171
555	481	104	172
556	480	104	171
556	480	103	172
556	479	103	172
555	479	104	173
555	480	104	172
555	480	104	170
555	481	104	171
555	482	104	170
556	478	104	173
554	478	104	173
555	475	103	176
556	475	100	175
556	475	101	177
556	476	100	177
556	475	101	177
556	475	101	177
556	476	101	177
556	477	101	177
556	476	100	177
556	477	99	176
556	477	97	176
556	477	98	175
557	477	98	175
557	476	97	175
557	476	97	176
556	476	100	175
556	477	100	177
556	477	100	176
557	476	98	176
556	476	98	177
557	476	98	176
556	476	98	177
556	476	98	176
556	476	98	176
556	476	99	178
556	476	98	176
557	476	98	176
556	476	98	177
556	477	98	176
557	477	96	175
556	477	97	176
557	476	97	176
557	477	95	177
557	477	94	176
557	477	96	176
557	477	94	175
557	477	95	175
556	476	94	177
556	477	94	176
557	477	94	175
557	476	95	175
556	476	97	176
556	476	98	176
557	477	98	176
557	476	99	176
557	476	98	177
556	475	98	177
557	476	98	178
557	476	98	177
556	476	98	177
556	475	98	177
556	476	98	177
556	476	98	177
556	476	98	176
556	476	98	177
556	475	98	177
556	476	99	177
557	476	98	176
557	475	98	177
556	476	99	177
556	476	99	178
556	476	98	177
556	476	99	176
556	476	98	176
556	476	98	177
557	476	98	177
556	476	97	177
557	477	98	176
556	477	98	177
556	477	99	177
557	477	99	176
556	477	101	177
556	477	103	178
556	478	103	177
557	477	103	177
556	477	104	178
556	477	104	177
556	476	103	178
557	476	103	179
556	477	103	178
557	479	103	175
556	482	103	172
556	480	103	174
557	479	102	174
557	478	103	176
556	478	104	177
557	478	103	176
557	476	103	178
556	476	104	178
556	477	104	177
557	477	103	178
558	476	102	178
556	476	102	177
557	476	100	177
557	475	100	178
557	475	100	177
557	474	98	177
557	474	99	177
557	474	98	178
557	474	97	177
556	474	98	177
556	473	98	178
557	473	98	177
557	473	98	177
556	472	96	178
557	473	98	176
557	472	95	178
557	473	97	175
557	472	98	176
557	472	97	178
557	472	99	176
556	471	98	178
557	472	98	176
557	471	98	177
557	471	98	177
557	470	98	178
557	471	99	177
557	471	99	177
557	471	99	178
557	471	99	177
557	471	100	178
557	471	101	177
557	471	102	178
557	471	103	177
557	471	102	177
557	471	103	177
557	471	103	178
557	471	104	177
557	470	104	178
557	470	104	177
557	470	104	178
557	471	103	178
557	470	104	177
557	470	104	178
557	470	103	177
556	470	104	177
556	470	104	177
556	470	104	178
557	470	103	177
557	470	104	177
557	470	103	177
557	470	103	177
556	470	104	177
557	470	104	177
556	470	104	177
556	470	104	177
557	470	103	177
557	471	103	177
557	470	103	178
556	470	104	177
556	470	103	177
556	470	104	177
557	470	104	178
555	470	104	177
556	470	103	178
556	470	104	178
556	470	104	178
555	470	103	176
555	470	99	177
555	470	106	176
554	472	107	174
555	472	103	175
555	475	103	173
555	474	103	172
556	473	102	174
556	471	102	176
555	471	103	177
556	471	103	176
555	470	103	177
555	471	102	177
555	471	102	177
556	471	102	177
556	471	102	177
556	471	102	177
556	471	102	177
556	472	101	177
556	473	102	175
556	475	101	172
556	475	103	172
556	472	102	175
556	470	102	177
557	470	102	177
556	470	104	176
556	470	103	177
556	470	103	176
557	470	102	177
556	469	103	177
555	468	103	178
555	468	104	177
556	470	104	176
555	469	103	178
555	470	104	176
556	469	103	176
556	469	103	177
556	469	103	177
556	469	102	177
556	470	103	176
556	469	102	177
556	470	102	176
557	470	102	177
556	470	102	176
556	469	102	176
556	469	103	177
557	469	102	177
557	469	102	177
557	468	102	178
556	468	102	178
556	470	103	177
556	470	104	177
555	469	104	176
555	469	103	177
555	470	103	177
555	470	104	176
555	470	105	176
555	470	104	176
555	469	103	175
555	472	104	174
554	472	106	174
555	472	105	174
555	472	105	174
556	472	105	175
554	471	106	173
556	470	104	176
556	470	105	176
556	469	106	177
556	469	104	176
555	468	108	177
555	468	106	176
555	469	107	177
555	470	105	175
556	470	107	175
555	470	107	174
555	470	110	175
554	469	109	175
555	468	109	177
556	469	107	177
554	470	107	174
556	473	103	173
555	471	104	175
555	471	103	175
555	471	105	175
555	470	106	175
556	473	106	174
554	471	106	173
556	469	104	176
556	471	103	174
556	471	104	174
557	471	103	173
555	473	104	173
556	473	104	171
557	474	105	172
555	474	105	170
557	474	105	171
556	475	105	169
556	473	105	172
556	474	104	171
556	466	104	177
555	471	104	173
556	471	104	174
556	473	104	172
556	470	104	176
555	467	104	179
556	467	104	179
556	470	104	177
556	468	104	177
556	470	104	178
556	470	104	176
556	469	104	176
556	470	103	177
556	471	103	175
556	471	103	177
556	470	103	176
555	469	104	176
556	468	104	178
555	470	107	175
556	470	105	175
555	472	106	173
555	473	106	171
555	474	105	172
554	471	104	174
555	470	103	175
555	470	103	175
555	470	103	175
555	469	102	176
556	470	102	175
555	470	103	176
555	471	103	175
556	471	103	175
556	471	103	173
556	471	103	175
555	472	104	174
555	470	104	174
555	472	103	173
555	473	103	173
556	472	102	173
555	472	103	174
556	471	103	174
555	472	103	175
556	472	103	174
555	472	104	173
555	472	103	174
556	472	102	174
555	473	103	172
556	474	102	172
555	474	103	171
556	472	102	173
555	470	103	175
556	470	102	175
556	469	103	175
556	468	102	176
556	468	102	176
556	468	102	176
555	468	103	176
556	469	103	174
555	468	103	175
555	469	103	175
556	469	103	175
556	468	102	175
556	469	103	175
556	468	103	175
555	469	103	175
555	468	103	175
555	468	103	174
556	468	103	175
555	468	102	175
556	469	99	168
557	470	98	170
556	468	100	174
556	468	100	176
556	469	100	176
556	469	102	175
556	469	103	177
557	469	103	176
557	469	103	177
557	469	104	178
557	469	103	177
557	469	104	178
556	470	104	176
558	470	103	176
557	470	102	178
557	470	102	176
557	470	102	176
557	470	101	177
557	469	100	177
558	469	98	177
558	469	99	175
558	469	98	177
557	469	98	176
557	469	100	175
557	469	101	176
557	469	100	176
558	469	101	175
557	469	100	176
557	469	99	177
558	469	99	174
557	469	101	177
557	470	102	174
557	470	104	174
557	470	105	174
556	470	108	173
557	470	108	174
556	471	106	171
556	470	105	173
556	469	104	173
556	469	103	174
557	469	103	174
556	469	103	176
557	469	102	175
557	470	102	175
556	470	103	174
557	470	102	174
556	469	104	175
556	469	104	174
556	468	102	175
555	469	102	174
556	469	105	174
554	471	106	173
553	470	108	173
554	471	105	171
553	473	106	171
551	469	108	173
552	469	106	175
554	469	104	172
554	469	104	173
556	472	104	171
555	469	104	173
555	468	104	175
555	467	104	175
556	469	103	173
556	466	103	175
554	469	105	174
555	467	104	176
554	465	105	177
554	465	104	177
554	466	104	177
555	467	104	176
554	467	104	176
556	467	103	176
557	467	102	177
556	466	104	175
555	469	104	174
556	468	104	175
555	467	104	175
555	467	105	176
554	468	105	174
554	468	104	175
554	466	105	174
555	467	104	175
554	467	104	175
556	467	102	175
555	467	103	173
555	467	103	174
555	465	104	175
553	466	104	174
553	465	104	175
553	464	104	174
553	465	104	173
553	464	103	173
553	463	104	174
551	461	105	175
552	464	104	173
552	461	104	176
551	459	104	175
551	460	104	174
550	458	105	176
550	458	105	175
550	457	105	176
549	457	106	175
548	456	105	174
549	456	104	173
547	454	105	174
547	452	105	176
546	453	106	177
546	452	105	176
543	453	107	174
545	453	105	172
544	448	107	175
543	452	108	171
542	450	110	171
543	450	107	171
544	446	105	175
543	445	104	175
543	443	105	176
542	443	104	175
543	443	104	175
542	441	104	175
541	441	106	174
541	439	106	175
541	439	105	174
539	436	105	175
540	436	104	174
540	435	103	175
539	434	103	175
538	432	103	175
537	432	103	175
538	430	102	175
537	431	104	175
537	429	103	176
536	428	103	174
535	427	104	175
535	426	104	175
535	424	105	176
535	424	104	175
535	425	103	174
533	423	104	174
533	422	104	175
533	421	103	173
532	420	103	174
532	419	103	174
531	418	103	174
531	417	103	174
530	416	103	175
530	415	102	174
530	413	103	174
530	414	103	174
530	413	104	175
529	411	103	175
529	410	104	175
528	410	104	174
528	408	102	174
527	407	101	174
527	407	102	174
527	406	101	175
526	404	101	174
526	403	104	175
525	402	105	175
526	403	104	174
525	402	105	174
525	402	105	175
525	402	106	174
525	401	102	174
524	401	105	173
524	401	105	173
523	399	103	175
524	399	106	173
523	398	106	174
523	398	107	174
524	399	107	173
523	399	106	172
523	398	105	174
524	398	104	173
524	398	104	174
524	399	104	173
524	397	103	174
523	398	103	173
524	397	104	174
524	397	104	175
524	396	103	175
524	396	103	175
524	396	104	175
524	396	103	175
524	397	104	175
524	397	104	175
525	397	103	176
525	397	103	176
526	397	103	175
525	397	103	175
525	397	103	176
524	398	104	175
526	399	103	175
526	399	103	176
526	399	103	176
526	399	103	176
526	399	103	176
526	401	103	175
526	401	103	176
526	401	103	176
527	401	103	177
527	402	103	177
527	403	104	176
527	403	104	177
528	404	104	176
528	405	104	177
529	408	104	175
528	408	104	175
529	408	105	175
528	409	105	174
528	410	106	174
526	410	108	175
529	411	104	175
529	410	105	175
528	411	107	175
529	413	105	176
529	415	106	176
531	416	105	176
529	415	105	176
530	417	106	176
529	417	108	175
530	420	107	175
529	421	108	178
529	422	108	175
532	423	102	177
531	424	101	176
532	426	105	175
532	427	105	176
532	428	106	175
532	429	106	175
532	430	106	174
533	430	105	176
533	432	106	175
533	433	106	175
533	434	106	175
534	435	106	175
534	436	106	175
535	436	105	176
535	437	106	175
535	439	105	175
536	439	106	176
536	441	106	176
536	441	105	175
537	442	106	175
537	442	105	176
538	443	103	176
539	444	101	176
540	445	101	176
539	446	103	176
540	446	101	177
541	447	101	177
542	448	101	176
542	449	102	176
541	450	102	176
542	452	102	175
542	451	102	176
543	453	103	175
543	453	102	176
544	454	103	175
544	455	102	175
544	456	102	175
544	457	102	175
544	458	101	175
545	459	102	175
545	459	101	175
546	459	103	175
546	459	102	177
547	459	101	176
547	460	102	175
547	460	102	176
547	462	102	176
547	462	103	177
549	462	103	176
548	462	104	177
550	463	104	176
549	464	104	177
550	463	105	177
550	465	104	177
550	465	105	177
550	465	105	178
550	465	105	178
551	465	104	177
551	466	104	177
551	466	105	178
551	466	105	178
551	466	104	178
551	466	104	177
552	466	104	177
552	466	103	178
552	467	102	177
552	468	101	177
553	468	102	177
552	469	101	177
553	470	102	175
554	468	101	177
554	469	102	176
554	470	102	175
554	470	102	176
553	470	103	176
555	470	102	175
554	471	102	175
553	471	104	175
554	471	103	175
553	470	105	174
554	470	103	176
553	470	105	174
553	471	105	174
553	471	105	174
553	471	104	174
554	471	104	173
553	471	105	174
553	471	104	174
552	470	106	174
553	468	106	176
552	474	105	170
552	481	104	163
552	482	104	163
553	474	105	172
552	468	104	174
553	466	103	178
552	466	105	179
551	467	105	177
551	466	106	178
550	466	104	179
551	466	103	178
552	466	101	177
552	466	100	180
552	466	100	178
552	466	100	179
553	466	101	178
552	466	102	177
552	466	103	178
551	466	104	177
552	466	104	176
552	466	104	175
551	465	105	180
551	466	105	176
551	465	105	177
551	465	105	176
552	464	104	181
551	465	105	177
550	465	105	178
551	464	104	181
550	465	104	176
551	464	104	181
552	465	104	180
550	464	104	178
551	464	104	180
551	465	104	178
551	464	104	176
552	465	102	172
552	464	102	177
552	464	103	179
551	464	104	165
552	465	103	172
553	464	102	170
552	466	101	170
551	463	101	173
552	464	102	174
552	463	99	176
551	465	107	173
551	465	104	175
551	463	105	177
551	463	108	177
550	463	109	175
552	462	107	177
552	464	106	177
551	464	109	175
551	464	105	176
552	464	102	177
552	464	101	178
552	464	103	177
552	464	103	178
551	464	104	177
552	464	105	176
552	464	105	177
552	464	104	177
552	464	105	176
552	464	105	176
551	464	105	177
552	465	104	176
552	464	104	177
552	464	105	176
552	464	104	176
552	465	104	177
552	464	105	176
552	464	104	176
553	465	104	176
552	464	105	176
551	464	105	176
552	464	104	176
552	464	104	175
552	464	104	177
552	464	105	176
553	465	104	176
551	464	105	176
552	464	104	176
552	464	104	176
552	464	105	176
552	464	104	176
551	464	105	176
551	464	104	176
552	464	104	177
552	464	104	176
552	464	104	177
552	464	104	177
551	464	104	177
552	464	105	176
551	463	105	176
552	465	104	176
552	464	104	177
551	464	104	177
551	464	104	177
552	464	103	177
552	463	103	178
552	463	102	177
553	463	102	177
552	464	102	177
552	464	102	177
552	464	102	177
552	464	102	176
552	464	102	177
552	464	102	176
552	463	103	176
552	465	102	175
552	464	103	176
552	465	103	175
552	466	103	174
551	465	104	175
552	465	104	175
552	465	104	174
552	465	103	176
552	465	103	176
553	465	103	176
552	464	104	175
552	464	103	176
552	465	103	176
551	465	104	176
552	465	103	175
553	465	102	176
552	465	103	176
552	465	103	175
551	465	103	175
552	465	103	175
553	465	103	176
552	465	103	176
553	464	103	176
552	464	103	176
553	464	102	176
552	464	103	176
552	464	103	175
552	463	105	177
553	463	103	176
552	463	103	177
553	464	103	177
553	463	103	177
553	463	102	176
553	463	101	177
553	463	102	177
552	463	103	176
553	464	103	177
553	464	102	176
553	464	102	176
553	464	102	177
553	464	102	177
553	464	102	177
553	463	102	176
553	464	101	176
553	463	103	177
553	463	103	177
553	463	102	176
553	463	103	176
553	463	102	177
553	463	102	175
553	463	104	175
553	464	103	174
554	464	102	175
553	463	104	175
553	464	102	175
554	463	103	176
553	463	103	175
553	465	104	175
553	464	103	176
553	464	103	176
553	464	103	175
553	464	103	175
553	464	103	175
553	464	103	176
553	464	103	175
553	465	104	174
553	463	104	175
553	463	104	175
553	462	106	176
553	464	106	175
551	464	109	173
552	466	108	172
551	464	106	175
552	463	106	174
551	465	107	174
552	463	106	174
552	464	108	175
552	463	108	176
552	463	111	175
552	463	110	177
552	465	107	174
552	463	103	174
553	465	102	174
553	465	102	174
552	464	103	175
553	465	102	175
552	464	102	176
553	464	101	175
554	465	101	175
553	463	101	176
553	464	100	175
553	464	101	175
554	463	99	176
553	463	102	175
553	463	101	176
553	463	103	176
553	463	103	176
553	463	103	177
552	463	104	177
553	462	102	177
553	463	102	178
553	463	102	178
552	464	102	177
552	464	102	177
553	467	102	173
553	462	103	178
552	461	104	178
552	462	104	177
553	464	102	177
552	464	103	176
552	463	102	176
554	463	102	175
553	462	103	177
552	462	104	178
552	462	104	177
552	463	103	178
553	462	102	178
553	462	102	177
553	462	102	177
553	463	103	176
553	462	104	177
554	463	104	177
552	463	105	176
553	463	104	176
554	463	104	176
553	462	105	176
553	463	104	177
553	462	105	177
553	463	105	175
553	463	105	177
552	463	105	176
553	462	104	176
552	462	105	177
554	463	104	176
553	463	105	175
552	463	105	177
553	463	104	177
552	462	106	176
553	463	104	176
552	462	105	177
551	462	106	177
553	463	104	177
552	463	106	176
553	463	104	177
552	462	105	177
553	462	105	176
553	463	105	177
552	462	106	176
552	463	105	176
552	463	105	177
553	462	105	176
552	462	105	176
553	463	104	176
552	462	105	177
552	462	106	176
553	463	105	176
552	463	106	176
551	461	106	177
553	462	105	177
552	462	106	176
552	462	106	176
553	462	105	176
551	461	106	176
553	462	104	176
551	462	106	176
552	462	105	176
552	463	105	176
551	461	106	176
552	462	105	176
553	462	105	176
552	462	105	177
552	462	105	176
552	462	105	176
552	462	105	176
552	462	105	176
552	462	104	176
551	461	105	176
552	462	105	176
552	462	106	176
552	462	105	176
551	462	105	177
552	462	105	176
552	462	106	176
551	462	105	177
552	461	105	177
552	462	105	176
551	461	105	176
551	461	105	176
552	462	105	176
551	461	105	176
551	461	105	176
551	461	106	177
552	462	105	177
551	461	105	177
551	461	105	177
551	462	105	177
552	462	105	177
552	462	105	177
551	461	105	177
551	461	104	177
552	462	104	176
551	461	104	179
551	462	104	177
552	462	104	177
552	462	105	176
551	462	106	176
552	462	106	176
551	461	106	176
552	462	105	175
552	462	106	176
551	462	106	176
551	462	106	176
552	462	106	176
551	462	106	176
552	462	106	176
551	462	106	176
552	463	105	176
551	462	106	176
551	461	105	176
553	463	104	175
551	461	106	176
552	462	105	175
552	461	105	176
551	461	106	177
552	462	105	175
553	462	105	176
552	461	105	176
553	462	105	176
552	461	106	176
551	461	106	176
552	462	105	175
552	462	106	176
552	462	106	176
551	462	106	176
552	461	106	177
551	462	106	176
553	462	105	175
551	461	107	177
552	463	106	176
552	462	106	176
551	462	106	175
552	461	106	177
551	462	106	175
552	462	106	176
553	463	105	175
552	462	106	176
552	462	106	176
552	462	106	175
551	461	107	176
553	463	106	175
552	462	107	176
552	463	107	176
553	462	106	176
552	462	106	176
552	462	106	176
553	462	106	176
552	462	106	176
553	462	106	176
552	462	106	176
553	462	106	176
552	462	106	176
552	462	106	176
553	463	106	176
552	462	106	176
552	462	105	176
553	462	105	176
552	462	106	177
553	462	105	176
552	461	106	177
553	462	105	177
552	461	106	177
553	462	105	177
552	461	106	177
552	462	106	176
553	462	105	177
552	462	106	177
552	462	106	176
552	462	106	176
553	462	105	177
553	462	106	177
553	462	106	176
552	462	106	176
553	462	105	177
552	462	106	177
553	462	106	177
552	462	106	176
552	462	106	176
553	462	106	177
552	462	106	176
553	461	105	177
552	461	105	176
551	461	106	176
552	462	105	175
551	461	105	176
552	461	105	176
551	460	106	176
551	460	105	176
552	461	105	175
551	461	106	176
550	460	106	176
551	460	105	176
551	460	105	176
552	461	105	176
551	461	105	176
551	460	105	176
551	461	105	177
551	460	105	177
552	461	105	176
551	461	106	176
551	461	105	176
552	462	104	176
551	462	105	176
552	462	104	176
551	461	106	176
551	462	105	176
551	462	105	176
551	462	105	177
552	462	104	176
551	462	106	177
552	463	104	176
551	462	105	177
551	462	105	176
551	463	104	176
551	462	105	176
552	463	104	176
550	462	106	177
551	463	104	175
551	462	105	176
551	463	104	176
551	463	105	176
551	463	105	175
551	462	105	176
551	463	105	177
551	462	105	176
552	464	104	175
551	463	105	176
551	463	105	176
552	464	105	176
550	464	106	176
551	464	105	176
551	464	106	176
550	464	106	176
551	464	105	176
550	464	105	176
551	465	105	176
551	465	105	176
551	465	105	176
551	465	105	176
551	465	105	176
550	465	106	176
552	465	105	176
551	465	106	176
550	465	106	176
551	466	105	176
550	465	106	176
550	465	106	176
551	465	105	177
551	465	105	177
551	465	105	177
551	465	105	177
552	466	105	176
551	465	105	177
551	465	105	176
552	466	104	177
550	465	106	176
552	466	104	176
551	466	105	176
551	465	105	176
552	465	104	177
551	465	106	177
551	466	105	176
551	465	105	177
553	465	104	177
552	464	105	177
552	465	105	176
552	464	106	176
553	465	104	176
552	465	106	175
553	464	105	176
553	465	105	177
552	464	106	176
553	464	105	175
554	464	105	177
554	463	106	175
553	463	106	176
554	463	105	176
554	462	106	176
554	463	105	176
556	462	105	176
554	461	106	176
556	462	105	176
555	461	106	176
555	461	106	176
555	460	106	176
557	461	105	175
557	460	106	176
557	460	106	176
559	459	105	176
558	458	105	176
558	458	105	176
560	458	105	176
560	458	105	175
561	457	105	176
560	457	106	176
562	458	104	175
562	457	105	176
562	458	105	175
563	457	104	175
563	457	105	176
564	457	105	175
564	457	105	175
564	457	105	176
565	457	105	176
565	456	106	176
566	457	105	175
566	456	106	176
566	457	105	176
566	457	105	177
567	456	106	177
568	458	105	177
567	456	106	178
568	458	106	176
569	457	105	177
568	458	106	177
569	457	106	177
570	458	105	176
570	457	106	178
571	457	105	178
570	458	106	179
571	458	106	179
572	459	106	179
572	458	106	180
572	459	107	179
571	458	107	181
573	459	107	180
573	459	107	181
572	460	107	181
574	460	107	181
573	459	109	182
574	460	108	182
574	462	109	182
573	461	110	182
574	462	110	184
575	462	110	185
575	462	111	186
575	464	112	186
576	464	112	189
574	463	114	187
576	465	112	189
576	464	113	191
577	465	113	192
576	466	114	192
577	468	114	191
577	467	115	193
578	467	115	193
577	468	117	194
578	469	116	195
578	469	117	197
580	471	116	196
580	470	117	198
579	471	118	197
581	471	116	198
581	471	117	199
582	473	116	198
582	472	118	198
584	473	117	198
582	472	119	199
583	473	118	198
584	474	118	199
585	474	118	199
586	474	118	199
587	475	118	199
586	475	119	199
588	476	117	199
589	476	118	198
590	477	117	199
590	477	118	200
591	477	118	199
591	476	118	200
593	477	117	200
594	478	117	199
594	478	118	200
596	479	117	200
597	479	118	198
596	479	118	200
597	479	118	198
598	479	117	199
600	480	117	200
600	479	118	201
601	481	117	199
600	480	118	199
602	480	116	201
602	481	118	201
604	482	117	199
604	482	118	199
605	483	118	200
604	482	118	199
605	482	118	200
606	483	118	198
606	483	118	200
607	484	118	198
607	485	118	199
607	484	119	199
608	484	118	200
609	484	118	199
610	486	118	199
610	486	119	199
610	485	118	199
611	485	117	199
611	485	117	200
611	486	117	200
612	486	118	199
612	485	118	200
613	485	117	200
613	486	117	200
611	485	118	201
613	486	118	198
613	487	118	199
613	487	118	199
613	486	118	199
614	487	117	201
614	487	119	198
614	487	118	200
614	487	119	199
614	486	118	200
615	487	118	199
614	487	117	201
615	488	118	197
616	486	117	201
616	488	118	200
617	488	117	200
616	487	118	201
617	487	117	201
616	487	118	200
617	487	117	201
616	487	117	201
617	488	117	200
617	489	118	200
617	487	118	200
618	488	117	200
616	488	118	201
616	488	119	199
617	488	117	200
617	487	118	200
618	488	117	201
617	488	119	199
619	489	117	199
617	488	119	200
619	488	118	198
618	487	118	199
619	490	118	198
619	488	118	199
619	487	118	200
620	489	117	199
619	488	118	198
619	489	117	197
619	489	118	198
620	489	117	198
619	488	118	199
620	488	117	200
620	488	118	199
620	489	118	200
620	489	118	198
620	488	118	199
621	488	118	199
621	490	118	200
621	489	118	199
621	489	118	199
621	489	118	198
622	489	118	198
622	489	118	199
622	488	118	201
622	489	119	199
622	489	118	198
622	489	118	199
622	489	119	198
623	489	117	200
623	488	118	200
624	490	117	199
623	489	119	199
623	489	118	199
624	489	117	200
623	489	119	200
624	491	118	198
623	490	119	200
623	491	119	200
623	490	119	200
624	490	118	200
624	490	119	200
624	490	118	199
624	491	118	199
625	491	118	200
625	491	118	200
625	491	118	200
625	490	118	200
626	490	117	200
626	491	118	198
626	491	118	199
626	490	118	200
626	491	117	200
626	491	117	200
627	492	117	199
626	491	118	200
627	491	118	198
627	491	118	200
628	491	117	200
628	491	118	199
628	491	118	201
629	493	117	199
629	492	118	199
630	491	117	200
630	492	118	199
631	492	119	198
632	492	118	199
632	492	118	199
633	494	118	199
633	493	118	199
635	495	118	198
636	496	117	199
636	496	118	199
637	497	118	199
636	496	118	200
637	497	119	199
636	498	118	200
637	498	118	200
636	499	119	201
636	500	120	198
637	500	118	200
636	500	118	200
637	500	118	199
636	499	118	200
636	500	119	200
636	500	119	200
636	500	118	199
636	500	118	201
636	500	119	199
636	500	118	200
637	500	118	199
636	500	118	200
636	500	119	199
636	500	118	199
637	500	118	200
636	500	118	200
637	501	118	200
636	500	118	199
637	501	118	200
635	501	119	199
636	501	118	200
636	501	118	199
636	501	118	200
635	501	120	199
635	501	119	200
635	501	119	199
635	501	118	200
635	501	120	198
636	502	118	199
636	501	118	200
636	502	118	200
635	502	118	200
636	502	118	200
635	502	119	199
636	502	117	200
637	503	117	200
635	502	119	201
635	503	118	200
635	502	119	200
634	503	119	200
634	504	118	201
634	505	119	200
634	504	119	199
634	504	118	200
633	504	119	200
634	505	118	200
633	504	118	199
634	504	119	200
633	504	120	199
633	504	119	199
634	505	118	199
633	505	120	198
633	504	119	200
634	504	119	199
633	504	120	199
633	505	119	199
633	504	119	200
633	504	119	199
633	504	120	199
634	504	119	199
634	504	119	200
633	504	119	200
634	504	119	200
634	505	119	200
634	504	118	200
635	504	118	200
635	504	118	201
635	504	118	201
635	505	118	201
635	505	118	201
635	505	118	200
635	505	119	199
635	505	118	200
634	505	118	200
635	505	119	199
634	505	118	201
635	505	119	199
634	505	118	200
635	505	118	199
635	505	118	201
634	505	119	200
635	505	118	200
635	505	118	201
635	504	117	200
635	504	117	200
635	504	117	201
635	504	117	201
635	505	118	201
634	505	118	200
635	505	117	201
635	505	118	200
635	504	118	200
635	504	118	201
635	504	118	200
634	504	118	201
635	505	118	200
635	505	118	201
635	505	118	199
634	505	119	200
635	505	118	200
635	505	118	199
634	504	118	201
634	504	118	201
636	504	117	199
635	504	118	200
635	505	118	201
634	505	118	200
635	505	118	200
635	504	118	200
635	505	117	200
635	505	118	201
635	505	118	200
634	504	118	201
635	504	119	199
635	505	118	200
634	505	118	200
635	505	119	199
634	505	119	200
634	505	119	199
635	506	120	200
635	505	119	199
635	505	119	199
634	504	119	200
635	506	118	197
634	505	117	198
635	505	115	199
635	505	114	198
634	505	113	198
634	505	113	198
634	505	112	198
634	505	114	197
634	505	112	198
634	506	113	198
634	506	112	198
634	505	112	198
634	505	112	198
634	505	113	198
635	505	113	197
635	505	114	199
634	506	115	198
634	505	115	199
634	506	116	199
634	505	116	199
634	505	117	199
634	505	118	199
633	505	119	199
634	505	119	198
633	506	120	198
634	505	119	198
632	506	120	198
633	505	119	198
633	505	119	200
633	506	119	199
633	506	119	198
633	505	119	198
633	506	119	200
633	506	119	198
633	504	119	201
633	505	119	198
633	504	118	200
633	504	118	199
634	504	118	199
633	503	118	201
634	503	118	200
634	503	118	200
634	503	118	199
633	502	118	199
634	501	118	198
634	500	118	199
633	499	118	200
634	500	117	199
633	499	118	200
634	499	118	200
633	499	118	199
634	498	118	200
634	498	118	200
634	499	118	199
633	498	119	200
634	499	119	199
632	499	120	199
634	499	118	199
634	499	118	199
634	499	117	199
634	499	116	200
633	498	115	199
634	498	112	201
633	498	114	199
634	498	114	199
634	498	113	199
633	498	113	199
634	498	113	199
633	498	114	199
633	498	113	198
633	499	114	198
633	498	114	198
632	498	115	197
634	498	114	199
633	498	116	198
633	498	116	199
633	498	116	199
633	497	116	200
633	498	116	199
634	498	116	200
634	498	117	199
634	498	119	200
633	498	120	200
633	497	120	199
634	497	119	201
634	498	119	200
633	497	119	199
634	497	119	200
634	498	119	200
633	498	119	198
633	497	119	199
635	498	118	200
634	498	119	199
633	497	119	199
633	497	118	200
633	498	118	200
633	498	119	199
633	498	119	200
632	498	119	199
633	497	119	199
634	497	118	200
634	497	118	201
633	498	119	199
634	497	118	200
633	497	119	201
633	497	119	198
633	498	119	200
633	497	119	198
634	498	118	200
633	498	119	200
633	497	119	199
634	498	118	200
634	498	119	199
633	498	119	200
633	498	119	199
633	497	119	199
634	498	118	199
633	497	119	200
633	497	119	199
633	498	118	200
634	498	119	199
633	498	119	200
633	498	119	199
632	498	120	200
633	498	120	199
633	498	119	199
633	498	120	199
632	498	119	199
633	498	119	199
633	498	119	199
633	498	119	199
633	498	120	200
633	498	119	200
633	498	119	199
633	498	119	201
633	498	119	199
633	497	119	200
634	498	118	199
633	498	119	201
633	498	119	200
633	498	119	199
633	497	119	201
633	497	119	200
634	499	118	200
633	498	119	200
634	498	118	200
633	498	119	200
634	498	118	200
632	497	119	200
633	498	118	200
633	498	119	199
632	497	119	201
633	498	119	200
633	498	118	200
633	498	119	199
633	498	119	199
633	498	119	199
634	498	118	201
634	499	118	199
633	498	119	201
633	498	118	200
633	498	118	200
633	498	118	201
633	499	118	199
633	498	118	201
633	498	118	199
633	498	119	200
634	497	119	200
632	498	119	201
632	498	119	200
632	498	119	200
633	498	118	200
633	498	119	200
633	498	119	200
633	498	119	201
633	498	119	199
633	498	119	201
633	498	119	199
634	497	119	200
633	497	119	201
632	497	120	199
634	498	119	200
633	497	119	201
633	498	119	200
633	498	119	200
633	498	119	200
632	497	119	200
633	497	119	200
633	497	118	200
633	498	119	200
632	498	120	200
633	498	118	199
633	498	119	200
634	498	118	201
634	498	119	199
633	496	119	202
634	497	119	199
634	497	118	202
635	497	117	201
633	497	119	202
633	497	119	200
633	498	119	200
633	497	119	201
633	499	119	199
633	497	119	201
632	497	119	201
633	498	118	199
633	498	119	199
633	497	119	201
633	497	118	201
634	499	118	200
633	497	118	200
633	497	119	201
634	498	119	199
633	498	119	202
633	499	119	199
633	498	118	201
634	498	117	201
634	498	117	199
633	497	118	202
633	498	118	200
631	501	120	197
634	500	118	197
631	504	120	193
631	494	123	200
633	498	120	200
634	498	118	199
633	498	118	199
634	499	118	200
633	498	119	199
633	497	118	201
634	497	118	200
633	496	118	202
633	501	119	196
633	502	119	194
632	501	119	194
632	497	121	199
631	497	121	197
633	495	117	199
631	496	118	200
631	497	119	199
634	499	117	198
633	500	119	195
632	498	119	199
633	499	118	198
632	499	120	196
632	499	120	199
632	497	119	200
635	497	116	198
633	496	120	201
632	498	120	199
632	498	119	198
633	498	118	198
632	497	120	200
633	497	119	199
634	497	118	200
633	496	119	200
634	496	118	199
632	495	119	201
633	497	119	198
634	496	118	199
633	496	119	200
633	497	118	198
632	496	120	199
632	496	119	200
633	496	119	199
633	496	119	199
633	496	119	199
632	496	120	198
632	496	120	199
632	496	120	199
632	495	120	199
633	495	119	199
632	494	120	199
631	493	120	198
632	491	120	198
632	492	119	199
632	490	120	198
631	489	120	199
632	489	119	199
632	488	118	199
632	487	118	199
632	487	118	199
632	486	117	198
631	485	116	200
631	486	115	199
631	485	114	200
631	484	114	200
631	485	114	199
631	485	115	199
631	486	115	198
630	486	114	199
630	487	115	197
629	487	116	198
630	487	117	197
630	486	115	198
629	487	116	198
629	487	116	197
629	487	115	198
629	488	115	196
630	487	116	196
630	487	114	196
630	487	115	196
629	488	116	197
630	487	115	197
630	488	116	197
630	488	115	197
629	487	116	197
631	488	116	197
631	488	115	197
630	488	115	198
631	487	113	199
629	488	117	198
630	489	115	197
630	488	115	199
633	487	111	200
630	487	114	200
631	487	114	200
631	488	114	200
631	488	114	200
631	488	114	200
630	488	114	200
630	489	116	198
630	489	114	200
630	489	114	198
630	489	115	199
629	490	114	199
630	491	116	198
630	491	115	199
630	491	115	199
629	491	114	199
630	492	116	197
630	491	114	198
629	492	115	198
630	492	115	198
629	492	113	200
629	492	115	199
629	492	114	200
629	492	115	199
629	492	114	200
629	493	115	198
628	492	114	199
628	493	116	197
629	492	112	198
629	493	116	197
628	492	114	200
628	493	114	197
628	493	115	198
628	492	114	199
629	492	115	198
628	491	114	198
628	492	114	199
629	491	112	199
628	491	116	198
628	490	113	199
628	490	115	199
628	490	113	201
629	490	114	198
628	488	113	201
628	489	114	200
628	488	113	201
628	488	113	200
628	488	113	200
627	488	114	202
627	488	114	202
627	488	114	201
628	488	114	200
628	488	114	201
627	488	114	201
627	488	114	201
627	488	114	201
626	488	114	200
627	488	114	201
628	488	114	200
627	488	115	202
627	488	114	200
627	487	114	201
626	487	114	201
626	487	114	202
627	487	114	201
626	487	115	201
626	487	115	202
626	486	114	202
628	487	114	201
628	487	114	202
627	487	114	202
628	488	114	200
627	487	114	201
628	488	115	200
628	487	114	201
628	488	114	201
628	487	113	200
628	487	114	200
628	486	115	201
628	486	114	202
628	487	114	202
628	487	114	201
628	488	114	201
628	488	115	200
629	487	114	201
629	488	114	201
628	488	116	200
628	488	117	201
629	488	117	200
627	487	119	200
628	488	118	199
628	487	119	201
627	487	119	200
628	488	119	200
628	487	119	200
629	488	119	200
628	488	119	200
628	487	119	200
628	487	119	200
628	486	120	200
628	487	120	199
628	486	119	200
628	486	119	200
629	487	120	199
628	485	120	200
628	486	120	200
629	486	120	198
629	486	120	199
629	485	120	200
629	484	120	200
629	485	120	199
629	484	120	199
630	483	119	199
630	483	120	199
629	483	121	200
630	481	120	199
630	481	120	200
630	480	120	200
630	479	121	200
629	480	121	199
629	478	121	199
629	479	121	199
630	478	121	199
630	477	120	199
631	476	119	200
630	476	120	200
630	476	120	200
632	474	118	201
631	474	120	201
633	473	118	200
631	473	119	200
632	473	119	200
632	472	119	200
631	472	119	201
633	471	119	200
633	470	120	201
633	471	119	200
633	471	120	200
633	470	120	201
633	470	120	201
634	470	120	202
633	470	120	200
634	469	120	200
634	470	120	199
634	469	120	201
634	470	120	200
635	469	120	199
635	469	121	200
636	470	121	201
635	469	121	200
636	470	121	200
637	469	122	201
638	470	121	200
639	470	121	201
639	470	121	202
639	470	121	203
641	471	121	201
641	472	122	202
643	472	122	204
643	472	123	205
644	473	122	204
644	472	123	207
645	474	123	206
645	474	124	208
646	475	124	207
648	476	124	208
647	476	126	210
648	477	125	209
649	478	125	210
649	477	127	212
650	479	126	211
651	479	127	212
652	479	127	212
652	479	126	213
653	479	127	213
654	479	127	214
654	479	127	215
656	480	127	215
656	480	127	216
657	480	128	216
658	481	127	215
659	481	128	217
659	481	129	217
660	481	129	218
662	482	129	218
661	481	131	219
663	481	130	220
664	483	130	220
664	482	133	221
666	483	132	222
667	482	133	224
668	483	133	225
668	482	133	224
669	482	133	226
671	481	133	227
672	480	133	229
672	480	134	227
673	478	134	228
673	479	134	227
674	477	133	230
675	477	133	229
675	476	134	231
677	475	133	231
678	475	134	233
678	475	134	233
679	474	134	235
679	474	135	237
681	473	134	236
682	472	135	238
682	472	136	240
682	472	136	238
683	471	136	240
684	471	136	242
685	470	136	241
685	470	138	242
686	470	139	243
686	470	139	244
688	470	139	244
688	470	142	245
690	470	141	246
691	470	143	247
691	469	144	247
691	469	145	247
692	470	146	247
694	471	147	247
695	471	148	246
696	471	149	247
697	471	150	248
697	472	150	247
698	472	151	247
698	472	152	247
699	473	154	246
700	473	155	246
701	473	156	246
700	473	156	246
701	475	157	244
704	475	157	244
704	477	158	242
705	477	160	242
706	479	160	240
707	478	160	241
707	479	162	240
707	482	163	237
708	481	163	238
711	483	161	236
710	483	164	236
711	484	164	235
712	484	165	235
713	487	164	232
713	487	165	232
715	488	164	231
716	489	166	230
715	490	168	229
716	491	169	228
717	492	170	227
718	492	170	227
721	494	168	225
723	494	168	225
720	495	170	224
722	496	170	223
723	496	170	223
723	498	173	221
724	497	173	222
725	500	173	219
726	499	172	220
727	501	174	218
726	501	176	218
728	502	176	217
730	503	176	216
730	503	177	216
731	504	175	215
732	504	179	215
735	504	174	215
734	506	178	213
736	506	179	213
737	507	177	212
736	507	178	212
737	507	180	212
739	507	179	211
738	507	180	212
740	507	179	211
741	508	179	211
741	508	178	211
742	508	180	210
741	509	178	210
743	508	181	210
743	508	179	211
743	509	180	210
744	509	179	210
744	509	180	210
745	508	179	211
746	509	178	210
747	508	181	210
746	508	178	210
747	509	179	210
