275	28	382	517
274	36	391	502
272	40	390	499
272	38	392	497
271	37	389	496
273	37	390	501
273	38	389	499
272	39	393	496
272	38	390	496
272	37	392	500
271	38	388	497
273	38	390	497
272	37	392	497
273	36	391	501
272	38	389	497
272	38	392	499
270	37	390	497
274	37	389	500
271	38	390	496
272	37	392	499
272	37	391	497
273	36	391	500
272	37	390	497
272	36	391	501
271	37	390	497
273	37	391	499
271	38	389	497
272	37	391	499
272	38	389	498
273	37	391	499
271	38	389	497
273	38	391	499
272	38	389	497
272	38	391	499
272	38	391	497
272	37	391	499
272	38	389	497
272	37	391	500
272	38	391	497
272	37	392	499
272	37	391	498
272	37	389	498
272	37	391	499
271	37	389	497
273	37	391	501
272	38	390	497
272	37	392	501
272	38	390	497
272	37	392	501
272	37	390	497
272	37	392	500
271	37	389	497
273	37	390	499
271	38	388	497
273	37	390	500
272	37	389	497
273	36	391	501
272	37	389	498
273	36	390	501
271	37	389	497
272	37	391	501
271	37	390	497
274	37	389	499
273	37	388	499
272	37	391	499
272	37	391	499
272	36	391	499
272	36	388	498
272	36	391	502
272	36	388	498
272	36	391	502
272	37	389	498
272	36	391	501
272	37	389	498
272	36	391	501
271	36	389	498
274	36	388	501
272	37	390	497
273	36	390	501
272	37	388	497
272	36	390	500
273	37	390	498
273	36	387	500
273	36	390	500
273	36	389	499
273	36	387	498
273	36	390	502
273	36	388	498
272	35	391	502
273	36	389	498
274	35	388	501
274	36	390	502
273	36	388	498
274	35	390	503
274	35	387	499
274	35	388	503
274	36	386	499
273	36	390	501
274	37	386	497
274	36	389	501
274	37	386	498
274	37	389	501
275	37	387	497
274	37	389	501
275	36	386	498
275	36	388	502
275	37	385	497
276	39	386	499
279	39	381	496
278	39	384	499
279	40	381	496
281	40	382	498
283	42	378	495
282	43	380	496
281	40	380	496
280	41	383	497
280	42	381	494
276	39	386	500
275	36	385	499
274	37	388	502
275	36	385	499
275	36	388	502
275	37	385	500
276	35	387	502
275	37	385	499
275	36	387	502
275	37	385	498
275	36	388	502
275	37	385	498
275	37	388	502
273	35	385	500
275	35	388	503
275	36	385	499
275	36	388	503
274	36	385	499
274	35	388	503
274	36	385	499
274	35	388	503
274	36	386	499
274	35	388	503
274	35	385	501
274	35	388	504
274	33	386	501
274	33	388	505
275	34	384	502
274	34	387	505
275	33	386	502
275	33	386	504
275	34	384	504
274	34	386	504
274	34	385	504
274	35	387	504
274	35	387	501
274	34	384	504
274	34	388	504
273	34	386	501
274	33	388	505
274	34	385	503
274	35	388	504
273	34	386	501
273	34	389	505
273	35	387	500
273	34	388	505
272	34	387	500
274	34	388	504
274	35	386	500
273	34	389	505
273	34	386	500
274	33	388	505
274	35	386	501
273	33	388	505
275	34	386	503
274	33	385	505
274	33	388	506
273	34	386	500
274	34	389	505
273	34	386	500
274	33	388	506
274	34	386	501
273	34	388	505
274	34	387	500
274	33	387	505
274	33	387	504
275	34	387	504
274	33	385	504
275	34	388	504
274	33	385	503
273	33	388	505
274	33	388	502
275	34	384	504
274	34	388	504
272	33	385	501
275	34	387	504
274	33	384	503
273	34	389	505
272	34	386	500
273	33	388	505
275	34	386	502
274	32	388	505
274	35	385	501
273	34	389	503
273	35	386	502
273	33	389	505
272	34	387	500
274	34	388	504
274	34	387	501
274	34	388	503
274	35	386	499
273	34	389	504
274	35	386	500
273	35	388	503
274	34	389	501
275	34	386	503
274	34	387	503
274	34	386	502
274	34	388	503
274	34	385	503
274	34	389	503
274	34	386	501
274	34	387	504
274	34	388	501
274	34	386	503
274	33	388	504
274	35	385	502
274	34	389	505
273	34	386	500
273	33	388	505
274	34	385	502
273	33	389	506
273	34	385	501
274	33	387	505
274	34	386	502
274	34	389	505
273	34	386	501
273	33	389	505
274	34	386	501
273	33	388	506
273	34	386	500
274	33	388	506
273	33	386	502
274	33	388	506
274	34	386	501
273	33	389	506
274	34	386	500
273	33	389	506
276	35	385	500
273	35	386	503
275	33	388	504
274	35	386	502
273	34	389	503
274	34	386	502
273	34	388	504
274	35	386	502
274	35	388	504
274	34	386	500
273	34	388	504
274	33	387	502
273	32	388	506
274	34	385	502
273	33	388	505
274	35	386	502
273	34	388	503
275	34	387	503
274	33	386	502
274	35	388	503
273	33	386	503
273	33	388	505
274	34	386	502
273	34	388	504
273	34	387	502
273	34	389	503
274	35	388	502
274	33	385	504
274	34	388	504
274	34	387	501
273	34	388	504
274	34	388	502
274	34	386	503
274	34	388	503
274	34	385	502
273	35	388	503
274	35	387	499
273	35	388	503
274	36	389	499
274	35	385	502
274	36	389	501
274	36	386	500
273	36	389	502
273	36	388	499
273	35	390	502
274	35	388	499
273	35	386	502
274	36	389	500
273	35	387	500
273	35	390	502
273	35	387	500
271	35	390	504
272	34	390	500
272	35	387	502
273	36	390	499
271	35	391	501
271	35	391	500
272	35	390	500
271	35	390	500
272	34	390	501
272	35	391	502
271	34	392	500
272	35	389	502
272	35	390	500
272	35	390	504
273	36	390	502
271	36	390	501
272	35	390	501
273	35	390	501
272	35	391	502
272	35	391	501
272	35	391	500
271	35	392	500
273	36	390	502
271	35	392	499
272	36	390	503
272	36	392	500
272	36	391	500
272	35	393	500
272	36	391	500
272	36	391	500
272	36	393	499
272	35	393	499
273	36	390	501
271	36	395	497
272	36	393	498
272	36	393	499
272	35	393	498
272	35	391	499
272	36	392	500
271	35	393	497
272	35	393	500
271	35	394	497
271	36	392	501
272	36	394	499
271	35	393	496
271	35	394	503
272	34	392	498
271	36	392	501
272	34	394	499
271	35	392	498
271	35	394	498
272	34	392	498
271	35	394	502
271	35	393	496
271	36	393	501
271	34	395	498
271	36	393	498
271	34	395	497
270	37	394	500
271	34	394	497
271	36	394	499
270	35	394	496
270	35	393	500
270	35	395	497
271	36	394	499
270	34	395	497
271	36	393	500
271	34	395	498
269	36	394	499
270	34	395	499
270	35	394	499
270	33	395	498
272	34	394	503
269	34	396	497
270	35	394	501
270	33	396	499
270	34	395	500
270	34	395	499
270	34	395	499
271	35	395	500
270	33	396	498
270	34	395	501
268	34	398	496
271	32	396	503
268	33	399	497
270	32	396	504
268	32	399	499
269	31	398	504
270	31	398	503
270	31	398	505
270	30	398	503
269	30	398	503
269	31	399	504
270	30	398	503
271	31	397	504
270	31	398	502
270	31	398	503
271	31	397	504
270	31	398	503
269	31	398	503
270	31	397	503
271	31	397	504
269	30	399	502
269	31	398	507
269	31	398	500
269	30	397	507
268	30	399	506
269	29	400	506
268	31	398	506
267	29	400	503
268	30	399	507
267	29	401	505
266	31	401	505
266	28	402	504
266	31	401	509
265	30	403	504
265	30	403	505
266	28	401	505
267	31	400	506
265	28	401	503
265	31	401	510
269	30	399	503
267	30	399	510
267	30	403	504
266	30	399	509
267	30	402	503
267	31	399	509
266	30	404	502
267	31	400	508
266	29	403	503
267	30	401	508
265	29	404	504
266	30	402	508
266	29	403	504
266	31	400	509
268	29	403	503
266	31	399	507
266	29	404	503
266	31	400	508
266	29	404	504
265	30	403	509
265	28	405	504
265	29	402	510
268	29	402	505
268	32	400	508
266	30	403	504
267	31	403	508
265	29	404	504
265	30	403	510
268	29	404	504
267	31	399	509
267	30	404	503
267	30	399	509
266	29	405	503
265	29	401	511
268	28	402	505
265	31	399	512
268	30	403	505
267	31	398	509
266	30	404	502
266	30	401	509
265	28	405	504
265	28	401	509
267	28	403	506
265	30	400	508
266	27	404	504
264	29	404	511
267	28	404	506
266	30	400	509
266	28	404	504
264	29	404	511
266	29	402	506
265	29	405	507
265	29	403	503
265	29	405	507
264	29	405	504
265	29	405	507
264	29	404	503
265	28	405	506
264	29	403	506
266	29	404	505
265	29	404	508
265	29	405	503
265	29	405	507
265	30	404	504
265	29	405	507
265	30	404	504
265	29	405	507
265	30	404	504
265	29	405	507
264	30	402	505
265	29	406	506
265	29	404	506
266	29	405	506
264	29	402	508
265	27	405	507
264	28	404	508
266	28	403	506
265	30	402	507
266	28	405	507
265	29	402	505
264	30	405	507
264	30	404	505
265	27	404	506
265	29	405	511
264	29	404	510
266	29	403	510
264	28	402	509
266	30	402	509
265	29	405	510
265	30	404	509
264	29	404	510
265	28	405	512
263	29	403	511
266	27	405	514
263	30	404	512
265	28	405	513
263	30	404	512
267	27	405	510
264	29	402	508
266	28	403	508
265	30	405	511
263	28	406	512
265	29	406	513
262	29	405	509
265	29	405	511
263	29	406	511
265	26	405	513
263	29	405	511
265	27	405	515
262	28	405	511
264	28	406	514
264	29	404	512
265	27	407	515
263	27	404	511
265	28	405	513
264	26	405	511
265	29	404	514
265	26	407	509
265	30	403	511
265	27	407	514
261	29	406	511
265	29	406	513
261	29	406	510
266	30	404	513
262	28	407	511
264	29	406	516
265	28	403	514
263	28	407	514
263	30	404	513
266	29	405	516
262	27	406	509
264	29	406	514
264	28	405	512
264	29	406	515
264	29	404	514
265	28	405	515
263	29	404	516
265	29	404	515
264	28	405	515
262	29	405	515
267	29	405	511
264	30	403	516
265	30	405	513
262	28	405	515
266	30	404	514
262	29	406	511
265	28	405	518
265	29	402	517
265	30	405	515
262	29	405	518
265	30	403	517
263	30	404	518
264	30	404	518
264	30	404	518
264	29	402	520
264	30	404	518
264	30	402	520
265	31	402	520
263	32	402	518
266	32	402	517
263	32	404	517
266	33	403	517
262	32	404	518
266	33	403	516
262	31	403	518
265	32	403	517
264	32	402	519
266	31	401	517
265	32	405	517
264	31	401	521
266	32	401	514
263	32	406	516
265	31	401	522
267	32	400	517
263	31	404	518
266	32	403	519
264	31	401	518
267	32	401	517
263	33	402	517
266	32	400	520
266	32	398	518
266	31	401	517
266	31	401	517
265	32	401	517
266	32	401	518
266	32	400	519
266	30	399	519
266	31	401	518
262	31	403	519
268	32	399	515
264	31	403	518
264	30	402	520
265	31	400	519
265	32	402	518
263	31	401	520
267	32	401	518
263	31	403	519
266	32	402	520
263	31	402	516
265	31	403	518
262	31	403	519
265	32	402	519
263	32	402	518
265	32	402	518
264	32	403	520
263	31	402	517
265	31	403	518
263	31	402	519
265	32	403	520
263	32	402	519
265	31	402	519
264	31	403	521
265	31	403	517
263	30	407	521
264	29	401	521
264	31	406	520
262	29	403	521
266	30	405	522
262	30	405	519
265	30	406	523
261	30	406	519
264	29	406	521
262	29	403	521
265	29	407	520
261	27	405	523
265	27	406	524
261	27	405	523
263	28	406	523
262	28	405	518
263	27	411	522
261	29	406	522
264	28	408	517
260	28	410	519
263	29	408	522
262	27	406	520
261	28	413	520
262	28	407	518
261	28	413	520
261	28	407	518
262	27	416	521
260	30	402	523
263	30	411	516
259	28	410	520
262	28	409	519
260	28	408	520
261	29	411	517
261	28	409	518
261	29	410	517
261	29	408	515
262	29	413	519
260	28	407	522
265	26	406	524
261	28	407	523
262	27	406	519
262	29	411	518
261	28	407	521
262	27	406	523
260	28	410	521
260	28	408	519
260	29	417	517
260	28	408	521
263	28	409	522
261	29	407	522
260	28	409	522
261	28	413	521
261	29	409	520
260	27	412	521
260	29	412	523
259	28	415	522
259	29	411	522
260	28	412	522
259	28	412	520
259	28	415	520
258	28	412	519
258	28	414	521
259	29	412	521
260	27	411	520
259	29	415	520
258	29	412	519
259	28	414	520
259	28	412	519
259	29	414	521
260	29	413	520
259	29	410	520
260	29	411	521
260	27	409	520
260	29	416	520
259	29	411	521
263	27	408	521
258	29	416	519
260	29	411	521
261	28	410	519
259	30	413	519
262	29	408	519
260	29	411	521
261	29	407	520
262	28	410	522
259	29	410	521
263	28	407	520
259	29	412	521
259	30	411	518
261	28	410	521
259	29	411	520
262	29	409	518
258	29	415	520
259	30	412	519
260	29	411	519
260	30	414	521
258	28	418	520
259	29	413	522
258	30	417	522
258	28	420	524
257	29	413	523
261	28	413	521
259	28	417	520
259	30	413	519
260	29	414	518
259	30	416	523
257	28	419	522
258	29	413	521
261	30	411	519
260	28	413	519
260	30	414	523
679	76	326	436
266	30	404	523
258	29	419	515
261	31	412	521
258	29	422	517
259	30	408	520
262	28	415	519
260	28	410	522
260	29	413	519
260	30	413	519
260	28	411	518
260	31	411	519
263	29	407	518
260	30	413	521
259	29	415	519
261	29	410	519
260	30	413	520
262	28	412	519
259	30	411	522
261	29	411	520
261	30	410	519
261	28	411	520
261	31	411	522
257	29	420	518
262	30	409	521
261	28	412	517
259	30	413	519
262	30	409	518
261	28	411	520
261	30	410	519
261	28	412	518
260	31	413	519
261	28	413	520
261	29	410	520
261	28	411	518
260	30	413	519
262	28	411	518
259	30	413	520
262	28	412	519
261	30	412	521
259	28	417	519
261	29	412	520
260	29	412	519
261	29	412	519
261	29	412	520
261	29	412	519
261	29	412	519
261	29	412	519
260	30	413	521
260	28	418	520
260	29	405	523
263	30	418	518
259	29	407	523
262	28	414	519
261	29	407	522
263	28	413	520
261	29	407	522
262	28	412	522
261	29	412	518
260	30	416	518
260	30	412	518
261	29	412	519
261	30	412	519
260	29	413	518
261	29	412	518
260	30	412	520
262	27	412	518
258	29	416	520
260	29	416	519
260	29	413	519
261	29	412	519
259	30	415	520
260	30	416	520
259	29	415	520
260	30	413	520
260	29	416	520
260	29	413	520
261	29	413	519
260	29	414	520
259	29	414	520
260	30	413	518
260	30	412	521
261	28	415	520
260	29	411	522
262	28	412	519
259	30	417	520
259	30	415	520
260	30	415	520
260	30	413	522
677	76	330	436
268	30	400	523
260	31	413	517
261	28	414	520
260	30	414	522
258	29	421	520
259	29	409	522
262	28	411	520
260	30	413	522
259	29	419	519
260	30	408	522
261	29	414	521
260	30	412	523
676	77	330	434
267	31	400	523
261	32	414	518
258	30	420	519
259	30	409	524
261	29	415	521
259	30	412	522
259	29	421	519
258	29	412	523
262	29	414	523
259	30	412	524
677	75	329	439
267	30	400	524
260	31	413	517
259	29	417	519
261	30	412	522
258	30	420	520
260	30	413	523
678	77	328	434
266	29	402	525
261	30	414	519
259	30	415	521
259	30	417	520
258	30	417	521
260	31	414	521
258	30	422	517
258	29	412	524
261	29	417	522
258	30	412	523
260	29	418	522
259	31	412	521
260	29	418	520
259	30	413	521
260	29	417	521
259	30	413	523
676	78	329	434
265	28	401	524
260	30	416	524
258	30	420	522
259	30	416	522
260	31	415	521
257	30	421	520
258	29	414	524
258	30	419	520
260	30	414	522
679	77	328	434
267	31	401	523
261	31	413	517
260	28	415	521
259	29	415	521
260	30	418	520
258	30	415	523
679	77	327	436
266	30	401	524
259	31	415	516
259	29	416	520
260	30	416	522
259	31	418	522
257	29	422	520
260	32	411	521
676	74	331	441
268	31	401	524
259	31	417	515
260	29	417	519
259	29	414	523
258	30	421	520
259	30	412	523
679	76	328	436
267	29	401	524
261	30	415	521
258	30	417	523
258	29	422	522
259	28	416	524
259	29	418	523
257	30	418	524
257	30	424	521
258	29	414	525
679	77	327	434
264	29	403	524
259	30	417	519
259	30	416	523
258	30	420	524
258	29	418	520
260	30	415	525
257	29	421	524
258	29	418	523
259	29	420	524
258	29	416	521
259	30	418	521
258	30	416	522
257	29	423	521
258	31	413	524
679	76	328	438
264	30	402	524
257	31	420	516
258	29	419	522
258	30	413	523
260	29	416	522
257	30	419	522
256	29	423	523
258	30	415	524
256	28	429	520
256	31	422	520
257	28	425	522
259	30	416	524
681	77	327	437
265	29	403	526
257	30	423	519
259	30	415	524
682	77	325	437
264	28	403	527
257	30	423	519
258	30	416	523
680	78	327	435
266	28	403	526
258	28	421	520
259	31	414	524
682	78	325	435
264	24	403	530
258	28	419	520
258	29	421	523
258	29	417	524
257	29	424	523
258	30	417	523
682	78	326	436
263	25	404	529
259	28	419	519
256	29	413	524
678	75	329	437
267	30	403	525
675	75	331	437
268	31	401	523
258	30	420	518
259	30	417	524
258	30	425	523
257	29	420	523
257	29	424	523
258	30	416	524
258	28	428	521
255	33	419	518
678	79	328	433
267	25	402	528
259	30	417	522
258	29	422	523
259	28	418	524
258	29	422	522
259	29	416	524
258	30	424	523
257	28	422	524
258	30	415	524
679	79	327	433
264	26	404	528
258	29	418	521
258	30	418	522
258	29	423	522
258	28	419	524
258	29	417	524
257	29	424	522
258	29	415	524
259	29	420	524
257	29	417	525
258	28	422	523
258	30	414	524
679	78	327	435
266	28	401	526
259	28	416	521
259	28	415	524
260	29	417	523
257	29	418	523
258	28	420	523
258	29	416	525
258	28	420	524
258	29	413	525
680	78	327	435
266	27	401	526
258	28	417	523
258	30	416	524
259	29	420	523
258	29	416	525
259	29	419	523
258	28	418	523
258	29	417	524
259	28	421	523
257	29	415	525
259	29	422	521
258	28	414	526
260	30	417	523
257	30	419	523
258	29	420	523
258	29	419	524
259	29	421	524
258	29	415	525
258	29	421	524
259	29	415	525
259	29	418	524
257	29	421	524
258	29	417	524
259	29	418	523
257	29	420	524
259	28	417	525
258	29	420	525
258	29	419	525
258	29	419	525
258	29	420	523
258	29	418	525
258	29	420	524
259	28	420	523
258	29	414	526
259	29	421	524
257	28	419	525
258	29	418	523
259	29	419	524
258	28	419	524
258	29	418	524
259	28	421	524
258	28	415	524
260	29	417	523
258	29	416	524
258	28	422	523
257	30	416	524
681	78	326	435
264	27	403	527
257	27	419	522
260	29	415	526
258	28	423	523
257	30	416	523
258	28	423	523
259	28	414	525
260	29	418	523
258	29	418	524
259	29	419	524
258	28	415	525
260	29	418	523
258	29	416	524
260	28	419	523
258	29	414	524
260	29	420	523
259	29	415	525
259	29	418	524
258	29	419	524
259	28	419	524
258	29	417	525
259	29	420	524
258	28	415	525
260	29	417	524
258	29	417	524
260	29	422	524
259	28	418	524
258	29	413	524
260	29	421	521
258	28	415	526
259	28	420	525
258	28	416	525
259	29	419	525
259	28	420	523
258	29	413	525
680	77	327	437
264	26	403	527
258	27	419	521
259	28	415	526
260	29	419	524
258	28	418	524
260	30	417	524
257	28	422	522
257	29	414	526
258	29	424	523
259	28	415	525
260	29	417	524
257	29	421	523
259	28	413	527
257	27	424	524
258	28	416	526
258	28	420	526
258	28	418	524
260	29	415	524
259	29	420	524
258	27	417	526
257	28	421	526
259	27	413	526
259	29	418	525
258	28	418	525
258	28	421	526
258	28	415	526
259	28	418	525
257	27	420	525
258	27	416	527
259	27	420	527
258	28	415	527
259	28	420	526
258	28	415	525
260	28	417	524
258	28	416	525
258	28	420	526
258	27	416	525
259	28	417	525
259	28	420	525
259	28	413	526
258	27	423	524
257	28	415	526
259	27	421	526
257	27	415	527
258	27	421	525
258	28	413	526
680	75	327	441
265	29	402	526
258	29	419	522
259	28	415	524
258	29	418	524
258	28	420	526
258	28	413	526
257	27	423	524
257	29	414	525
679	77	328	438
264	27	403	528
257	27	417	523
259	27	416	527
258	29	419	525
257	28	418	524
259	28	418	525
258	28	416	525
259	28	418	525
258	28	415	526
258	28	421	525
259	28	412	527
259	28	420	523
258	27	414	526
259	28	419	524
258	27	415	526
260	28	418	524
258	28	415	525
259	28	418	524
258	28	414	525
259	29	418	524
257	28	416	525
259	28	417	524
258	28	416	525
260	29	417	524
258	29	415	524
259	28	419	523
257	29	414	524
259	29	418	523
258	29	416	524
259	28	419	524
258	27	415	526
260	28	416	524
258	28	415	524
259	27	420	524
258	28	413	525
260	28	417	522
258	28	414	525
259	28	420	523
257	28	414	525
259	28	417	523
258	28	416	524
259	28	419	524
258	28	415	525
260	29	417	524
257	28	415	524
259	29	418	524
257	28	417	525
260	28	417	526
257	28	417	526
258	28	419	526
257	27	416	526
259	28	417	525
258	28	418	526
258	28	416	525
258	28	419	525
258	28	418	524
260	29	416	525
257	28	419	525
258	27	418	527
258	27	417	523
260	28	415	527
259	28	417	525
259	29	415	524
259	27	418	526
258	28	412	525
260	28	415	524
258	29	415	524
259	27	419	524
257	28	413	525
260	28	416	524
259	28	414	524
260	29	418	525
258	28	415	526
259	27	419	526
259	28	412	526
259	28	420	524
258	28	412	526
259	28	418	525
258	28	414	525
259	29	417	525
257	28	416	525
259	28	416	526
259	29	415	524
259	28	419	525
257	27	415	526
261	28	415	526
258	29	416	524
258	28	418	525
258	28	415	525
260	29	416	524
258	28	417	525
258	29	415	525
258	28	420	525
258	28	413	525
259	28	419	525
260	29	410	525
259	27	417	524
258	28	412	524
261	27	413	526
260	29	415	523
259	29	415	523
259	29	415	523
260	29	415	523
259	28	415	523
259	29	415	524
260	28	415	524
260	28	415	523
259	28	416	523
260	28	414	525
259	28	415	523
259	28	415	525
260	28	415	524
260	28	414	523
258	28	416	523
260	28	414	526
259	28	415	525
259	29	415	524
260	28	417	525
258	28	412	525
260	27	416	525
259	28	412	527
675	76	329	438
267	27	399	527
259	26	415	524
258	27	414	526
259	28	415	525
258	28	416	525
259	28	415	525
259	29	416	524
258	28	416	525
259	29	416	525
259	29	416	525
259	27	419	525
259	28	411	525
259	27	418	524
258	29	412	526
259	27	419	525
259	28	411	526
261	27	415	525
258	28	413	525
261	29	414	526
256	27	419	525
261	28	412	527
258	26	420	526
259	29	412	526
679	76	327	439
265	27	400	526
257	27	418	525
260	27	414	527
258	29	416	524
258	27	419	525
258	28	412	526
675	74	330	440
267	28	398	526
258	27	416	525
260	27	416	526
258	29	414	525
676	75	328	438
268	26	395	527
258	26	421	524
258	28	411	522
258	23	417	524
259	24	412	524
260	26	410	526
258	24	420	525
257	27	412	525
258	23	416	526
259	25	412	525
259	23	418	524
257	25	412	525
259	22	413	525
259	24	414	523
257	22	417	524
260	23	414	528
259	25	414	524
260	24	415	524
257	26	413	522
259	21	415	525
259	23	415	522
255	18	423	524
256	19	414	526
260	19	413	526
257	21	415	526
260	22	412	524
258	24	414	524
261	24	412	526
257	25	415	523
260	26	413	524
257	20	419	526
258	21	414	526
260	23	414	524
257	21	418	525
259	21	413	526
259	21	415	525
260	23	413	525
259	24	414	523
259	22	415	524
258	23	414	524
260	23	414	525
258	20	417	525
259	20	413	523
258	16	417	526
260	17	412	524
257	19	414	526
261	21	411	524
258	20	413	519
260	15	409	519
257	5	411	518
254	0	422	517
253	1	422	516
257	0	419	517
253	0	421	519
258	0	417	520
254	0	416	524
260	2	412	525
