337	494	320	116
343	486	306	117
349	478	305	116
351	475	306	117
350	473	309	117
355	468	304	116
359	464	304	117
360	463	306	116
356	460	308	116
357	459	307	116
359	458	305	117
357	457	307	115
358	456	307	116
361	453	306	117
368	450	303	116
365	449	308	116
366	450	305	116
364	452	306	115
366	451	304	116
363	448	308	116
364	449	306	116
366	448	305	116
369	447	304	116
370	446	305	116
367	446	307	115
366	446	307	116
367	445	304	117
365	447	306	116
368	446	305	117
369	445	306	117
371	443	305	118
369	443	306	116
370	442	304	118
369	442	306	119
371	443	303	119
371	442	306	119
372	446	304	117
369	445	307	117
374	443	303	118
373	447	304	117
374	449	305	117
372	449	304	118
373	449	303	118
372	450	304	117
370	451	305	117
370	452	304	117
371	453	304	118
372	453	302	118
371	454	303	117
369	456	305	116
369	458	305	116
370	457	304	118
373	458	304	117
372	460	304	117
370	460	303	118
369	462	303	117
366	463	306	117
373	462	300	119
371	459	304	118
370	459	303	118
372	457	301	119
369	459	303	119
373	458	300	120
374	457	301	119
377	455	300	120
375	457	305	119
378	456	300	118
373	457	305	119
375	455	302	120
377	454	302	120
378	454	301	120
376	454	302	119
379	454	301	120
378	452	302	119
375	451	304	119
375	453	301	120
372	452	304	119
374	451	302	120
372	453	304	120
373	455	303	119
372	455	302	119
367	456	306	119
371	455	301	121
371	455	300	120
369	457	302	120
367	461	304	119
369	461	300	121
369	461	304	121
371	460	301	121
373	458	302	121
372	460	301	122
369	464	303	121
372	465	302	121
374	465	303	121
376	466	300	122
375	467	301	122
376	468	301	120
372	468	304	120
375	468	300	121
377	469	301	122
379	469	299	121
379	469	300	121
377	468	303	121
377	467	301	121
379	468	298	121
377	468	301	121
376	468	300	121
379	470	301	121
379	470	302	120
380	469	303	121
383	469	298	122
381	471	300	122
381	471	300	121
383	471	302	121
381	471	302	121
384	470	299	121
382	469	302	121
383	470	299	122
380	471	301	120
382	470	299	121
380	471	300	121
379	469	303	119
382	464	300	119
380	459	302	119
379	460	301	121
381	464	301	120
384	460	300	119
383	458	302	120
386	458	297	121
382	457	301	120
383	458	299	121
384	458	300	120
386	458	300	120
388	458	299	120
386	457	301	120
380	457	305	120
385	458	298	120
382	457	301	120
384	457	302	120
385	455	301	120
383	453	302	120
385	453	301	120
384	451	301	119
383	449	302	120
384	448	300	120
381	445	304	120
386	445	301	120
386	445	301	119
381	445	305	119
382	443	301	119
382	441	301	120
382	440	300	119
383	439	302	120
383	439	299	119
381	440	301	119
379	438	302	119
379	436	302	120
381	435	302	121
385	435	299	120
379	436	304	119
385	435	297	120
384	436	299	119
384	434	302	120
386	435	297	119
380	434	304	119
384	434	302	120
387	433	301	120
387	434	299	120
386	435	300	118
383	433	303	120
386	432	299	120
388	432	298	120
389	433	298	119
389	432	302	120
388	432	301	118
383	432	304	118
386	430	299	119
384	431	300	120
388	432	300	119
388	432	301	119
384	432	303	119
388	431	301	120
388	431	300	119
389	430	301	120
390	431	299	119
386	430	303	119
389	430	300	120
388	431	300	119
390	431	300	120
391	431	298	120
391	433	298	119
390	433	300	119
392	433	296	119
385	434	304	119
388	434	299	119
391	434	298	119
392	435	298	119
390	435	301	119
390	436	299	119
384	436	305	118
389	436	302	119
390	437	299	119
387	438	302	118
388	437	302	119
388	438	298	119
391	437	299	120
387	439	303	118
388	437	301	119
381	437	307	119
386	436	300	119
389	436	300	120
390	437	298	119
384	437	305	119
388	437	298	119
385	436	302	120
390	437	296	119
387	438	302	118
390	438	298	119
391	439	299	120
390	441	298	120
391	442	298	119
387	442	302	119
388	442	300	119
391	442	300	119
392	443	298	119
385	443	303	120
389	442	298	120
392	444	299	120
389	444	300	119
391	445	298	120
385	446	303	120
391	447	299	119
385	446	304	120
388	446	298	120
383	447	303	119
388	447	300	119
383	448	304	118
387	448	298	120
388	448	298	119
388	450	300	120
388	451	299	119
383	452	304	119
384	452	299	120
378	454	304	118
382	452	300	120
382	454	300	120
380	454	300	120
378	455	302	120
378	455	301	121
376	457	302	122
378	458	300	122
374	462	303	121
376	462	299	122
375	466	302	121
381	465	300	123
378	470	302	121
380	470	298	122
378	472	300	122
378	475	300	122
379	479	301	122
376	482	303	123
376	485	303	123
375	490	302	123
374	495	302	123
373	499	303	123
373	505	302	124
372	509	303	125
369	512	305	125
371	518	302	124
369	523	304	125
366	530	305	125
368	537	304	126
367	546	304	125
362	547	306	135
359	548	310	146
353	553	312	161
346	556	312	160
341	561	319	155
338	572	324	145
336	585	323	131
335	592	324	126
359	597	305	120
362	598	302	119
365	600	299	117
364	599	301	119
366	598	295	118
365	599	292	117
366	596	292	122
366	594	289	125
365	590	287	127
364	592	285	127
364	587	286	130
365	587	287	131
367	585	289	132
366	583	288	135
366	583	286	134
364	582	287	135
351	584	292	135
348	587	287	130
346	589	283	129
342	591	283	127
346	595	286	124
358	598	281	119
367	605	279	113
369	606	277	112
373	606	271	110
375	609	269	108
379	606	267	112
380	599	271	118
385	590	272	128
388	581	273	136
388	570	277	148
387	563	277	155
387	552	279	166
385	539	282	178
377	529	288	189
367	512	299	205
357	498	314	220
359	487	312	228
341	480	326	238
339	473	324	245
340	467	322	251
343	459	323	257
350	453	323	265
355	449	320	269
359	447	317	270
359	445	303	274
353	443	291	273
348	439	291	280
351	438	288	281
357	439	287	279
374	441	280	277
384	445	272	273
381	448	272	269
377	447	271	271
375	448	268	269
377	455	266	264
389	460	267	258
392	462	268	257
396	463	270	255
403	463	265	254
414	469	258	250
425	473	254	245
426	469	253	250
428	464	253	255
439	463	245	255
447	464	243	253
456	463	236	255
463	463	230	255
471	462	225	257
480	456	216	262
482	455	215	261
482	455	210	262
484	448	209	270
492	445	207	274
495	443	209	276
485	439	211	280
483	434	202	283
489	429	195	289
494	426	191	293
497	425	192	293
498	426	192	292
494	426	194	291
488	428	192	288
481	431	187	288
476	433	186	284
476	439	182	280
476	445	179	272
474	453	180	265
473	466	177	251
474	476	182	240
476	489	179	229
486	502	174	215
496	514	170	203
503	519	167	198
509	524	158	193
517	525	152	193
525	528	148	190
534	532	146	187
539	535	144	183
543	535	138	183
547	535	132	184
552	537	131	181
556	537	127	182
559	536	125	182
561	533	122	185
559	530	123	187
560	526	122	193
564	522	121	197
565	518	125	201
568	515	111	204
569	513	114	206
568	508	112	210
565	501	108	217
565	496	109	223
571	491	105	227
573	489	88	230
573	484	91	235
571	480	96	239
570	476	103	242
566	473	114	245
568	473	120	245
575	468	118	250
578	462	116	255
578	456	116	260
581	452	114	265
586	448	124	269
594	444	115	272
600	438	110	279
604	431	107	286
606	422	111	294
607	420	113	297
613	414	110	304
623	407	101	312
628	403	95	314
627	395	97	324
628	393	100	326
629	387	100	332
632	386	90	331
630	383	95	316
621	373	108	316
629	368	108	311
648	363	94	309
650	349	91	322
640	345	101	316
650	346	95	316
652	336	101	327
651	340	114	332
651	339	107	325
644	336	117	320
639	335	130	320
632	332	140	321
633	330	128	323
626	325	135	324
625	325	140	319
628	324	141	319
627	324	142	315
624	322	155	314
626	323	159	319
625	324	162	324
620	323	166	320
615	324	171	318
607	323	177	323
607	322	176	325
606	334	173	322
606	342	169	313
601	350	168	313
596	351	173	325
593	359	183	322
596	359	200	326
599	365	205	318
601	363	184	319
596	363	186	320
594	369	181	312
590	368	174	313
582	365	177	315
583	368	173	310
583	370	171	318
587	374	166	321
586	376	167	326
585	379	178	324
585	381	178	323
585	381	181	322
585	384	177	315
581	385	176	315
580	385	180	315
581	386	169	310
579	390	172	317
577	390	168	307
579	388	165	320
579	389	167	310
579	386	163	308
576	387	164	308
579	386	167	311
577	388	169	305
571	386	171	310
566	387	173	309
564	389	168	306
564	389	161	303
561	388	162	309
561	391	157	312
562	388	152	313
560	390	149	312
558	387	142	308
558	385	135	308
559	387	128	304
562	387	125	304
571	390	115	298
572	388	109	298
583	387	93	295
592	384	88	301
601	381	80	309
611	379	72	305
621	378	69	302
625	382	72	290
631	381	66	283
638	373	62	287
642	371	62	298
645	368	65	304
659	364	55	301
667	365	55	298
669	376	61	288
670	371	69	288
668	367	81	289
659	368	96	284
651	367	113	282
648	369	131	278
641	371	144	273
632	371	163	269
620	370	174	269
615	372	180	268
605	376	192	272
604	379	188	277
606	381	179	278
603	378	171	277
600	376	156	272
598	378	142	268
598	381	129	263
601	383	117	271
603	384	111	271
601	384	113	272
599	384	113	271
598	384	111	270
603	383	105	269
602	380	105	269
602	377	107	270
609	377	110	270
616	377	106	264
618	377	106	266
618	379	108	263
617	380	107	257
616	377	109	262
621	376	104	260
628	374	95	259
634	374	89	259
640	372	86	272
643	369	89	270
645	366	94	268
637	367	101	263
630	368	107	262
624	365	103	264
619	364	101	265
620	363	91	266
621	362	87	264
620	357	86	267
618	360	86	262
620	357	93	263
622	356	97	258
624	354	98	258
620	352	108	258
622	348	113	259
633	345	108	261
637	343	113	261
639	340	116	260
641	338	122	260
637	340	128	243
634	337	138	242
633	334	139	240
634	329	140	242
635	327	143	246
637	324	143	242
635	320	140	241
632	319	142	240
635	318	140	238
636	320	141	242
639	319	139	236
641	329	138	240
644	333	132	251
643	332	125	256
639	335	122	256
634	338	120	259
632	337	123	261
631	341	117	259
628	346	122	258
624	347	125	257
615	346	131	254
607	348	136	251
600	350	142	254
597	348	148	252
596	353	141	248
594	353	141	252
593	355	136	250
591	357	131	244
587	358	125	246
585	358	109	242
584	357	109	243
577	363	115	238
573	363	119	237
568	365	121	239
565	369	128	240
565	371	137	235
561	370	146	229
557	371	147	221
549	372	153	213
544	371	155	214
540	372	154	229
537	376	160	238
531	378	167	251
527	383	172	275
520	382	178	274
517	384	173	265
515	386	175	263
513	388	170	257
513	387	156	256
514	389	158	273
518	389	154	279
526	387	148	285
532	388	146	283
530	386	149	278
533	384	141	278
536	383	138	270
537	383	134	267
542	383	130	256
551	381	133	259
562	380	136	255
572	378	132	252
587	371	127	250
596	364	126	259
596	364	140	240
588	359	157	251
587	359	162	240
589	361	155	226
593	357	142	239
589	358	148	262
586	361	157	272
580	364	171	273
578	365	166	265
572	372	160	248
570	370	152	241
571	373	153	226
569	376	160	220
567	380	163	222
571	382	161	232
572	383	163	245
567	384	171	249
563	385	180	263
558	389	188	266
564	387	188	278
568	392	181	284
575	395	176	286
577	394	179	293
578	395	181	295
570	390	181	294
554	395	192	287
542	398	201	289
541	396	200	294
540	396	200	295
539	395	196	313
542	392	189	308
546	395	191	320
548	393	181	318
549	396	172	317
551	391	159	315
549	388	158	318
551	383	144	316
549	382	142	311
549	379	146	305
553	374	153	304
559	370	154	303
561	368	155	309
566	370	156	305
571	373	160	310
571	372	156	313
576	387	174	303
576	397	184	304
574	404	194	300
569	412	207	298
570	415	209	300
566	419	219	293
564	421	226	296
559	423	232	295
551	429	237	290
554	436	230	282
553	450	225	268
545	462	231	257
538	473	229	246
533	484	223	235
535	496	214	222
542	510	196	207
541	522	191	195
551	535	178	183
558	542	176	177
549	540	190	176
544	536	196	181
541	528	196	178
546	519	185	185
539	506	186	188
541	497	184	196
547	487	179	189
548	480	178	200
549	473	177	201
550	465	169	197
552	457	165	198
555	454	162	198
560	456	161	193
571	457	158	193
579	461	157	189
582	466	161	187
586	476	161	183
593	485	157	179
600	489	156	178
603	498	160	173
608	502	170	171
618	502	173	163
624	497	178	160
630	493	188	157
635	489	195	154
633	481	206	156
638	478	213	152
642	471	221	153
647	467	225	143
653	462	235	153
661	460	237	153
666	457	229	155
666	450	224	157
667	434	223	179
675	430	219	179
683	422	221	179
688	416	222	177
691	423	226	168
687	418	229	172
681	415	233	170
674	408	236	174
670	412	225	173
662	418	226	178
658	421	217	183
656	427	211	182
649	436	211	187
645	442	201	187
637	450	204	183
634	458	199	176
629	462	195	154
619	474	212	165
617	479	174	139
605	479	218	158
600	483	219	152
595	488	217	153
593	499	211	155
594	506	198	159
594	509	178	170
590	517	170	180
591	522	149	184
587	533	151	183
588	541	156	176
592	543	163	173
590	542	171	172
580	538	185	161
569	536	194	162
554	533	207	171
548	529	214	177
550	526	209	186
557	525	199	193
566	526	193	192
556	527	200	191
550	529	204	190
546	531	204	188
541	534	203	184
542	536	196	182
545	538	191	181
548	539	192	179
551	540	192	177
552	541	194	177
550	541	196	178
549	541	195	176
546	540	204	179
547	537	210	181
547	539	212	180
549	539	214	178
552	538	217	179
550	538	217	180
552	536	217	182
562	537	206	181
567	537	202	181
598	538	172	181
598	540	174	178
599	545	178	173
602	548	181	170
598	550	185	168
592	550	190	167
584	552	195	166
578	558	200	160
576	564	206	152
576	567	211	151
579	571	212	147
580	571	213	146
580	574	212	143
580	577	212	140
577	582	215	135
579	578	211	141
577	581	211	137
576	581	212	137
578	583	211	135
579	588	208	129
581	589	202	129
583	594	202	125
587	596	193	121
586	598	192	120
587	604	183	114
582	608	184	111
582	609	184	110
586	610	177	109
585	612	168	106
582	613	167	105
581	613	168	105
578	613	168	106
576	612	167	105
571	611	165	108
567	610	164	108
563	610	164	109
560	607	164	112
558	606	161	112
553	602	161	117
546	603	164	115
544	603	163	115
541	601	164	117
543	603	156	115
546	607	151	110
548	610	150	107
549	609	148	109
551	605	148	113
554	602	150	116
558	597	148	122
561	590	144	127
564	583	139	135
567	572	141	146
567	561	144	157
568	553	146	164
565	547	149	171
561	544	148	174
557	542	154	176
552	543	157	174
550	540	159	177
545	536	160	182
543	539	156	179
538	539	162	179
537	536	169	181
533	532	175	186
530	524	169	195
527	514	177	203
518	508	187	208
513	504	198	211
514	496	201	212
514	489	205	212
511	485	207	213
510	478	207	212
507	468	203	217
499	462	206	217
493	459	201	222
488	456	199	218
487	454	188	218
486	448	180	220
483	444	170	222
481	438	157	225
479	440	152	222
472	437	156	226
465	434	159	229
460	433	164	230
458	434	168	228
457	432	173	229
456	434	176	230
450	434	176	233
443	435	178	232
440	434	180	235
439	432	179	234
440	432	179	238
441	432	177	240
440	434	180	240
441	435	180	241
439	435	180	239
435	436	185	238
434	439	187	235
432	440	189	234
432	441	191	232
433	440	191	233
432	444	192	233
427	445	197	232
424	447	200	231
419	448	204	233
420	449	205	234
415	451	210	233
413	453	213	233
413	455	210	232
409	455	215	231
410	457	214	230
408	457	217	230
404	456	220	229
409	456	216	226
408	456	217	227
407	455	217	228
407	454	218	228
410	455	216	227
408	455	218	226
408	456	218	225
410	457	215	224
410	459	216	224
413	460	215	223
410	461	217	222
410	461	216	223
408	460	216	223
406	462	214	222
409	460	209	224
410	460	204	225
409	458	204	229
409	458	201	229
409	458	201	233
412	458	201	233
415	459	197	230
420	460	192	228
424	460	188	228
427	462	186	227
434	462	181	226
439	463	177	222
446	466	171	223
450	464	168	220
451	464	165	218
453	463	160	222
453	462	155	221
450	459	154	226
447	457	157	228
443	459	155	225
441	456	155	228
440	456	155	231
439	459	155	227
437	460	158	230
436	460	160	230
437	461	161	234
438	460	161	234
440	461	160	235
443	462	157	234
445	465	155	235
446	467	152	234
446	467	150	233
443	468	147	234
442	469	146	235
443	468	146	235
445	471	144	236
449	472	141	237
448	473	140	238
450	473	136	236
448	473	136	236
451	474	132	235
455	474	129	233
460	472	124	235
463	473	123	233
464	476	121	231
463	473	122	231
464	473	121	231
467	474	121	228
471	474	121	226
475	476	122	224
476	475	124	224
474	474	126	224
471	472	129	224
468	473	131	225
463	472	130	225
463	472	128	224
467	472	128	221
468	474	127	221
468	474	127	222
464	476	125	220
465	475	123	218
466	476	123	216
466	476	121	214
465	477	120	212
466	477	119	210
465	478	117	207
463	478	115	204
458	479	114	202
455	479	112	200
454	479	110	198
456	480	107	198
453	480	109	195
450	478	110	196
446	477	111	195
443	474	112	195
441	472	112	191
441	469	111	192
441	468	113	190
440	472	116	185
444	473	119	186
453	477	122	183
461	485	128	180
471	490	137	176
481	494	141	173
490	495	142	173
496	495	144	171
500	490	149	174
504	489	152	169
511	486	152	166
514	485	153	165
519	482	155	165
526	481	155	163
533	478	161	162
542	479	167	161
553	480	167	160
558	483	169	156
563	485	168	153
561	485	174	154
571	488	173	155
581	493	174	152
593	496	175	149
594	497	181	152
598	498	182	154
599	496	186	156
602	495	181	156
606	492	180	159
609	490	182	162
608	493	183	168
605	496	183	173
603	495	181	178
601	488	178	191
603	487	178	198
605	486	174	201
607	485	171	206
606	481	170	210
605	476	169	210
604	470	185	211
607	462	188	213
610	456	191	212
611	447	193	209
610	434	188	208
608	426	183	209
607	419	184	205
608	412	186	204
604	406	190	200
594	403	199	202
595	404	196	195
592	399	195	196
598	397	176	192
599	394	170	190
586	392	178	191
585	394	178	188
584	397	177	189
582	402	162	189
578	415	157	189
571	424	156	188
569	432	156	188
566	439	157	188
563	448	153	188
555	453	155	187
552	457	152	186
547	463	151	186
541	462	151	187
541	464	150	185
541	464	152	185
539	467	154	185
538	468	153	186
536	466	154	184
541	463	149	181
540	457	153	181
541	452	151	178
542	451	151	176
539	448	156	179
537	448	158	177
540	446	154	174
549	447	151	172
556	449	154	170
563	453	152	168
557	454	162	170
567	457	152	169
549	455	168	171
560	458	153	167
549	457	158	167
547	464	155	163
545	468	155	164
548	476	155	161
553	482	156	163
559	487	156	164
565	493	155	164
568	496	154	165
570	500	153	166
570	504	154	168
571	503	153	170
573	503	154	172
577	497	153	178
582	494	152	181
585	491	151	182
583	489	152	183
584	486	149	184
577	481	151	187
568	475	152	189
560	471	151	190
555	467	148	195
555	466	145	198
555	463	146	199
551	455	148	200
541	445	148	202
527	435	156	201
513	425	161	202
507	418	167	199
503	414	178	195
505	411	184	189
506	409	187	174
502	409	187	166
489	411	187	165
482	415	183	162
472	417	178	163
463	425	169	171
453	430	157	180
448	440	159	183
442	446	158	177
431	450	152	177
420	454	153	186
412	461	155	186
409	461	155	184
410	459	155	183
406	458	159	181
396	459	163	175
387	455	167	171
387	448	170	167
400	448	178	164
426	443	175	168
442	442	173	162
456	442	173	160
465	438	174	154
467	431	175	150
471	427	182	151
478	425	184	147
485	421	188	142
493	424	190	132
503	428	193	136
510	436	194	142
512	439	192	146
508	441	194	150
505	445	194	148
505	448	195	150
505	455	204	146
504	455	205	148
503	449	206	147
498	444	207	148
494	442	202	150
490	435	199	152
491	429	193	153
489	419	192	152
486	408	192	152
492	397	192	154
498	394	193	154
506	392	190	156
504	391	189	154
497	388	188	155
491	385	187	156
486	386	186	158
481	387	186	158
480	389	187	158
477	389	183	158
475	389	182	159
471	389	184	161
473	390	178	164
470	395	178	164
469	397	176	164
467	399	176	168
472	404	168	171
474	411	168	173
481	417	163	175
485	419	160	177
487	420	158	179
494	417	151	184
503	415	149	186
512	411	145	188
523	407	143	188
535	401	140	190
546	393	138	193
551	388	141	194
557	383	141	195
560	379	140	197
562	381	141	196
568	381	140	195
573	384	140	192
579	382	136	190
579	385	138	184
582	387	141	183
584	391	143	177
581	391	142	172
577	393	145	167
572	400	149	163
572	405	150	160
568	411	156	158
562	416	162	155
558	420	165	147
556	422	165	145
550	428	163	141
546	430	158	139
543	431	154	137
542	430	151	139
539	430	147	136
538	430	144	134
538	429	143	134
537	432	143	129
535	433	147	128
536	432	148	130
534	432	151	129
532	429	155	131
531	430	155	130
530	430	155	129
529	431	155	128
528	437	155	125
530	440	155	120
530	440	153	119
531	439	152	119
531	442	153	118
533	445	154	115
533	445	155	115
532	448	152	113
532	445	153	116
532	448	150	112
533	450	149	111
533	447	147	113
536	450	142	111
537	451	140	111
539	452	138	112
541	452	134	112
542	457	130	109
543	460	126	107
541	460	126	108
540	461	126	109
540	462	124	108
540	463	123	107
536	461	126	108
536	462	125	107
535	463	122	106
532	464	124	106
528	463	126	107
527	466	125	104
522	467	129	102
520	468	131	100
518	469	133	99
520	471	129	98
518	473	133	96
518	475	130	93
516	476	133	92
517	477	131	90
515	479	132	88
515	479	132	89
514	479	131	87
512	478	133	88
510	477	133	88
510	475	134	91
509	476	132	90
508	473	133	93
509	473	134	93
509	471	131	94
509	472	133	96
508	472	130	96
512	472	130	97
511	470	127	97
513	470	125	97
514	471	123	97
516	471	121	97
517	468	117	96
516	467	117	97
517	466	114	96
515	464	114	95
515	461	115	94
514	457	115	92
508	453	116	90
506	442	115	90
503	438	116	89
503	433	116	88
504	429	113	88
507	426	115	88
511	425	117	87
513	427	118	86
514	425	122	85
519	421	121	85
527	419	124	85
534	419	129	85
539	418	134	84
545	421	131	85
553	427	134	87
563	438	135	87
569	448	132	88
570	460	133	88
576	470	131	88
578	475	130	88
584	479	130	87
590	479	127	86
596	479	126	87
606	477	122	85
615	474	121	85
620	481	121	87
627	492	117	86
636	498	116	86
642	494	116	86
634	489	116	86
623	483	122	85
618	475	120	85
610	464	121	85
610	453	121	84
609	442	121	84
612	434	120	83
619	431	119	83
625	431	119	82
625	430	118	82
622	427	113	84
619	427	114	85
617	428	112	86
619	435	114	85
624	449	113	84
629	456	112	83
625	453	111	83
626	446	103	83
622	441	99	87
618	442	98	87
616	438	95	89
613	433	93	90
614	428	92	90
614	425	91	90
614	422	92	91
619	423	93	89
627	418	90	89
626	412	93	91
627	411	98	91
628	411	98	90
627	414	99	89
624	416	101	89
621	422	102	88
620	426	103	87
622	437	105	85
625	438	106	85
624	437	102	84
626	434	104	84
628	436	104	83
633	434	103	83
635	433	104	83
634	429	103	82
631	428	104	83
634	426	105	82
635	427	106	82
632	429	109	81
628	428	111	81
625	430	114	81
625	432	114	80
624	438	112	80
616	444	113	79
605	447	111	78
595	454	112	80
583	457	111	78
566	454	112	79
554	452	113	79
546	446	114	79
539	441	114	80
530	433	118	78
525	421	117	79
523	415	119	79
527	410	117	81
529	407	120	82
530	407	122	81
533	406	121	81
539	409	118	81
544	413	119	82
552	420	118	81
558	426	117	81
561	434	118	81
563	443	118	81
564	449	116	77
564	443	118	78
566	437	117	79
571	434	119	80
580	440	116	78
588	440	118	79
593	436	116	78
591	435	115	78
585	441	112	78
580	441	114	78
570	440	110	77
560	437	113	78
554	436	114	77
552	438	114	77
547	440	110	78
538	448	110	80
532	458	107	79
529	464	106	80
517	468	105	82
506	473	102	80
498	478	101	75
491	480	98	72
484	475	100	76
484	470	96	81
484	462	94	83
481	454	96	84
476	443	94	82
473	434	93	83
468	428	95	84
463	425	97	86
459	430	98	87
462	440	99	86
471	449	104	86
479	459	111	88
487	464	116	88
495	463	117	91
501	464	114	90
504	461	117	94
504	460	116	94
504	456	111	94
506	445	106	93
506	437	103	96
508	435	99	95
510	430	99	96
506	428	101	97
503	428	102	98
497	430	102	100
492	430	104	102
488	435	108	103
481	443	112	103
478	454	115	106
472	458	122	105
458	458	131	108
451	457	132	110
449	458	133	111
447	458	136	112
439	452	144	109
443	445	143	109
448	441	146	110
450	435	145	111
442	430	144	114
436	426	143	116
438	427	138	117
444	427	134	118
451	428	129	118
451	433	131	119
454	441	131	120
451	452	136	118
458	458	134	117
453	457	139	120
450	455	141	119
451	453	140	119
458	446	137	119
464	437	137	120
465	428	133	121
472	423	128	123
483	417	126	122
497	413	122	123
502	408	124	125
497	403	130	127
499	398	127	127
497	394	126	128
492	395	127	130
487	396	121	130
482	399	118	133
477	410	116	133
474	416	111	131
463	419	106	133
455	422	98	134
446	424	93	134
436	428	90	136
424	428	89	139
423	424	82	140
429	423	83	142
432	420	83	142
427	425	82	135
418	418	85	139
408	408	88	144
402	405	87	148
399	404	89	152
398	409	91	153
398	415	92	156
394	423	95	158
389	435	95	159
386	438	102	161
384	435	104	164
377	433	106	165
365	434	111	164
356	429	114	166
349	421	115	168
339	413	124	175
335	408	124	169
336	398	129	167
346	389	126	167
325	388	147	181
328	380	140	168
329	379	132	168
308	381	146	168
295	382	148	171
282	386	157	172
270	392	161	174
267	399	162	173
257	403	160	177
244	404	159	172
232	402	159	175
220	406	160	174
215	407	163	170
218	401	162	169
218	396	166	166
217	392	174	164
234	388	161	162
235	382	164	164
235	374	167	167
239	372	165	166
243	377	169	165
250	385	170	166
256	396	174	164
267	414	170	161
279	432	173	160
286	434	177	155
285	442	181	154
279	447	185	151
271	453	187	145
269	455	190	141
274	455	191	137
282	455	193	131
297	453	190	128
309	451	191	124
318	449	192	119
320	451	193	113
314	451	197	107
309	451	200	108
312	456	194	104
314	462	190	102
315	468	192	104
326	480	184	105
320	489	188	104
309	490	197	105
305	484	187	103
304	482	187	103
302	480	185	103
311	468	179	110
327	467	175	108
342	467	170	106
350	461	165	109
340	457	175	113
336	455	178	112
341	454	178	113
342	456	183	111
351	458	183	113
358	463	182	116
370	466	181	118
373	474	181	118
365	480	187	118
358	474	189	122
350	483	192	122
350	492	192	123
355	493	190	125
365	493	189	127
372	487	184	130
370	484	185	131
355	481	197	135
341	473	198	141
336	471	208	143
325	474	207	143
318	475	208	145
318	483	213	144
320	491	208	144
322	499	210	143
320	513	210	142
312	528	216	144
307	525	215	147
292	531	219	148
281	530	218	152
278	530	213	153
283	526	205	155
291	520	201	151
298	510	198	143
307	499	194	132
312	488	187	129
319	477	187	129
343	473	179	129
367	484	176	128
386	486	177	128
407	486	169	130
428	497	164	132
442	508	165	135
472	514	148	131
490	523	143	134
507	525	138	134
529	525	137	135
550	535	139	125
561	531	139	121
568	529	150	117
574	522	160	118
581	513	168	119
585	514	175	113
580	512	188	112
575	511	197	107
575	513	205	99
572	517	216	92
572	521	214	89
562	525	214	90
553	529	216	91
547	536	215	97
540	545	212	101
538	546	205	106
532	542	197	113
530	534	192	120
518	538	201	119
512	543	190	120
507	541	188	120
504	532	193	128
512	529	190	124
521	517	192	130
527	503	195	132
529	492	202	132
534	482	206	128
544	467	209	127
548	453	209	133
556	445	207	136
562	438	207	140
564	438	209	147
567	443	209	154
576	446	205	163
583	450	206	168
593	455	204	172
596	459	198	176
600	462	197	177
607	463	200	174
611	459	201	174
614	458	204	174
622	455	204	171
628	454	206	171
634	451	205	171
636	452	206	171
635	453	203	169
636	454	200	168
639	450	195	172
634	451	191	167
628	444	193	167
620	438	201	164
612	431	205	162
602	423	209	160
595	417	211	159
589	412	214	159
589	415	212	157
592	416	210	155
595	420	211	154
595	419	209	150
598	416	208	153
599	415	201	152
597	414	203	155
601	413	200	153
609	412	198	158
617	414	192	156
619	414	191	160
625	415	188	162
628	416	190	163
632	418	187	165
637	421	177	166
640	424	172	164
638	425	170	162
636	424	167	162
639	422	160	160
643	421	153	162
645	421	148	164
647	423	146	161
650	423	144	162
650	421	142	159
648	421	138	158
646	421	136	160
642	423	134	157
639	421	132	157
640	421	129	157
640	422	128	156
641	422	124	157
638	425	121	155
634	426	121	154
632	426	117	154
629	425	114	155
626	425	115	153
627	427	115	150
629	427	113	150
632	427	109	148
635	427	104	149
635	429	99	147
634	427	97	148
633	426	95	148
631	427	93	147
630	427	92	147
632	428	90	146
634	427	87	147
631	425	83	147
628	426	81	146
625	425	79	147
623	423	80	146
621	423	79	146
621	422	79	147
621	422	78	148
619	419	79	148
614	416	81	150
610	415	81	149
607	415	83	149
604	416	84	149
602	416	84	149
601	416	84	148
599	416	87	150
600	420	84	148
600	422	85	149
599	425	84	148
599	427	83	148
600	429	81	147
600	431	85	147
600	432	81	144
602	433	80	145
603	434	80	143
603	435	77	142
605	437	78	141
605	438	76	140
605	439	74	139
604	438	73	138
603	438	72	138
605	438	67	136
608	437	68	135
610	436	67	135
610	435	65	135
611	434	65	135
610	430	65	135
612	429	64	135
613	428	62	135
614	428	61	136
614	426	58	136
616	427	57	136
620	428	57	137
622	430	55	137
625	428	54	136
626	426	52	138
622	424	51	139
619	424	51	138
617	422	53	138
615	419	53	138
614	418	54	140
613	418	51	139
611	419	50	138
609	419	51	137
608	421	53	136
605	421	57	134
603	419	65	133
600	415	67	134
599	415	73	132
596	413	77	131
592	412	80	132
582	413	85	130
580	409	88	130
581	407	91	131
578	407	95	130
574	406	99	130
571	410	99	130
566	414	106	129
560	413	106	127
554	413	107	126
548	412	110	126
550	414	107	126
556	416	105	125
559	418	105	124
561	417	105	124
566	417	103	124
567	418	103	124
567	419	102	124
567	418	100	124
566	420	95	122
571	422	93	124
574	425	87	123
571	429	87	125
573	436	85	124
574	440	87	124
574	444	86	125
576	448	88	122
580	448	86	121
583	448	86	121
583	447	88	119
585	447	89	118
586	445	91	119
589	443	90	119
593	443	90	118
597	440	92	118
600	440	91	119
603	438	91	117
604	439	91	115
604	436	93	116
605	438	93	112
605	437	94	111
607	436	92	107
604	435	96	105
606	431	94	106
604	428	95	107
605	427	93	107
608	425	93	109
613	428	92	108
614	429	91	108
607	428	92	111
605	427	91	111
611	428	87	110
617	428	83	110
622	425	81	111
624	423	78	113
625	418	74	116
625	415	71	116
625	415	71	118
626	415	73	120
625	415	78	122
625	415	81	124
625	415	83	126
626	415	86	127
626	414	86	128
629	412	84	128
629	409	81	131
631	406	79	131
635	401	75	133
638	399	73	134
639	395	72	136
642	392	69	136
643	389	65	138
646	385	65	138
647	384	66	139
651	383	64	142
652	378	60	143
653	373	53	142
653	368	51	146
658	370	48	146
659	369	52	148
662	367	53	148
665	368	54	148
666	365	55	147
664	363	58	146
661	360	63	146
659	361	65	147
657	358	69	145
657	356	71	143
654	354	78	140
652	352	82	138
646	350	88	137
641	348	93	135
638	348	98	133
633	348	107	132
630	348	113	131
622	347	126	132
619	347	135	133
618	347	139	130
618	348	143	126
619	349	146	123
624	352	147	122
630	354	147	121
635	353	146	121
639	353	146	123
640	355	147	121
644	357	146	119
649	359	147	118
656	361	144	116
663	360	143	118
671	361	137	119
675	365	137	117
679	364	138	116
686	363	135	115
690	362	136	115
696	362	135	111
703	362	135	110
707	366	136	108
710	365	136	111
712	365	135	112
713	364	136	112
715	362	132	114
718	359	128	117
720	358	125	119
725	357	118	120
729	358	115	120
731	355	112	127
734	354	103	132
737	351	94	139
738	347	90	144
737	350	86	143
737	341	84	150
735	343	83	143
735	337	82	146
737	336	82	142
734	333	86	141
733	332	89	140
733	332	92	134
733	332	96	131
735	333	97	127
736	335	101	125
737	336	106	123
734	338	112	118
729	342	119	113
729	347	123	106
726	351	128	105
727	354	130	103
726	359	131	102
722	365	137	100
722	370	134	100
722	371	133	99
720	371	132	98
718	369	134	97
716	366	136	101
716	361	128	107
720	357	119	114
720	350	111	125
718	345	103	124
721	338	92	127
724	336	82	130
723	335	79	177
722	333	71	143
725	331	61	133
723	332	51	130
720	330	49	127
715	334	46	121
711	327	45	124
705	324	47	122
697	322	53	121
692	322	50	117
686	321	51	111
681	320	51	108
677	320	50	105
671	321	52	103
665	322	54	100
662	323	53	97
656	324	56	92
651	327	57	90
647	330	59	87
641	333	63	83
637	335	65	82
630	338	72	77
625	339	77	74
620	344	83	73
615	347	88	75
612	351	93	77
608	351	97	83
609	356	100	85
614	359	99	90
616	364	102	93
613	369	104	97
610	372	105	91
611	376	104	86
614	373	101	90
620	377	98	91
629	378	91	93
635	384	83	91
640	386	79	94
646	389	74	95
656	391	69	96
661	394	64	94
664	394	63	92
664	396	63	90
664	399	66	88
666	400	66	86
666	402	63	84
666	401	65	84
666	401	61	83
665	400	60	82
665	401	60	80
666	399	58	80
668	401	58	80
669	401	57	79
668	401	56	79
666	400	55	81
664	401	55	81
660	399	57	82
658	399	56	82
655	400	56	82
654	401	54	83
652	400	53	84
651	401	53	84
650	400	54	85
649	401	54	85
647	403	54	84
645	403	54	85
645	404	53	85
647	406	52	86
650	408	51	87
651	408	52	86
649	406	51	87
648	406	52	87
648	404	51	87
646	402	54	88
643	400	55	89
639	401	54	91
638	401	54	90
642	402	53	90
644	402	51	90
642	398	53	90
642	394	53	90
643	390	53	90
640	387	55	91
636	383	56	91
630	383	57	89
629	383	59	88
629	382	60	88
624	382	61	86
620	383	62	87
616	383	64	86
615	384	69	83
617	381	74	79
609	374	81	79
597	367	84	76
588	360	87	77
580	355	91	76
571	348	94	77
562	345	96	78
556	349	98	76
554	355	101	78
552	363	102	79
547	373	105	80
541	389	106	82
540	408	107	81
523	409	110	83
499	417	110	83
484	424	114	86
475	431	111	85
469	427	113	87
469	422	112	88
473	421	116	87
473	414	115	87
465	406	116	84
453	401	118	83
444	398	120	84
444	396	116	84
448	398	118	83
455	398	113	83
460	401	114	83
467	409	108	81
467	413	107	80
464	418	104	79
457	414	102	79
448	415	100	77
432	414	102	78
422	414	99	79
416	411	96	79
413	405	93	80
408	403	90	81
410	403	89	78
408	401	89	76
398	395	86	79
385	390	86	80
381	388	84	81
389	388	85	82
395	386	85	81
400	384	86	82
408	384	85	81
422	388	85	80
436	395	85	79
432	398	86	81
427	401	85	83
431	402	85	82
446	407	86	84
477	410	80	84
499	411	80	85
513	410	79	85
530	410	76	86
542	410	76	87
557	410	73	88
565	406	75	90
569	406	74	92
570	407	75	93
570	406	75	94
571	406	76	94
572	408	77	96
573	411	79	96
569	414	78	98
571	419	76	98
574	421	79	100
580	420	79	101
587	417	80	101
591	414	83	103
605	423	84	104
622	428	84	103
631	427	84	102
623	423	88	101
612	418	86	102
604	414	91	104
605	414	90	104
606	410	90	106
603	408	91	109
595	406	92	108
584	407	99	110
581	410	99	113
576	418	103	112
566	423	106	113
558	430	107	112
555	437	109	114
549	451	112	110
539	455	114	107
532	452	117	107
536	451	117	105
530	448	126	105
517	441	130	106
510	433	137	105
513	425	135	105
516	420	136	107
514	416	139	107
515	416	135	109
511	417	138	110
507	421	140	111
508	425	140	109
512	427	143	111
517	427	140	113
521	425	138	112
519	420	139	112
507	411	139	111
487	406	138	113
465	406	136	111
446	402	139	111
432	392	138	112
418	384	140	112
414	379	131	113
420	377	116	115
435	383	96	118
439	401	78	109
438	426	63	91
442	468	47	61
442	506	37	40
426	442	87	96
385	396	200	195
401	407	172	99
396	424	154	60
477	424	60	63
458	418	73	86
440	408	94	120
428	400	112	133
425	402	131	135
435	407	131	135
438	409	135	136
444	410	131	138
454	415	130	139
472	420	123	141
489	426	124	142
501	428	125	140
498	417	130	139
495	405	128	138
493	401	127	138
488	398	127	137
491	394	124	135
485	384	125	134
473	371	125	134
463	362	130	131
473	357	129	131
487	359	133	128
497	368	134	125
502	371	135	127
506	377	135	129
518	384	138	131
535	398	137	128
545	411	136	129
547	413	137	130
542	418	138	124
541	408	138	126
538	407	143	122
550	405	145	122
567	404	144	119
572	396	148	117
571	388	150	119
567	389	152	117
561	390	154	119
556	387	155	118
554	383	155	120
558	389	157	118
570	391	154	121
581	391	148	123
590	395	145	122
599	400	141	124
600	403	144	121
596	404	146	118
592	400	147	115
590	401	149	113
590	400	154	110
590	405	154	101
583	405	152	95
580	402	143	94
581	405	135	91
586	408	128	91
592	412	122	91
592	418	119	93
582	423	120	96
579	430	121	96
585	433	121	99
577	435	128	104
573	435	133	106
574	436	137	109
578	435	139	111
582	432	137	115
588	430	136	119
599	430	135	120
604	431	136	123
603	434	141	119
606	438	146	118
605	448	148	115
610	449	149	114
617	449	149	112
624	446	151	113
635	446	152	114
645	456	151	112
645	462	152	111
642	470	153	108
640	478	156	104
643	488	158	100
643	498	167	97
648	504	167	91
647	503	166	88
649	499	161	85
660	489	153	91
671	482	147	100
680	474	141	106
691	466	133	112
701	461	132	117
709	454	131	119
704	448	136	118
691	443	136	116
677	437	137	115
661	436	138	114
649	432	139	118
640	434	139	119
638	434	136	123
638	435	134	124
639	436	132	126
634	436	134	126
629	438	136	130
626	439	138	133
623	442	140	136
621	445	139	136
612	446	141	135
610	444	145	136
609	447	147	140
604	464	148	140
595	480	147	141
588	494	147	140
582	499	143	143
583	508	135	139
582	514	133	139
584	518	134	139
590	518	134	148
592	516	136	161
592	509	136	170
583	499	138	177
583	486	134	182
586	482	129	183
589	472	127	189
587	461	133	196
592	449	134	205
594	442	134	210
598	442	126	211
594	436	125	216
586	432	132	220
585	437	132	223
585	441	127	224
584	440	124	226
580	441	125	225
