0.016417
0.132895
0.109846
0.111561
0.083223
0.089858
0.141492
0.137762
0.091624
0.099497
0.092609
0.046683
0.120968
0.059017
0.086480
0.093896
0.070120
0.104295
0.068382
0.066660
0.084600
0.084575
0.112443
0.088698
0.103354
0.084097
0.148946
0.069144
0.063241
0.050525
0.066268
0.134437
0.144521
0.071720
0.076144
0.078558
0.093734
0.128952
0.083992
0.111982
0.087810
0.096340
0.083257
0.113159
0.039466
0.082311
0.132787
0.116756
0.056967
0.101555
0.044386
0.132905
0.057302
0.059412
0.049106
0.088818
0.076993
0.116651
0.074399
0.184299
0.163963
0.108252
0.064578
0.069407
0.133383
0.095013
0.121189
0.086219
0.056196
0.114480
0.101615
0.104489
0.107752
0.107944
0.118122
0.082326
0.112667
0.140141
0.097960
0.101947
0.081669
0.084664
0.080235
0.077609
0.108391
0.127291
0.103561
0.133759
0.136954
0.065219
0.082957
0.088103
0.117975
0.085495
0.122464
0.088727
0.115899
0.094464
0.038500
0.121473
0.076524
0.106680
0.090264
0.062890
0.116082
0.097692
0.109430
0.094241
0.121852
0.094768
0.104327
0.136811
0.076780
0.160377
0.051044
0.074079
0.079192
0.088128
0.079467
0.063370
0.107036
0.050841
0.081270
0.088169
0.138684
0.083095
0.087492
0.061752
0.112396
0.091968
0.107155
0.095053
0.102884
0.112158
0.067574
0.115112
0.139111
0.071974
0.114893
0.059895
0.130665
0.140815
0.093240
0.099814
0.072610
0.110654
0.066338
0.092214
0.060313
0.093783
0.101157
0.106500
0.088470
0.102508
0.075005
0.150053
0.165945
0.127950
0.103381
0.086811
0.101337
0.091960
0.124883
0.121934
0.065695
0.119174
0.145437
0.132279
0.106230
0.097167
0.069119
0.063370
0.076589
0.140894
0.057619
0.073203
0.050150
0.077565
0.101307
0.073053
0.132861
0.098956
0.080554
0.094526
0.130629
0.056346
0.102530
0.095686
0.124870
0.079936
0.111014
0.126674
0.116225
0.066627
0.033914
0.138336
0.112825
0.082211
0.134332
0.075611
0.136440
0.065985
0.107753
0.091577
0.104361
0.076252
0.065180
0.044061
0.078503
0.120289
0.088953
0.084490
0.091991
0.109848
0.116165
0.072549
0.066948
0.122312
0.114389
0.067127
0.115538
0.116415
0.076110
0.106181
0.088712
0.044324
0.138397
0.106640
0.156291
0.078896
0.097420
0.131769
0.103291
0.075321
0.080634
0.106691
0.095254
0.072894
0.093353
0.060494
0.071169
0.109697
0.074250
0.085705
0.129171
0.071072
0.086931
0.144670
0.122153
0.158838
0.123234
0.101805
0.078668
0.079899
0.118208
0.093220
0.079564
0.053334
0.099555
0.085447
0.068372
0.120924
0.161811
0.108053
0.085347
0.139005
0.098038
0.112019
0.119208
0.100588
0.118631
0.171638
0.153342
0.163387
0.108738
0.123940
0.070502
0.162302
0.122021
0.080705
0.125648
0.081445
0.072645
0.114182
0.108213
0.139483
0.051297
0.105013
0.055976
0.092377
0.092838
0.142560
0.091707
0.072971
0.115286
0.135628
0.111942
0.089933
0.120209
0.041636
0.074992
0.105671
0.045554
0.065747
0.071379
0.096570
0.089376
0.101919
0.069569
0.087200
0.076932
0.052960
0.117039
0.095657
0.117511
0.146331
0.054358
0.095835
0.112441
0.059431
0.149215
0.090374
0.087461
0.133057
0.051612
0.108667
0.138427
0.067260
0.071315
0.091811
0.128354
0.096553
0.105506
0.175241
0.112750
0.043319
0.087491
0.140432
0.106750
0.108695
0.119321
0.069554
0.135685
0.069503
0.094147
0.061211
0.063513
0.119437
0.083330
0.104833
0.073380
0.061088
0.127452
0.168369
0.119798
0.098231
0.105942
0.081746
0.108651
0.084630
0.086285
0.073320
0.098441
0.085776
0.074287
0.123495
0.100821
0.119445
0.097980
0.075425
0.106809
0.073323
0.089021
0.141152
0.086403
0.095876
0.112405
0.103250
0.058244
0.086846
0.096807
0.120419
0.144866
0.074577
0.128408
0.097848
0.075782
0.092546
0.101852
0.112144
0.076543
0.152238
0.059340
0.176813
0.048841
0.133312
0.068552
0.095225
0.109636
0.148258
0.130914
0.083232
0.084190
0.089165
0.076873
0.098284
0.092066
0.080504
0.119635
0.053073
0.080765
0.082397
0.065186
0.131937
0.067211
0.123548
0.119394
0.165557
0.099886
0.091508
0.092100
0.104909
0.060476
0.053277
0.088540
0.101096
0.075127
0.051366
0.082155
0.083074
0.095411
0.118417
0.053649
0.100768
0.090184
0.076647
0.079232
0.127125
0.091013
0.062963
0.117059
0.089733
0.148254
0.129732
0.102399
0.119449
0.097932
0.091156
0.083021
0.089677
0.134624
0.176761
0.093009
0.138887
0.100374
0.110819
0.140027
0.112287
0.100726
0.115351
0.087458
0.089281
0.074053
0.107275
0.114612
0.087025
0.057362
0.078478
0.112809
0.086330
0.088255
0.108212
0.098940
0.139328
0.092369
0.102154
0.095963
0.074908
0.110663
0.129868
0.103122
0.050833
0.104538
0.135147
0.097169
0.079020
0.124585
0.098986
0.151554
0.114695
0.129822
0.073209
0.093010
0.109503
0.060870
0.094450
0.078122
0.098955
0.067022
0.109219
0.095026
0.101931
0.102008
0.111079
0.099211
0.095092
0.087456
0.075777
0.088590
0.133885
0.105465
0.084283
0.075045
0.071217
0.059630
0.130550
0.069560
0.075604
0.124718
0.110676
0.069785
0.110142
0.091423
0.096990
0.104201
0.094862
0.121035
0.083345
0.075963
0.078250
0.076178
0.120733
0.037879
0.068255
0.093179
0.116777
0.133869
0.055847
0.115758
0.123534
0.082099
0.109087
0.075696
0.088711
0.105887
0.087505
0.110639
0.055946
0.052941
0.057400
0.053475
0.071841
0.084239
0.096731
0.089862
0.109098
0.089265
0.077355
0.081058
0.106549
0.093485
0.112257
0.092214
0.088238
0.091661
0.094622
0.129729
0.088158
0.099688
0.080693
0.115227
0.122023
0.154673
0.127754
0.109535
0.146719
0.064309
0.151891
0.111126
0.092393
0.112638
0.092589
0.154611
0.083785
0.091349
0.073730
0.099960
0.131933
0.131219
0.115777
0.097960
0.124554
0.132300
0.094242
0.138000
0.110663
0.093055
0.098471
0.100176
0.053102
0.080514
0.079019
0.082740
0.091694
0.133070
0.118192
0.096773
0.096513
0.053659
0.095092
0.109952
0.062271
0.101401
0.116448
0.098665
0.100131
0.073844
0.093484
0.135105
0.095780
0.153881
0.144765
0.102944
0.075395
0.086871
0.134683
0.082729
0.094880
0.144496
0.104526
0.114689
0.074776
0.139954
0.133507
0.089076
0.083869
0.103551
0.061400
0.108891
0.165913
0.103205
0.138610
0.083722
0.096837
0.111894
0.118347
0.097236
0.082696
0.043234
0.065383
0.097769
0.131547
0.087765
0.133650
0.093778
0.080017
0.061808
0.132845
0.077295
0.084031
0.115033
0.098869
0.066765
0.103104
0.089821
0.119715
0.052421
0.099903
0.137238
0.089489
0.072294
0.124042
0.065981
0.115203
0.068579
0.081439
0.080970
0.091203
0.066626
0.074018
0.088904
0.120875
0.059362
0.109871
0.105693
0.143287
0.133716
0.123540
0.095793
0.102177
0.090944
0.136387
0.053359
0.162282
0.120034
0.060311
0.086420
0.125428
0.099195
0.108128
0.093391
0.089684
0.132841
0.106131
0.133960
0.142042
0.089488
0.069087
0.136701
0.085535
0.167964
0.063691
0.034819
0.125018
0.135326
0.081545
0.084499
0.107046
0.080031
0.073057
0.110991
0.043229
0.097219
0.101725
0.064422
0.078736
0.128963
0.087636
0.086129
0.058585
0.105729
0.071915
0.069411
0.077210
0.068044
0.089171
0.106610
0.124269
0.119677
0.122379
0.090162
0.150556
0.078749
0.159136
0.141628
0.089669
0.099825
0.109271
0.106961
0.141544
0.058783
0.093704
0.095111
0.068274
0.091347
0.059039
0.055641
0.104531
0.084044
0.161208
0.059625
0.087403
0.059124
0.076284
0.085468
0.134654
0.164433
0.135067
0.130789
0.110971
0.114509
0.088377
0.172997
0.075880
0.082329
0.063326
0.051666
0.070127
0.120177
0.069530
0.132319
0.093427
0.085146
0.100922
0.107612
0.115409
0.117038
0.061752
0.056051
0.078673
0.137857
0.125639
0.091287
0.082047
0.051629
0.121461
0.186726
0.057783
0.094235
0.068236
0.109393
0.131330
0.107633
0.155678
0.151577
0.100067
0.097976
0.090965
0.128686
0.120142
0.095491
0.177645
0.052765
0.136156
0.160197
0.070050
0.155083
0.098763
0.069288
0.092353
0.098093
0.104983
0.068568
0.097657
0.098747
0.070383
0.081862
0.052512
0.075719
0.096786
0.097301
0.120133
0.056210
0.131354
0.139436
0.062762
0.084479
0.071915
0.071146
0.134634
0.138435
0.102783
0.061127
0.125039
0.110663
0.078901
0.143424
0.149882
0.147000
0.117279
0.113086
0.112004
0.178729
0.124676
0.120500
0.112391
0.074147
0.107874
0.130715
0.097474
0.146139
0.126787
0.088594
0.096768
0.102139
0.104215
0.078591
0.065342
0.066516
0.089704
0.131650
0.089401
0.148162
0.125577
0.123422
0.108562
0.071209
0.105569
0.089002
0.093450
0.047713
0.104359
0.108306
0.105976
0.103624
0.076353
0.094868
0.134218
0.061728
0.089614
0.157499
0.096487
0.094070
0.111318
0.147984
0.102849
0.126453
0.070945
0.091197
0.057913
0.074646
0.060318
0.127239
0.090335
0.108040
0.113851
0.092740
0.089254
0.104702
0.119852
0.095870
0.110177
0.110828
0.105268
0.111537
0.084731
0.050276
0.097259
0.143639
0.071448
0.125943
0.108043
0.078635
0.061531
0.112099
0.059205
0.116636
0.129690
0.098949
0.123215
0.153474
0.091080
0.077176
0.144864
0.075011
0.088726
0.148232
0.110955
0.121958
0.081039
0.150263
0.094873
0.109776
0.104882
0.105669
0.140742
0.127414
0.064420
0.171709
0.118432
0.063936
0.094976
0.067974
0.064997
0.086658
0.097184
0.082831
0.115294
0.097162
0.118908
0.101200
0.093887
0.118430
0.060240
0.045517
0.137227
0.100971
0.133663
0.077294
0.114179
0.108194
0.121156
0.093951
0.058554
0.109135
0.076558
0.080384
0.083357
0.101623
0.080848
0.065474
0.087837
0.103648
0.111628
0.111036
0.100802
0.108015
0.097257
0.152212
0.069590
0.092593
0.153141
0.046606
0.094029
0.093838
0.127506
0.172197
0.162016
0.090598
0.062808
0.131995
0.065868
0.180116
0.131938
0.083910
0.165186
0.111223
0.082700
0.062496
0.079822
0.092425
0.067011
0.059142
0.115689
0.130568
0.054088
0.063308
0.113224
0.104643
0.097899
0.134562
0.110034
0.092169
0.063179
0.103348
0.034871
0.079071
0.180486
0.079046
0.112290
0.107361
0.094487
0.074781
0.129522
0.057116
0.098290
0.119189
0.166639
0.152170
0.074466
0.098810
0.118465
0.097670
0.092448
0.089065
0.071406
0.168970
0.153447
0.109344
0.101495
0.116284
0.053311
0.113891
0.104535
0.098400
0.066106
0.086141
0.107952
0.091454
0.083155
0.093176
0.086246
0.099975
0.115616
0.128452
0.045152
0.176224
0.103782
0.083134
0.080379
0.057738
0.049572
0.090461
0.120658
0.094244
0.133266
0.051351
0.054622
0.096109
0.079245
0.079702
0.060621
0.104530
0.115188
0.220226
0.162321
0.217151
0.070329
0.088619
0.112898
0.100764
0.078067
0.149884
0.097295
0.085229
0.119879
0.076094
0.096261
0.084884
0.103370
0.051147
0.129490
0.122475
0.096408
0.105850
0.083591
0.184630
0.138237
0.105919
0.129996
0.085546
0.101993
0.132224
0.131755
0.102689
0.099284
0.037947
0.077753
0.085876
0.106300
0.125584
0.127981
0.103106
0.037275
0.094653
0.056973
0.108484
0.088973
0.092361
0.121189
0.082139
0.130587
0.079890
0.085460
0.109231
0.119320
0.157607
0.056712
0.084059
0.091586
0.077525
0.103260
0.101041
0.107862
0.049815
0.106520
0.089333
0.060445
0.106591
0.121990
0.065068
0.091865
0.093940
0.072080
0.070695
0.076164
0.100917
0.095543
0.061541
0.093506
0.148089
0.185457
0.101000
0.099971
0.104611
0.139629
0.088627
0.081950
0.085443
0.111996
0.128924
0.090162
0.082164
0.104201
0.060758
0.073869
0.085604
0.117298
0.156615
0.090769
0.118813
0.064919
0.105427
0.136530
0.134925
0.128199
0.093230
0.075351
0.127784
0.109081
0.068676
0.078772
0.098037
0.098171
0.057826
0.093254
0.124913
0.135704
0.091487
0.109489
0.076374
0.083566
0.087672
0.144107
0.096462
0.063242
0.074413
0.068412
0.061444
0.084743
0.085949
0.097328
0.091967
0.058621
0.113190
0.135840
0.115325
0.079417
0.084758
0.083849
0.110780
0.073966
0.074746
0.088799
0.122226
0.095234
0.078649
0.083939
0.117779
0.079126
0.148004
0.101385
0.111479
0.069116
0.160911
0.078800
0.162972
0.111786
0.091403
0.084475
0.172352
0.111038
0.078087
0.104506
0.057112
0.110264
0.107931
0.133224
0.065867
0.104854
0.092617
0.101755
0.064537
0.148761
0.101238
0.151936
0.082308
0.086426
0.110111
0.060973
0.145172
0.100874
0.084779
0.108534
0.140073
0.088065
0.094384
0.070842
0.076639
0.121059
0.084034
0.066684
0.101541
0.040892
0.046009
0.104198
0.117695
0.112968
0.146038
0.072988
0.089664
0.083202
0.112626
0.075888
0.098235
0.098910
0.051111
0.073757
0.118226
0.076145
0.168588
0.099425
0.086865
0.108186
0.088555
0.094501
0.101298
0.149924
0.063164
0.060879
0.094193
0.097891
0.111365
0.091299
0.082808
0.134016
0.159188
0.086146
0.097599
0.092783
0.093878
0.091848
0.122835
0.073665
0.091362
0.099497
0.077308
0.071054
0.045965
0.099233
0.099434
0.141674
0.086508
0.098235
0.092174
0.038647
0.051107
0.115471
0.111324
0.075605
0.167253
0.130199
0.089571
0.137259
0.119488
0.119174
0.161206
0.111070
0.111642
0.111605
0.085478
0.101526
0.060200
0.126632
0.114557
0.100691
0.095798
0.068826
0.076780
0.089069
0.100551
0.092672
0.137528
0.077775
0.087836
0.170991
0.077940
0.083227
0.083589
0.092494
0.138648
0.070981
0.095181
0.066041
0.117997
0.103912
0.149457
0.104703
0.112517
0.113245
0.083313
0.136613
0.067209
0.093140
0.071954
0.062086
0.074978
0.065066
0.124929
0.112609
0.084173
0.074867
0.071582
0.147356
0.103866
0.265942
0.162703
0.127936
0.118331
0.088029
0.097090
0.105839
0.172445
0.104107
0.085601
0.123529
0.153260
0.226439
0.142208
0.078632
0.125890
0.183609
0.164898
0.111722
0.132567
0.075028
0.116025
0.166383
0.047344
0.069269
0.107024
0.162921
0.125678
0.125340
0.108699
0.078454
0.132839
0.140257
0.124548
0.086886
0.126863
0.084627
0.101223
0.062350
0.125051
0.071836
0.177725
0.092960
0.090781
0.104974
0.148855
0.122436
0.112238
0.153273
0.097531
0.059207
0.112608
0.155581
0.091467
0.086430
0.055124
0.053830
0.052589
0.059471
0.091409
0.092865
0.079815
0.073028
0.091108
0.114123
0.064339
0.098817
0.067962
0.080389
0.092744
0.154972
0.129542
0.149605
0.110088
0.080556
0.107547
0.057484
0.170028
0.069713
0.194238
0.046816
0.126729
0.107821
0.104905
0.147937
0.064016
0.051221
0.104374
0.102696
0.079831
0.175910
0.121778
0.182079
0.094426
0.076540
0.083169
0.094769
0.098248
0.063873
0.057544
0.075294
0.160137
0.087243
0.086512
0.072512
0.050413
0.123599
0.039440
0.095222
0.054627
0.130544
0.044614
0.140106
0.051569
0.089899
0.098508
0.113571
0.052098
0.101833
0.129642
0.142758
0.119112
0.121834
0.093106
0.098630
0.057119
0.096954
0.054668
0.080598
0.055617
0.061612
0.083959
0.115397
0.060842
0.103849
0.140987
0.077517
0.068215
0.077778
0.123863
0.050582
0.055921
0.051162
0.071291
0.093632
0.068303
0.042053
0.131634
0.099375
0.061028
0.114396
0.052001
0.089085
0.086465
0.095505
0.090158
0.077613
0.085179
0.061525
0.083726
0.046765
0.079271
0.067270
0.086717
0.039536
0.058177
0.094247
0.120015
0.101212
0.106624
0.067071
0.069132
0.052312
0.066833
0.128489
0.060176
0.058226
0.061498
0.061230
0.116072
0.077519
0.069532
0.096760
0.059502
0.053258
0.078653
0.062855
0.055359
0.075079
0.079307
0.060981
0.087438
0.068392
0.072323
0.090425
0.080023
0.114146
0.059115
0.072705
0.077000
0.102537
0.068196
0.104049
0.073368
0.125593
0.118276
0.146909
0.101438
0.145025
0.244564
0.086877
0.162232
0.165720
0.149723
0.139776
0.162773
0.087086
0.140500
0.057421
0.104171
0.103743
0.079424
0.100840
0.080028
0.106514
0.117010
0.081677
0.115800
0.100384
0.118640
0.109335
0.108033
0.083869
0.158493
0.122783
0.180455
0.155772
0.142439
0.193187
0.088887
0.159173
0.116509
0.101458
0.097589
0.099178
0.074113
0.114006
0.079967
0.097425
0.075429
0.099423
0.116410
0.103012
0.122616
0.131512
0.038710
0.162051
0.066356
0.073308
0.069121
0.088490
0.100639
0.094267
0.079032
0.042925
0.077177
0.144201
0.091098
0.094886
0.090200
0.118127
0.089347
0.114820
0.060811
0.102300
0.095889
0.065838
0.110503
0.113038
0.105309
0.088846
0.127024
0.102420
0.044852
0.082685
0.082014
0.086586
0.157320
0.073676
0.117371
0.084184
0.095384
0.129846
0.096200
0.115457
0.089317
0.082276
0.063594
0.064546
0.076821
0.094651
0.099345
0.087601
0.084415
0.118331
0.101631
0.127109
0.111668
0.220863
0.114815
0.076518
0.128216
0.081799
0.080558
0.112329
0.113388
0.095819
0.135887
0.160779
0.088143
0.056878
0.050745
0.151165
0.123448
0.080288
0.105507
0.062272
0.117219
0.073528
0.149818
0.088353
0.110727
0.079426
0.126990
0.093190
0.065572
0.103858
0.126493
0.103536
0.095865
0.092982
0.089874
0.075077
0.114039
0.092207
0.096202
0.047065
0.097459
0.080714
0.120013
0.129725
0.104635
0.111356
0.084723
0.126101
0.121042
0.105022
0.091642
0.068810
0.078027
0.083870
0.120408
0.084347
0.091435
0.086180
0.061347
0.079556
0.127904
0.082196
0.099686
0.057530
0.123432
0.092897
0.075394
0.130661
0.066058
0.072623
0.078506
0.105799
0.134994
0.071565
0.044004
0.106919
0.132699
0.116401
0.098815
0.132044
0.088950
0.084852
0.120418
0.102748
0.059259
0.074183
0.058166
0.077637
0.096023
0.134407
0.096064
0.081992
0.119817
0.068019
0.077890
0.093902
0.091835
0.102344
0.097858
0.058191
0.118758
0.077302
0.109974
0.093405
0.134449
0.089299
0.099057
0.107882
0.051227
0.087803
0.116818
0.175882
0.120124
0.053207
0.089179
0.074182
0.041205
0.074414
0.054191
0.107234
0.082767
0.114387
0.144429
0.159703
0.091224
0.097828
0.059581
0.090971
0.084343
0.081185
0.082570
0.120141
0.081695
0.089317
0.068142
0.064055
0.059388
0.071627
0.071997
0.067645
0.081136
0.119469
0.155314
0.127952
0.050308
0.095825
0.074728
0.134102
0.100730
0.104919
0.080899
0.056125
0.122754
0.055940
0.073505
0.160562
0.089756
0.092522
0.106895
0.093602
0.069309
0.051595
0.146264
0.085895
0.129678
0.082542
0.103760
0.065400
0.063159
0.125471
0.096509
0.071374
0.074839
0.108617
0.085277
0.079962
0.089628
0.075712
0.155910
0.054334
0.149122
0.154633
0.071089
0.134528
0.093641
0.079241
0.124309
0.101844
0.094291
0.122106
0.064381
0.112038
0.155704
0.138512
0.089756
0.090926
0.086391
0.079458
0.088000
0.059085
0.089318
0.050529
0.064774
0.118097
0.083009
0.123570
0.088655
0.056737
0.046202
0.137720
0.125963
0.119678
0.116106
0.099784
0.073441
0.141893
0.100311
0.106773
0.114897
0.113997
0.107950
0.132295
0.068848
0.131454
0.138990
0.121100
0.102742
0.084273
0.087105
0.137430
0.080643
0.128233
0.104553
0.099167
0.061781
0.070469
0.083881
0.084217
0.119906
0.075151
0.057480
0.050070
0.087098
0.072923
0.068763
0.073585
0.100572
0.105409
0.112836
0.105787
0.131049
0.134143
0.073086
0.044475
0.090245
0.102696
0.048900
0.095483
0.083338
0.068540
0.147032
0.156686
0.077518
0.075208
0.091664
0.097697
0.086868
0.108945
0.096651
0.063468
0.082288
0.122758
0.088739
0.095031
0.090644
0.054785
0.067407
0.065425
0.125727
0.115256
0.098999
0.113544
0.058517
0.104614
0.082162
0.055987
0.088621
0.103293
0.092103
0.099530
0.075027
0.134357
0.101168
0.083513
0.104553
0.098154
0.136245
0.047935
0.074340
0.114277
0.087595
0.093949
0.119409
0.073719
0.103384
0.091063
0.076459
0.128117
0.053421
0.097695
0.106875
0.096078
0.081317
0.116412
0.125795
0.139190
0.093574
0.114213
0.125423
0.134801
0.103562
0.078168
0.086263
0.069634
0.110992
0.121068
0.059720
0.111527
0.150293
0.079909
0.122889
0.083147
0.110631
0.089579
0.115283
0.104709
0.087334
0.110403
0.130145
0.073978
0.087692
0.085889
0.113618
0.093870
0.135763
0.089968
0.081464
0.150945
0.093332
0.067127
0.134516
0.134417
0.052387
0.205671
0.164603
0.084739
0.095778
0.078943
0.076580
0.094394
0.072107
0.156594
0.124253
0.044090
0.071577
0.105933
0.115663
0.104619
0.125131
0.074944
0.088644
0.083981
0.045589
0.118870
0.043416
0.059270
0.111251
0.108577
0.088315
0.054529
0.092142
0.082154
0.081964
0.079950
0.142661
0.168897
0.096055
0.086504
0.062054
0.164781
0.092560
0.093676
0.059037
0.085669
0.087641
0.077375
0.124042
0.069563
0.088639
0.066313
0.106159
0.111004
0.104313
0.129750
0.114683
0.115507
0.095606
0.065597
0.098734
0.133928
0.043498
0.150043
0.078055
0.090573
0.103298
0.085904
0.103321
0.082077
0.092119
0.141676
0.072519
0.126783
0.072421
0.096654
0.124238
0.062975
0.100673
0.119359
0.094368
0.127973
0.105693
0.069130
0.115123
0.151038
0.093992
0.082380
0.066333
0.067710
0.106480
0.120245
0.039992
0.144973
0.041514
0.082249
0.132959
0.083677
0.107992
0.118581
0.158038
0.091760
0.116388
0.084394
0.097665
0.122628
0.081645
0.101945
0.132587
0.112256
0.096606
0.146988
0.101572
0.097210
0.081669
0.127326
0.136636
0.086182
0.063793
0.144716
0.143803
0.085051
0.079126
0.124623
0.085196
0.089483
0.076641
0.095146
0.098708
0.059590
0.096866
0.170989
0.096487
0.068785
0.067503
0.085460
0.053275
0.141978
0.108607
0.138023
0.122820
0.129240
0.104236
0.112717
0.077035
0.153147
0.043097
0.077423
0.149911
0.159745
0.119999
0.171716
0.095815
0.108438
0.126474
0.113775
0.050694
0.096823
0.082417
0.123489
0.128440
0.066833
0.106627
0.122300
0.102613
0.088788
0.069647
0.146315
0.061764
0.109323
0.098779
0.082615
0.073932
0.084470
0.155187
0.147776
0.090145
0.094885
0.091143
0.048979
0.096918
0.047079
0.118267
0.165352
0.141224
0.101454
0.067243
0.111104
0.065182
0.096768
0.059272
0.069640
0.137629
0.063329
0.062253
0.126265
0.097178
0.145069
0.117580
0.110927
0.081375
0.117263
0.098228
0.108282
0.082826
0.081779
0.118377
0.128594
0.201839
0.080383
0.101985
0.087687
0.067137
0.055036
0.117639
0.140407
0.148448
0.069080
0.113173
0.110074
0.121027
0.070678
0.091424
0.082719
0.123193
0.114229
0.074757
0.142806
0.101861
0.076085
0.084326
0.089938
0.060724
0.093179
0.088781
0.102052
0.066524
0.120886
0.087071
0.124004
0.137158
0.073282
0.072607
0.081496
0.118495
0.067231
0.141267
0.145866
0.107052
0.081110
0.069975
0.089513
0.074879
0.115453
0.120350
0.066997
0.039893
0.059353
0.047060
0.106797
0.054054
0.054459
0.072929
0.175031
0.154599
0.119821
0.147073
0.083811
0.120137
0.115114
0.084536
0.134563
0.108572
0.100316
0.098133
0.134586
0.071526
0.078353
0.119478
0.124383
0.158903
0.114040
0.157474
0.059219
0.083276
0.087734
0.091988
0.093115
0.084565
0.086018
0.128786
0.096085
0.093388
0.155340
0.118744
0.127800
0.057317
0.095015
0.091441
0.089441
0.084032
0.099292
0.062709
0.110133
0.147236
0.161032
0.109196
0.142359
0.116835
0.103277
0.078485
0.140980
0.072066
0.105509
0.072230
0.104915
0.116771
0.109979
0.074738
0.059976
0.107955
0.148757
0.125192
0.132775
0.120091
0.042313
0.162476
0.084001
0.134142
0.110965
0.094419
0.064484
0.081684
0.161164
0.084690
0.152516
0.089126
0.095593
0.091088
0.109648
0.090598
0.078085
0.094651
0.126840
0.182574
0.121081
0.110203
0.064497
0.079003
0.061245
0.166373
0.115531
0.071137
0.150927
0.061914
0.095492
0.133451
0.112142
0.108289
0.062360
0.087254
0.074628
0.103181
0.065444
0.115364
0.105700
0.099855
0.138696
0.084988
0.113727
0.080690
0.117522
0.071796
0.102106
0.138187
0.101931
0.098109
0.114543
0.071846
0.070354
0.081205
0.173767
0.128078
0.058632
0.168956
0.127874
0.109621
0.121916
0.087708
0.123684
0.138482
0.102199
0.103009
0.080276
0.144300
0.126408
0.073569
0.140324
0.070758
0.150021
0.075386
0.137127
0.091958
0.117335
0.065060
0.111670
0.077096
0.073183
0.067607
0.118930
0.093035
0.091056
0.086854
0.097809
0.130855
0.092001
0.117279
0.056934
0.082066
0.064867
0.087330
0.075787
0.113207
0.074328
0.100179
0.091693
0.114371
0.134789
0.089352
0.119857
0.118645
0.116953
0.107245
0.102733
0.084996
0.070897
0.132941
0.114185
0.099697
0.052044
0.099845
0.093197
0.097281
0.081246
0.106393
0.107765
0.069597
0.079529
0.135742
0.059358
0.084398
0.084251
0.090467
0.163810
0.113374
0.165951
0.111187
0.123444
0.133733
0.098696
0.099891
0.094493
0.101824
0.100183
0.121565
0.131839
0.093519
0.086941
0.078301
0.110145
0.074953
0.073531
0.104867
0.116605
0.131517
0.099166
0.117923
0.089258
0.066968
0.068685
0.068616
0.088192
0.099561
0.145071
0.071591
0.104880
0.103867
0.064911
0.081486
0.141530
0.141418
0.055521
0.096065
0.068419
0.099821
0.127122
0.099762
0.085891
0.085431
0.116600
0.122475
0.144408
0.119565
0.094033
0.051728
0.097830
0.097916
0.087418
0.074547
0.125185
0.161460
0.073598
0.090716
0.215726
0.125374
0.165314
0.157676
0.127032
0.120414
0.130662
0.113212
0.093710
0.106007
0.068851
0.111491
0.102341
0.102028
0.087849
0.085568
0.082075
0.106756
0.097379
0.108748
0.082454
0.145342
0.151575
0.117733
0.101555
0.076992
0.094326
0.080116
0.085932
0.132961
0.150189
0.119006
0.172976
0.099100
0.115130
0.083591
0.059844
0.104610
0.043968
0.075866
0.074960
0.120141
0.127340
0.090254
0.101491
0.110357
0.121806
0.050010
0.048445
0.145345
0.083632
0.115894
0.062451
0.082661
0.090800
0.102050
0.092090
0.106327
0.045588
0.089350
0.074023
0.071120
0.084086
0.125095
0.100356
0.129103
0.113767
0.083176
0.142591
0.113510
0.125794
0.131661
0.064044
0.092501
0.110365
0.045815
0.072347
0.063791
0.107009
0.148697
0.066054
0.132733
0.100780
0.153722
0.027244
0.107679
0.086010
0.114016
0.099656
0.084304
0.082646
0.110105
0.054068
0.106865
0.040397
0.044305
0.064828
0.056498
0.054069
0.071424
0.053605
0.118967
0.126510
0.160485
0.132868
0.109684
0.088207
0.065186
0.142415
0.086582
0.094798
0.113800
0.104703
0.077412
0.093915
0.087647
0.098650
0.105459
0.102737
0.101887
0.130769
0.086787
0.132021
0.114684
0.043442
0.110378
0.071043
0.090559
0.077568
0.065893
0.129515
0.099827
0.103066
0.109651
0.092314
0.085163
0.109084
0.074219
0.076707
0.095584
0.074430
0.100012
0.068490
0.073355
0.135175
0.077290
0.119023
0.060223
0.129352
0.105715
0.124933
0.079850
0.105286
0.087557
0.136755
0.123275
0.072322
0.106698
0.135814
0.090690
0.092823
0.159805
0.192039
0.048619
0.133326
0.058050
0.131004
0.034380
0.129965
0.100651
0.089285
0.101499
0.101659
0.113015
0.064379
0.075123
0.150866
0.098967
0.087850
0.128758
0.171360
0.099321
0.124415
0.128600
0.071447
0.102349
0.076762
0.059572
0.183315
0.083411
0.130170
0.096489
0.065426
0.127903
0.071876
0.078428
0.087571
0.108254
0.076473
0.069862
0.046659
0.104346
0.076634
0.129846
0.105021
0.116688
0.050286
0.061809
0.049262
0.040132
0.054562
0.092402
0.109354
0.102688
0.092714
0.096375
0.154798
0.103565
0.156157
0.077199
0.094822
0.136595
0.063857
0.071412
0.116763
0.089185
0.052881
0.087602
0.085206
0.114893
0.163072
0.089285
0.091011
0.064047
0.088285
0.129230
0.152506
0.093545
0.117565
0.092089
0.069571
0.059783
0.073780
0.112204
0.085681
0.059218
0.164957
0.110983
0.108014
0.070552
0.051924
0.099264
0.090039
0.056841
0.118849
0.109452
0.134437
0.075043
0.083681
0.078823
0.089084
0.101755
0.127949
0.085546
0.066711
0.145475
0.146206
0.071119
0.148025
0.204428
0.063757
0.116615
0.049620
0.077218
0.096818
0.060880
0.067645
0.141224
0.153864
0.055459
0.122081
0.091948
0.104100
0.110602
0.137426
0.132702
0.114486
0.213491
0.116128
0.135364
0.099319
0.127878
0.098399
0.106010
0.078870
0.076005
0.123115
0.179205
0.137922
0.059888
0.090719
0.076447
0.091063
0.072924
0.135546
0.108534
0.114465
0.124581
0.091527
0.128421
0.072566
0.091500
0.082768
0.120335
0.083252
0.103304
0.061378
0.090552
0.081545
0.148427
0.138400
0.167382
0.115043
0.119232
0.127952
0.097707
0.112871
0.137432
0.087763
0.071078
0.102555
0.070925
0.156359
0.060447
0.093831
0.134287
0.074517
0.074136
0.045580
0.130083
0.092075
0.074151
0.110155
0.106846
0.063021
0.090622
0.080280
0.125825
0.117317
0.164288
0.065662
0.128999
0.081472
0.158263
0.205363
0.110421
0.137717
0.114824
0.105961
0.096508
0.130158
0.077028
0.143055
0.118508
0.136611
0.067119
0.129357
0.059508
0.109641
0.064341
0.050374
0.125889
0.096910
0.112403
0.138431
0.113840
0.107239
0.120455
0.073038
0.059238
0.090237
0.050110
0.086549
0.140100
0.139255
0.091953
0.162866
0.084313
0.074599
0.097278
0.084646
0.127880
0.081388
0.102004
0.135023
0.056518
0.133603
0.080210
0.120136
0.045001
0.123461
0.052394
0.090693
0.104532
0.133047
0.095030
0.110267
0.126511
0.049197
0.122264
0.125128
0.099276
0.082166
0.130316
0.126683
0.127501
0.088925
0.110275
0.060036
0.058491
0.061592
0.130751
0.074366
0.079499
0.139922
0.057935
0.068394
0.089902
0.117076
0.082156
0.120229
0.131183
0.122365
0.076495
0.118110
0.086525
0.099778
0.131301
0.135051
0.047916
0.134875
0.117477
0.151535
0.080994
0.083750
0.101116
0.144431
0.122546
0.093205
0.106518
0.132917
0.034631
0.044115
0.103642
0.069505
0.104569
0.145782
0.142073
0.054948
0.136884
0.074708
0.139978
0.081211
0.081416
0.079659
0.075305
0.097114
0.112581
0.127186
0.061208
0.072767
0.107169
0.099564
0.082464
0.119198
0.125105
0.078681
0.125755
0.090384
0.111248
0.072547
0.081486
0.196486
0.126850
0.045876
0.074596
0.064860
0.085264
0.097247
0.127086
0.047212
0.126844
0.136898
0.033528
0.072443
0.068394
0.124986
0.081321
0.146147
0.131932
0.081388
0.112325
0.041709
0.071418
0.037817
0.129399
0.050637
0.100400
0.087699
0.053714
0.060425
0.098594
0.069008
0.047001
0.088562
0.151877
0.119709
0.097704
0.131059
0.073786
0.114238
0.113781
0.136954
0.130511
0.130642
0.100435
0.045802
0.129895
0.097767
0.098622
0.091767
0.114662
0.119356
0.082428
0.159113
0.061451
0.075951
0.147468
0.185591
0.145705
0.104634
0.073877
0.136904
0.141759
0.079594
0.132843
0.141092
0.094539
0.132052
0.104405
0.088550
0.131557
0.183094
0.114216
0.047370
0.091062
0.121334
0.050351
0.066027
0.109185
0.041691
0.109874
0.058844
0.120543
0.115475
0.056656
0.138088
0.082029
0.036180
0.104034
0.053429
0.080805
0.066616
0.081870
0.102325
0.145355
0.107825
0.084116
0.052149
0.095637
0.160245
0.045684
0.091671
0.123975
0.089012
0.111661
0.125631
0.108245
0.079678
0.059809
0.093329
0.118788
0.110393
0.164678
0.086961
0.114671
0.120551
0.100361
0.095792
0.118521
0.104220
0.112061
0.097883
0.077357
0.083299
0.091006
0.115220
0.050976
0.176373
0.069779
0.086490
0.130430
0.087101
0.087414
0.123078
0.135502
0.075610
0.076743
0.094885
0.089174
0.132593
0.058053
0.119072
0.085665
0.070751
0.100568
0.167773
0.073823
0.149357
0.119766
0.116814
0.086273
0.159472
0.090517
0.088422
0.111154
0.075687
0.164434
0.131309
0.090562
0.077159
0.132352
0.155883
0.091234
0.138952
0.130363
0.112767
0.109697
0.113617
0.060969
0.059066
0.103055
0.049269
0.095886
0.138070
0.187921
0.094704
0.080292
0.142615
0.102356
0.084318
0.110121
0.135153
0.092907
0.043772
0.095851
0.134853
0.096818
0.102401
0.110127
0.091005
0.121131
0.143759
0.063324
0.109146
0.118420
0.077316
0.129015
0.089425
0.080856
0.148434
0.112582
0.193505
0.085890
0.136145
0.032860
0.132168
0.085984
0.069518
0.110440
0.117934
0.103187
0.100661
0.179372
0.104338
0.147033
0.142196
0.065604
0.106549
0.072152
0.137399
0.064692
0.049236
0.080360
0.104740
0.102623
0.077368
0.086675
0.100338
0.153396
0.086203
0.075336
0.105315
0.134532
0.119581
0.121413
0.097724
0.114372
0.099705
0.058417
0.109022
0.098200
0.105009
0.086925
0.124463
0.071053
0.116883
0.079369
0.114316
0.119270
0.113786
0.072987
0.135311
0.106964
0.144580
0.097730
0.106367
0.119783
0.128058
0.123834
0.107824
0.150090
0.083817
0.100858
0.063849
0.076852
0.094540
0.116720
0.127033
0.128558
0.097685
0.050799
0.099759
0.088626
0.080229
0.103458
