518	267	238	140
514	273	247	127
512	278	246	125
517	282	250	125
532	283	237	126
550	281	220	124
558	289	216	113
549	291	220	108
527	294	248	107
530	287	245	113
529	287	245	115
521	277	248	124
506	286	247	119
498	291	248	110
486	277	253	127
490	271	250	131
495	271	240	128
486	259	244	130
483	260	234	123
473	262	234	121
470	252	198	133
469	256	194	133
464	266	187	121
458	272	192	123
451	279	200	115
446	281	208	119
441	280	222	127
439	288	224	122
436	293	212	123
417	299	222	121
420	300	210	126
419	308	214	124
422	308	201	127
424	309	201	125
419	315	193	121
413	312	193	125
411	313	191	124
410	315	177	128
410	318	165	125
410	324	162	119
415	322	156	123
417	321	156	130
418	329	151	126
420	327	148	130
426	330	128	128
427	337	132	122
433	338	127	121
434	321	132	133
430	329	128	132
426	325	130	129
419	330	136	121
419	325	132	124
411	325	140	113
404	324	143	109
404	318	152	112
401	307	160	129
400	321	169	118
398	317	173	115
396	317	179	122
394	319	178	122
391	326	177	116
388	327	181	114
388	323	196	114
382	325	195	105
373	318	225	136
376	332	232	124
384	334	239	125
392	325	244	134
397	324	247	127
393	320	264	125
385	310	281	131
385	304	286	130
399	304	280	120
424	302	263	122
428	302	274	122
438	299	272	130
470	303	248	119
472	299	250	129
478	296	257	133
471	295	270	140
464	300	292	137
490	295	269	141
484	302	278	137
493	304	275	136
494	305	275	138
499	306	271	139
509	301	265	144
517	292	269	150
519	295	273	147
523	283	274	154
539	300	273	133
546	288	277	148
567	294	271	140
582	282	263	148
597	300	266	135
605	288	263	142
608	284	262	149
610	285	263	148
619	287	255	148
626	291	259	147
629	297	251	141
629	304	258	135
629	300	263	142
629	301	260	145
632	299	259	144
638	303	257	135
638	307	262	132
641	311	256	126
643	310	257	123
642	308	259	123
644	308	263	124
659	300	253	129
666	308	261	125
670	309	264	123
679	303	257	127
683	300	257	130
690	305	253	126
697	308	249	122
705	315	256	118
714	314	260	123
717	317	262	126
724	309	266	128
732	312	268	122
737	311	264	121
745	318	262	114
762	311	243	115
755	307	271	119
746	299	277	126
746	299	274	127
756	303	268	120
754	299	267	126
752	303	269	123
762	305	257	122
781	304	240	122
795	307	232	124
799	302	238	133
801	302	225	134
807	306	229	132
804	302	221	130
815	305	222	129
823	297	227	135
824	294	220	137
833	288	214	142
836	282	202	143
843	283	189	148
846	281	183	145
847	278	180	148
860	274	172	159
863	286	156	147
876	287	135	147
881	281	133	157
885	287	132	153
883	302	132	138
886	307	139	137
889	322	143	128
889	310	147	137
888	303	153	149
897	306	148	143
897	304	153	146
898	317	154	125
885	302	167	138
875	306	174	130
857	300	194	139
864	312	188	131
856	313	195	135
838	313	209	136
823	303	219	144
814	319	230	130
804	314	240	139
790	318	249	136
781	318	262	138
773	308	262	149
760	315	270	141
746	316	273	139
732	317	281	139
722	311	285	144
723	304	287	147
709	305	291	144
703	300	288	144
690	300	300	146
685	297	296	148
679	297	302	150
673	293	306	155
678	294	295	154
667	286	302	159
659	281	299	162
649	281	300	165
640	279	299	170
636	280	302	166
615	288	308	159
607	288	289	160
592	291	291	162
579	283	296	170
564	309	293	151
556	300	294	160
547	305	293	153
532	312	299	151
523	306	294	153
522	315	290	150
520	309	292	158
520	313	291	148
520	311	286	151
510	315	288	150
511	318	284	149
515	323	283	150
527	322	267	151
537	331	255	140
505	337	274	135
497	340	282	129
492	342	286	130
486	344	292	131
485	333	289	142
484	314	287	157
489	315	278	145
480	307	285	150
480	313	277	137
472	307	270	139
462	309	284	138
465	305	229	134
462	310	252	133
456	300	265	144
455	295	281	148
457	301	283	143
454	298	296	146
461	305	284	140
459	299	284	147
464	303	282	143
459	298	288	150
461	303	293	144
457	295	297	151
460	301	304	142
465	295	296	143
454	293	273	147
443	291	287	147
436	290	280	149
431	292	267	150
423	288	265	151
415	288	250	152
403	282	248	156
407	280	232	153
390	280	243	161
377	274	243	158
370	267	245	161
368	270	241	158
359	264	245	162
361	272	237	156
354	273	239	158
349	269	238	161
350	264	237	170
351	264	219	176
348	261	224	181
341	273	176	169
346	278	184	158
352	281	144	155
358	275	180	161
363	261	144	174
365	269	183	164
368	264	173	166
364	261	179	168
355	264	184	171
355	272	180	160
344	273	189	162
339	280	196	151
335	269	203	160
331	266	215	164
325	267	216	162
319	274	221	156
313	279	234	149
310	282	241	153
309	280	248	157
308	280	259	154
312	274	268	157
314	272	280	162
314	273	293	161
314	275	295	159
303	277	307	158
299	271	321	164
295	273	323	163
306	276	304	159
346	283	317	155
343	290	329	153
355	295	325	153
363	294	315	153
364	291	314	155
369	269	314	175
363	274	316	165
357	278	322	160
357	279	323	154
361	278	326	156
367	267	325	159
376	272	339	158
400	270	332	162
414	271	327	169
430	270	322	171
473	276	282	166
440	291	323	156
447	290	327	155
461	295	316	154
451	292	328	160
443	296	335	151
451	291	331	150
465	286	321	153
467	283	323	152
477	277	317	155
476	278	319	154
476	286	314	144
492	289	293	137
494	273	306	154
501	278	309	150
518	284	269	142
525	271	286	154
526	276	288	152
536	286	277	142
546	284	272	147
564	285	255	144
581	273	249	155
588	277	251	160
598	277	245	163
604	288	237	154
621	288	231	157
630	289	218	158
656	290	193	156
654	292	190	159
660	291	183	160
667	291	179	163
669	297	171	156
672	293	175	160
680	293	169	161
690	293	164	162
696	295	161	160
703	287	162	170
704	286	175	171
699	289	195	167
697	282	187	174
686	282	186	174
668	275	195	180
653	274	198	173
639	275	193	167
625	276	189	160
608	265	212	171
588	262	220	172
560	265	228	172
543	259	239	182
525	262	257	181
513	269	254	173
509	273	257	170
508	270	261	175
501	264	274	181
494	265	287	177
494	268	301	174
495	268	315	173
495	265	326	171
495	251	335	186
499	241	344	200
502	255	352	179
497	236	364	200
513	257	363	178
526	245	357	193
528	265	377	182
544	263	368	184
543	257	377	195
550	263	379	188
563	271	372	179
568	264	374	190
581	268	370	187
585	279	375	174
595	279	378	178
603	280	367	175
601	280	371	177
613	274	354	178
607	259	351	192
618	259	344	191
626	256	345	196
641	262	338	192
660	250	326	206
678	251	315	202
686	258	303	194
703	257	292	195
721	260	283	197
737	257	281	202
757	255	266	205
772	263	253	199
786	257	240	208
798	270	232	198
821	275	214	197
834	246	199	231
835	275	197	199
834	254	194	224
831	256	195	222
832	248	195	228
838	244	189	228
833	251	200	221
819	247	217	225
816	255	226	220
799	263	249	215
796	250	261	224
801	251	257	219
793	247	268	223
786	259	282	211
782	253	290	214
773	262	301	202
764	256	316	211
756	221	324	247
743	249	330	217
730	240	345	226
719	252	351	220
709	258	365	216
692	254	373	229
680	267	367	222
667	269	371	226
651	261	383	239
622	271	395	238
605	271	406	243
585	259	423	256
574	267	423	241
562	259	424	245
544	242	439	258
530	240	438	263
520	239	440	253
512	223	446	269
504	225	453	265
495	221	451	273
489	221	453	276
479	238	446	254
470	238	447	254
460	247	439	243
449	263	430	232
443	262	425	227
429	241	416	252
459	262	379	226
403	229	417	264
409	238	401	250
410	249	392	239
400	233	386	255
427	244	351	243
391	233	372	257
400	247	356	244
375	239	354	259
379	241	336	257
383	249	324	251
392	241	312	263
400	247	297	267
406	214	269	301
396	229	270	285
404	231	253	292
410	254	250	273
410	275	248	256
412	276	257	266
415	287	265	257
407	291	276	261
396	298	305	256
387	304	324	263
381	318	344	259
378	323	362	260
371	325	370	256
362	316	381	263
357	327	407	260
355	328	422	259
351	317	446	275
355	327	455	264
352	321	473	267
350	320	489	271
358	333	497	253
340	325	521	261
364	328	503	253
380	309	495	270
381	295	525	289
386	315	538	275
397	286	536	297
399	313	549	262
420	319	539	253
439	298	524	272
449	314	533	252
468	304	514	258
487	309	499	246
496	315	505	233
516	321	501	226
532	308	488	240
549	315	472	227
562	330	468	212
568	336	471	209
580	335	454	205
594	341	444	200
608	335	423	196
611	340	425	193
617	342	411	184
642	322	398	207
649	314	357	204
654	322	379	201
670	325	361	199
676	338	366	190
685	328	354	199
702	318	340	208
722	311	325	222
734	306	315	228
743	312	306	226
749	316	286	220
760	316	275	221
764	318	271	222
783	305	248	235
786	299	239	241
793	331	213	202
796	318	202	215
782	295	195	234
768	305	203	224
763	311	203	217
755	310	194	209
740	303	206	216
734	317	205	193
716	304	224	205
710	320	220	182
704	331	227	170
688	322	249	178
694	310	227	180
673	309	239	175
662	321	250	163
648	314	247	165
636	315	246	158
623	307	258	162
609	322	257	145
596	316	269	148
587	308	259	150
579	312	262	148
570	307	251	151
565	324	240	127
563	316	223	121
561	315	208	116
554	317	212	114
554	315	199	107
551	320	194	102
543	317	191	104
538	321	193	98
532	312	193	107
526	317	195	105
520	323	200	97
515	319	195	101
511	323	195	97
503	318	195	101
498	322	193	96
494	323	192	94
491	312	193	104
490	313	191	104
486	316	193	101
484	304	189	107
480	308	184	103
479	302	180	105
476	297	182	109
470	296	184	108
465	296	182	108
460	300	178	106
456	298	173	110
453	294	169	119
449	293	166	122
445	299	166	119
442	300	164	123
436	299	167	127
429	311	170	116
424	307	168	124
417	302	160	133
409	309	162	132
402	307	159	135
402	304	153	136
395	303	156	140
397	299	148	142
388	306	153	140
383	295	152	153
375	297	158	152
376	292	156	157
377	285	153	166
376	295	154	158
376	297	151	160
376	298	150	162
373	297	150	168
370	301	153	170
367	296	154	178
369	300	152	177
367	300	155	179
365	296	158	186
364	296	162	190
365	295	163	195
366	296	167	197
366	295	171	202
368	296	173	207
369	303	176	203
373	321	181	188
383	317	183	196
390	312	188	200
391	315	200	199
395	317	208	204
395	322	221	205
390	323	233	209
395	325	245	211
394	321	263	220
398	320	277	226
395	325	295	224
401	332	301	220
407	328	312	228
415	342	327	214
420	331	345	228
429	332	364	232
441	338	383	232
455	338	396	231
467	339	406	232
479	343	417	228
493	347	430	225
507	350	444	220
518	361	454	211
540	358	457	213
560	357	459	204
579	359	460	203
598	355	454	207
606	360	463	198
632	353	451	203
649	364	445	190
676	364	431	185
691	356	422	195
703	357	417	193
725	349	404	200
737	354	394	192
757	364	378	180
773	350	363	192
787	325	352	210
797	339	344	198
812	329	327	204
818	330	317	201
834	334	300	197
848	334	282	195
858	328	267	200
870	334	252	195
882	332	235	195
893	343	223	181
902	323	207	198
908	344	188	176
914	335	176	179
923	343	164	169
915	355	163	156
915	352	155	156
907	350	162	156
898	340	171	161
895	332	175	168
887	336	186	161
879	332	194	163
871	344	201	148
866	352	205	139
858	348	215	145
856	353	217	138
855	354	218	137
853	350	220	138
845	356	227	134
838	350	234	135
833	354	231	132
823	353	235	132
820	356	235	129
813	355	234	129
805	353	238	129
796	359	240	126
789	359	242	124
781	354	245	127
773	361	247	121
764	358	250	121
752	355	251	124
742	356	249	122
733	355	248	124
725	349	245	127
718	347	244	128
710	351	239	125
703	346	238	126
696	350	236	124
689	355	233	119
684	351	228	124
678	357	226	121
673	358	222	121
668	360	218	119
662	354	215	125
658	364	210	117
653	362	207	115
646	361	202	116
642	365	196	112
634	369	192	107
629	362	188	114
629	369	179	104
627	363	170	108
623	365	167	103
622	356	159	106
619	366	156	94
617	349	151	107
613	354	155	97
613	352	144	94
608	358	138	88
607	362	134	84
607	359	125	87
610	347	125	97
611	357	117	85
611	353	113	89
610	349	118	97
613	349	112	95
616	348	107	93
616	346	110	99
615	350	118	105
615	339	123	120
618	339	122	119
620	329	124	132
623	329	125	138
623	329	125	138
628	333	127	140
632	333	124	136
632	332	126	142
631	331	125	141
634	330	129	148
636	342	126	137
635	337	124	138
638	337	127	141
641	341	130	142
639	341	128	139
634	338	135	147
633	338	133	145
638	344	126	139
639	331	131	154
635	334	134	148
636	337	138	150
637	355	133	132
641	354	141	137
636	355	142	133
639	354	140	133
636	355	146	137
636	354	148	136
637	350	148	138
638	350	158	142
637	346	152	144
634	343	169	144
632	338	173	150
629	346	179	143
627	341	194	152
626	329	204	163
626	333	203	159
622	347	227	148
621	335	226	158
622	336	240	157
621	344	247	152
626	336	245	155
618	338	281	152
629	288	269	203
636	314	293	180
634	315	295	178
636	310	296	176
641	311	312	178
643	319	319	164
636	308	307	171
638	307	320	166
640	305	324	165
651	291	326	175
644	292	353	171
652	287	360	172
659	270	367	184
669	283	366	171
673	283	372	175
676	286	377	177
678	289	379	181
677	296	378	183
678	306	375	182
672	307	379	190
664	324	388	186
662	337	379	180
660	335	389	187
662	328	386	190
660	335	380	175
649	331	399	178
666	317	388	177
674	313	389	176
694	297	386	183
711	301	385	173
737	280	368	191
747	279	369	190
761	279	362	193
767	275	363	204
794	275	339	204
809	289	329	198
816	307	334	183
839	278	320	214
853	294	306	197
864	288	314	202
872	293	316	197
880	275	291	211
883	297	300	196
898	286	291	204
909	288	274	209
916	277	245	213
921	297	238	196
928	286	241	214
934	280	218	222
946	278	213	231
946	290	210	219
943	302	207	212
952	310	195	206
924	309	215	215
933	299	211	227
919	327	231	203
911	296	246	223
910	296	251	223
902	299	263	219
899	305	272	226
904	331	276	192
895	305	292	227
891	299	302	239
883	310	315	235
858	294	341	240
855	297	343	234
839	291	356	236
818	282	374	246
799	285	392	241
784	285	414	241
767	267	420	254
753	271	435	254
742	256	447	268
733	273	441	247
709	264	470	259
692	241	470	278
676	266	473	257
665	264	478	262
656	277	489	249
650	280	489	247
654	285	489	242
636	277	503	252
624	269	498	263
611	276	514	254
619	297	486	231
635	277	453	248
649	297	432	226
666	280	408	242
667	323	394	203
632	286	409	235
527	333	500	185
518	315	485	202
495	311	496	202
498	290	490	219
481	249	493	248
478	253	506	245
481	241	491	247
486	226	489	259
461	212	494	262
466	218	476	250
465	203	464	264
459	194	452	270
465	197	442	265
450	195	310	274
432	204	366	263
454	198	324	272
439	196	362	273
465	198	320	272
433	183	367	286
455	194	337	277
439	190	341	286
432	213	335	268
426	190	315	292
425	203	315	291
412	192	315	307
408	206	306	297
402	193	301	312
402	190	281	314
402	181	266	327
396	173	262	340
396	198	245	317
393	211	222	308
376	241	229	279
371	215	233	303
367	241	235	280
355	249	393	280
348	254	390	272
333	255	435	261
333	260	456	268
332	265	464	288
334	250	491	308
338	258	510	312
336	272	527	295
336	272	541	311
337	251	558	341
336	267	581	328
360	275	581	314
371	275	603	305
411	306	585	274
484	288	566	297
548	309	527	271
526	297	576	287
524	282	600	307
529	294	622	296
535	251	648	337
536	318	659	278
548	316	667	286
571	316	680	291
593	318	669	298
633	288	627	311
647	314	616	293
659	313	603	295
688	315	582	289
701	300	570	302
716	288	562	310
732	285	547	312
747	299	532	306
761	281	517	319
782	275	496	321
792	284	484	311
809	272	468	323
825	264	454	344
848	271	431	329
866	277	413	333
893	282	386	330
913	284	363	328
936	305	343	303
955	293	323	313
975	292	304	311
994	282	285	317
1011	299	268	298
1026	268	253	317
1044	272	235	313
1053	294	226	286
1056	276	223	304
1044	279	235	296
1039	250	240	323
1036	299	243	270
1017	295	262	271
1006	318	273	245
1006	317	273	250
990	322	289	249
1002	340	277	230
991	343	288	224
979	339	300	222
962	331	317	229
960	326	319	236
948	335	331	225
943	342	336	215
959	316	320	239
916	332	361	217
919	315	360	231
918	307	361	235
900	302	377	231
899	305	379	223
884	300	394	219
890	293	376	218
884	299	376	213
882	297	373	212
874	298	374	210
867	291	362	211
875	311	344	184
878	302	335	193
887	315	320	176
893	326	288	159
811	322	363	163
813	324	359	162
791	307	370	177
798	301	358	181
796	296	339	183
794	293	334	173
794	288	332	179
806	282	254	167
801	274	222	173
796	278	258	166
800	271	284	178
802	270	305	182
803	269	322	184
807	259	330	177
814	253	322	183
799	266	336	171
797	263	331	170
795	258	320	170
786	262	339	164
782	251	332	169
774	245	334	164
758	240	336	170
755	248	340	167
761	266	326	153
753	249	336	174
764	255	320	159
729	241	345	168
713	245	345	174
696	252	351	169
689	246	342	168
686	240	329	172
653	238	347	177
652	238	342	169
643	220	341	181
644	233	338	172
650	219	338	181
653	246	332	153
640	244	334	155
654	235	314	163
611	208	343	191
611	221	338	177
606	218	334	180
605	212	332	181
591	229	356	164
594	214	327	183
587	244	326	154
571	229	324	175
554	234	330	175
541	220	326	188
527	223	351	182
515	222	332	180
505	211	334	193
500	197	322	196
482	206	338	187
469	200	360	197
475	202	344	194
469	207	345	189
461	208	333	191
466	212	332	186
469	201	332	199
465	213	334	191
466	214	333	194
463	214	336	197
467	216	337	194
460	223	339	190
476	225	329	188
459	218	349	198
452	226	302	193
454	213	363	202
454	219	283	209
462	230	259	198
466	236	254	197
478	224	237	209
488	222	220	212
487	216	218	219
502	220	196	217
514	224	186	216
520	216	188	228
523	233	182	215
521	220	186	232
519	235	189	223
519	234	187	231
516	239	195	230
513	246	189	228
510	236	193	243
515	246	180	236
512	237	200	248
497	244	197	246
513	241	187	253
514	229	190	267
493	232	214	269
505	252	210	254
499	245	221	265
511	252	218	261
506	246	229	271
509	248	226	273
506	251	232	276
506	255	233	278
500	266	237	273
503	266	242	280
503	265	244	284
503	262	244	291
504	268	236	289
505	279	253	278
509	266	257	295
516	275	242	288
515	252	263	313
508	270	280	301
510	264	283	311
504	270	300	310
492	273	315	314
492	285	309	306
479	270	333	328
499	271	310	329
485	268	333	337
498	279	331	329
485	271	349	343
501	271	342	344
497	272	355	345
490	275	365	349
506	272	352	355
517	296	351	337
526	289	350	351
543	289	334	357
548	292	333	362
526	291	356	368
544	304	337	363
521	302	356	368
507	293	359	378
517	281	349	394
490	294	375	384
506	278	365	401
462	306	418	374
454	297	434	387
449	301	451	387
431	297	481	389
418	289	502	404
416	296	513	396
395	296	550	402
364	290	591	401
323	279	626	416
311	300	636	391
289	282	664	415
258	302	693	390
231	294	712	387
205	273	734	413
184	294	750	391
155	274	777	405
133	296	785	382
114	285	802	392
94	294	813	375
74	285	818	378
59	288	831	365
43	291	851	363
43	299	824	350
44	279	833	358
38	286	816	351
45	275	805	357
58	292	784	341
47	291	785	339
57	297	762	335
43	287	768	343
53	285	755	345
60	286	730	348
78	277	712	350
96	269	666	355
95	276	648	346
111	266	622	345
118	263	599	350
111	266	598	342
125	229	555	375
133	247	530	355
134	196	513	396
137	225	496	373
137	197	458	396
143	254	431	339
141	222	427	369
143	190	397	397
143	248	381	343
142	232	370	359
137	238	359	344
131	224	357	350
118	221	351	360
123	232	337	333
100	233	353	333
139	244	305	323
124	251	319	315
119	248	321	313
98	247	331	275
111	271	317	277
117	252	310	290
118	255	315	284
123	253	303	288
115	242	313	288
112	248	318	281
106	236	320	286
121	246	296	282
111	255	307	271
108	257	305	268
112	254	306	263
111	251	302	254
111	253	296	254
110	257	282	255
98	242	279	265
84	261	289	251
87	274	273	246
88	281	264	246
85	269	266	257
98	264	256	254
90	264	251	248
109	280	238	236
113	277	242	234
130	268	230	240
140	272	216	228
145	303	206	194
149	310	204	193
158	298	207	205
163	307	187	190
161	305	212	191
161	294	204	207
149	284	221	212
140	298	203	195
128	300	238	204
117	303	250	204
106	299	264	214
98	305	274	211
95	313	278	206
89	327	280	197
83	326	299	196
77	326	294	197
74	315	297	209
67	322	298	202
56	310	302	211
54	319	311	196
56	305	316	211
61	303	326	208
64	301	332	209
68	306	328	203
71	295	345	213
73	298	342	211
72	313	340	193
74	306	341	198
72	297	354	204
72	293	361	205
83	298	363	195
92	293	365	200
87	294	365	196
90	292	369	193
89	285	376	197
94	293	376	189
92	273	381	204
89	277	394	201
87	273	400	206
86	270	404	210
90	265	402	217
85	259	399	225
73	271	406	214
70	272	403	215
64	273	407	217
62	272	414	215
66	276	403	215
63	282	400	211
58	286	405	211
54	296	407	201
46	295	410	201
42	290	405	213
30	289	410	214
14	292	418	209
5	297	417	197
5	281	411	212
0	287	413	212
7	300	403	193
5	290	402	202
5	293	367	202
0	287	376	208
5	287	362	208
5	298	363	199
10	287	356	208
26	302	347	196
38	275	334	226
43	295	346	205
62	275	325	229
66	285	312	220
83	272	315	236
95	288	285	219
108	283	275	224
117	269	268	239
137	269	254	239
153	300	246	208
171	291	228	218
171	283	225	231
184	295	212	227
165	296	227	230
162	299	234	231
167	302	227	232
162	304	234	234
389	243	164	94
406	246	159	89
424	237	152	96
438	241	151	91
449	242	151	86
464	244	152	85
486	244	142	83
505	236	132	87
525	237	127	79
545	228	126	82
576	233	119	75
600	221	118	86
629	227	107	78
650	227	98	74
674	228	108	72
695	226	106	71
730	222	100	71
760	221	98	72
794	223	94	72
825	220	91	71
856	216	90	73
890	215	85	73
918	212	85	76
947	207	83	77
980	208	82	76
1013	205	83	75
1051	205	81	66
1085	204	83	63
1116	201	82	76
1139	200	86	73
1165	193	86	86
1188	197	84	78
1213	200	64	72
1235	200	44	71
1261	222	18	67
1249	173	29	74
1160	181	91	83
1037	191	106	57
1045	199	109	58
1031	194	143	80
915	183	59	97
767	183	257	185
352	286	272	238
285	304	340	220
292	275	329	244
292	276	311	244
292	279	299	236
282	278	296	229
277	273	281	229
286	258	264	244
246	262	303	238
274	261	261	221
270	277	261	224
252	290	270	196
239	268	255	221
157	258	315	223
121	249	329	209
136	253	316	237
141	256	297	210
147	252	296	218
146	264	276	193
149	263	251	191
132	250	244	199
146	243	219	209
142	255	226	195
158	251	227	202
174	266	231	192
174	253	231	206
176	258	243	207
175	255	252	214
175	261	257	212
175	270	262	204
178	271	270	213
170	271	276	201
167	270	281	201
164	268	284	197
166	265	282	207
166	263	283	198
172	269	277	178
196	276	255	128
248	279	197	136
174	276	271	186
179	274	269	177
171	271	286	193
170	273	290	189
166	277	291	187
167	268	290	192
166	273	292	184
166	274	293	188
169	276	293	188
170	285	289	181
176	292	283	177
174	306	280	166
175	301	276	169
174	305	272	166
171	306	273	165
162	310	270	164
149	309	276	166
135	299	274	174
122	301	280	172
107	309	290	161
96	311	296	160
92	304	299	163
84	307	304	158
86	304	306	158
84	306	305	156
79	301	316	159
63	295	326	159
53	285	352	167
36	280	371	171
45	280	358	165
31	278	381	162
54	280	370	157
54	264	368	179
93	272	335	176
102	276	320	169
89	276	327	176
85	280	332	170
82	288	334	163
83	296	333	156
85	311	329	143
98	324	312	133
108	310	298	140
114	296	298	154
118	306	306	140
125	303	293	146
125	281	305	170
127	285	298	157
143	280	294	168
148	281	294	165
160	285	288	160
164	286	290	160
164	282	296	163
173	287	293	158
176	282	290	165
178	292	297	156
178	294	304	159
179	290	303	165
173	287	312	165
150	288	332	170
138	298	340	166
150	301	324	167
136	282	333	184
126	298	334	171
115	308	336	159
107	303	346	166
123	309	336	166
113	304	348	168
109	303	349	164
106	303	345	162
100	299	349	168
98	296	353	176
101	297	352	164
102	281	348	181
107	292	345	167
112	291	339	166
108	296	337	161
98	293	353	164
94	301	360	161
96	300	358	163
113	299	349	166
112	298	348	164
127	295	333	167
139	292	318	171
144	285	308	180
148	292	311	169
149	285	314	169
152	289	312	180
155	287	320	180
161	286	321	180
171	281	316	183
170	288	324	174
187	264	319	196
189	290	319	174
192	279	333	186
191	293	334	174
202	294	326	174
198	267	334	197
199	298	343	168
203	291	342	181
205	291	345	187
207	295	351	186
200	296	360	188
198	308	361	173
196	302	361	182
181	316	372	167
187	318	356	163
188	311	369	184
194	320	367	168
203	322	364	163
202	319	369	165
219	294	360	186
225	311	356	169
238	317	360	164
251	314	356	166
264	311	358	161
284	304	351	172
305	298	337	176
326	290	315	177
333	294	329	182
342	294	331	183
358	296	328	178
373	295	322	181
394	301	312	177
410	306	316	178
422	295	309	187
432	305	298	173
444	309	285	168
456	314	283	166
464	306	282	179
486	308	266	174
495	318	261	164
506	318	262	168
515	316	258	168
519	319	257	166
506	322	275	159
518	320	262	157
513	325	269	156
542	326	243	150
543	324	237	164
548	330	237	156
557	343	228	150
559	340	231	149
563	350	224	137
568	356	220	138
570	355	215	145
568	355	225	147
570	357	210	145
565	358	209	146
556	354	209	139
556	359	198	144
557	355	203	144
561	354	201	134
561	355	194	136
556	352	194	136
554	357	192	128
542	351	191	136
533	356	187	138
528	367	191	132
519	366	185	125
513	367	175	139
501	374	181	136
500	376	173	133
498	378	167	136
490	397	166	126
478	387	161	129
472	393	154	125
464	395	148	115
458	397	139	111
452	384	133	112
450	359	128	128
442	376	123	113
444	370	114	113
444	372	108	110
439	365	106	118
442	354	101	126
439	341	102	140
440	348	104	124
449	354	98	120
453	363	98	114
463	364	97	119
470	364	99	117
479	367	99	111
482	361	103	118
489	369	100	109
488	372	103	108
486	369	105	110
485	372	107	114
485	385	105	106
485	377	105	114
479	373	111	127
474	372	117	135
471	370	118	137
463	382	128	129
459	384	131	134
454	387	140	135
453	402	149	124
454	397	161	131
456	411	170	124
460	391	180	147
463	394	191	146
466	404	193	148
466	410	193	146
465	434	195	131
473	435	187	130
469	445	189	133
471	449	189	119
459	457	229	117
463	444	232	131
460	438	235	133
467	427	226	141
478	417	224	147
479	443	223	125
483	443	204	119
482	438	194	121
484	434	197	121
487	440	194	115
492	437	175	113
489	427	199	122
495	416	212	141
502	410	215	147
511	388	285	159
572	406	250	174
571	342	264	228
592	321	251	259
605	386	238	194
653	407	185	165
671	399	178	174
643	388	209	183
649	383	203	178
618	370	242	182
625	378	228	170
610	366	228	171
606	358	242	172
606	341	249	179
637	342	240	186
631	331	220	180
651	330	240	187
625	320	258	200
603	324	263	194
643	331	269	206
624	340	272	189
625	347	266	177
668	335	251	196
645	335	264	187
655	343	251	173
668	337	264	181
717	335	236	184
726	325	231	181
752	310	203	185
746	302	209	176
774	290	180	182
786	280	188	184
833	300	159	167
845	290	158	174
865	286	145	175
895	288	133	179
907	289	148	184
909	286	163	192
940	322	156	168
960	339	152	152
947	334	170	164
924	350	186	145
932	352	173	144
917	345	180	143
896	340	194	142
900	334	197	149
816	316	277	163
867	332	239	149
794	315	296	164
829	329	256	153
804	290	272	147
801	288	279	149
839	268	239	159
771	257	293	203
753	338	315	129
707	299	302	147
694	282	218	180
682	272	227	187
663	266	220	191
647	274	246	189
634	274	265	190
626	278	301	189
626	274	301	197
614	279	255	194
606	279	240	197
594	282	288	197
582	293	300	184
574	291	322	195
563	294	323	198
568	296	343	209
552	307	341	200
549	310	336	197
534	310	363	200
526	306	364	208
516	309	364	202
502	315	361	197
510	318	361	192
515	328	350	183
490	326	362	188
476	323	364	193
476	330	349	191
457	334	370	184
466	337	352	180
480	324	329	190
457	326	344	196
453	332	338	184
462	329	331	186
451	331	339	180
446	326	345	186
448	327	336	185
438	319	333	195
415	330	339	191
424	330	322	190
394	338	346	188
402	341	331	178
404	346	323	181
427	357	294	170
420	355	302	166
411	352	308	170
442	360	268	161
442	363	261	153
434	369	257	143
433	362	250	152
431	345	241	159
438	325	222	173
433	356	219	146
436	335	203	162
434	368	197	141
435	346	181	159
431	347	180	159
428	362	176	144
438	361	155	138
435	365	152	137
438	369	158	133
437	369	162	130
444	367	161	137
448	366	154	140
443	371	159	133
441	361	167	140
438	352	189	146
436	356	195	135
438	347	203	140
446	330	206	158
449	328	213	162
449	328	217	163
447	336	221	149
452	332	223	151
456	329	230	154
456	330	240	167
458	339	242	151
467	346	239	143
459	339	251	152
463	332	253	160
474	326	253	167
481	338	253	145
483	340	257	153
499	330	254	160
512	327	260	157
525	337	269	148
536	338	275	151
552	338	271	151
568	342	278	151
579	345	288	154
599	340	271	150
610	344	268	158
627	344	249	150
643	359	241	139
649	350	245	144
654	342	247	151
667	343	251	143
672	348	196	138
676	347	237	134
673	334	254	147
671	341	275	145
675	347	162	109
656	334	219	132
653	320	181	147
654	319	214	150
833	312	145	170
822	333	142	154
836	335	133	152
821	329	158	146
841	323	134	154
840	323	147	158
809	323	192	152
796	306	223	161
772	303	255	163
810	308	225	154
808	304	237	154
795	310	263	144
821	285	236	159
816	284	295	162
817	278	307	170
833	286	295	163
834	278	298	182
831	305	305	157
855	311	306	159
850	309	330	164
892	302	307	170
924	316	287	168
946	325	287	172
943	342	293	164
946	349	281	162
966	354	264	158
996	350	274	153
1004	324	254	156
1029	324	246	149
1053	320	226	155
1057	297	222	172
1055	321	224	150
1057	321	222	156
1054	306	225	166
1044	308	226	155
1038	315	226	153
1044	331	211	149
1053	324	209	163
1069	335	192	163
1068	361	198	143
1070	357	193	154
1085	347	180	170
1097	340	174	176
1083	346	174	178
1067	335	169	183
1040	335	163	196
1006	355	161	179
974	347	167	186
959	338	164	188
952	333	163	192
936	331	174	195
924	327	181	199
922	344	189	188
924	335	195	185
944	350	198	157
948	349	215	168
977	369	216	151
979	350	231	166
971	356	250	167
964	367	256	158
957	327	265	196
957	339	259	187
950	350	269	182
930	370	277	157
909	344	287	179
883	323	303	192
873	318	304	189
860	321	311	193
847	310	315	199
811	308	327	201
809	308	309	198
803	305	298	204
778	311	307	194
780	321	295	180
806	346	258	158
736	337	303	169
694	338	336	177
696	319	329	190
700	321	301	182
610	365	376	157
594	377	221	126
560	353	200	149
549	328	227	170
535	308	237	189
521	288	232	209
498	299	253	196
482	272	265	220
462	278	288	218
451	280	282	216
439	287	281	196
431	290	329	207
411	305	326	182
411	282	327	206
403	297	338	186
386	264	362	234
374	282	372	208
376	281	376	209
364	291	390	206
383	276	354	220
342	275	400	218
330	277	411	213
341	278	372	207
326	280	396	202
316	275	387	203
304	270	389	213
286	277	393	212
291	289	388	202
275	292	393	204
268	297	381	199
263	288	384	205
251	286	390	206
237	293	390	207
243	296	377	197
225	287	384	207
213	313	379	177
196	295	388	194
186	308	379	189
172	317	380	178
168	313	375	180
173	305	355	181
176	303	341	181
141	303	366	187
139	302	359	175
138	292	360	179
138	294	351	169
136	298	355	164
151	298	336	159
162	293	319	161
166	310	306	147
169	307	295	149
176	307	271	150
185	275	265	182
158	303	286	156
184	274	252	184
165	290	268	166
173	291	243	167
155	278	245	175
148	278	238	170
154	280	224	166
156	261	232	184
152	298	209	145
157	264	229	176
156	290	178	155
152	263	215	179
154	305	214	149
156	293	207	156
160	284	217	171
163	290	163	160
167	282	179	170
168	310	204	151
171	290	217	177
165	289	209	185
163	303	208	170
162	310	208	155
169	309	200	152
168	314	197	152
170	297	199	162
173	309	200	152
179	308	200	154
183	320	205	140
181	314	211	148
177	333	214	133
172	330	218	141
176	337	204	131
180	336	221	132
184	329	223	143
186	334	217	134
192	330	226	138
192	332	231	141
200	332	231	144
206	326	233	145
212	337	239	132
219	339	240	136
231	338	241	136
246	333	238	138
250	340	239	129
255	344	240	129
250	334	247	136
252	336	247	137
254	338	244	139
258	339	250	135
264	330	247	141
268	334	249	141
270	333	249	139
270	336	252	135
277	332	252	139
284	324	253	143
292	320	256	150
300	331	258	138
309	333	260	136
318	324	263	146
328	328	264	139
337	315	264	149
338	324	274	138
346	328	267	139
341	321	251	147
336	339	246	135
333	347	226	128
326	359	191	118
331	333	242	142
343	347	232	126
351	353	251	115
365	342	238	133
385	345	234	118
401	357	223	109
407	345	191	132
423	306	179	171
496	276	190	216
532	322	188	147
517	324	204	139
558	313	181	144
551	315	193	140
484	307	275	181
488	284	283	172
557	302	226	156
519	311	267	145
522	317	267	143
506	312	275	141
515	301	271	151
499	304	316	153
544	299	282	160
534	291	303	166
549	299	297	160
526	300	323	155
578	303	293	158
596	302	288	154
612	301	283	162
616	310	284	147
620	305	282	153
623	300	287	159
635	306	283	158
654	310	277	157
651	312	278	154
658	313	267	151
674	312	244	148
692	308	243	146
709	303	242	152
717	300	263	162
730	281	261	180
743	294	260	172
757	294	254	173
768	303	242	167
770	288	241	184
781	304	241	169
786	311	270	164
794	305	263	164
791	317	263	154
809	299	241	171
806	301	236	170
802	287	232	180
805	308	216	170
807	291	209	181
820	313	193	156
821	306	195	164
831	300	190	172
834	308	188	167
839	301	188	176
841	304	197	175
863	277	179	199
874	303	176	170
884	296	165	178
880	283	167	199
879	293	171	191
884	286	167	198
883	279	173	203
882	294	176	189
881	301	178	187
887	316	169	174
874	297	179	197
874	336	178	169
867	312	182	192
868	302	185	205
869	320	191	190
856	309	211	196
869	325	212	181
864	300	230	208
879	338	222	169
870	337	247	178
873	337	257	175
872	340	268	173
877	354	281	162
865	347	312	173
860	329	310	192
857	329	299	195
841	324	297	205
843	344	299	185
819	339	320	196
819	341	315	197
801	349	325	195
780	347	341	205
772	341	338	209
754	348	357	204
752	354	356	200
738	341	359	214
719	346	381	215
714	338	373	218
724	342	368	214
735	348	348	202
738	329	333	214
748	351	320	191
732	368	319	172
751	333	289	204
685	335	349	193
698	331	332	201
606	349	417	187
583	345	398	177
564	334	225	195
537	329	231	186
517	321	258	195
503	294	263	217
504	271	244	236
495	300	278	198
481	323	371	162
495	327	331	155
503	298	360	168
495	301	382	179
526	280	367	197
505	309	399	170
509	305	390	185
485	304	396	190
503	315	361	176
466	310	382	193
459	290	378	210
460	297	376	199
456	296	353	204
436	287	361	208
415	314	362	175
414	298	338	193
409	314	331	166
379	299	337	177
365	295	341	184
368	291	323	190
361	297	322	179
353	307	308	168
362	314	302	158
373	302	284	173
381	312	265	155
386	322	250	147
385	293	245	177
357	307	261	165
355	294	250	172
359	325	235	145
358	313	230	152
370	328	216	143
363	303	211	170
366	322	198	150
366	316	190	156
369	303	185	166
363	332	173	137
357	309	180	163
356	303	163	165
354	307	177	154
351	320	166	147
348	306	180	163
350	314	172	157
336	324	176	148
330	336	167	138
336	331	165	144
337	321	170	149
338	315	170	156
337	317	180	152
338	323	181	139
340	303	190	155
337	326	198	134
340	331	202	130
352	316	205	141
351	334	200	124
347	328	208	134
348	336	214	126
358	332	214	130
359	329	209	136
360	332	218	132
357	333	227	136
355	338	247	135
347	330	246	145
359	321	238	153
361	330	236	146
373	328	235	144
368	335	245	133
382	331	237	139
385	335	242	140
383	334	255	140
383	341	239	142
385	342	244	140
393	331	250	143
394	328	257	151
391	333	252	145
392	342	253	133
400	338	252	139
400	342	260	134
408	347	254	135
402	350	258	144
401	350	256	142
404	353	256	144
405	359	265	142
411	364	266	139
418	364	277	137
424	358	279	147
432	368	260	139
422	363	256	138
442	370	243	134
436	372	233	129
454	367	222	132
459	362	258	140
465	371	260	128
477	367	248	135
486	359	235	142
259	336	137	114
228	338	139	112
207	331	154	115
192	324	158	123
157	345	113	110
141	349	124	106
121	348	108	105
106	343	110	111
89	346	107	108
73	346	110	107
59	344	115	107
42	339	118	110
26	336	115	111
13	334	118	113
0	336	115	107
0	336	103	106
0	336	94	104
0	330	85	103
0	325	75	110
0	333	64	105
0	344	40	96
0	328	33	90
0	287	103	155
84	292	84	129
78	304	84	116
70	305	90	114
68	311	90	109
60	308	92	113
54	312	89	107
48	312	94	106
40	314	97	102
25	322	103	91
16	297	104	107
5	290	105	113
6	299	104	104
2	303	107	104
1	311	102	107
0	337	92	97
0	344	79	101
0	358	67	102
0	375	53	95
0	377	35	103
0	382	23	83
0	400	14	75
14	362	43	66
11	317	65	111
1	281	282	207
409	325	153	282
773	378	191	141
788	381	168	134
767	382	183	140
804	394	164	131
814	400	152	124
819	402	140	122
827	382	140	142
829	394	137	123
835	387	135	127
844	403	127	116
834	389	138	124
848	404	124	116
847	400	119	118
841	408	118	115
845	397	136	131
842	412	128	117
839	400	131	133
835	408	129	132
828	419	140	124
822	424	148	122
808	418	137	132
811	410	138	135
815	412	136	131
809	417	130	124
802	421	132	125
801	422	154	127
811	421	156	114
811	427	153	123
804	427	155	123
804	428	161	122
807	423	160	128
815	424	156	132
812	418	147	138
797	440	157	147
785	450	163	159
779	444	160	156
792	444	148	179
767	459	143	130
766	465	138	127
765	467	141	126
753	466	150	132
777	475	136	159
768	472	151	138
783	466	126	144
774	472	137	138
770	485	152	126
779	487	139	132
775	491	156	140
777	493	147	138
782	519	167	135
780	507	157	142
770	510	166	134
780	532	173	139
778	516	163	136
775	522	160	135
792	524	146	143
794	525	155	160
802	540	164	147
790	529	172	131
803	529	149	132
809	534	139	130
813	536	133	133
807	549	159	127
809	546	164	151
792	540	176	130
814	555	153	130
807	561	157	120
817	563	162	135
817	576	154	116
813	588	149	118
815	593	159	116
819	586	148	124
816	584	146	129
828	591	162	124
832	592	159	121
842	597	154	116
842	589	150	119
838	586	151	120
845	585	142	115
854	579	145	115
857	574	130	115
850	581	140	110
844	581	139	102
838	568	137	118
836	574	148	131
