0.052086
0.071960
0.134794
0.134854
0.159839
0.206714
0.084967
0.118923
0.084676
0.109454
0.141673
0.094287
0.132733
0.117581
0.076400
0.107894
0.066164
0.060716
0.047160
0.075161
0.131029
0.134913
0.183812
0.101207
0.172724
0.062387
0.075374
0.077870
0.048006
0.125111
0.110788
0.070807
0.133292
0.160691
0.071265
0.089876
0.070621
0.104590
0.195798
0.096871
0.089679
0.079111
0.136222
0.103569
0.082061
0.134923
0.119194
0.135139
0.130270
0.130024
0.074538
0.111485
0.096872
0.096833
0.034174
0.074927
0.113709
0.127462
0.150884
0.098776
0.129519
0.126456
0.090273
0.115662
0.101069
0.076834
0.158361
0.090012
0.180291
0.097816
0.125244
0.056221
0.152228
0.088167
0.133840
0.089770
0.098671
0.141711
0.175885
0.128577
0.080397
0.156501
0.146607
0.120856
0.109629
0.104210
0.109631
0.082789
0.092608
0.144460
0.107333
0.108863
0.113924
0.109332
0.087161
0.205997
0.081295
0.109394
0.061065
0.129816
0.072104
0.072546
0.121071
0.085214
0.131089
0.124399
0.040805
0.047195
0.124888
0.152166
0.086786
0.098324
0.105129
0.097625
0.098527
0.112405
0.159474
0.131860
0.121523
0.135404
0.110157
0.097903
0.127005
0.152246
0.105514
0.155495
0.122695
0.098878
0.109673
0.100597
0.186285
0.150393
0.083874
0.160141
0.104172
0.070616
0.176407
0.153264
0.133207
0.117407
0.124284
0.092848
0.132278
0.086017
0.127355
0.243937
0.109993
0.143415
0.133266
0.115767
0.172354
0.135810
0.124124
0.124317
0.128621
0.128887
0.087608
0.101116
0.138891
0.104122
0.117563
0.110850
0.110046
0.105127
0.051128
0.115682
0.104843
0.108315
0.128403
0.134811
0.150056
0.147135
0.123931
0.085566
0.136999
0.099203
0.097391
0.128508
0.149379
0.124969
0.121013
0.126283
0.111215
0.109760
0.102985
0.214758
0.166832
0.170629
0.110310
0.117968
0.075440
0.156648
0.133799
0.111708
0.124721
0.119105
0.117114
0.171500
0.117790
0.091824
0.116088
0.106868
0.148570
0.092046
0.175172
0.120029
0.146141
0.094000
0.129428
0.085053
0.083750
0.094006
0.164908
0.119911
0.131567
0.225651
0.153715
0.198000
0.158991
0.131743
0.105390
0.124346
0.129811
0.088076
0.136027
0.123139
0.090761
0.156755
0.128787
0.076058
0.140339
0.138759
0.081332
0.108369
0.140810
0.082750
0.147949
0.079901
0.118479
0.120966
0.123957
0.128813
0.092116
0.108936
0.112053
0.143441
0.089911
0.156838
0.127959
0.112086
0.064977
0.140848
0.204218
0.052691
0.041989
0.102797
0.063512
0.081810
0.086013
0.045874
0.094153
0.043980
0.074794
0.059401
0.078205
0.057899
0.063330
0.071947
0.045453
0.073642
0.151675
0.108660
0.113580
0.109746
0.092577
0.151552
0.153031
0.133967
0.097935
0.053483
0.121684
0.130277
0.071429
0.083619
0.080367
0.042783
0.208925
0.075047
0.144950
0.130952
0.116202
0.097449
0.156993
0.114006
0.118152
0.144779
0.143462
0.129159
0.071104
0.171828
0.115512
0.088592
0.127504
0.085913
0.074457
0.111065
0.162250
0.106620
0.111363
0.140596
0.192390
0.204761
0.127996
0.137248
0.139689
0.145390
0.135772
0.106425
0.113417
0.176604
0.165012
0.082874
0.120049
0.118654
0.128315
0.129243
0.187267
0.136701
0.123838
0.184649
0.124771
0.119845
0.149029
0.189795
0.137763
0.123103
0.090605
0.063032
0.130969
0.170123
0.118232
0.138488
0.074252
0.134091
0.131475
0.099885
0.075718
0.053996
0.048357
0.106100
0.069369
0.077849
0.060463
0.085810
0.081949
0.101831
0.060376
0.089869
0.095006
0.086975
0.053118
0.079109
0.133291
0.111874
0.128173
0.146918
0.090198
0.081935
0.091734
0.083291
0.090836
0.095372
0.062282
0.101666
0.077994
0.118376
0.106081
0.134644
0.080366
0.081643
0.125159
0.083978
0.060533
0.130751
0.088555
0.096085
0.089904
0.093536
0.168994
0.037892
0.097599
0.123808
0.095834
0.118137
0.130064
0.070453
0.061456
0.123462
0.075735
0.121834
0.108205
0.108268
0.090291
0.141775
0.131069
0.105219
0.144334
0.180098
0.128124
0.124515
0.089825
0.099433
0.119393
0.071926
0.163471
0.168126
0.080378
0.215182
0.188292
0.160272
0.148620
0.088850
0.151037
0.126658
0.051313
0.085293
0.057282
0.157523
0.067886
0.117622
0.105613
0.102883
0.145273
0.104669
0.105247
0.138838
0.131414
0.185622
0.111470
0.108839
0.104545
0.095559
0.080784
0.168497
0.136460
0.175857
0.143202
0.126688
0.108751
0.142734
0.126793
0.110456
0.089758
0.215390
0.141707
0.116864
0.136499
0.077704
0.207003
0.120917
0.100194
0.084003
0.192705
0.165845
0.101637
0.111443
0.144100
0.080160
0.075018
0.106684
0.089902
0.080325
0.086772
0.082351
0.105911
0.111171
0.057380
0.119699
0.129410
0.107755
0.075967
0.111629
0.086137
0.148614
0.083096
0.139604
0.084739
0.117920
0.107605
0.093727
0.190457
0.119371
0.135466
0.117375
0.111189
0.116340
0.132034
0.119920
0.144718
0.133667
0.179484
0.182176
0.132517
0.138204
0.103888
0.095930
0.202385
0.101574
0.079364
0.095675
0.153677
0.108047
0.116038
0.129598
0.121332
0.121223
0.149497
0.085128
0.180484
0.086511
0.122056
0.137428
0.102419
0.129176
0.115794
0.089845
0.190980
0.133252
0.140382
0.107896
0.071501
0.063876
0.041721
0.059550
0.085095
0.082611
0.082842
0.112852
0.110011
0.107487
0.131966
0.106103
0.224036
0.157094
0.085270
0.168110
0.105795
0.132797
0.096452
0.141529
0.149030
0.153634
0.083426
0.130205
0.197650
0.152210
0.174456
0.162665
0.119941
0.108572
0.174875
0.182555
0.102593
0.117505
0.152661
0.120083
0.130328
0.060087
0.156494
0.094644
0.072561
0.052822
0.107393
0.147975
0.095136
0.113212
0.101652
0.098590
0.106081
0.110774
0.064481
0.097344
0.112968
0.098035
0.087044
0.166057
0.121793
0.111355
0.176068
0.132252
0.081949
0.102908
0.072697
0.131130
0.096482
0.094068
0.058936
0.137653
0.089998
0.141196
0.151104
0.178836
0.135949
0.104731
0.106574
0.131532
0.084509
0.083729
0.081252
0.062630
0.027456
0.053877
0.146918
0.083124
0.146510
0.137119
0.120793
0.130063
0.180111
0.140976
0.090133
0.094888
0.116257
0.077202
0.086893
0.134321
0.130344
0.114348
0.093832
0.210614
0.101362
0.205569
0.167132
0.077496
0.094629
0.122072
0.105414
0.145375
0.122028
0.123510
0.161525
0.085487
0.105054
0.180191
0.157607
0.127362
0.091719
0.137058
0.184247
0.109175
0.102362
0.137999
0.142641
0.164185
0.165893
0.186758
0.182702
0.169931
0.112343
0.150142
0.095503
0.144414
0.156860
0.091875
0.152177
0.109564
0.150894
0.048960
0.112640
0.204831
0.062076
0.051715
0.079575
0.085444
0.141000
0.090348
0.103408
0.087041
0.089181
0.075942
0.071871
0.095236
0.065433
0.173513
0.105601
0.096249
0.056845
0.156226
0.099952
0.122100
0.109462
0.077672
0.128633
0.105090
0.140726
0.139710
0.224747
0.202339
0.087825
0.075268
0.109688
0.106004
0.127954
0.140264
0.165258
0.109380
0.194418
0.169375
0.149659
0.145986
0.142078
0.144208
0.116550
0.147832
0.132087
0.127905
0.288830
0.279239
0.152413
0.143405
0.189239
0.161051
0.188062
0.132828
0.127215
0.130878
0.114254
0.130272
0.166464
0.177611
0.163216
0.094025
0.098175
0.085318
0.108899
0.138948
0.142498
0.213213
0.193057
0.154669
0.176004
0.162108
0.142711
0.142162
0.150474
0.107050
0.146898
0.166529
0.124493
0.109221
0.174843
0.163863
0.088073
0.149071
0.197793
0.143983
0.166938
0.122902
0.139067
0.171398
0.156721
0.127456
0.172951
0.137967
0.178728
0.089086
0.092616
0.136720
0.152990
0.173598
0.118383
0.127874
0.134146
0.159731
0.135736
0.137838
0.154339
0.137801
0.116858
0.171129
0.169723
0.270820
0.152554
0.179464
0.136882
0.134147
0.101220
0.139432
0.137666
0.151193
0.098027
0.131099
0.095789
0.126402
0.103614
0.132563
0.126983
0.091585
0.094736
0.089502
0.096411
0.090339
0.132829
0.092579
0.154920
0.095519
0.132502
0.136011
0.134137
0.104316
0.168451
0.131436
0.065213
0.095587
0.081849
0.100243
0.097728
0.052178
0.120822
0.152962
0.210571
0.170872
0.163692
0.111693
0.124099
0.137244
0.166606
0.111029
0.111361
0.082153
0.048738
0.079116
0.063938
0.073836
0.059602
0.062604
0.075210
0.098937
0.135706
0.080083
0.116838
0.143087
0.180665
0.106640
0.153940
0.066850
0.064438
0.094749
0.083705
0.070343
0.077326
0.053984
0.083594
0.076530
0.064898
0.067336
0.085879
0.097976
0.092752
0.099658
0.129310
0.139764
0.112525
0.161353
0.121989
0.069250
0.062403
0.102311
0.070650
0.064675
0.050712
0.073126
0.111986
0.116458
0.107706
0.107238
0.145239
0.118737
0.115656
0.105622
0.083512
0.096985
0.078290
0.112304
0.141502
0.134377
0.156684
0.138129
0.143296
0.097714
0.098264
0.132806
0.144897
0.077948
0.121782
0.140955
0.098027
0.072456
0.060894
0.060198
0.143673
0.076771
0.139107
0.099903
0.101189
0.084231
0.198290
0.139724
0.106495
0.102084
0.095383
0.127339
0.100800
0.125160
0.176153
0.117911
0.165627
0.075618
0.111076
0.109388
0.100888
0.158730
0.168053
0.167168
0.149596
0.142622
0.134625
0.134084
0.143325
0.113066
0.141044
0.177528
0.127566
0.130414
0.138815
0.090920
0.110576
0.180377
0.177732
0.165287
0.253806
0.191012
0.102638
0.134768
0.132683
0.174432
0.092600
0.084865
0.118209
0.137114
0.149377
0.089742
0.147786
0.117467
0.152134
0.102466
0.095302
0.132808
0.099288
0.140398
0.102563
0.086825
0.107160
0.129053
0.132347
0.115638
0.127442
0.094934
0.123721
0.127245
0.077033
0.120114
0.084100
0.165011
0.146303
0.106380
0.086959
0.109783
0.127885
0.128049
0.102154
0.067891
0.090821
0.102504
0.075264
0.098798
0.139363
0.153275
0.088409
0.105861
0.124576
0.138941
0.148771
0.041923
0.051205
0.084213
0.095205
0.070662
0.170673
0.092162
0.122658
0.121150
0.139334
0.102267
0.184474
0.141522
0.160173
0.061324
0.191555
0.077210
0.095893
0.114553
0.109022
0.158265
0.078098
0.093219
0.085433
0.075771
0.048388
0.055869
0.096686
0.122836
0.135748
0.100849
0.113306
0.149330
0.081249
0.086943
0.108094
0.133906
0.144760
0.101776
0.084175
0.131221
0.060150
0.158317
0.107653
0.121119
0.118955
0.109024
0.119276
0.132259
0.095889
0.129027
0.063145
0.140424
0.116596
0.082403
0.116948
0.172831
0.097982
0.138788
0.145593
0.099554
0.148869
0.107893
0.128776
0.199368
0.142145
0.138366
0.146601
0.112977
0.116758
0.120243
0.123936
0.126619
0.151820
0.059491
0.105761
0.192945
0.146181
0.116163
0.137025
0.167756
0.148595
0.092311
0.121754
0.159404
0.180345
0.100734
0.147996
0.192532
0.121913
0.172618
0.158028
0.145242
0.087403
0.062983
0.153671
0.129781
0.096929
0.029376
0.068067
0.130366
0.113948
0.136876
0.075961
0.087918
0.160412
0.103144
0.099994
0.130480
0.116549
0.141195
0.155655
0.140371
0.036784
0.047045
0.125497
0.106040
0.090828
0.130220
0.138056
0.127710
0.066601
0.154335
0.124524
0.135491
0.120208
0.182974
0.153414
0.088456
0.101107
0.190679
0.096353
0.110672
0.134966
0.166613
0.140509
0.136096
0.125847
0.080721
0.129079
0.188104
0.110808
0.105593
0.188783
0.147844
0.183285
0.132101
0.051235
0.078768
0.139756
0.140192
0.078698
0.217282
0.196867
0.138792
0.084250
0.153537
0.209869
0.119613
0.127002
0.160363
0.140449
0.098649
0.110761
0.108167
0.156478
0.179499
0.106088
0.132769
0.162346
0.076314
0.187504
0.147425
0.124985
0.109265
0.135684
0.134006
0.131434
0.108088
0.091632
0.125563
0.083782
0.114166
0.103618
0.114620
0.061587
0.046948
0.141182
0.139576
0.097738
0.090370
0.082474
0.101666
0.074299
0.127225
0.119567
0.107315
0.087803
0.118692
0.064936
0.111557
0.119562
0.123761
0.108176
0.113917
0.159383
0.102461
0.222341
0.120520
0.162015
0.170604
0.143350
0.149753
0.161535
0.082963
0.158841
0.126950
0.158158
0.106245
0.125895
0.154628
0.118985
0.141103
0.159981
0.114842
0.139363
0.163411
0.139434
0.104987
0.149704
0.114980
0.174863
0.151131
0.106040
0.142695
0.144243
0.100443
0.138053
0.120623
0.081320
0.103458
0.133274
0.113804
0.121843
0.130341
0.131976
0.092446
0.118434
0.101347
0.123346
0.150192
0.153162
0.115203
0.121686
0.106858
0.072370
0.129538
0.166161
0.078193
0.098050
0.081312
0.085310
0.139184
0.060373
0.089208
0.136757
0.168872
0.069247
0.063072
0.160494
0.098104
0.143574
0.131320
0.134894
0.081140
0.119649
0.065796
0.165736
0.086292
0.040126
0.096246
0.169163
0.106792
0.091899
0.118368
0.136897
0.114329
0.074605
0.145462
0.128330
0.091780
0.117637
0.095516
0.090931
0.167183
0.101448
0.142747
0.124493
0.162575
0.085713
0.132083
0.150455
0.154199
0.116394
0.146753
0.110350
0.108806
0.115534
0.185509
0.145358
0.166721
0.182412
0.177227
0.104234
0.174402
0.109809
0.176497
0.122160
0.173342
0.163784
0.132980
0.173394
0.199302
0.184532
0.164374
0.118210
0.129292
0.151208
0.153650
0.187707
0.114125
0.166247
0.080258
0.141007
0.163026
0.155751
0.078269
0.155838
0.125302
0.126978
0.126582
0.117183
0.157112
0.103135
0.140151
0.167470
0.159930
0.098269
0.111475
0.044392
0.117742
0.132010
0.159451
0.134390
0.092712
0.109964
0.095020
0.150585
0.187188
0.115002
0.108949
0.107919
0.213175
0.140084
0.181721
0.122251
0.099706
0.094124
0.172796
0.206210
0.165675
0.149273
0.113418
0.184466
0.171839
0.215635
0.213989
0.070944
0.097794
0.068210
0.060361
0.087810
0.067451
0.094103
0.053087
0.067234
0.118995
0.047416
0.077198
0.072613
0.066970
0.051148
0.044451
0.138603
0.120491
0.148762
0.126200
0.104259
0.166635
0.182535
0.158500
0.113711
0.121690
0.150212
0.113831
0.097137
0.105845
0.130785
0.214312
0.127905
0.180098
0.198773
0.093809
0.065942
0.136601
0.132416
0.174725
0.129457
0.115119
0.200523
0.216588
0.174636
0.181916
0.195961
0.228613
0.238653
0.227112
0.243705
0.225282
0.116285
0.137998
0.126756
0.119192
0.126893
0.121778
0.129256
0.122127
0.168632
0.168364
0.166087
0.215754
0.223924
0.180808
0.130959
0.143033
0.131864
0.196789
0.186834
0.118501
0.107185
0.179036
0.146217
0.145784
0.354559
0.035987
0.070149
0.040156
0.051472
0.099926
0.136229
0.236662
0.135641
0.099238
0.177002
0.114124
0.075154
0.129139
0.169296
0.176305
0.177509
0.128609
0.178949
0.119722
0.171716
0.183753
0.151452
0.121522
0.140775
0.143420
0.178718
0.103621
0.141828
0.160666
0.113713
0.241106
0.122426
0.123089
0.096560
0.256326
0.112967
0.154079
0.137758
0.158815
0.111179
0.125432
0.362324
0.133254
0.113256
0.188559
0.129952
0.170875
0.193601
0.121559
0.118591
0.180961
0.110180
0.139948
0.260367
0.136743
0.183132
0.151233
0.188778
0.199618
0.103167
0.119123
0.129624
0.156633
0.103620
0.109875
0.165805
0.116762
0.115990
0.160562
0.154340
0.182049
0.138019
0.182815
0.167928
0.131561
0.175890
0.086595
0.234615
0.164049
0.180335
0.158699
0.165291
0.126064
0.047836
0.050673
0.046955
0.072432
0.073274
0.099979
0.126453
0.104240
0.166980
0.071728
0.110580
0.109841
0.127219
0.136531
0.181411
0.214682
0.100340
0.241045
0.037257
0.034827
0.104786
0.094442
0.149758
0.141145
0.113560
0.070529
0.090554
0.080124
0.149726
0.084011
0.081106
0.113606
0.104073
0.080918
0.093638
0.055240
0.142436
0.151593
0.120722
0.104416
0.109746
0.126444
0.135407
0.096145
0.109638
0.076007
0.087990
0.148664
0.088944
0.085361
0.107999
0.100712
0.119366
0.136969
0.081676
0.145325
0.121131
0.132710
0.054177
0.038750
0.061491
0.084795
0.049676
0.105971
0.068712
0.073182
0.155719
0.103581
0.153084
0.153134
0.165837
0.122025
0.135639
0.144132
0.148413
0.154541
0.171660
0.158686
0.154433
0.155229
0.150044
0.104250
0.155330
0.132646
0.098314
0.091012
0.095164
0.114457
0.176291
0.106505
0.129265
0.200337
0.149616
0.143957
0.143138
0.134343
0.201910
0.169046
0.231899
0.130472
0.134418
0.107766
0.110764
0.124027
0.080607
0.116809
0.179235
0.181769
0.136264
0.192977
0.160847
0.132263
0.054848
0.091333
0.127594
0.153983
0.118274
0.069585
0.083268
0.158923
0.085057
0.084796
0.063593
0.136739
0.075828
0.074087
0.117245
0.084002
0.113470
0.103514
0.120914
0.075745
0.052037
0.103434
0.069501
0.057063
0.099198
0.126834
0.099317
0.080444
0.076400
0.098211
0.080911
0.099663
0.110306
0.166928
0.154852
0.103345
0.156266
0.170219
0.142722
0.166139
0.113434
0.101716
0.148510
0.142657
0.120948
0.123021
0.120680
0.125312
0.157426
0.110708
0.112464
0.111449
0.120958
0.105845
0.126239
0.137945
0.127082
0.110062
0.188251
0.096923
0.119043
0.081820
0.109883
0.160381
0.127217
0.097094
0.149671
0.156610
0.130457
0.108835
0.119644
0.100935
0.095692
0.121102
0.124490
0.183441
0.157597
0.116841
0.089304
0.182547
0.084288
0.132310
0.118390
0.129586
0.132964
0.130103
0.103432
0.054824
0.061496
0.054090
0.088202
0.075195
0.117190
0.124695
0.074385
0.102153
0.131842
0.086881
0.105651
0.177100
0.149840
0.175744
0.145515
0.083959
0.141074
0.133779
0.092130
0.117630
0.093562
0.186988
0.140851
0.103797
0.073250
0.090621
0.174665
0.161876
0.138357
0.163668
0.147107
0.094284
0.078197
0.102960
0.156016
0.092943
0.111667
0.123180
0.088906
0.133543
0.054142
0.066759
0.092346
0.070920
0.120058
0.095891
0.089399
0.087718
0.092942
0.122597
0.071555
0.098529
0.131103
0.108639
0.095631
0.077634
0.097554
0.144914
0.152468
0.143425
0.083631
0.146659
0.084501
0.155004
0.087814
0.119209
0.070100
0.186156
0.149350
0.123888
0.119478
0.119850
0.188219
0.126468
0.091418
0.073110
0.094355
0.113461
0.144544
0.066105
0.134090
0.196477
0.085126
0.076937
0.167641
0.160515
0.205909
0.102456
0.167315
0.086539
0.118125
0.104901
0.132663
0.103564
0.104915
0.178605
0.139320
0.090455
0.139519
0.080661
0.083466
0.127574
0.142376
0.106335
0.150010
0.112954
0.182081
0.087292
0.105001
0.103502
0.138623
0.138144
0.131775
0.124057
0.172318
0.182617
0.085750
0.119537
0.200119
0.169940
0.135439
0.049526
0.070670
0.059256
0.052709
0.103096
0.064869
0.151605
0.096895
0.064185
0.076483
0.119902
0.126930
0.090400
0.080714
0.057240
0.069818
0.073220
0.094469
0.076728
0.104869
0.136105
0.102478
0.140335
0.204268
0.138531
0.238730
0.144274
0.099053
0.182112
0.204250
0.151642
0.106918
0.090683
0.094995
0.053383
0.137428
0.131497
0.105189
0.130262
0.162187
0.098418
0.074919
0.061170
0.115139
0.125845
0.147844
0.106450
0.070655
0.089195
0.066028
0.049047
0.058375
0.069949
0.073219
0.114746
0.120962
0.123756
0.094085
0.053005
0.112325
0.115059
0.110408
0.062631
0.090393
0.106958
0.117110
0.085529
0.050992
0.071782
0.045916
0.077972
0.080436
0.086353
0.074866
0.126143
0.168436
0.164379
0.199292
0.142388
0.132064
0.110581
0.144484
0.130332
0.107218
0.073996
0.138050
0.115461
0.162004
0.151106
0.169721
0.153857
0.116725
0.191823
0.101271
0.171200
0.076164
0.113076
0.159720
0.093841
0.126441
0.095736
0.112282
0.110224
0.096507
0.124789
0.065492
0.071285
0.088427
0.105082
0.096401
0.101664
0.096826
0.141737
0.143600
0.138804
0.141605
0.077482
0.105046
0.119998
0.097752
0.085021
0.163220
0.081909
0.098953
0.183020
0.116780
0.138394
0.163395
0.134588
0.166544
0.097297
0.182839
0.157604
0.156732
0.118776
0.211240
0.100393
0.172972
0.153651
0.104506
0.142613
0.084204
0.094141
0.097601
0.076860
0.112452
0.202520
0.078476
0.213048
0.208260
0.150093
0.152595
0.083344
0.163292
0.102642
0.114865
0.142852
0.159736
0.066484
0.133434
0.112703
0.115608
0.144788
0.130951
0.101187
0.096586
0.171621
0.123780
0.090357
0.119009
0.126951
0.081527
0.110214
0.067904
0.082735
0.114416
0.086041
0.113630
0.098369
0.069640
0.106964
0.081375
0.195304
0.183524
0.149639
0.139749
0.061790
0.065994
0.100684
0.118253
0.094240
0.125773
0.121333
0.112916
0.091796
0.122581
0.083385
0.118852
0.183485
0.097480
0.090635
0.136475
0.100904
0.091427
0.148178
0.112899
0.078439
0.143614
0.146716
0.123295
0.138325
0.145887
0.203313
0.098659
0.150060
0.178180
0.150486
0.075752
0.062748
0.097414
0.089085
0.101765
0.125035
0.146010
0.130832
0.104146
0.134474
0.094361
0.131302
0.103323
0.118700
0.155805
0.136300
0.064923
0.140444
0.142653
0.143865
0.242779
0.058921
0.153774
0.139154
0.115597
0.139273
0.101511
0.139951
0.097102
0.141204
0.096688
0.068389
0.219447
0.084840
0.093760
0.080504
0.104390
0.150450
0.100356
0.155536
0.143791
0.118642
0.095099
0.123489
0.171591
0.176158
0.129447
0.158441
0.199578
0.125132
0.141303
0.176371
0.173101
0.132987
0.167511
0.181244
0.189040
0.135938
0.241148
0.203367
0.137030
0.197961
0.224747
0.129227
0.130911
0.171180
0.154196
0.215363
0.111970
0.077168
0.040901
0.057060
0.056398
0.059532
0.061151
0.058271
0.052625
0.058916
0.052361
0.059640
0.055222
0.057163
0.045013
0.063719
0.071615
0.062014
0.072029
0.076104
0.077572
0.064970
0.136984
0.157504
0.126776
0.197583
0.230411
0.115302
0.117089
0.165937
0.122714
0.133075
0.155971
0.139332
0.160339
0.121683
0.121285
0.122805
0.098853
0.088574
0.100978
0.100830
0.088314
0.084431
0.088692
0.092066
0.105873
0.052999
0.093675
0.106232
0.171689
0.098758
0.139494
0.115725
0.187701
0.164436
0.181735
0.128269
0.095827
0.088609
0.220858
0.122990
0.156576
0.104384
0.107547
0.182753
0.128974
0.123142
0.159843
0.234558
0.129278
0.113178
0.182514
0.162683
0.156089
0.112274
0.069996
0.139741
0.111547
0.147003
0.197685
0.190425
0.175102
0.136354
0.185508
0.190241
0.152548
0.285370
0.156365
0.121730
0.169480
0.172347
0.160885
0.140009
0.162424
0.143700
0.145575
0.206502
0.197836
0.094728
0.095798
0.065886
0.139357
0.105999
0.077585
0.090802
0.101595
0.083993
0.125823
0.118397
0.070735
0.090929
0.104960
0.088607
0.055108
0.058079
0.054109
0.113248
0.055600
0.066536
