0.026594
0.095113
0.075297
0.117186
0.153522
0.135365
0.112581
0.118509
0.139031
0.126446
0.158561
0.158232
0.140022
0.095258
0.189031
0.134016
0.105935
0.131422
0.126450
0.166463
0.152040
0.116018
0.073981
0.134297
0.126889
0.100944
0.123114
0.136338
0.107097
0.124144
0.124476
0.213529
0.153210
0.224682
0.140571
0.157823
0.124539
0.099761
0.149838
0.108801
0.111866
0.122045
0.172035
0.166523
0.171972
0.099809
0.141374
0.183723
0.180814
0.106839
0.086078
0.056816
0.064949
0.113773
0.071757
0.111382
0.057849
0.123645
0.110314
0.082612
0.098588
0.115108
0.074441
0.055571
0.097110
0.152650
0.126278
0.138112
0.186233
0.194283
0.146431
0.117158
0.143238
0.137310
0.162263
0.130118
0.100665
0.109395
0.192827
0.180549
0.160335
0.096455
0.079183
0.102062
0.156010
0.100860
0.204409
0.137751
0.103227
0.108433
0.070745
0.080917
0.107597
0.094753
0.156930
0.169282
0.093150
0.085008
0.118639
0.102339
0.179793
0.149219
0.180123
0.122185
0.117383
0.161534
0.045197
0.070194
0.064590
0.136765
0.157638
0.099254
0.077028
0.071230
0.060986
0.108567
0.179710
0.118617
0.135738
0.070379
0.143498
0.097212
0.164900
0.141522
0.090682
0.122065
0.112015
0.074048
0.110072
0.103686
0.096867
0.128511
0.111857
0.085084
0.130280
0.175957
0.091820
0.112781
0.108038
0.124095
0.111508
0.091916
0.117388
0.085298
0.077650
0.081945
0.154219
0.082635
0.106125
0.109867
0.123599
0.117833
0.157248
0.077674
0.101314
0.112683
0.159449
0.099816
0.047192
0.068126
0.132612
0.139332
0.176468
0.144844
0.122032
0.105845
0.114002
0.145095
0.145325
0.101961
0.106812
0.079065
0.136973
0.201207
0.118708
0.122563
0.142734
0.173241
0.160375
0.150676
0.093236
0.074095
0.152269
0.097457
0.117348
0.109893
0.142681
0.126333
0.111509
0.114949
0.118433
0.123997
0.110889
0.129203
0.104836
0.102249
0.123279
0.111450
0.137054
0.077848
0.091719
0.082657
0.188464
0.143397
0.185556
0.133219
0.083218
0.104545
0.175728
0.128772
0.104821
0.132161
0.121453
0.156251
0.088673
0.165061
0.134170
0.106236
0.108165
0.157320
0.116526
0.141608
0.142304
0.128928
0.093027
0.098689
0.104435
0.053350
0.197224
0.111782
0.164118
0.122046
0.090144
0.114338
0.102660
0.123838
0.140959
0.089445
0.059594
0.142690
0.117342
0.061605
0.074044
0.143590
0.102784
0.140729
0.106558
0.108004
0.079283
0.082824
0.122864
0.079838
0.136598
0.126130
0.197956
0.099702
0.125727
0.109467
0.127452
0.107583
0.080684
0.140700
0.152591
0.125500
0.101740
0.149050
0.062556
0.054588
0.092617
0.137203
0.107060
0.101759
0.072403
0.110400
0.110346
0.098925
0.142777
0.169060
0.140298
0.111835
0.180446
0.141071
0.088932
0.090495
0.136608
0.121755
0.141286
0.077927
0.048775
0.080342
0.088007
0.107674
0.176711
0.089570
0.129310
0.117875
0.113213
0.127829
0.113575
0.119277
0.184340
0.174672
0.103158
0.108279
0.090824
0.131898
0.106615
0.145041
0.055725
0.078233
0.111666
0.151437
0.090462
0.094874
0.102194
0.097908
0.097624
0.105373
0.096787
0.092598
0.117105
0.114442
0.112948
0.113500
0.093601
0.066532
0.114996
0.097562
0.103642
0.080381
0.132235
0.098567
0.127004
0.130619
0.151911
0.047376
0.086632
0.099030
0.176996
0.088462
0.116547
0.085208
0.072791
0.134299
0.137315
0.135143
0.164411
0.040096
0.095239
0.143798
0.102394
0.111204
0.085204
0.070446
0.066400
0.102558
0.165937
0.145060
0.088454
0.106861
0.091423
0.115870
0.135580
0.061536
0.124741
0.159871
0.119884
0.184973
0.121096
0.122688
0.056671
0.139472
0.090115
0.122392
0.162429
0.140064
0.153251
0.126219
0.136528
0.073382
0.102953
0.123941
0.144166
0.110669
0.112022
0.109884
0.054177
0.094329
0.109871
0.118886
0.153677
0.109022
0.153391
0.078321
0.139202
0.088785
0.140000
0.118347
0.064477
0.125950
0.083071
0.092985
0.102777
0.129587
0.088996
0.101122
0.104949
0.137328
0.126347
0.092366
0.098915
0.058463
0.119038
0.079098
0.115839
0.095021
0.114995
0.088215
0.158346
0.147533
0.066167
0.087728
0.120456
0.106064
0.115170
0.061136
0.143292
0.107865
0.159111
0.196324
0.086318
0.126968
0.110548
0.109845
0.109003
0.086319
0.102407
0.089192
0.106625
0.108669
0.137703
0.097601
0.127290
0.155727
0.107974
0.128865
0.107831
0.147038
0.124455
0.111784
0.155619
0.144599
0.052485
0.078634
0.085292
0.077551
0.136064
0.051938
0.112526
0.137906
0.094116
0.109266
0.116020
0.173923
0.105442
0.112810
0.095352
0.042747
0.062561
0.179329
0.098766
0.056241
0.089495
0.106217
0.128125
0.141948
0.105924
0.086689
0.050182
0.046126
0.107160
0.130761
0.109061
0.128432
0.124424
0.116927
0.060097
0.101064
0.069489
0.110266
0.083712
0.089310
0.125067
0.127024
0.071376
0.121567
0.086752
0.149366
0.105956
0.161096
0.183142
0.134660
0.087547
0.134449
0.085680
0.182234
0.139931
0.122248
0.081444
0.128895
0.105053
0.130142
0.101151
0.081506
0.080319
0.070397
0.107123
0.103399
0.094900
0.105792
0.069793
0.136884
0.146806
0.132263
0.185635
0.216822
0.182123
0.195224
0.126032
0.194852
0.191514
0.179776
0.107522
0.136054
0.145583
0.141398
0.173110
0.113728
0.112521
0.150497
0.086296
0.153571
0.199698
0.200710
0.126086
0.153834
0.186210
0.165674
0.240464
0.170795
0.095891
0.155711
0.167224
0.174203
0.202941
0.109518
0.196167
0.196330
0.140964
0.124513
0.173684
0.125657
0.128725
0.175093
0.145739
0.185213
0.150103
0.189616
0.122159
0.215649
0.206296
0.189743
0.198592
0.168861
0.230055
0.172198
0.140309
0.113898
0.184755
0.166146
0.148417
0.134111
0.154195
0.177738
0.174861
0.200046
0.162465
0.190086
0.166281
0.176277
0.145776
0.090455
0.175426
0.164067
0.173288
0.186229
0.154066
0.194296
0.174732
0.169592
0.218538
0.171322
0.148416
0.131003
0.141907
0.136322
0.100962
0.111315
0.089340
0.090660
0.139142
0.083968
0.087224
0.136703
0.136911
0.097490
0.178660
0.137885
0.142321
0.126409
0.143581
0.177064
0.161724
0.192092
0.139517
0.085551
0.087402
0.148778
0.079187
0.106547
0.182542
0.162360
0.094895
0.071147
0.174400
0.086606
0.091014
0.103809
0.141842
0.129271
0.074231
0.114177
0.070206
0.077561
0.124151
0.079086
0.060903
0.040674
0.151393
0.100972
0.126746
0.098969
0.086100
0.117288
0.129399
0.060211
0.066748
0.067450
0.117384
0.119091
0.110708
0.125331
0.151158
0.168801
0.206437
0.198474
0.172978
0.101003
0.213011
0.206827
0.222168
0.230289
0.137717
0.114748
0.091071
0.084729
0.158388
0.142449
0.053710
0.090261
0.069253
0.095203
0.096978
0.061006
0.089711
0.073197
0.090515
0.159634
0.173303
0.144810
0.118854
0.108322
0.088167
0.099858
0.101868
0.077329
0.119472
0.177274
0.070176
0.100376
0.118467
0.142262
0.073225
0.080406
0.090005
0.129472
0.123510
0.129292
0.066009
0.106180
0.139569
0.104108
0.100884
0.085550
0.154760
0.089885
0.119420
0.129744
0.148894
0.109765
0.076960
0.046487
0.084517
0.092345
0.158647
0.086844
0.065191
0.063901
0.104091
0.117661
0.123902
0.073246
0.086613
0.083237
0.140001
0.106113
0.094758
0.099058
0.116133
0.055811
0.087942
0.107192
0.060132
0.098888
0.128771
0.074244
0.100015
0.090988
0.088466
0.120841
0.132457
0.130750
0.098634
0.161911
0.138774
0.159004
0.190208
0.124600
0.104403
0.119113
0.076613
0.130827
0.158707
0.129349
0.147494
0.171226
0.128667
0.109681
0.071590
0.118247
0.157075
0.121649
0.065193
0.098448
0.155398
0.121209
0.128301
0.103466
0.093777
0.150217
0.141662
0.117059
0.074624
0.170589
0.117563
0.146532
0.164816
0.110990
0.105860
0.121138
0.192813
0.167693
0.128973
0.135549
0.101635
0.150051
0.119899
0.088487
0.174234
0.110223
0.107329
0.084322
0.127981
0.147498
0.136775
0.070666
0.093318
0.071275
0.129178
0.083494
0.142582
0.153766
0.139486
0.142836
0.125789
0.078824
0.113928
0.121367
0.095157
0.122002
0.101037
0.144827
0.123132
0.070508
0.154212
0.131438
0.131798
0.078604
0.164361
0.164057
0.152180
0.174400
0.138279
0.152743
0.138579
0.157274
0.163327
0.101707
0.085957
0.104267
0.118310
0.122902
0.110672
0.090106
0.077109
0.124734
0.098034
0.113114
0.136311
0.114166
0.125912
0.139966
0.131076
0.142399
0.150413
0.114570
0.134848
0.087594
0.175641
0.108769
0.152485
0.100678
0.106839
0.117977
0.162742
0.095056
0.142147
0.150042
0.131492
0.180314
0.180917
0.081254
0.057089
0.110862
0.093668
0.087134
0.062199
0.134567
0.130192
0.101809
0.137554
0.122329
0.110852
0.097641
0.086149
0.094360
0.092956
0.090495
0.105686
0.125915
0.123894
0.102612
0.112099
0.143079
0.107367
0.092613
0.091151
0.097025
0.124397
0.163925
0.089653
0.168505
0.144461
0.079785
0.143636
0.166975
0.134152
0.097116
0.109629
0.107628
0.150069
0.130065
0.092571
0.104991
0.154231
0.097822
0.147913
0.103452
0.054550
0.112357
0.119018
0.121502
0.056043
0.108998
0.110651
0.145829
0.131570
0.130024
0.073877
0.136610
0.113090
0.100352
0.173464
0.133909
0.100648
0.096046
0.141662
0.123409
0.137452
0.065817
0.178288
0.127071
0.127993
0.136522
0.114598
0.118873
0.110488
0.153198
0.105566
0.157668
0.083907
0.155540
0.131008
0.077866
0.088959
0.084829
0.135215
0.157778
0.068879
0.150116
0.108781
0.076949
0.077370
0.127047
0.141934
0.129514
0.113591
0.100591
0.095093
0.172973
0.138653
0.111528
0.063862
0.073285
0.073520
0.092437
0.129156
0.099066
0.129999
0.150477
0.124380
0.089805
0.092367
0.118739
0.125623
0.176673
0.086611
0.092306
0.142589
0.204178
0.201999
0.216360
0.212256
0.128982
0.081694
0.105142
0.155508
0.164346
0.156909
0.096870
0.114729
0.181545
0.115820
0.133516
0.181962
0.111767
0.186107
0.158298
0.112907
0.118205
0.128603
0.095903
0.128339
0.132416
0.156423
0.157852
0.157895
0.227684
0.180857
0.138111
0.131030
0.041879
0.087027
0.091633
0.126777
0.146735
0.170264
0.145678
0.041629
0.105431
0.161537
0.106379
0.106018
0.137238
0.087822
0.117528
0.143136
0.114399
0.151502
0.117970
0.113876
0.109181
0.123673
0.075415
0.127109
0.118210
0.122899
0.061025
0.089678
0.102923
0.094542
0.108953
0.076126
0.074710
0.086693
0.100631
0.094000
0.128213
0.138566
0.158511
0.097998
0.216692
0.174302
0.098500
0.135346
0.098512
0.160820
0.116589
0.087278
0.127961
0.134005
0.109751
0.105891
0.141718
0.163599
0.109093
0.104060
0.141291
0.125835
0.152417
0.189482
0.115638
0.108342
0.106757
0.073829
0.111037
0.194483
0.124607
0.136303
0.105432
0.119780
0.086132
0.086853
0.092440
0.145315
0.105184
0.155410
0.078345
0.089787
0.152705
0.148057
0.089690
0.160884
0.106862
0.099928
0.087281
0.089793
0.103255
0.119032
0.160487
0.114317
0.089409
0.162636
0.118321
0.071093
0.108005
0.055380
0.086550
0.106747
0.113996
0.101463
0.158994
0.176266
0.129867
0.095818
0.111445
0.096815
0.113885
0.113323
0.143610
0.096233
0.081053
0.134119
0.134485
0.111541
0.096185
0.096083
0.071093
0.125375
0.065650
0.065035
0.096640
0.125709
0.114784
0.130747
0.106426
0.104094
0.149476
0.070766
0.108599
0.111447
0.150981
0.166579
0.115026
0.128518
0.097100
0.081906
0.087414
0.162392
0.151798
0.166929
0.100039
0.051800
0.159676
0.108192
0.116104
0.128313
0.116752
0.064275
0.154812
0.157161
0.119835
0.093552
0.129107
0.087112
0.129962
0.134051
0.039003
0.094334
0.121619
0.112695
0.080572
0.125247
0.123700
0.095513
0.128602
0.113392
0.169153
0.113210
0.118700
0.136366
0.156221
0.114666
0.100156
0.139138
0.068069
0.120233
0.143470
0.111055
0.091723
0.080674
0.082958
0.126691
0.088687
0.104557
0.068079
0.070319
0.081912
0.044302
0.108848
0.166739
0.101794
0.145070
0.135732
0.156873
0.115652
0.103548
0.114745
0.051247
0.092213
0.133920
0.070700
0.136627
0.106589
0.123758
0.078106
0.100927
0.151975
0.102401
0.118415
0.099142
0.148298
0.103827
0.133613
0.075752
0.091638
0.106575
0.123644
0.154372
0.166183
0.130220
0.049430
0.100688
0.082651
0.107123
0.100738
0.112105
0.090066
0.111224
0.117700
0.064372
0.138860
0.145906
0.122954
0.105681
0.120785
0.121388
0.129770
0.116694
0.109007
0.113813
0.140578
0.121581
0.114660
0.084454
0.154392
0.124501
0.112660
0.113422
0.143713
0.098130
0.050999
0.120059
0.156983
0.118322
0.101142
0.103384
0.101039
0.127394
0.115970
0.105854
0.130583
0.171047
0.095376
0.131702
0.101004
0.100324
0.132349
0.101302
0.085081
0.062706
0.121981
0.149762
0.114710
0.136740
0.100618
0.147007
0.168627
0.058339
0.078397
0.139658
0.142029
0.064870
0.110455
0.136157
0.113720
0.132863
0.083577
0.110956
0.094443
0.156755
0.119562
0.095381
0.097653
0.099709
0.087475
0.160335
0.111080
0.123417
0.071200
0.137696
0.124741
0.129499
0.037516
0.109180
0.113515
0.150309
0.165972
0.156481
0.083313
0.156443
0.164006
0.080439
0.118565
0.094306
0.170473
0.124246
0.157463
0.084911
0.093672
0.129202
0.107673
0.101229
0.106500
0.106574
0.098044
0.139186
0.151475
0.123510
0.185160
0.164268
0.082990
0.102028
0.134177
0.085985
0.101301
0.072067
0.158233
0.142754
0.070527
0.111360
0.059505
0.092356
0.097592
0.115330
0.123343
0.118944
0.164530
0.071965
0.120775
0.118136
0.094282
0.115204
0.128154
0.167266
0.145352
0.097854
0.161282
0.130734
0.137063
0.149979
0.125088
0.150544
0.162247
0.147307
0.102775
0.128431
0.110567
0.110900
0.073313
0.085504
0.071424
0.110973
0.157669
0.133022
0.059759
0.093282
0.145595
0.093664
0.198821
0.140980
0.185645
0.106305
0.058380
0.143838
0.125950
0.119805
0.176809
0.143400
0.145422
0.101963
0.200222
0.141217
0.156499
0.225289
0.169898
0.107759
0.140847
0.118973
0.130486
0.121884
0.155482
0.136816
0.124882
0.112536
0.120368
0.161221
0.160276
0.221835
0.126869
0.140371
0.207916
0.138046
0.141129
0.114554
0.157657
0.244630
0.154003
0.144733
0.159224
0.136441
0.100080
0.087711
0.210732
0.180313
0.149309
0.165363
0.167311
0.107520
0.104384
0.081544
0.158633
0.126563
0.122661
0.149856
0.205097
0.217155
0.093064
0.127531
0.122962
0.137656
0.108807
0.112744
0.214370
0.127996
0.184101
0.156985
0.189854
0.130054
0.156033
0.150186
0.091469
0.177148
0.086738
0.113644
0.169970
0.135263
0.090145
0.160936
0.163279
0.177377
0.199017
0.103160
0.198797
0.119967
0.091244
0.110558
0.140656
0.133547
0.102218
0.136149
0.135153
0.149620
0.134761
0.211344
0.153131
0.229940
0.153872
0.185979
0.237365
0.119715
0.155047
0.239367
0.172142
0.261933
0.133872
0.210947
0.150703
0.142432
0.179595
0.151567
0.119898
0.155185
0.157863
0.229886
0.215672
0.171832
0.130028
0.184207
0.162751
0.110244
0.145187
0.152673
0.140907
0.125948
0.165896
0.193039
0.114887
0.226912
0.172413
0.185006
0.086474
0.105448
0.187717
0.210741
0.171924
0.126365
0.179581
0.194599
0.145619
0.170944
0.180665
0.173470
0.178647
0.141429
0.162262
0.198314
0.140054
0.137341
0.062598
0.107675
0.169793
0.175828
0.174850
0.215278
0.195499
0.205406
0.172610
0.110327
0.088941
0.078413
0.088290
0.118232
0.078391
0.122641
0.118133
0.132499
0.102937
0.098108
0.087040
0.134288
0.101624
0.136774
0.165874
0.166102
0.198129
0.146998
0.118966
0.142532
0.260098
0.144268
0.197454
0.197432
0.136148
0.102675
0.197877
0.209174
0.212395
0.218137
0.186849
0.111321
0.152350
0.158048
0.149346
0.124152
0.145641
0.095331
0.175507
0.188192
0.241497
0.132347
0.114809
0.197702
0.116990
0.166673
0.071470
0.054913
0.075237
0.095162
0.048798
0.120663
0.149062
0.178448
0.144715
0.148774
0.163097
0.187474
0.186165
0.147382
0.130167
0.146405
0.146547
0.093978
0.100362
0.105427
0.182036
0.202887
0.125651
0.184697
0.076658
0.101858
0.120252
0.105632
0.169106
0.165853
0.149965
0.157489
0.141277
0.113590
0.159388
0.168097
0.128325
0.147960
0.127762
0.154844
0.123126
0.140996
0.199843
0.252524
0.185023
0.282353
0.185454
0.086062
0.092694
0.088777
0.172821
0.206786
0.185871
0.136294
0.200615
0.191424
0.114617
0.113142
0.152404
0.127527
0.120952
0.201920
0.155017
0.131467
0.140623
0.097136
0.097710
0.126536
0.147241
0.094744
0.100183
0.109867
0.114489
0.161181
0.198929
0.192876
0.158654
0.207726
0.128451
0.094075
0.105232
0.164124
0.184254
0.163242
0.199793
0.118431
0.188819
0.242083
0.217325
0.112219
0.155123
0.109554
0.138464
0.054768
0.157794
0.134496
0.119819
0.098007
0.125532
0.116637
0.111280
0.112700
0.103305
0.191180
0.158848
0.191729
0.090174
0.136994
0.127066
0.154105
0.116222
0.130587
0.070773
0.047819
0.117478
0.044479
0.071996
0.070262
0.121479
0.090973
0.087131
0.128814
0.114297
0.085435
0.064853
0.077617
0.083665
0.081575
0.199466
0.108820
0.111783
0.118969
0.119174
0.097827
0.116991
0.103834
0.170525
0.204880
0.076750
0.065654
0.153273
0.148265
0.087544
0.053997
0.075654
0.117821
0.155841
0.092324
0.204494
0.117392
0.083932
0.112861
0.135512
0.086016
0.101284
0.114844
0.103428
0.124794
0.072132
0.149409
0.061804
0.092852
0.059716
0.056515
0.083973
0.119647
0.133411
0.081515
0.137250
0.130598
0.113990
0.116632
0.105333
0.144733
0.129882
0.157738
0.101251
0.137678
0.141865
0.099856
0.079315
0.080506
0.087563
0.145665
0.120142
0.112095
0.130403
0.182127
0.154292
0.122313
0.121366
0.090144
0.099536
0.093213
0.101547
0.162836
0.121989
0.066049
0.096061
0.102545
0.137240
0.107989
0.058496
0.123947
0.171099
0.136045
0.192099
0.138227
0.116455
0.097590
0.122542
0.108270
0.127699
0.104241
0.141158
0.098499
0.125649
0.095453
0.102850
0.121959
0.136095
0.095681
0.084209
0.117527
0.144791
0.207022
0.150395
0.177500
0.095634
0.103580
0.146078
0.124950
0.125197
0.144974
0.141231
0.147181
0.105510
0.088575
0.135853
0.144861
0.097192
0.090058
0.100468
0.152318
0.149256
0.096104
0.117094
0.096428
0.100643
0.118459
0.091980
0.076641
0.069045
0.105330
0.119058
0.142741
0.215652
0.127688
0.141356
0.126534
0.155408
0.160053
0.172812
0.104234
0.092031
0.086698
0.042495
0.118361
0.104084
0.129544
0.046288
0.083236
0.069005
0.152741
0.119037
0.069810
0.168507
0.159825
0.107428
0.126738
0.121065
0.114727
0.081053
0.095001
0.102540
0.139932
0.120168
0.083183
0.119944
0.161537
0.170347
0.128490
0.114380
0.111397
0.134398
0.162386
0.132031
0.078477
0.149707
0.063545
0.086580
0.102671
0.114557
0.094538
0.093766
0.153121
0.078000
0.116138
0.111642
0.087584
0.092545
0.100672
0.149828
0.152973
0.043542
0.115806
0.146568
0.054596
0.100710
0.081820
0.169562
0.193664
0.136887
0.096360
0.138720
0.138026
0.082523
0.143366
0.069084
0.156656
0.152863
0.166498
0.104985
0.166168
0.133738
0.156225
0.123213
0.106356
0.098398
0.119459
0.087582
0.079457
0.085206
0.086949
0.101745
0.089350
0.127064
0.072870
0.111724
0.125631
0.077905
0.111631
0.133473
0.084366
0.072691
0.056112
0.110548
0.157812
0.135217
0.074396
0.159912
0.105684
0.071399
0.127797
0.048383
0.082518
0.108008
0.090657
0.085649
0.067713
0.112033
0.101902
0.079595
0.073600
0.144511
0.134020
0.139033
0.072797
0.104067
0.044380
0.113218
0.124869
0.116417
0.138386
0.085350
0.045326
0.108478
0.146526
0.067710
0.082819
0.078016
0.102182
0.117786
0.139312
0.195998
0.142980
0.130835
0.081184
0.110071
0.148870
0.087435
0.097468
0.085310
0.087672
0.089508
0.099321
0.165988
0.089042
0.102190
0.068148
0.138127
0.107835
0.097592
0.127340
0.164184
0.087454
0.130433
0.110937
0.113043
0.109719
0.098856
0.110913
0.131056
0.055975
0.086015
0.157822
0.132583
0.115895
0.154089
0.085433
0.067830
0.082971
0.105489
0.099400
0.086004
0.126960
0.151193
0.101059
0.122867
0.122838
0.089037
0.120140
0.078373
0.116447
0.134276
0.093428
0.098852
0.102214
0.119553
0.126911
0.051473
0.135373
0.184888
0.110284
0.198452
0.200492
0.184008
0.099222
0.127246
0.129745
0.131687
0.118126
0.158573
0.223300
0.087677
0.100669
0.106192
0.144089
0.119054
0.134552
0.044490
0.128860
0.117424
0.175095
0.108314
0.122909
0.081405
0.133314
0.128763
0.111866
0.051267
0.085806
0.082151
0.094017
0.118104
0.122491
0.118371
0.169174
0.140231
0.142609
0.131209
0.052177
0.130498
0.165845
0.101886
0.189697
0.181959
0.066146
0.142930
0.117436
0.166771
0.178428
0.210056
0.174893
0.172913
0.127831
0.109035
0.154692
0.167451
0.150338
0.053281
0.207033
0.192465
0.170574
0.158874
0.172305
0.212514
0.151682
0.131050
0.139288
0.106100
0.077399
0.107299
0.140365
0.175258
0.160828
0.133316
0.098504
0.184042
0.160766
0.150723
0.189121
0.244037
0.184674
0.152150
0.136762
0.116850
0.126245
0.168166
0.174223
0.088910
0.121825
0.082478
0.101370
0.066964
0.077438
0.191600
0.152970
0.218167
0.191537
0.126262
0.150765
0.227467
0.157591
0.062073
0.134555
0.151547
0.155498
0.110045
0.177917
0.199170
0.174457
0.133654
0.129666
0.155398
0.157443
0.147046
0.106811
0.106645
0.130135
0.130208
0.099639
0.090062
0.207878
0.186026
0.160299
0.138967
0.267879
0.117219
0.088045
0.151497
0.185081
0.148464
0.202872
0.117830
0.139165
0.160445
0.161681
0.137099
0.207519
0.173764
0.228511
0.107764
0.207039
0.186998
0.206953
0.102849
0.058949
0.123072
0.093989
0.060797
0.143512
0.047826
0.058769
0.120008
0.094041
0.108979
0.053417
0.110508
0.173789
0.099199
0.087214
0.057337
0.112441
0.149781
0.128694
0.108588
0.090399
0.097147
0.065854
0.103727
0.120313
0.036681
0.089886
0.138066
0.106225
0.096769
0.086518
0.100467
0.070826
0.078779
0.113556
0.098314
0.134510
0.085355
0.183535
0.159006
0.225585
0.198953
0.179116
0.180484
0.198786
0.187546
0.187781
0.112618
0.064660
0.087278
0.060477
0.122941
0.122507
0.080349
0.059124
0.084677
0.092644
0.122439
0.110303
0.108742
0.203106
0.152944
0.129516
0.116908
0.125278
0.076842
0.095080
0.103830
0.103455
0.080588
0.106107
0.150496
0.082604
0.111015
0.138637
0.124367
0.119076
0.146126
0.145056
0.127113
0.084466
0.114625
0.130640
0.121639
0.089184
0.109555
0.162604
0.107547
0.129543
0.119963
0.166301
0.074530
0.118697
0.096267
0.106036
0.098896
0.121617
0.156088
0.140061
0.060616
0.114353
0.142846
0.090196
0.133692
0.153587
0.126984
0.106805
0.064437
0.070561
0.080894
0.126406
0.083642
0.127084
0.113364
0.105145
0.075346
0.083838
0.115350
0.134564
0.105829
0.158952
0.241734
0.114081
0.203215
0.118916
0.098194
0.145340
0.183412
0.115016
0.135139
0.117666
0.153281
0.137855
0.146269
0.137606
0.128668
0.137001
0.136360
0.173311
0.091443
0.141107
0.107435
0.155148
0.179449
0.088788
0.124374
0.136610
0.098549
0.074966
0.088019
0.139407
0.256469
0.132212
0.126024
0.119300
0.050265
0.183011
0.149166
0.115630
0.139009
0.165686
0.172682
0.222409
0.097880
0.107846
0.158152
0.083049
0.057193
0.065835
0.068354
0.122267
0.131299
0.067371
0.100617
0.202917
0.107700
0.125798
0.127374
0.120679
0.185814
0.144088
0.113802
0.231107
0.130461
0.120247
0.082664
0.105336
0.084055
0.128313
0.141611
0.179673
0.082977
0.156290
0.086379
0.118951
0.126369
0.139786
0.110120
0.140525
0.090809
0.129582
0.150566
0.140454
0.130484
0.058977
0.119754
0.134312
0.142436
0.127324
0.071571
0.073762
0.134644
0.118828
0.150530
0.189780
0.121441
0.162122
0.179143
0.198360
0.150295
0.115778
0.082104
0.122515
0.099845
0.145030
0.199340
0.153737
0.127377
0.067128
0.077885
0.060543
0.157654
0.109820
0.189057
0.112691
0.130901
0.079418
0.105592
0.134651
0.103910
0.095110
0.119363
0.089617
0.100955
0.112571
0.166455
0.178410
0.135161
0.155803
0.137013
0.149924
0.160439
0.106165
0.165591
0.190201
0.150293
0.124771
0.150200
0.108615
0.098191
0.108392
0.140340
0.119497
0.111275
0.187221
0.159220
0.233532
0.151775
0.125977
0.116740
0.085043
0.094169
0.117986
0.103654
0.208385
0.123657
0.126373
0.118819
0.113654
0.161070
0.133712
0.207797
0.181712
0.137741
0.142563
0.110735
0.090800
0.107162
0.106334
0.156444
0.151569
0.251973
0.109611
0.157666
0.190311
0.159619
0.135063
0.171178
0.213472
0.207563
0.164962
0.155834
0.174979
0.225928
0.125187
0.199358
0.147985
0.191018
0.151982
0.135033
0.158920
0.110132
0.125805
0.150019
0.176663
0.080371
0.158667
0.136844
0.087617
0.222863
0.218968
0.178730
0.216181
0.198459
0.071592
0.099022
0.130331
0.202743
0.218130
0.127528
0.217926
0.111742
0.144516
0.178041
0.189267
0.192160
0.153235
0.164745
0.158682
0.123680
0.126681
0.068465
0.059464
0.083937
0.131936
0.081438
0.082794
0.195388
0.191225
0.188323
0.150363
0.165351
0.186331
0.162200
0.158645
0.145747
0.164140
0.076025
0.067545
0.151718
0.140055
0.100966
0.068630
0.076252
0.063856
0.089746
0.134552
0.159241
0.121102
0.150697
0.114915
0.159235
0.066957
0.066278
0.177602
0.086797
0.061745
0.132107
0.113347
0.088533
0.161972
0.086534
0.105143
0.143069
0.130813
0.091842
0.047310
0.128601
0.126309
0.149516
0.115957
0.162685
0.100408
0.097570
0.118027
0.091523
0.128020
0.120564
0.109798
0.135926
0.089268
0.079030
0.144369
0.112735
0.108504
0.129689
0.080095
0.062990
0.111531
0.144989
0.048161
0.062788
0.080452
0.035174
0.147735
0.154372
0.090978
0.050514
0.088397
0.153004
0.113845
0.121367
0.137886
0.081283
0.085227
0.100474
0.091198
0.150740
0.152941
0.083284
0.130872
0.163826
0.082256
0.050125
0.091616
0.066233
0.123682
0.131613
0.098556
0.080176
0.077533
0.145066
0.084707
0.072846
0.105575
0.092649
0.104137
0.119900
0.101139
0.117767
0.113717
0.157403
0.067586
0.125440
0.076659
0.053972
0.108529
0.090877
0.082912
0.145117
0.114979
0.072036
0.119814
0.115098
0.098147
0.167041
0.117586
0.094148
0.135898
0.157796
0.119784
0.105346
0.084055
0.111134
0.101875
0.101115
0.051983
0.093546
0.139701
0.093067
0.066335
0.169535
0.099646
0.137520
0.100353
0.141631
0.119360
0.079275
0.145465
0.134358
0.102191
0.085026
0.084781
0.139840
0.148753
0.160686
0.133585
0.118226
0.153846
0.116187
0.091535
0.098108
0.086386
0.084361
0.106418
0.077630
0.113211
0.117477
0.138069
0.122618
0.118014
0.091124
0.115128
0.172446
0.112540
0.129531
0.135827
0.079314
0.078713
0.115859
0.139374
0.161854
0.139653
0.100426
0.087786
0.110432
0.158686
0.098670
0.072410
0.132437
0.135538
0.072230
0.092773
0.112380
0.087969
0.061610
0.076382
0.122746
0.078917
0.072996
0.084573
0.090370
0.138809
0.073467
0.064229
0.082048
0.086112
0.122039
0.135035
0.137134
0.122892
0.107409
0.107149
0.117867
0.093667
0.065828
0.058711
0.089216
0.095836
0.079311
0.127431
0.059477
0.109985
0.107912
0.091486
0.082319
0.136755
0.126627
0.075541
0.125438
0.101827
0.071632
0.088040
0.071510
0.137405
0.063723
0.107295
0.089247
0.111022
0.093125
0.136955
0.088462
0.142869
0.114712
0.096217
0.127835
0.110142
0.115041
0.084998
0.109001
0.109500
0.122057
0.109763
0.121706
0.109173
0.124205
0.151237
0.139728
0.130224
0.067831
0.157397
0.118139
0.095011
0.089825
0.121216
0.126143
0.093727
0.067959
0.121828
0.126901
0.109389
0.112585
0.079357
0.070744
0.088313
0.081003
0.121789
0.138563
0.123607
0.112725
0.109473
0.096379
0.108232
0.130272
0.139189
0.078029
0.105435
0.113420
0.172683
0.110326
0.141251
0.099109
0.151888
0.073788
0.072484
0.100105
0.084833
0.084223
0.099592
0.171387
0.083414
0.073253
0.096615
0.063880
0.096841
0.044639
0.051332
0.110111
0.080974
0.107106
0.159203
0.171376
0.159264
0.157877
0.149250
0.135008
0.057122
0.156127
0.090051
0.134549
0.147777
0.077122
0.102190
0.082611
0.076941
0.098948
0.097684
0.136761
0.144454
0.105464
0.102745
0.118472
0.109116
0.103400
0.130753
0.116384
0.156790
0.085089
0.057662
0.093397
0.113311
0.123814
0.094713
0.136986
0.065548
0.121951
0.114767
0.132134
0.149938
0.115677
0.095332
0.130981
0.094955
0.071179
0.117565
0.135721
0.115802
0.130788
0.053638
0.128703
0.094716
0.053875
0.072294
0.052016
0.046689
0.096009
0.121724
0.096735
0.126544
0.137082
0.097783
0.098132
0.143255
0.102570
0.055840
0.113942
0.081451
0.140847
0.095465
0.120611
0.135709
0.223830
0.190988
0.106622
0.065357
0.082652
0.103140
0.102932
0.081941
0.162815
0.134458
0.101725
0.184676
0.067186
0.125357
0.220000
0.072354
0.050649
0.090568
0.086491
0.110047
0.152495
0.140014
0.080642
0.101923
0.098681
0.079023
0.144581
0.112748
0.123645
0.074929
0.120738
0.045779
0.115906
0.087242
0.136596
0.169716
0.093039
0.111677
0.093304
0.137919
0.119693
0.125008
0.137367
0.076477
0.117525
0.125769
0.181463
0.123617
0.156456
0.191576
0.149619
0.123448
0.129271
0.095308
0.137463
0.126335
0.124333
0.151518
0.116487
0.235291
0.135133
0.136475
0.150508
0.183765
0.101567
0.125189
0.124702
0.061140
0.136704
0.171594
0.103948
0.119390
0.094000
0.039875
0.063505
0.155366
0.149544
0.145620
0.123353
0.155237
0.175897
0.159445
0.084020
0.074178
0.080871
0.119329
0.106635
0.117248
0.119696
0.143912
0.148600
0.176235
0.099489
0.115124
0.140071
0.118789
0.097093
0.054436
0.124794
0.102601
0.071657
0.124655
0.145314
0.129396
0.080048
0.115986
0.134766
0.100907
0.166727
0.073266
0.112359
0.115947
0.185101
0.150936
0.130985
0.141778
0.133883
0.163414
0.145392
0.219927
0.097785
0.111142
0.079285
0.117859
0.103663
0.114133
0.128066
0.097834
0.149063
0.108785
0.134354
0.102273
0.130336
0.157801
0.087806
0.138669
0.069040
0.070908
0.095978
0.092805
0.149283
0.064243
0.071126
0.040990
0.093866
0.106501
0.085667
0.097384
0.122412
0.108504
0.067843
0.120167
0.091899
0.077745
0.092531
0.092021
0.074092
0.102860
0.140286
0.159135
0.097497
0.108139
0.092672
0.122736
0.108837
0.098039
0.086393
0.141583
0.119030
0.072663
0.098062
0.081450
0.094532
0.126688
0.121203
0.124274
0.129178
0.076050
0.084896
0.101289
0.101800
0.111408
0.079491
0.143856
0.164913
0.170285
0.160872
0.107185
0.125846
0.131357
0.118028
0.099356
0.050585
0.127995
0.089367
0.097891
0.102001
0.132035
0.067271
0.104542
0.112317
0.135894
0.147439
0.143599
0.109865
0.083089
0.173000
0.115026
0.207453
0.156045
0.173857
0.103221
0.095725
0.111075
0.134749
0.068801
0.068770
0.098500
0.106717
0.072199
0.082416
0.145420
0.057581
0.079757
0.080599
0.103461
0.074889
0.076163
0.069848
0.104241
0.095295
0.089621
0.109069
0.108742
0.109538
0.109552
0.141631
0.067323
0.085799
0.126235
0.188272
0.146358
0.133945
0.201941
0.148154
0.098771
0.134356
0.140842
0.105273
0.101473
0.128932
0.112332
0.073307
0.095852
0.126947
0.053214
0.082941
0.115031
0.149616
0.171094
0.201342
0.182615
0.166239
0.154271
0.223766
0.116927
0.213685
0.122557
0.185088
0.166830
0.143185
0.214638
0.153954
0.065132
0.039633
0.095114
0.168019
0.174659
0.132689
0.160400
0.179178
0.170220
0.124031
0.154012
0.146091
0.139265
0.150788
0.097068
0.082239
0.090593
0.095990
0.165806
0.146333
0.081313
0.096602
0.189128
0.186176
0.130908
0.174676
0.143912
0.132214
0.125298
0.129464
0.135007
0.107049
0.159756
0.066599
0.115330
0.098079
0.133956
0.073199
0.110344
0.200704
0.174357
0.160452
0.145901
0.174145
0.092719
0.086843
0.062409
0.107697
0.089075
0.100707
0.116282
0.174268
0.095997
0.120088
0.084429
0.099199
0.068596
0.078991
0.060024
0.047791
0.090432
0.124448
0.045679
0.162054
0.137081
0.060280
0.051610
0.116151
0.191174
0.161486
0.136130
0.180035
0.154655
0.110985
0.085535
0.084268
0.143833
0.138640
0.152677
0.089843
0.116072
0.132830
0.162525
0.191909
0.163918
0.152685
0.110002
0.106974
0.130160
0.167532
0.143003
0.108148
0.206267
0.122987
0.091069
0.115537
0.151757
0.160145
0.163179
0.178937
0.105972
0.121428
0.111501
0.095736
0.150840
0.125086
0.078241
0.147531
0.143235
0.192866
0.154423
0.131159
0.141829
0.083498
0.068427
0.124945
0.081325
0.075541
0.097353
0.106953
0.173472
0.123186
0.127257
0.112875
0.119523
0.114322
0.104360
0.085497
0.090138
0.194085
0.182958
0.156773
0.148160
0.119781
0.114999
0.109130
0.130687
0.112058
0.190572
0.111372
0.164081
0.143848
0.136798
0.117075
0.125232
0.118747
0.161958
0.161324
0.121194
0.137578
0.077391
0.126906
0.112564
0.082903
0.124309
0.102447
0.061051
0.094424
0.119050
0.148179
0.128510
0.125236
0.159535
0.079216
0.165896
0.123831
0.133318
0.081514
0.069638
0.122390
0.115961
0.117319
0.136077
0.060723
0.108892
0.082680
0.063777
0.089915
0.092348
0.112394
0.139199
0.107987
0.127086
0.118986
0.077140
0.108237
0.091289
0.085748
0.085369
0.136248
0.059265
0.110279
0.121006
0.110572
0.068334
0.072990
0.150628
0.115819
0.102435
0.103991
0.110590
0.065089
0.097107
0.095366
0.180378
0.136270
0.126313
0.076937
0.084967
0.157242
0.138779
0.156471
0.093151
0.150600
0.160678
0.122209
0.096197
0.075417
0.144369
0.106108
0.071632
0.136655
0.080676
0.127709
0.080053
0.073900
0.157587
0.066450
0.051460
0.102048
0.149420
0.135757
0.129189
0.066214
0.097786
0.166286
0.125508
0.090850
0.120638
0.116558
0.127629
0.053433
0.098955
0.087971
0.070655
0.102782
0.173440
0.122978
0.131719
0.098534
0.094686
0.091879
0.115626
0.104770
0.118787
0.038489
0.106933
0.150067
0.125548
0.085381
0.086019
0.078155
0.130559
0.088427
0.064644
0.113826
0.095200
0.084093
0.181417
0.192504
0.109749
0.177848
0.210511
0.095398
0.124368
0.077488
0.085347
0.091404
0.075123
0.078617
0.096205
0.131721
0.124249
0.127605
0.160636
0.098673
0.109006
0.084739
0.092432
0.124510
0.199842
0.109303
0.113469
0.094988
0.092073
0.071512
0.074671
0.052028
0.087880
0.090367
0.099780
0.093764
0.095566
0.063882
0.114374
0.103686
0.107094
0.074388
0.110593
0.141289
0.123355
0.092046
0.107771
0.098735
0.154750
0.117913
0.106694
0.100633
0.110561
0.124612
0.093712
0.111647
0.065221
0.125768
0.118985
0.113632
0.117765
0.057965
0.076417
0.162898
0.071864
0.121003
0.099105
0.113892
0.103860
0.109493
0.084196
0.091840
0.141475
0.190851
0.080539
0.053628
0.149010
0.114103
0.118660
0.101490
0.077176
0.095800
0.094265
0.094734
0.109244
0.121007
0.138319
0.123784
0.073382
0.082320
0.091111
0.104676
0.119399
0.102376
0.126187
0.118129
0.083718
0.113439
0.098990
0.067060
0.131135
0.112221
0.097322
0.086731
0.122857
0.068829
0.134671
0.146009
0.140480
0.067404
0.074573
0.101062
0.079873
0.090849
0.092004
0.129080
0.075986
0.074154
0.077505
0.088762
0.134321
0.126512
0.135127
0.151879
0.118683
0.100843
0.056910
0.084362
0.089803
0.074952
0.128322
0.055157
0.108387
0.125870
0.108738
0.113524
0.081673
0.098237
0.074005
0.084493
0.044142
0.138959
0.075580
0.088546
0.091116
0.133121
0.146000
0.087465
0.122902
0.136419
0.108494
0.059944
0.203723
0.120651
0.135924
0.052278
0.117913
0.123054
0.100918
0.060342
0.082087
0.110693
0.087141
0.152596
0.120306
0.128645
0.162003
0.123549
0.131549
0.153540
0.159022
0.163451
0.110037
0.120573
0.040260
0.204070
0.169316
0.132699
0.086621
0.179704
0.071326
0.121193
0.070324
0.163671
0.174156
0.153498
0.115807
0.085017
0.128375
0.130185
0.146678
0.098388
0.063862
0.124259
0.077551
0.100719
0.075781
0.104280
0.085377
0.123558
0.040987
0.126598
0.122948
0.093721
0.080723
0.104907
0.099561
0.070812
0.097812
0.077655
0.106494
0.102454
0.094972
0.072610
0.100175
0.125638
0.054551
0.081288
0.112574
0.076516
0.078402
0.090249
0.161309
0.131537
0.148413
0.077012
0.132469
0.129798
0.132344
0.083114
0.102099
0.106405
0.093804
0.158901
0.159857
0.120114
0.092692
0.132401
0.084515
0.122770
0.105123
0.087111
0.090466
0.157488
0.129653
0.066114
0.078425
0.107078
0.101403
0.108632
0.105078
0.125299
0.069434
0.105485
0.096257
0.123716
0.175083
0.083326
0.171214
0.154559
0.121338
0.052938
0.111897
0.158862
0.093614
0.111817
0.077316
0.107466
0.104362
0.066702
0.113623
0.092228
0.100584
0.111648
0.081710
0.123300
0.103334
0.109429
0.168828
0.141899
0.054371
0.128884
0.125074
0.147637
0.144063
0.128816
0.151258
0.118305
0.102859
0.121267
0.117064
0.118776
0.157160
0.179507
0.122414
0.091450
0.167956
0.169088
0.162547
0.138282
0.172440
0.133216
0.123537
0.200325
0.095269
0.065263
0.093995
0.068744
0.107380
0.080818
0.139291
0.161032
0.126373
0.102224
0.107137
0.115535
0.106267
0.152209
0.071395
0.077420
0.080074
0.090876
0.074994
0.101884
0.114125
0.082569
0.144647
0.089001
0.081385
0.069129
0.075878
0.141951
0.056575
0.105938
0.105363
0.155446
0.088019
0.075553
0.090632
0.109442
0.105692
0.099760
0.169872
0.113762
0.065035
0.130250
0.137542
0.063091
0.082954
0.100110
0.084662
0.117154
0.081668
0.118204
0.139529
0.158509
0.123250
0.113724
0.099955
0.097994
0.104624
0.095870
0.115208
0.068387
0.040448
0.092244
0.136245
0.073650
0.122257
0.101465
0.112393
0.113126
0.081662
0.121336
0.078612
0.159643
0.169647
0.110916
0.105240
0.100076
0.071587
0.181104
0.128191
0.117593
0.104437
0.093265
0.103001
0.114310
0.105202
0.074960
0.100235
0.067497
0.073153
0.091586
0.129703
0.124424
0.063859
0.074645
0.089020
0.098487
0.186654
0.170163
0.087299
0.139313
0.178725
0.095740
0.144817
0.120958
0.162590
0.164573
0.101974
0.152498
0.219563
0.170490
0.140603
0.111920
0.114357
0.164508
0.150886
0.156331
0.181004
0.232065
0.167796
0.141603
0.148077
0.209359
0.089572
0.155478
0.164912
0.158056
0.123927
0.063185
0.181740
0.195568
0.159044
0.142699
0.171335
0.097593
0.056466
0.112128
0.120455
0.084937
0.167695
0.156949
0.219434
0.129665
0.197372
0.212044
0.105153
0.133234
0.143469
0.120499
0.158303
0.182333
0.103453
0.116967
0.127650
0.164441
0.189609
0.233778
0.166577
0.157224
0.144585
0.161861
0.186337
0.221952
0.122143
0.196159
0.169104
0.148813
0.228693
0.200457
0.117459
0.132815
0.127365
0.228901
0.237886
0.099825
0.123912
0.165014
0.221141
0.224650
0.238553
0.151936
0.174085
0.174873
0.164048
0.177636
0.134822
0.131144
0.189812
0.183268
0.093033
0.081416
0.094978
0.115206
0.063633
0.115745
0.095597
0.085493
0.162398
0.143847
0.155391
0.152101
0.181366
0.166495
0.091084
0.115089
0.117054
0.094821
0.099421
0.051693
0.097564
0.114865
0.072743
0.105292
0.095978
0.094038
0.143759
0.125307
0.072300
0.091859
0.134976
0.157324
0.084311
0.163443
0.057307
0.078839
0.138767
0.117624
0.036070
0.078071
0.063308
0.131488
0.081477
0.081126
0.190531
0.191141
0.159333
0.137552
0.140873
0.185142
0.181851
0.167417
0.159369
0.151799
0.195537
0.099292
0.047508
0.110916
0.117135
0.100620
0.115300
0.086593
0.083660
0.105307
0.121078
0.111591
0.113915
0.148168
0.146544
0.110605
0.070189
0.101253
0.110210
0.105638
0.056233
0.101630
0.103459
0.092745
0.206589
0.204167
0.188762
0.125523
0.112285
0.202653
0.186003
0.166371
0.174959
0.275525
0.138365
0.164080
0.149800
0.171905
0.160503
0.130743
0.103426
0.164996
0.147246
0.174814
0.185827
0.195238
0.067422
0.110338
0.175046
0.133773
0.138940
0.188972
0.153917
0.125211
0.075356
0.098572
0.112687
0.081457
0.130698
0.134088
0.143174
0.113810
0.199349
0.203871
0.202671
0.203629
0.227259
0.173531
0.155732
0.230791
0.069901
0.183661
0.177088
0.149215
0.193237
0.146540
0.152319
0.243612
0.174123
0.118033
0.130560
0.137662
0.074915
0.133480
0.167791
0.174198
0.139872
0.131586
0.162186
0.114318
0.136413
0.155835
0.131754
0.104717
0.100339
0.047820
0.061393
0.044442
0.049551
0.070727
0.049406
0.136849
0.132216
0.124080
0.121644
0.143538
0.132249
0.154441
0.149533
0.174859
0.177782
0.215986
0.250271
0.135924
0.173129
0.137911
0.186592
0.173809
0.166778
0.100892
0.125167
0.064437
0.173858
0.202226
0.165893
0.145067
0.130235
0.140988
0.159385
0.188211
0.155073
0.135969
0.170817
0.170626
0.121008
0.144231
0.132932
0.148872
0.106464
0.140001
0.093872
0.121242
0.125346
0.107797
0.160620
0.136869
0.153611
0.141104
0.121916
0.168240
0.131970
0.104494
0.114284
0.183820
0.175673
0.136768
0.156453
0.152008
0.253281
0.220754
0.163443
0.132426
0.132709
0.158662
0.120420
0.170499
0.207304
0.167768
0.182317
0.161332
0.166683
0.105602
0.136286
0.192440
0.201723
0.206305
0.187123
0.144861
0.192370
0.087306
0.147344
0.179530
0.168001
0.148603
0.187039
0.072472
0.042496
0.091257
0.105821
0.095913
0.115125
0.165294
0.110451
0.157895
0.174607
0.145093
0.121898
0.120680
0.095388
0.086254
0.120666
0.158321
0.150992
0.162981
0.129099
0.116847
0.125067
0.164695
0.166769
0.053335
0.157285
0.186944
0.107139
0.101114
0.135305
0.126622
0.173447
0.103980
0.091391
0.175662
0.171867
0.112864
0.206498
0.099194
0.096154
0.154751
0.055626
0.077858
0.112688
0.139366
0.143577
0.097371
0.116039
0.065918
0.085467
0.119545
0.110909
0.101186
0.154477
0.187210
0.128042
0.153962
0.078648
0.067259
0.094086
0.165839
0.100821
0.058180
0.085083
0.109477
0.127002
0.106740
0.148045
0.078676
0.138892
0.091868
0.100048
0.170255
0.106323
0.139068
0.103884
0.140539
0.082066
0.121389
0.093929
0.135154
0.154893
0.089631
0.165365
0.104551
0.151813
0.078599
0.108649
0.116422
0.131342
0.102974
0.099383
0.092635
0.062787
0.139612
0.091726
0.157977
0.096564
0.167713
0.121558
0.159564
0.117699
0.123240
0.109150
0.090688
0.070438
0.113756
0.074478
0.117115
0.142569
0.115270
0.208190
0.131072
0.120985
0.138458
0.074129
0.059631
0.088190
0.077444
0.090565
0.106693
0.169215
0.158364
0.101737
0.066714
0.105385
0.087850
0.163589
0.122296
0.058018
0.063727
0.063320
0.059475
0.104938
0.123332
0.094803
0.096978
0.125658
0.114355
0.108423
0.073995
0.119289
0.090669
0.129946
0.076935
0.107978
0.112047
0.175621
0.102150
0.144821
0.144149
0.083159
0.117176
0.095647
0.082665
0.110238
0.077412
0.110189
0.107221
0.049575
0.076474
0.070117
0.079760
0.058011
0.086756
0.124732
0.075805
0.080419
0.118946
0.142488
0.188714
0.107610
0.129868
0.109393
0.091413
0.104638
0.074209
0.086861
0.109832
0.106540
0.156869
0.173655
0.183682
0.134843
0.142959
0.121529
0.130770
0.101718
0.126068
0.113824
0.136579
0.159693
0.081250
0.140414
0.105489
0.069982
0.116066
0.177246
0.136515
0.148023
0.079827
0.127370
0.147675
0.161228
0.153920
0.094370
0.098902
0.126563
0.100581
0.075279
0.144386
0.100419
0.100271
0.113402
0.110167
0.122517
0.162210
0.146731
0.090025
0.120479
0.109885
0.102978
0.127357
0.083661
0.101274
0.122405
0.143131
0.087102
0.088133
0.113010
0.114273
0.080837
0.084972
0.122792
0.142337
0.111764
0.126333
0.107945
0.076988
0.068866
0.051275
0.095973
0.148756
0.132544
0.074119
0.126534
0.117351
0.104346
0.084555
0.112524
0.107133
0.190670
0.126950
0.117288
0.116248
0.157821
0.174616
0.110658
0.105855
0.094712
0.116203
0.092484
0.143678
0.066863
0.113307
0.152983
0.132498
0.126316
0.089989
0.102975
0.147305
0.123489
0.098916
0.085685
0.079841
0.077283
0.100562
0.129753
0.121781
0.152305
0.137120
0.176711
0.248440
0.147337
0.188215
0.081262
0.102119
0.045984
0.080369
0.080715
0.073137
0.093637
0.085377
0.078103
0.096388
0.119936
0.096046
0.116552
0.118605
0.070713
0.042594
0.095347
0.104051
0.069361
0.101729
0.083721
0.161521
0.091860
0.105880
0.092417
0.144617
0.091366
0.071324
0.091022
0.115453
0.142712
0.178603
0.128054
0.110731
0.140573
0.140752
0.129483
0.079726
0.111773
0.084705
0.097412
0.084065
0.135315
0.103011
0.130688
0.057223
0.098100
0.110312
0.059655
0.113661
0.120640
0.115032
0.102168
0.130511
0.102281
0.096198
0.154294
0.144017
0.101473
0.121732
0.116622
0.128774
0.141994
0.160044
0.144156
0.130148
0.155077
0.099689
0.127564
0.133792
0.094424
0.114974
0.112463
0.108290
0.110457
0.089298
0.114313
0.101640
0.166670
0.152095
0.117249
0.085334
0.181795
0.071023
0.090435
0.162774
0.136950
0.129749
0.096700
0.152199
0.106550
0.109887
0.069305
0.094143
0.080581
0.095855
0.154723
0.141823
0.097704
0.090287
0.146876
0.115835
0.165898
0.066326
0.129168
0.084387
0.056029
0.082543
0.159025
0.103067
0.185104
0.150661
0.070391
0.093140
0.087467
0.103943
0.103730
0.087908
0.097798
0.104596
0.104594
0.083015
0.117888
0.098454
0.116685
0.066299
0.082255
0.096218
0.089832
0.115934
0.111384
0.129680
0.063807
0.071311
0.202867
0.128834
0.102464
0.106413
0.115792
0.088090
0.110636
0.148524
0.112201
0.081340
0.133199
0.136411
0.200307
0.150014
0.135369
0.122177
0.086807
0.120951
0.099532
0.121850
0.117354
0.107077
0.108560
0.133324
0.116867
0.137907
0.103783
0.077854
0.102939
0.108794
0.109657
0.108981
0.108416
0.129924
0.145570
0.133891
0.134900
0.114451
0.132803
0.104027
0.115672
0.135798
0.099600
0.115161
0.092348
0.130316
0.128131
0.159806
0.149380
0.126536
0.094935
0.169086
0.046405
0.079264
0.097635
0.045135
0.094600
0.062084
0.093459
0.130683
0.179852
0.104319
0.132370
0.211350
0.089791
0.071485
0.083957
0.139632
0.158553
0.072009
0.089650
0.091155
0.138772
0.100739
0.121967
0.087409
0.062357
0.096246
0.096483
0.087329
0.119312
0.122617
0.127294
0.132383
0.120773
0.108878
0.070616
0.131783
0.113519
0.119948
0.098495
0.095315
0.075806
0.126022
0.087884
0.118228
0.084936
0.074815
0.119832
0.101887
0.166597
0.126435
0.167083
0.102602
0.113624
0.139225
0.080802
0.150546
0.095789
0.131993
0.079399
0.166034
0.099614
0.060462
0.134241
0.115473
0.065573
0.109752
0.120825
0.139852
0.070844
0.105643
0.133658
0.128246
0.079909
0.086976
0.117857
0.151599
0.082471
0.114188
0.101589
0.072654
0.068703
0.184198
0.120703
0.084500
0.053168
0.131742
0.092168
0.101164
0.085835
0.084679
0.102659
0.160766
0.104879
0.094045
0.120785
0.123078
0.073815
0.111732
0.078252
0.146873
0.078682
0.083129
0.108058
0.122284
0.139467
0.103124
0.100087
0.087523
0.089153
0.085043
0.081882
0.066071
0.110413
0.101518
0.104813
0.113951
0.088667
0.075605
0.099393
0.130266
0.130975
0.134542
0.197926
0.168766
0.145051
0.179326
0.088778
0.137372
0.097396
0.107984
0.113912
0.093407
0.101470
0.148420
0.099714
0.105785
0.062325
0.088915
0.122981
0.111057
0.078514
0.174795
0.121017
0.108202
0.162769
0.147555
0.167079
0.094626
0.135915
0.089908
0.083391
0.114190
0.097308
0.083779
0.112543
0.104078
0.084553
0.137756
0.099313
0.076228
0.072429
0.060591
0.092982
0.112179
0.091793
0.163915
0.117774
0.141643
0.058097
0.048565
0.112493
0.133023
0.128115
0.107773
0.094650
0.129463
0.123002
0.134055
0.101040
0.112113
0.061491
0.079451
0.140785
0.155660
0.104429
0.128230
0.042087
0.088413
0.086094
0.106952
0.062788
0.120435
0.134008
0.091384
0.094374
0.109985
0.129898
0.094306
0.062085
0.128780
0.073987
0.095098
0.175014
0.149998
0.121811
0.098864
0.141804
0.116260
0.119688
0.098803
0.169179
0.143200
0.054116
0.089042
0.088056
0.133571
0.096674
0.068558
0.099284
0.125132
0.106627
0.203201
0.107285
0.094468
0.133884
0.107033
0.108476
0.088981
0.135750
0.122278
0.179801
0.105345
0.111375
0.070093
0.113342
0.108899
0.092888
0.092769
0.060021
0.055755
0.133607
0.090128
0.085656
0.126464
0.144141
0.101668
0.072284
0.129687
0.081202
0.108355
0.094136
0.101721
0.090195
0.125741
0.083229
0.116436
0.125968
0.198184
0.135702
0.085408
0.093110
0.073526
0.111048
0.056511
0.099343
0.106314
0.107805
0.111754
0.088148
0.131813
0.120853
0.104443
0.142984
0.070165
0.124068
0.104021
0.073384
0.174950
0.079550
0.154959
0.123031
0.092551
0.067248
0.096454
0.081853
0.082031
0.112131
0.133897
0.090230
0.093198
0.155901
0.074307
0.121131
0.127292
0.136873
0.137937
0.096716
0.039747
0.164236
0.078860
0.133605
0.090409
0.138284
0.117420
0.157704
0.120229
0.143596
0.137444
0.119027
0.216031
0.100532
0.094570
0.081322
0.098770
0.094445
0.127944
0.104150
0.102250
0.140741
0.107951
0.183659
0.145828
0.144575
0.107834
0.092772
0.103499
0.127951
0.105040
0.075863
0.128635
0.112324
0.092951
0.128946
0.094799
0.193666
0.057553
0.078579
0.131511
0.121246
0.106215
0.115493
0.106283
0.079391
0.086646
0.093215
0.169158
0.130584
0.115805
0.113397
0.097536
0.059134
0.109238
0.084259
0.086385
0.171433
0.175492
0.110457
0.098696
0.139967
0.110416
0.116774
0.110494
0.046917
0.102158
0.120422
0.147024
0.068883
0.088345
0.153267
0.188246
0.116495
0.138686
0.107975
0.094373
0.124215
0.098708
0.130572
0.098972
0.080961
0.166616
0.104412
0.105783
0.160537
0.117838
0.138679
0.132950
0.114301
0.120015
0.142826
0.090393
0.084628
0.104717
0.056884
0.124235
0.065095
0.113001
0.117741
0.095257
0.068766
0.068031
0.086083
0.108436
0.073981
0.085383
0.098587
0.099151
0.168514
0.114244
0.089524
0.101054
0.113848
0.073303
0.081930
0.115494
0.115285
0.058989
0.096505
0.111757
0.102430
0.096256
0.152805
0.095548
0.097559
0.099614
0.148347
0.109856
0.114594
0.153168
0.092890
0.071706
0.061476
0.167907
0.044515
0.087554
0.077738
0.106618
0.118876
0.123305
0.095114
0.091314
0.111503
0.040421
0.107095
0.035025
0.158211
0.039164
0.095953
0.084964
0.098357
0.083467
0.115762
0.096884
0.107481
0.103166
0.118403
0.081473
0.137363
0.065709
0.104066
0.115305
0.072852
0.118582
0.059048
0.074149
0.063301
0.096729
0.076491
0.131647
0.091690
0.081528
0.146343
0.116617
0.141520
0.112788
0.113857
0.125632
0.104046
0.152878
0.119206
0.096939
0.079602
0.067654
0.061162
0.126115
0.117157
0.094800
0.128359
0.097343
0.066440
0.055730
0.091755
0.116308
0.135091
0.130197
0.074596
0.160501
0.142082
0.100732
0.125198
0.128763
0.128642
0.064734
0.199145
0.193691
0.126552
0.198772
0.088855
0.166606
0.245632
0.204169
0.090687
0.128274
0.144140
0.106874
0.149183
0.190253
0.124922
0.131440
0.103012
0.156656
0.202631
0.112501
0.117493
0.182990
0.087477
0.122665
0.207160
0.158219
0.143138
0.182208
0.166090
0.146763
0.136007
0.156916
0.109028
0.123769
0.100544
0.089661
0.187581
0.117378
0.173425
0.138999
0.134858
0.131433
0.180136
0.112966
0.169909
0.136139
0.201392
0.234066
0.149697
0.203343
0.131785
0.076970
0.172807
0.183359
0.178171
0.118636
0.176643
0.159532
0.201801
0.164091
0.073451
0.188617
0.125655
0.110032
0.101461
0.114251
0.072832
0.085162
0.093925
0.113996
0.170005
0.129075
0.077759
0.118820
0.108894
0.157789
0.120415
0.084269
0.092715
0.060899
0.081823
0.135923
0.103616
0.058158
0.069280
0.088243
0.059466
0.121358
0.202647
0.138502
0.110827
0.146691
0.083356
0.048956
0.123763
0.138032
0.130098
0.198081
0.110685
0.127644
0.173122
0.172730
0.093281
0.199657
0.155372
0.155025
0.103244
0.136981
0.104087
0.170557
0.131203
0.080441
0.082997
0.087095
0.102778
0.094565
0.082028
0.101625
0.182801
0.128439
0.146464
0.150218
0.194476
0.129444
0.195703
0.113051
0.075567
0.174181
0.108146
0.182539
0.170677
0.186777
0.168710
0.169619
0.189574
0.175520
0.162105
0.061876
0.147520
0.161223
0.165570
0.119049
0.128744
0.181869
0.166672
0.140003
0.189780
0.202028
0.078135
0.166608
0.188885
0.147686
0.211454
0.161770
0.109839
0.058551
0.095611
0.120005
0.091450
0.099000
0.095849
0.108317
0.090503
0.106220
0.119831
0.067967
0.116678
0.110388
0.121246
0.127450
0.102314
0.138652
0.107462
0.102055
0.105703
0.121757
0.137809
0.171175
0.206584
0.122285
0.121731
0.150688
0.197403
0.165995
0.188384
0.194811
0.136153
0.064298
0.102552
0.151520
0.145045
0.084837
0.174009
0.089624
0.112216
0.068875
0.125719
0.104315
0.143069
0.150322
0.118593
0.094608
0.093834
0.124390
0.099399
0.067343
0.065273
0.123855
0.135459
0.127745
0.122986
0.171716
0.143556
0.214493
0.101943
0.135992
0.150568
0.113776
0.089431
0.106346
0.117516
0.091849
0.082572
0.103425
0.088721
0.155071
0.079819
0.083873
0.107635
0.139663
0.108832
0.082458
0.070686
0.123062
0.064056
0.156612
0.104090
0.132388
0.116462
0.074259
0.129796
0.093594
0.123733
0.149038
0.174333
0.161674
0.146340
0.142772
0.125040
0.136421
0.077433
0.086648
0.092182
0.115333
0.135233
0.131247
0.132297
0.143499
0.121214
0.107022
0.069127
0.109931
0.168833
0.096940
0.100933
0.152294
0.102103
0.116951
0.100449
0.143697
0.118866
0.101214
0.158736
0.097438
0.211097
0.123055
0.082598
0.099665
0.092899
0.095676
0.085716
0.120794
0.126102
0.079783
0.078263
0.070522
0.082174
0.137656
0.148305
0.154390
0.078235
0.117117
0.186167
0.129789
0.131662
0.134239
0.158114
0.111226
0.075125
0.062971
0.131345
0.077652
0.114747
0.118132
0.154956
0.192944
0.119978
0.192609
0.181839
0.125317
0.099713
0.117820
0.157746
0.073013
0.085904
0.062280
0.156975
0.166322
0.107903
0.104531
0.102396
0.122735
0.103512
0.089095
0.056000
0.071703
0.134872
0.129510
0.134565
0.123571
0.135874
0.139901
0.123795
0.105150
0.101004
0.111505
0.113294
0.098736
0.081423
0.110820
0.066799
0.145257
0.102086
0.105333
0.162138
0.120013
0.113946
0.095849
0.128178
0.091666
0.106548
0.144527
0.150165
0.097773
0.100208
0.079848
0.152994
0.116610
0.139788
0.100857
0.136456
0.084580
0.115618
0.117096
0.089362
0.127875
0.214656
0.061527
0.044747
0.074175
0.109114
0.069456
0.077001
0.080695
0.101748
0.123523
0.122451
0.127390
0.124438
0.094141
0.095185
0.042974
0.075770
0.102186
0.103104
0.134112
0.082985
0.104951
0.129062
0.114295
0.099751
0.104338
0.056626
0.122880
0.079803
0.064763
0.102163
0.169352
0.086958
0.065149
0.087298
0.089539
0.118826
0.112231
0.098895
0.097618
0.100454
0.111712
0.121357
0.081478
0.058500
0.109957
0.130806
0.149064
0.133750
0.077036
0.124473
0.079101
0.068493
0.086026
0.167731
0.186756
0.089583
0.093279
0.107085
0.088337
0.072606
0.069504
0.060358
0.109954
0.093951
0.115528
0.123965
0.124699
0.084852
0.089046
0.092711
0.112707
0.060428
0.084018
0.080573
0.107251
0.145029
0.065270
0.089642
0.107668
0.107811
0.092583
0.142833
0.111095
0.202989
0.118674
0.104873
0.142386
0.108283
0.098703
0.092397
0.169127
0.150980
0.119215
0.108997
0.071408
0.114262
0.113236
0.094335
0.059317
0.163387
0.121094
0.154826
0.123111
0.114040
0.201093
0.164600
0.112854
0.072056
0.098011
0.090585
0.103497
0.084337
0.146425
0.196990
0.187079
0.145487
0.092342
0.082628
0.052561
0.052824
0.103462
0.115685
0.060104
0.052404
0.112846
0.129805
0.211360
0.169893
0.159150
0.134067
0.082562
0.084729
0.137913
0.150178
0.125561
0.123085
0.117039
0.117292
0.136420
0.174660
0.131610
0.058565
0.066396
0.040399
0.063001
0.086561
0.082426
0.071605
0.077141
0.090590
0.085747
0.056534
0.174367
0.047006
0.129447
0.135951
0.122697
0.077507
0.127087
0.107978
0.092586
0.082314
0.141196
0.152029
0.121620
0.087950
0.105946
0.068611
0.084412
0.166265
0.156175
0.158896
0.075337
0.053645
0.168889
0.137979
0.118019
0.104047
0.085229
0.092573
0.116558
0.130264
0.105402
0.135585
0.148052
0.055780
0.084672
0.072819
0.103677
0.194752
0.129571
0.107148
0.106066
0.131031
0.105400
0.085840
0.107518
0.094327
0.069578
0.142928
0.082778
0.093566
0.157599
0.143047
0.120291
0.101319
0.098142
0.104982
0.144578
0.098737
0.126981
0.123481
0.131171
0.098654
0.077069
0.138341
0.093653
0.100792
0.068477
0.081784
0.131473
0.157141
0.095715
0.075730
0.095685
0.064101
0.075615
0.125351
0.151527
0.087804
0.194781
0.125695
0.152992
0.111233
0.057002
0.067544
0.132001
0.104667
0.120029
0.119106
0.093502
0.101503
0.124009
0.114016
0.094127
0.169006
0.052795
0.130141
0.149773
0.113883
0.067256
0.055128
0.114207
0.126281
0.113657
0.083979
0.077711
0.118841
0.146134
0.133679
0.152338
0.138873
0.084302
0.114131
0.133095
0.150692
0.147547
0.101014
0.086395
0.086308
0.110833
0.061572
0.129698
0.137719
0.083271
0.077406
0.088280
0.106794
0.142496
0.129203
0.131117
0.091796
0.132653
0.173088
0.135031
0.084342
0.159602
0.151457
0.097821
0.098496
0.129253
0.135318
0.071169
0.074334
0.096810
0.125873
0.136516
0.112432
0.084257
0.130175
0.130801
0.117576
0.101144
0.166687
0.121904
0.191555
0.126918
0.060082
0.095888
0.107349
0.120953
0.107378
0.118670
0.083001
0.099874
0.107602
0.146566
0.097837
0.128138
0.070267
0.043067
0.103315
0.111091
0.134967
0.096809
0.068055
0.094536
0.098940
0.100741
0.119001
0.103277
0.108764
0.093052
0.137527
0.141827
0.070982
0.103011
0.057016
0.110363
0.080828
0.078615
0.082889
0.095503
0.141163
0.172511
0.129241
0.114825
0.099425
0.099258
0.134124
0.071546
0.074913
0.149513
0.100085
0.100903
0.097683
0.160907
0.091567
0.117528
0.158695
0.178700
0.106236
0.118310
0.107730
0.137646
0.146339
0.179532
0.130548
0.163429
0.087981
0.084465
0.090993
0.124807
0.143513
0.137459
0.106837
0.131504
0.201978
0.118519
0.090899
0.088838
0.091950
0.068379
0.109788
0.116537
0.115179
0.121143
0.138818
0.135792
0.142128
0.147974
0.109011
0.144178
0.099075
0.106794
0.191708
0.194234
0.143639
0.116413
0.141913
0.072764
0.115906
0.084028
0.116969
0.029578
0.198153
0.100790
0.102463
0.132989
0.117164
0.084745
0.066572
0.077265
0.146381
0.086096
0.101291
0.105408
0.086806
0.107759
0.147069
0.125397
0.104322
0.105037
0.102283
0.097405
0.073362
0.125785
0.043381
0.050989
0.068530
0.153719
0.225962
0.088512
0.162758
0.159542
0.269640
0.049636
0.077772
0.145617
0.103220
0.186515
0.123356
0.113513
0.103967
0.120371
0.101043
0.085763
0.086722
0.109768
0.119962
0.130554
0.156632
0.106992
0.157375
0.118075
0.062133
0.105554
0.173655
0.071970
0.071462
0.142417
0.154459
0.113438
0.118495
0.066233
0.148695
0.145983
0.087373
0.125519
0.153697
0.159583
0.104860
0.104210
0.070604
0.114691
0.107637
0.050522
0.092553
0.115519
0.076500
0.087338
0.184755
0.149887
0.087886
0.094595
0.119940
0.116817
0.070178
0.096908
0.096135
0.142652
0.115395
0.081800
0.133723
0.149590
0.105722
0.124995
0.066737
0.069834
0.115588
0.076026
0.041576
0.118343
0.106692
0.099458
0.101043
0.082969
0.146530
0.112322
0.092100
0.050937
0.105303
0.111291
0.103699
0.153761
0.122549
0.124142
0.098882
0.110330
0.125941
0.146465
0.135970
0.120306
0.155640
0.104272
0.087676
0.068087
0.089578
0.090059
0.103599
0.092034
0.064204
0.076461
0.154810
0.135023
0.086946
0.163157
0.140694
0.075916
0.088296
0.100201
0.110080
0.089763
0.103564
0.105181
0.075926
0.125545
0.118008
0.111676
0.163528
0.189676
0.173220
0.141018
0.095390
0.147973
0.099936
0.089628
0.102717
0.127703
0.139986
0.111549
0.107913
0.125455
0.098637
0.105807
0.150215
0.124582
0.132222
0.168808
0.137200
0.139201
0.159723
0.155933
0.115382
0.178179
0.133203
0.101404
0.138239
0.172811
0.161563
0.088424
0.084423
0.080608
0.098421
0.102550
0.055743
0.075130
0.079691
0.093249
0.097435
0.088227
0.088599
0.120002
0.115187
0.080564
0.137399
0.076568
0.136311
0.130001
0.061964
0.072865
0.086479
0.096522
0.109895
0.084316
0.083099
0.146744
0.085371
0.111206
0.123401
0.135746
0.124874
0.133117
0.094575
0.064569
0.098387
0.104904
0.129989
0.116394
0.107581
0.110704
0.103015
0.080546
0.065612
0.113218
0.127408
0.209474
0.079785
0.123479
0.200343
0.149742
0.161481
0.120243
0.119552
0.137815
0.106818
0.127485
0.161534
0.133054
0.138182
0.146805
0.126890
0.108415
0.120512
0.194102
0.196550
0.196566
0.226245
0.086338
0.237609
0.163893
0.103268
0.178994
0.137590
0.181532
0.152834
0.183325
0.128137
0.126499
0.158328
0.042477
0.136322
0.086869
0.104654
0.119035
0.147481
0.162095
0.135112
0.214627
0.107695
0.142013
0.178787
0.073423
0.171631
0.125696
0.195335
0.207564
0.180622
0.129908
0.127686
0.121759
0.146438
0.102222
0.190634
0.212617
0.237300
0.139644
0.144150
0.134092
0.090431
0.136985
0.112799
0.066076
0.123222
0.152218
0.128655
0.190295
0.215753
0.090816
0.155443
0.107511
0.083601
0.064206
0.129438
0.187820
0.114923
0.166545
0.132300
0.171194
0.159688
0.223619
0.150384
0.105087
0.113633
0.099502
0.076630
0.082695
0.174093
0.105720
0.096053
0.068587
0.086867
0.148736
0.143617
0.144254
0.136235
0.081635
0.086210
0.096879
0.106706
0.066799
0.087825
0.102711
0.112555
0.114805
0.112277
0.078836
0.061438
0.123574
0.096965
0.060076
0.057126
0.105650
0.121136
0.206715
0.179304
0.137268
0.142701
0.104280
0.123024
0.077469
0.052856
0.093218
0.092729
0.115584
0.124047
0.134536
0.102616
0.163874
0.196994
0.178014
0.235904
0.206321
0.150570
0.106643
0.127793
0.120344
0.135470
0.056158
0.085329
0.095494
0.122675
0.187968
0.148013
0.113931
0.083623
0.108997
0.145629
0.105749
0.081877
0.114604
0.117673
0.131360
0.097756
0.072733
0.061135
0.080369
0.072593
0.089592
0.075910
0.115011
0.078759
0.111450
0.147630
0.131298
0.132120
0.091357
0.119653
0.180572
0.201600
0.144618
0.139497
0.122377
0.127710
0.128392
0.147450
0.062090
0.071132
0.156299
0.132298
0.138306
0.130415
0.181608
0.156651
0.153468
0.141693
0.115278
0.083885
0.082163
0.132641
0.112409
0.104341
0.158136
0.127842
0.176321
0.201004
0.137255
0.179971
0.124916
0.119205
0.176400
0.167770
0.202064
0.201095
0.101138
0.140266
0.128584
0.126871
0.143884
0.075047
0.181914
0.136280
0.071817
0.118444
0.124511
0.183523
0.154290
0.199834
0.204928
0.182966
0.150568
0.186765
0.225542
0.108902
0.119726
0.079268
0.090410
0.139935
0.099398
0.093887
0.065962
0.115312
0.107141
0.109471
0.081667
0.103400
0.068560
0.041698
0.083723
0.044171
0.104882
0.100122
0.131723
0.153372
0.160687
0.134648
0.056760
0.109354
0.119097
0.147351
0.105712
0.139205
0.082603
0.124139
0.097928
0.083728
0.095503
0.081749
0.097828
0.087399
0.052950
0.145782
0.146200
0.152153
0.108165
0.104263
0.098602
0.103705
0.129358
0.112236
0.120678
0.154384
0.132797
0.124556
0.117923
0.129962
0.077520
0.141919
0.091671
0.063969
0.137159
0.081864
0.127788
0.098276
0.140928
0.154986
0.113011
0.068360
0.102734
0.094901
0.070562
0.131655
0.096087
0.140008
0.073199
0.079593
0.104139
0.093164
0.118832
0.084889
0.156314
0.080417
0.072981
0.082685
0.100683
0.061338
0.072191
0.121798
0.126673
0.129785
0.136242
0.096718
0.095310
0.108474
0.098624
0.120550
0.110920
0.066039
0.073190
0.136231
0.104513
0.118415
0.135231
0.066598
0.111197
0.122247
0.121814
0.097406
0.082628
0.118303
0.156250
0.149868
0.136431
0.089632
0.098531
0.085897
0.141839
0.155972
0.197018
0.196123
0.153453
0.180980
0.161349
0.164353
0.236259
0.137633
0.095023
0.140560
0.182057
0.104838
0.102415
0.171846
0.162478
0.172475
0.095743
0.118864
0.159998
0.141024
0.153242
0.136716
0.138465
0.109815
0.152944
0.199012
0.118663
0.196927
0.170113
0.109363
0.223496
0.084316
0.099013
0.117784
0.113904
0.087770
0.114890
0.087274
0.047025
0.098046
0.089774
0.079159
0.091715
0.106796
0.101558
0.115615
0.128753
0.158392
0.082752
0.142865
0.145819
0.081228
0.110259
0.072672
0.088848
0.146478
0.143390
0.124985
0.127082
0.145838
0.103764
0.138049
0.149894
0.072444
0.108198
0.156743
0.174435
0.180105
0.170699
0.131063
0.099139
0.123585
0.174358
0.138944
0.208287
0.203967
0.211096
0.120819
0.111854
0.191195
0.139686
0.132591
0.072963
0.136296
0.085134
0.149533
0.117847
0.108966
0.136293
0.074968
0.074915
0.094413
0.104000
0.074981
0.082459
0.083756
0.079519
0.129519
0.150915
0.096307
0.112677
0.126402
0.177654
0.177699
0.205300
0.196944
0.148991
0.166992
0.116814
0.211239
0.088189
0.141654
0.140975
0.116399
0.126446
0.146883
0.105736
0.105582
0.116630
0.101781
0.090688
0.149739
0.097360
0.141984
0.133598
0.101720
0.120479
0.141634
0.080354
0.066935
0.106000
0.075173
0.072242
0.073931
0.125018
0.113766
0.109593
0.045195
0.114859
0.136109
0.060035
0.142555
0.137590
0.083235
0.073664
0.090070
0.122840
0.130403
0.138376
0.070413
0.100278
0.080690
0.091471
0.115735
0.090147
0.067156
0.124505
0.076730
0.166535
0.154094
0.143232
0.133109
0.097028
0.053593
0.078369
0.105037
0.091749
0.137196
0.140166
0.145369
0.121385
0.121228
0.155988
0.108206
0.110459
0.163544
0.107712
0.161031
0.158341
0.112386
0.151161
0.198026
0.113722
0.114714
0.120124
0.135561
0.074365
0.145646
0.115556
0.089099
0.120143
0.101586
0.172682
0.110141
0.205951
0.134592
0.191317
0.121898
0.099658
0.157396
0.163925
0.088872
0.077879
0.076201
0.133725
0.194047
0.131725
0.095122
0.150014
0.081438
0.096970
0.099909
0.129363
0.171801
0.069155
0.102870
0.124976
0.094780
0.119538
0.060663
0.106543
0.126433
0.181923
0.164227
0.156409
0.127092
0.133748
0.116210
0.119470
0.087473
0.076941
0.099631
0.099367
0.133869
0.072623
0.148890
0.198972
0.140968
0.113549
0.132078
0.160722
0.097566
0.159774
0.087675
0.058380
0.046209
0.077859
0.113497
0.120534
0.102208
0.106700
0.111757
0.141084
0.113562
0.156475
0.182832
0.167914
0.134910
0.115397
0.119851
0.120690
0.133626
0.118955
0.132163
0.224000
0.129978
0.121223
0.115670
0.102099
0.132459
0.098233
0.103548
0.135284
0.104851
0.070333
0.054638
0.052856
0.053612
0.061824
0.084069
0.111489
0.079336
0.075761
0.056120
0.104623
0.077602
0.101485
0.115390
0.134026
0.126972
0.097261
0.098860
0.123465
0.072220
0.135261
0.087342
0.113465
0.084962
0.093282
0.065259
0.108916
0.110075
0.116993
0.074903
0.103442
0.075705
0.081315
0.110877
0.168773
0.081301
0.169732
0.119195
0.082925
0.088384
0.164358
0.200958
0.148207
0.174993
0.167243
0.165653
0.169802
0.146775
0.184813
0.120405
0.166873
0.145028
0.212878
0.151917
0.167971
0.086897
0.115215
0.119635
0.133928
0.150425
0.119259
0.103759
0.141075
0.182414
0.177765
0.144428
0.167743
0.136350
0.150465
0.163534
0.154128
0.143535
0.102409
0.113164
0.130831
0.165823
0.116265
0.131468
0.129427
0.116210
0.149326
0.217070
0.108574
0.134347
0.135712
0.137084
0.168899
0.123082
0.246804
0.102296
0.195599
0.169218
0.177946
0.188742
0.100881
0.146567
0.096401
0.151935
0.197234
0.196653
0.170206
0.232333
0.124379
0.066952
0.123206
0.156229
0.098941
0.164150
0.095612
0.141654
0.157231
0.175289
0.158390
0.146062
0.174197
0.085744
0.087076
0.131041
0.105043
0.087081
0.088399
0.079495
0.076380
0.084907
0.118937
0.099087
0.049030
0.091248
0.077328
0.079582
0.123019
0.117718
0.159037
0.128201
0.157056
0.112766
0.165984
0.099771
0.175741
0.122565
0.171688
0.207566
0.090485
0.084847
0.076024
0.110123
0.109979
0.098279
0.120897
0.129127
0.085343
0.112391
0.204226
0.132171
0.102347
0.114864
0.137346
0.097807
0.110845
0.077736
0.112077
0.072042
0.129593
0.132770
0.110735
0.194309
0.058695
0.095985
0.087570
0.128065
0.116703
0.102955
0.128387
0.094505
0.084090
0.044600
0.108068
0.129931
0.060815
0.119557
0.126587
0.122348
0.117232
0.103217
0.123477
0.114604
0.126278
0.156544
0.115966
0.150746
0.094557
0.111531
0.103559
0.116793
0.088238
0.121706
0.167341
0.123824
0.120501
0.112677
0.115793
0.088101
0.075072
0.076436
0.116974
0.140588
0.133682
0.146453
0.140090
0.115175
0.064430
0.108869
0.179269
0.177148
0.149827
0.075811
0.097966
0.124171
0.082534
0.152451
0.075829
0.059409
0.132164
0.097134
0.160927
0.053567
0.075777
0.149676
0.152146
0.061825
0.060704
0.074566
0.106677
0.120532
0.144713
0.109772
0.067250
0.135212
0.117961
0.108737
0.126410
0.125531
0.104373
0.109268
0.060896
0.075056
0.096879
0.096847
0.130475
0.098239
0.122104
0.097141
0.133943
0.161744
0.144189
0.096295
0.087046
0.074446
0.111074
0.119783
0.110192
0.107625
0.079115
0.117751
0.124666
0.095150
0.082531
0.104825
0.121418
0.085590
0.068440
0.107816
0.102667
0.077734
0.089092
0.114052
0.073839
0.153916
0.177589
0.151335
0.114946
0.072248
0.064006
0.092428
0.093685
0.099977
0.149528
0.054856
0.076850
0.129416
0.098680
0.088897
0.069437
0.141036
0.107526
0.174085
0.126516
0.077951
0.117509
0.091605
0.118596
0.102182
0.090079
0.099451
0.119015
0.120647
0.133758
0.067945
0.129675
0.166591
0.165520
0.151795
0.172729
0.145823
0.129611
0.150517
0.119522
0.070872
0.117999
0.077831
0.093948
0.157837
0.114969
0.153114
0.123368
0.087584
0.096709
0.097039
0.096040
0.155175
0.207602
0.164636
0.165586
0.103076
0.049067
0.068602
0.097119
0.122462
0.149174
0.163294
0.133053
0.092995
0.143074
0.174485
0.169349
0.128940
0.181716
0.134279
0.128686
0.147174
0.103665
0.119177
0.135273
0.122079
0.073253
0.087848
0.166172
0.103569
0.113230
0.147335
0.119560
0.110914
0.136988
0.133084
0.105828
0.064243
0.071579
0.076957
0.116991
0.110600
0.129265
0.085629
0.095268
0.138690
0.158814
0.114949
0.133642
0.108638
0.096945
0.151572
0.134766
0.149339
0.073266
0.143784
0.083483
0.086757
0.091653
0.072059
0.119566
0.135436
0.095189
0.137694
0.113782
0.111220
0.098355
0.068556
0.122796
0.049300
0.176780
0.166891
0.171478
0.143786
0.138618
0.168917
0.059573
0.158246
0.100689
0.082001
0.140402
0.061268
0.095012
0.109143
0.128404
0.115149
0.163201
0.086835
0.154689
0.113663
0.104966
0.080333
0.096090
0.120503
0.110753
0.199855
0.116742
0.125890
0.051101
0.087211
0.084177
0.178889
0.114064
0.123222
0.118739
0.100392
0.090708
0.095092
0.079399
0.092992
0.068765
0.154233
0.106943
0.106924
0.105219
0.155923
0.141144
0.119229
0.149667
0.138941
0.070855
0.134531
0.085355
0.095623
0.121063
0.156188
0.100327
0.089605
0.100412
0.173023
0.142608
0.156838
0.188835
0.115890
0.122358
0.105991
0.117714
0.124277
0.115383
0.075598
0.092510
0.094863
0.102151
0.100814
0.101664
0.131979
0.139808
0.066389
0.100141
0.143522
0.078739
0.097368
0.088480
0.148307
0.103642
0.104512
0.118254
0.161458
0.126576
0.094171
0.076137
0.107530
0.136226
0.095724
0.117032
0.189362
0.172259
0.246420
0.149079
0.164516
0.098308
0.083224
0.130476
0.147849
0.088135
0.102514
0.163562
0.077941
0.149414
0.129374
0.100556
0.151896
0.088648
0.158005
0.078308
0.080037
0.094948
0.076844
0.103234
0.094563
0.076993
0.127856
0.165690
0.230932
0.125201
0.082309
0.137519
0.087345
0.097388
0.113023
0.151167
0.132538
0.093785
0.087940
0.156673
0.094387
0.173967
0.087896
0.041991
0.147239
0.122194
0.072928
0.116949
0.113450
0.152529
0.072846
0.128285
0.086989
0.048491
0.075640
0.156593
0.109139
0.090947
0.102218
0.096967
0.140770
0.120229
0.121273
0.110597
0.164087
0.059208
0.135242
0.155750
0.142611
0.060610
0.129431
0.086533
0.059640
0.118160
0.108387
0.116762
0.117042
0.192888
0.122112
0.101745
0.036846
0.134292
0.141325
0.104455
0.114061
0.152750
0.108582
0.119285
0.151023
0.048426
0.099042
0.101870
0.115924
0.147613
0.117573
0.070257
0.078072
0.080647
0.110039
0.162092
0.105081
0.133405
0.170885
0.120897
0.065655
0.112301
0.117379
0.139603
0.095741
0.094539
0.132491
0.093669
0.137033
0.101504
0.126904
0.097550
0.057782
0.090672
0.079748
0.094079
0.112198
0.153722
0.151111
0.102598
0.090707
0.051085
0.038744
0.117228
0.148589
0.046122
0.100769
0.101864
0.068471
0.111652
0.099775
0.080651
0.129338
0.141616
0.096631
0.160976
0.128853
0.136050
0.122980
0.090135
0.120216
0.164808
0.124910
0.080452
0.181524
0.124923
0.114573
0.132811
0.122189
0.085943
0.116968
0.108449
0.070990
0.121849
0.115087
0.139195
0.169751
0.198664
0.114193
0.221288
0.055218
0.102897
0.103686
0.091770
0.103791
0.053304
0.074945
0.116601
0.170814
0.087165
0.100683
0.079314
0.123970
0.103024
0.056142
0.110151
0.085258
0.090038
0.134352
0.133516
0.130761
0.082956
0.054518
0.127212
0.085385
0.175465
0.151983
0.147547
0.088547
0.104081
0.088409
0.135501
0.060934
0.113769
0.096008
0.149115
0.087401
0.119226
0.107058
0.119550
0.120232
0.142334
0.078389
0.101931
0.110511
0.058001
0.086311
0.104089
0.162766
0.115120
0.097021
0.078746
0.104473
0.070019
0.151824
0.130292
0.138649
0.117973
0.131024
0.140576
0.141299
0.060792
0.105956
0.100486
0.090786
0.131797
0.089713
0.099993
0.103958
0.117451
0.094951
0.118015
0.114669
0.115043
0.087634
0.115826
0.083749
0.067934
0.103218
0.087995
0.122905
0.141661
0.109564
0.102126
0.103669
0.126710
0.134970
0.154394
0.142316
0.130988
0.130491
0.078942
0.123955
0.155177
0.087582
0.079320
0.092101
0.114656
0.104853
0.150185
0.138216
0.129328
0.112250
0.109292
0.109986
0.161668
0.146722
0.143299
0.057534
0.166275
0.085350
0.193145
0.136720
0.098951
0.116034
0.111514
0.156859
0.203468
0.161710
0.169288
0.155491
0.150374
0.130180
0.128986
0.182350
0.146125
0.128872
0.170968
0.159462
0.153547
0.122835
0.165733
0.096635
0.176685
0.188733
0.147878
0.169816
0.176379
0.087943
0.116876
0.087865
0.058295
0.179135
0.162363
0.120544
0.127830
0.075253
0.126477
0.142423
0.080666
0.094573
0.074876
0.130395
0.118636
0.065125
0.172865
0.189532
0.050793
0.158376
0.128845
0.198145
0.179417
0.087619
0.108651
0.099921
0.198249
0.180977
0.104383
0.182967
0.109725
0.146332
0.121104
0.116070
0.138189
0.174120
0.124330
0.142522
0.120402
0.119581
0.168962
0.157968
0.080377
0.128196
0.135991
0.142672
0.093504
0.137194
0.220355
0.153900
0.209523
0.149097
0.104879
0.095170
0.077555
0.093792
0.134986
0.124734
0.099294
0.088781
0.096195
0.101577
0.147377
0.126616
0.088223
0.074643
0.053800
0.131373
0.118776
0.123948
0.135899
0.137183
0.184249
0.176318
0.131007
0.141193
0.118167
0.091158
0.096829
0.115494
0.118977
0.134183
0.142632
0.074263
0.077674
0.118279
0.107099
0.057203
0.112220
0.140875
0.075593
0.066555
0.116459
0.050776
0.078716
0.101555
0.093192
0.067229
0.100595
0.123020
0.103187
0.106825
0.094842
0.101829
0.132730
0.120439
0.227969
0.142163
0.214988
0.192940
0.155613
0.126302
0.153108
0.239121
0.110237
0.134874
0.174161
0.077324
0.095793
0.080753
0.092232
0.153438
0.127464
0.116189
0.119597
0.121831
0.123481
0.158209
0.121967
0.148712
0.153517
0.146789
0.097580
0.149212
0.108052
0.114439
0.075583
0.076022
0.087953
0.088723
0.104640
0.159920
0.119757
0.126493
0.087682
0.126002
0.123482
0.110552
0.124040
0.120356
0.112538
0.141794
0.127271
0.084662
0.162155
0.151250
0.149366
0.123997
0.077170
0.071381
0.067374
0.099727
0.083653
0.119953
0.116149
0.140674
0.119790
0.081810
0.130642
0.115295
0.057178
0.092457
0.154720
0.182181
0.174364
0.101156
0.137819
0.153825
0.104769
0.116221
0.057923
0.085408
0.100899
0.082891
0.089202
0.091395
0.130243
0.180248
0.210965
0.153430
0.087265
0.167081
0.154432
0.099494
0.112710
0.180206
0.114053
0.123496
0.090928
0.156402
0.188640
0.140401
0.105963
0.202137
0.193738
0.119684
0.176383
0.111264
0.132920
0.091263
0.124841
0.150152
0.153130
0.113650
0.135756
0.187221
0.096568
0.119545
0.118656
0.129274
0.052575
0.076854
0.078326
0.073244
0.167373
0.125460
0.188572
0.155014
0.163587
0.097277
0.111356
0.092539
0.135637
0.178850
0.102941
0.112486
0.190886
0.133739
0.129970
0.123041
0.087175
0.216045
0.152834
0.135030
0.125394
0.097238
0.176258
0.150053
0.178217
0.158682
0.173170
0.158511
0.107230
0.147335
0.236864
0.264475
0.210298
0.079681
0.149473
0.100854
0.079566
0.082278
0.125772
0.118104
0.112393
0.073461
0.112303
0.068041
0.110010
0.096450
0.080215
0.081096
0.091646
0.097582
0.130996
0.075241
0.113954
0.090619
0.117446
0.139315
0.118318
0.069191
0.128459
0.127548
0.139696
0.092888
0.057634
0.109622
0.051200
0.073219
0.085924
0.123329
0.095852
0.105940
0.133230
0.108758
0.112383
0.060797
0.049837
0.066099
0.094972
0.119261
0.128960
0.132934
0.243715
0.146446
0.107312
0.131116
0.185040
0.284287
0.157262
0.085159
0.177661
0.113191
0.104754
0.109485
0.063668
0.111218
0.074335
0.108698
0.087882
0.135944
0.153154
0.087538
0.101727
0.167977
0.131728
0.095285
0.099574
0.112820
0.071486
0.097748
0.155796
0.129860
0.136851
0.091158
0.077517
0.090715
0.079155
0.143277
0.144039
0.135592
0.069703
0.131425
0.048620
0.124990
0.074361
0.115526
0.068209
0.121302
0.140138
0.119137
0.077305
0.067587
0.067420
0.057248
0.077919
0.063754
0.087364
0.117963
0.070399
0.083549
0.112414
0.115276
0.063193
0.117811
0.142266
0.092378
0.115361
0.071603
0.125235
0.116080
0.065850
0.127998
0.101053
0.081479
0.092510
0.104919
0.069007
0.080621
0.103890
0.122295
0.133147
0.081726
0.159708
0.131798
0.122967
0.139354
0.107724
0.147913
0.121118
0.125332
0.110212
0.061801
0.095859
0.138230
0.119068
0.151290
0.120354
0.162734
0.132945
0.066157
0.138648
0.176446
0.136717
0.129706
0.120708
0.140477
0.069929
0.152427
0.101260
0.080112
0.097459
0.100747
0.129584
0.054485
0.107262
0.084918
0.081973
0.116182
0.171433
0.075714
0.191630
0.158697
0.115391
0.128083
0.127605
0.128623
0.079489
0.161690
0.144884
0.151716
0.173759
0.086315
0.091472
0.116929
0.126221
0.094951
0.084207
0.097906
0.066901
0.069428
0.155754
0.109346
0.097404
0.123844
0.147587
0.111486
0.136977
0.158696
0.232260
0.122689
0.112376
0.083524
0.097696
0.094022
0.104659
0.142673
0.115602
0.097835
0.092541
0.128353
0.108803
0.208460
0.140660
0.150463
0.176891
0.149087
0.199212
0.289971
0.108835
0.139511
0.139188
0.231622
0.248137
0.234078
0.239925
0.176760
0.160201
0.165256
0.196661
0.230310
0.204900
0.121110
0.168826
0.088447
0.174436
0.206716
0.145813
0.237213
0.212833
0.180673
0.190670
0.160576
0.172540
0.175145
0.166955
0.233752
0.276246
0.273165
0.114602
0.273490
0.121217
0.139774
0.212912
0.253137
0.167267
0.183438
0.224745
0.119700
0.160891
0.199117
0.185159
0.159736
0.146291
0.141273
0.209959
0.212757
0.206689
0.148754
0.220338
0.149095
0.164488
0.155075
0.093218
0.210666
0.193213
0.131677
0.182302
0.141100
0.138418
0.081960
0.164165
0.167258
0.145802
0.185338
0.154948
0.150768
0.122018
0.144715
0.131068
0.094182
0.059830
0.098216
0.111929
0.072235
0.038442
0.059602
0.057781
0.075494
0.102597
0.086898
0.100724
0.052901
0.088005
0.077931
0.091567
0.058021
0.083325
0.045680
0.081140
0.089500
0.067273
0.084936
0.113287
0.087353
0.078294
0.047072
0.090072
0.058195
0.061649
0.123357
0.079610
0.074462
0.061650
0.073758
0.100644
0.125153
0.086605
0.049789
0.084947
0.055286
0.042105
0.056463
0.082586
0.087206
0.050827
0.071675
0.095628
0.081328
0.060054
0.057180
0.068935
0.046332
0.087155
0.085122
0.051324
0.053148
0.072878
0.067751
0.069930
0.049427
0.084869
0.067110
0.081712
0.099524
0.103436
0.076815
0.058963
0.098548
0.069335
0.056967
0.084360
0.070544
0.107883
0.084650
0.052826
0.133547
0.230254
0.140336
0.080348
0.136205
0.133406
0.120370
0.191300
0.187960
0.150021
0.220354
0.201312
0.199164
0.099656
0.054347
0.101086
0.195271
0.114859
0.082352
0.128864
0.054135
0.073248
0.100672
0.119797
0.069654
0.122890
0.094715
0.087239
0.054838
0.109091
0.142210
0.145894
0.103059
0.148759
0.099508
0.104998
0.080202
0.157648
0.188646
0.069292
0.101723
0.105629
0.076728
0.075321
0.056630
0.122044
0.085321
0.097729
0.155285
0.126933
0.164135
0.132405
0.099072
0.191213
0.127545
0.137835
0.109389
0.108047
0.150083
0.124421
0.094818
0.102644
0.070598
0.094315
0.126859
0.095050
0.073487
0.100919
0.074155
0.071883
0.105119
0.097948
0.112081
0.083456
0.151243
0.102621
0.065870
0.114714
0.087615
0.099995
0.170472
0.077502
0.159701
0.094581
0.094825
0.165511
0.143360
0.178596
0.126227
0.125145
0.070978
0.111648
0.088396
0.095201
0.086134
0.100825
0.105379
0.083588
0.099376
0.080575
0.091162
0.060653
0.110345
0.121776
0.095905
0.138096
0.103398
0.079022
0.141646
0.107557
0.149270
0.100581
0.105657
0.097587
0.120904
0.098961
0.113749
0.156905
0.136977
0.078118
0.073040
0.105961
0.061916
0.128238
0.164419
0.103088
0.127288
0.263952
0.232195
0.106814
0.152063
0.139836
0.108398
0.071263
0.069714
0.148044
0.126379
0.078178
0.064202
0.146600
0.074567
0.130487
0.160457
0.156601
0.109541
0.138102
0.083436
0.109282
0.072206
0.097298
0.082804
0.035164
0.099746
0.142779
0.118554
0.134234
0.078898
0.139123
0.212025
0.149223
0.106572
0.041146
0.155802
0.091135
0.141504
0.099038
0.121060
0.093024
0.043745
0.139793
0.088356
0.129499
0.104924
0.124769
0.091341
0.111420
0.134728
0.111966
0.066702
0.131114
0.114932
0.118790
0.109599
0.075563
0.140748
0.041048
0.104330
0.089472
0.092073
0.123212
0.080359
0.078929
0.123500
0.086108
0.143817
0.056188
0.099593
0.132761
0.122366
0.131797
0.154680
0.054709
0.071464
0.113904
0.138136
0.076091
0.063027
0.118285
0.135938
0.056997
0.084203
0.094899
0.184863
0.073004
0.118006
0.060424
0.113310
0.143493
0.099610
0.092576
0.183391
0.110620
0.122246
0.097699
0.116230
0.162462
0.095466
0.098877
0.157207
0.069925
0.094401
0.117587
0.084656
0.106398
0.089499
0.105475
0.115601
0.143352
0.105755
0.111224
0.094951
0.090645
0.140855
0.114018
0.116124
0.075809
0.093779
0.090077
0.120521
0.090617
0.082062
0.125424
0.118860
0.117697
0.161928
0.158870
0.131784
0.135019
0.125217
0.141261
0.153554
0.105308
0.178821
0.075765
0.090264
0.075327
0.077122
0.116054
0.061878
0.105216
0.106459
0.072101
0.145513
0.089576
0.173620
0.189763
0.206829
0.204753
0.140986
0.157062
0.141283
0.098298
0.129850
0.162236
0.086796
0.069912
0.114086
0.118554
0.152280
0.108562
0.110988
0.068065
0.140232
0.077738
0.157434
0.117883
0.131260
0.137455
0.098531
0.115824
0.113573
0.080633
0.182168
0.137938
0.121730
0.124497
0.123441
0.176597
0.086440
0.155839
0.109021
0.100635
0.152673
0.123165
0.152842
0.134571
0.148784
0.122781
0.126411
0.096173
0.065634
0.130213
0.126047
0.145760
0.138450
0.092550
0.103940
0.145609
0.139453
0.187947
0.075324
0.115219
0.123252
0.097465
0.127832
0.146609
0.054322
0.106694
0.170759
0.096219
0.180268
0.154186
0.150493
0.111006
0.152018
0.082056
0.125721
0.162464
0.147572
0.091322
0.121110
0.080556
0.061001
0.148629
0.119927
0.112797
0.067940
0.125615
0.116751
0.048836
0.143959
0.165524
0.091025
0.181107
0.101613
0.093124
0.114042
0.116946
0.157215
0.059527
0.128328
0.098548
0.096188
0.102842
0.146693
0.150321
0.138186
0.128414
0.094417
0.098252
0.139922
0.092735
0.104083
0.087709
0.139073
0.143969
0.090565
0.134645
0.098240
0.090580
0.077683
0.076722
0.110983
0.106696
0.083789
0.122164
0.106796
0.102685
0.113095
0.108732
0.131371
0.076788
0.082053
0.107217
0.078058
0.114787
0.083277
0.101839
0.136747
0.092564
0.096137
0.115343
0.104342
0.140028
0.120695
0.085682
0.106269
0.142229
0.061166
0.140162
0.093015
0.116222
0.158036
0.105578
0.104663
0.104834
0.143444
0.106311
0.102097
0.085063
0.150988
0.128083
0.133990
0.099812
0.088787
0.130401
0.135385
0.085791
0.137729
0.166085
0.125081
0.136642
0.040724
0.115896
0.156601
0.134833
0.191109
0.124756
0.122581
0.146343
0.111608
0.099204
0.108674
0.105734
0.103213
0.077719
0.111392
0.162739
0.127666
0.087251
0.064368
0.151023
0.150903
0.132180
0.140881
0.084838
0.190135
0.154171
0.110354
0.080513
0.116246
0.117085
0.063435
0.107686
0.148575
0.124516
0.102975
0.079848
0.070070
0.131650
0.096552
0.146433
0.189352
0.133979
0.152122
0.109561
0.128017
0.102988
0.157994
0.133655
0.135634
0.099573
0.102226
0.096383
0.069891
0.075657
0.136986
0.062162
0.047071
0.057988
0.103533
0.112709
0.114336
0.081442
0.044248
0.111905
0.103147
0.051311
0.084439
0.129740
0.114830
0.113605
0.171146
0.138627
0.125052
0.127338
0.122113
0.099503
0.122128
0.094506
0.075990
0.097288
0.067766
0.100847
0.116408
0.127822
0.130912
0.174111
0.138828
0.105394
0.121764
0.110540
0.068050
0.127136
0.093260
0.126029
0.089660
0.131688
0.112030
0.089028
0.079425
0.125507
0.172109
0.123382
0.110203
0.090760
0.089442
0.179657
0.143629
0.133347
0.100101
0.102040
0.090421
0.108882
0.084097
0.113316
0.055826
0.114469
0.096939
0.132488
0.146741
0.103677
0.116868
0.086813
0.144422
0.124432
0.096006
0.120751
0.110814
0.220387
0.103039
0.130669
0.148812
0.112195
0.161016
0.152792
0.126121
0.131470
0.103306
0.170807
0.097564
0.091961
0.104186
0.077963
0.097443
0.136497
0.151322
0.049377
0.191846
0.134720
0.133571
0.118620
0.099639
0.093868
0.092912
0.100934
0.123302
0.150672
0.084192
0.183480
0.105594
0.118000
0.161995
0.126644
0.104377
0.109229
0.094102
0.064561
0.119450
0.118155
0.132950
0.163330
0.124526
0.103408
0.090631
0.096660
0.133457
0.091097
0.091927
0.099634
0.111833
0.162262
0.038065
0.134801
0.110066
0.112973
0.116917
0.075792
0.118418
0.062438
0.088941
0.137213
0.134918
0.142764
0.136861
0.183358
0.158674
0.166663
0.121619
0.097483
0.196722
0.108473
0.160928
0.178943
0.161185
0.125663
0.137819
0.099679
0.122036
0.125636
0.154891
0.101710
0.141481
0.125448
0.193238
0.096845
0.161947
0.103262
0.126880
0.089964
0.110862
0.153023
0.269575
0.088238
0.119653
0.148951
0.146263
0.184945
0.132915
0.114665
0.062697
0.085651
0.114879
0.123307
0.096406
0.121994
0.139556
0.163273
0.128350
0.141330
0.170330
0.129869
0.121413
0.110944
0.166617
0.115035
0.149794
0.113529
0.143437
0.193795
0.136362
0.163694
0.116843
0.140056
0.098292
0.172453
0.095756
0.172185
0.161786
0.152053
0.160613
0.155354
0.263551
0.125491
0.123846
0.108090
0.101502
0.116223
0.117259
0.098613
0.107427
0.117371
0.047396
0.076618
0.111181
0.041584
0.143021
0.063086
0.076750
0.136941
0.056294
0.101579
0.135979
0.160856
0.175918
0.146757
0.224011
0.152379
0.136424
0.194809
0.130897
0.120777
0.220361
0.150661
0.127376
0.113288
0.145101
0.081047
0.193010
0.167205
0.202359
0.244974
0.138876
0.130798
0.156926
0.122476
0.219852
0.149158
0.143283
0.086523
0.136252
0.169448
0.144111
0.126277
0.160883
0.139993
0.169221
0.109200
0.084261
0.083110
0.156512
0.141253
0.119397
0.136505
0.121419
0.175421
0.165156
0.175842
0.194665
0.217923
0.129938
0.206430
0.129913
0.133530
0.137746
0.156158
0.134944
0.070365
0.084981
0.085279
0.121377
0.108584
0.084459
0.053480
0.135638
0.062158
0.136585
0.109180
0.130850
0.155841
0.119353
0.053239
0.105135
0.116071
0.162851
0.173780
0.050133
0.103269
0.128402
0.113679
0.085416
0.172637
0.091582
0.102726
0.164459
0.188180
0.125381
0.115985
0.061849
0.098212
0.061053
0.054596
0.055240
0.046923
0.105580
0.142881
0.122533
0.189552
0.226765
0.184887
0.113032
0.186351
0.117240
0.135246
0.136191
0.125681
0.141614
0.144924
0.081866
0.182132
0.194982
0.133416
0.115207
0.107587
0.109404
0.113542
0.103740
0.102540
0.116681
0.110622
0.118163
0.134747
0.099440
0.120384
0.104995
0.162593
0.111444
0.149185
0.110801
0.071291
0.156238
0.129936
0.126097
0.149179
0.133759
0.137434
0.135368
0.131545
0.141943
0.071269
0.137482
0.134561
0.088391
0.104562
0.095634
0.111324
0.165190
0.110023
0.087572
0.081940
0.124343
0.149741
0.084398
0.107746
0.090049
0.144922
0.150192
0.124556
0.117148
0.118691
0.132017
0.160598
0.079705
0.120295
0.114376
0.127398
0.125327
0.061681
0.096601
0.194013
0.110687
0.117143
0.087492
0.151054
0.114618
0.079557
0.077639
0.072861
0.137939
0.132842
0.053149
0.093800
0.111776
0.059470
0.062836
0.106996
0.101604
0.069962
0.068292
0.096441
0.136363
0.123470
0.167571
0.136131
0.129078
0.088389
0.150472
0.065835
0.156603
0.110087
0.141106
0.138196
0.109572
0.158271
0.119530
0.072773
0.117941
0.100786
0.132779
0.096283
0.064731
0.065693
0.143767
0.105224
0.105418
0.084003
0.127093
0.106013
0.094523
0.131781
0.149265
0.091966
0.127857
0.097108
0.048153
0.133688
0.071935
0.128059
0.166879
0.042117
0.106348
0.094563
0.098689
0.125839
0.120657
0.168334
0.112581
0.085655
0.069609
0.075807
0.097926
0.123964
0.077048
0.128903
0.087913
0.111404
0.063492
0.131189
0.115729
0.120341
0.172854
0.179969
0.090940
0.120608
0.175575
0.142307
0.156046
0.107680
0.101596
0.140967
0.139859
0.199970
0.149746
0.180042
0.135878
0.085313
0.100601
0.139009
0.120145
0.109243
0.076848
0.110875
0.104859
0.111372
0.137699
0.111916
0.154095
0.171319
0.129025
0.135497
0.106220
0.059519
0.088181
0.107221
0.108749
0.138681
0.149519
0.158294
0.130495
0.078703
0.119903
0.120693
0.228900
0.101399
0.130095
0.074393
0.168710
0.220652
0.132039
0.146506
0.109659
0.071874
0.087411
0.102473
0.113279
0.078804
0.105560
0.089481
0.130823
0.078875
0.085800
0.081990
0.075732
0.127610
0.110723
0.102684
0.107032
0.082601
0.087017
0.080971
0.146723
0.107750
0.117386
0.089538
0.103302
0.120870
0.126524
0.111178
0.107883
0.115792
0.149527
0.100831
0.102334
0.154387
0.222754
0.117489
0.127390
0.158087
0.113590
0.132429
0.148482
0.134906
0.131367
0.121765
0.134356
0.089430
0.078109
0.133029
0.155375
0.179860
0.165064
0.120335
0.142578
0.121250
0.183194
0.121192
0.144405
0.157835
0.107358
0.156893
0.103241
0.130848
0.151763
0.189617
0.131783
0.152853
0.129297
0.105891
0.108263
0.122550
0.074903
0.067574
0.122870
0.147427
0.191902
0.178705
0.197734
0.146042
0.096198
0.145403
0.131070
0.134502
0.154005
0.127738
0.175931
0.100474
0.125392
0.170279
0.116920
0.116113
0.164798
0.125715
0.044137
0.150151
0.223599
0.128933
0.218220
0.105259
0.140005
0.131600
0.099828
0.207191
0.171700
0.116153
0.110072
0.125078
0.242576
0.197763
0.186230
0.163356
0.173251
0.214712
0.171622
0.107598
0.141335
0.049613
0.091433
0.156598
0.068588
0.103885
0.174181
0.114821
0.081945
0.070861
0.115534
0.049119
0.112554
0.109621
0.144844
0.105571
0.143615
0.139667
0.161288
0.138104
0.121345
0.121677
0.144626
0.136123
0.144499
0.173772
0.157564
0.147612
0.132624
0.170211
0.157152
0.120962
0.192681
0.162174
0.111769
0.231107
0.098802
0.196177
0.125687
0.124700
0.066804
0.075506
0.138066
0.134129
0.221306
0.215796
0.136124
0.170081
0.136321
0.282797
0.252302
0.161244
0.148180
0.143302
0.089355
0.181549
0.110298
0.123189
0.172622
0.188486
0.169662
0.152210
0.122676
0.068846
0.120498
0.164962
0.143153
0.093457
0.190563
0.128608
0.146374
0.139038
0.194248
0.122156
0.185898
0.043359
0.149024
0.122418
0.123514
0.090871
0.125484
0.093303
0.103238
0.105644
0.134032
0.134660
0.141329
0.100885
0.120027
0.120630
0.216890
0.195263
0.177193
0.130555
0.137550
0.164078
0.129977
0.142913
0.156261
0.104660
0.168724
0.112049
0.062268
0.088990
0.068397
0.129351
0.170935
0.114415
0.119553
0.076498
0.133235
0.095100
0.064810
0.079844
0.086441
0.116425
0.059297
0.210363
0.175411
0.169782
0.175380
0.143133
0.104039
0.101367
0.105744
0.125324
0.106951
0.128144
0.139117
0.079239
0.055812
0.115419
0.144273
0.088058
0.126112
0.116136
0.099584
0.084823
0.170238
0.147657
0.169428
0.093662
0.077705
0.101422
0.198719
0.151341
0.120023
0.098494
0.103430
0.102258
0.111528
0.160445
0.108009
0.080666
0.088915
0.108254
0.162137
0.079520
0.126171
0.106511
0.130853
0.075523
0.142308
0.163346
0.081992
0.097921
0.084489
0.082259
0.128879
0.136770
0.171065
0.097236
0.050284
0.100162
0.179965
0.176482
0.153830
0.104954
0.119465
0.096465
0.114532
0.103944
0.102784
0.113500
0.146130
0.179706
0.125315
0.068236
0.121330
0.126607
0.139585
0.064362
0.077697
0.112102
0.068267
0.099716
0.079969
0.089134
0.101531
0.129377
0.155624
0.100743
0.158039
0.132767
0.112019
0.086768
0.095678
0.145452
0.151947
0.107150
0.116599
0.167483
0.108637
0.065623
0.114678
0.130249
0.137952
0.117312
0.170724
0.158247
0.150521
0.123457
0.107453
0.157168
0.111479
0.060542
0.062143
0.118434
0.127331
0.117105
0.123978
0.171567
0.133654
0.100002
0.184112
0.123844
0.094378
0.148616
0.148974
0.155770
0.167835
0.133152
0.082548
0.091194
0.075487
0.090715
0.109134
0.131298
0.107437
0.160376
0.139209
0.120144
0.067682
0.082005
0.132361
0.129623
0.123449
0.086460
0.115109
0.105661
0.070115
0.138214
0.153415
0.175728
0.251425
0.074316
0.104011
0.126762
0.100239
0.069010
0.195154
0.135784
0.111022
0.187238
0.173947
0.174991
0.109409
0.084771
0.093173
0.076276
0.212813
0.144000
0.153169
0.164551
0.171465
0.221752
0.095131
0.115832
0.127388
0.122217
0.100561
0.152510
0.132027
0.082401
0.157157
0.135479
0.141808
0.135841
0.161358
0.118777
0.150412
0.123073
0.121169
0.161525
0.159814
0.140604
0.160879
0.149576
0.143482
0.135303
0.127920
0.183173
0.177827
0.176418
0.146976
0.094829
0.118055
0.106740
0.149526
0.107061
0.162427
0.146757
0.164564
0.118879
0.179746
0.131074
0.158346
0.187582
0.130005
0.085004
0.093933
0.159924
0.090801
0.068225
0.120897
0.122416
0.185552
0.102723
0.069470
0.123772
0.119932
0.103377
0.085057
0.062373
0.104415
0.104317
0.083660
0.067996
0.093173
0.101563
0.086575
0.116699
0.102773
0.142035
0.090244
0.151000
0.118493
0.082387
0.111455
0.107328
0.091634
0.163313
0.110919
0.142346
0.091367
0.106524
0.115017
0.141925
0.055683
0.091280
0.088053
0.133399
0.174619
0.140441
0.118587
0.139707
0.123797
0.119422
0.132750
0.099149
0.106688
0.072085
0.109751
0.138149
0.208271
0.143190
0.114895
0.159090
0.124822
0.190753
0.149393
0.127529
0.210621
0.137493
0.121352
0.130341
0.110277
0.128396
0.138249
0.154478
0.123505
0.069537
0.072077
0.130270
0.099881
0.092730
0.099140
0.114464
0.113513
0.128111
0.098763
0.077265
0.136366
0.085637
0.091623
0.091436
0.144369
0.128572
0.151725
0.162020
0.150175
0.084923
0.153666
0.214536
0.143839
0.129187
0.203552
0.154640
0.105093
0.067491
0.117460
0.092973
0.098286
0.107760
0.086534
0.150235
0.137115
0.115674
0.110860
0.139468
0.188415
0.122319
0.177483
0.136791
0.145442
0.109926
0.116663
0.153554
0.116957
0.070332
0.095403
0.119716
0.100754
0.124197
0.170256
0.124869
0.091288
0.136373
0.089175
0.074280
0.166428
0.137174
0.132289
0.085274
0.098808
0.118989
0.128796
0.172547
0.144552
0.094852
0.194495
0.063943
0.103321
0.059982
0.082852
0.091512
0.128862
0.120993
0.080259
0.099819
0.067816
0.070337
0.089758
0.130843
0.053910
0.084953
0.110633
0.108364
0.116439
0.111617
0.084573
0.120782
0.065405
0.139071
0.119803
0.092819
0.113793
0.090875
0.081192
0.114126
0.090262
0.134658
0.100212
0.100481
0.118905
0.122231
0.094458
0.113261
0.132442
0.126607
0.091554
0.106030
0.125489
0.097255
0.148906
0.123945
0.123483
0.105136
0.108023
0.088752
0.090704
0.113940
0.103813
0.086742
0.182681
0.100189
0.105548
0.143011
0.137545
0.080399
0.120979
0.127515
0.114328
0.098360
0.097999
0.129857
0.068151
0.108542
0.127214
0.151882
0.074961
0.081591
0.102842
0.152017
0.179943
0.098822
0.095074
0.147420
0.132435
0.090861
0.116758
0.189931
0.152496
0.075690
0.093750
0.075566
0.126082
0.096952
0.119159
0.119370
0.107085
0.102620
0.092806
0.086994
0.114481
0.142267
0.254600
0.188750
0.162930
0.143886
0.146224
0.133312
0.162628
0.155214
0.143340
0.160456
0.117581
0.155596
0.177133
0.155993
0.169712
0.156402
0.182967
0.157416
0.151834
0.176924
0.207171
0.147874
0.126454
0.098159
0.104778
0.102454
0.116918
0.159734
0.173428
0.140018
0.151920
0.166969
0.154641
0.090324
0.196858
0.043390
0.080739
0.165939
0.071795
0.051691
0.098741
0.104595
0.111488
0.124217
0.164878
0.147275
0.135417
0.116445
0.118785
0.133642
0.146695
0.141138
0.182059
0.143500
0.121646
0.160688
0.193137
0.155825
0.114851
0.160086
0.128618
0.124883
0.161992
0.139057
0.102419
0.065730
0.072901
0.119932
0.082712
0.100093
0.146614
0.164804
0.137681
0.109301
0.087412
0.179838
0.116895
0.092104
0.131062
0.125178
0.057898
0.047073
0.067653
0.061800
0.063063
0.063676
0.060395
0.108853
0.091853
0.120374
0.103151
0.168780
0.110122
0.077478
0.068895
0.087434
0.112281
0.168373
0.139069
0.115254
0.061665
0.042882
0.084480
0.063725
0.101247
0.139253
0.183801
0.132544
0.126031
0.127892
0.073088
