777	317	203	105
774	316	199	105
772	315	199	103
768	317	198	102
769	316	197	102
765	316	198	101
760	316	197	100
755	316	197	99
750	315	194	98
746	315	196	97
746	315	196	97
740	315	196	96
736	316	194	95
731	314	196	95
725	313	194	95
720	312	191	95
721	312	190	95
715	311	192	95
710	311	192	94
705	311	193	94
699	311	192	92
694	310	192	92
695	309	191	93
690	309	191	93
685	309	190	92
680	308	192	92
675	307	191	92
670	306	191	92
670	306	190	93
665	304	191	93
660	305	191	91
657	306	190	91
651	305	191	90
646	304	191	91
647	303	190	92
643	303	190	91
639	304	190	90
634	304	192	90
630	304	191	90
627	304	189	90
627	303	189	90
622	304	190	88
619	305	188	88
614	303	189	89
611	304	189	88
608	304	188	87
607	305	190	86
603	305	189	86
600	306	189	85
596	306	191	84
592	306	191	83
589	306	191	83
590	307	190	82
587	306	190	83
584	306	189	83
580	307	189	83
577	306	188	83
573	307	187	84
573	306	188	83
568	306	188	84
564	308	190	83
560	307	189	84
557	306	187	83
553	307	188	83
551	308	189	83
549	307	187	83
545	308	188	83
541	308	189	84
537	309	188	83
533	309	189	83
535	308	187	84
529	309	190	84
529	310	186	82
526	309	187	85
526	311	184	86
515	313	187	86
394	341	216	97
409	343	217	97
426	339	220	103
440	344	220	99
456	341	221	106
470	341	233	107
470	342	231	107
486	334	233	115
500	338	225	114
519	350	222	106
535	355	222	100
552	356	225	102
554	354	225	105
571	357	224	104
590	357	224	107
607	357	226	110
624	358	230	111
643	360	230	112
642	360	232	111
660	363	233	111
679	360	237	118
697	362	237	119
715	366	241	118
734	370	242	119
734	370	244	118
753	369	248	123
773	371	248	126
795	374	250	127
816	378	254	127
837	380	261	130
836	380	261	131
859	385	261	130
879	388	268	132
904	391	274	136
927	394	275	139
952	396	283	143
951	396	281	144
974	400	290	147
1002	401	276	154
1027	405	252	156
1054	410	225	157
1079	411	198	154
1083	415	194	150
1111	421	165	138
1141	437	136	130
1176	444	101	126
1215	456	64	121
1250	467	29	90
1250	467	28	95
1253	464	26	117
1204	407	75	77
999	287	274	238
494	338	161	100
435	340	222	99
433	338	223	101
437	340	225	99
442	341	224	100
446	341	225	101
451	344	227	102
459	346	224	101
458	347	225	101
466	347	225	101
472	348	226	103
479	350	225	103
481	352	231	103
487	354	230	103
484	353	235	104
497	354	228	105
500	356	233	105
507	356	234	107
516	359	233	108
524	358	236	109
523	358	237	110
535	359	236	109
543	358	241	111
555	357	238	113
564	356	240	115
576	354	242	117
575	355	244	117
587	352	243	119
600	350	243	120
612	348	247	121
626	347	248	122
641	344	249	123
638	345	252	123
656	342	251	126
670	341	253	127
684	338	255	130
698	338	258	130
712	336	259	131
713	338	259	131
728	336	262	133
744	334	264	135
759	334	266	137
774	335	269	137
787	337	272	138
789	336	273	139
799	335	275	141
810	336	277	142
816	337	282	143
823	338	281	145
828	338	284	144
828	338	284	145
834	339	285	145
837	340	286	144
833	337	286	147
827	337	286	144
823	338	283	143
824	337	283	144
816	337	283	143
812	334	283	143
807	334	278	143
798	333	280	142
791	333	278	140
790	333	279	141
786	330	275	140
778	330	276	140
773	328	276	139
768	326	274	139
764	325	274	138
763	325	273	138
760	326	274	137
759	325	273	137
761	325	274	136
764	325	272	136
768	325	273	137
767	325	274	137
772	326	273	136
773	326	273	136
776	324	273	138
776	326	275	135
780	328	273	135
779	327	274	135
782	327	273	136
783	328	275	135
787	328	273	135
789	327	272	136
791	328	272	135
789	329	274	134
790	329	272	135
786	330	277	133
789	330	273	132
786	330	273	132
785	330	272	131
782	332	275	129
782	330	271	130
778	330	272	129
775	328	270	130
769	330	274	126
770	333	269	124
769	329	270	127
755	330	282	126
752	328	282	128
757	328	277	128
748	328	283	128
734	328	296	128
761	326	268	129
752	331	275	124
740	331	282	125
681	331	343	124
748	331	269	126
736	332	280	125
725	334	291	123
720	333	295	124
707	335	308	123
742	334	267	126
719	332	289	128
661	332	349	129
737	330	270	131
725	333	280	128
730	333	274	129
729	334	272	129
723	335	277	128
722	337	278	126
716	338	282	125
724	334	272	129
723	338	271	126
720	338	273	126
718	337	271	127
715	338	272	125
714	339	275	124
711	337	274	127
707	339	276	124
696	337	284	127
704	338	271	125
699	338	274	125
699	339	273	124
691	340	278	121
687	341	274	123
677	339	276	124
661	339	283	124
663	337	275	126
662	335	274	128
655	334	273	130
648	338	270	127
637	337	274	128
631	337	271	128
622	337	272	129
621	335	272	130
613	335	273	131
607	336	271	131
599	337	273	131
592	334	274	134
589	335	273	131
590	334	272	133
584	336	276	132
582	334	274	133
581	334	273	133
575	334	274	133
573	334	274	133
575	334	272	132
570	334	274	131
566	333	277	133
564	333	279	132
568	334	274	132
565	333	275	132
567	333	274	132
565	333	277	132
563	333	277	132
566	333	275	132
560	334	278	131
559	334	278	133
559	334	277	132
556	335	279	133
554	334	280	133
551	335	280	134
550	336	280	133
548	335	280	134
548	337	281	133
547	336	280	135
546	336	282	136
545	337	282	136
543	338	283	136
543	338	284	137
543	339	284	136
541	341	284	136
540	340	285	136
537	341	285	137
536	341	286	138
535	343	288	137
535	341	288	138
534	342	289	139
534	345	287	137
532	345	289	139
533	346	289	137
531	348	290	137
533	350	289	135
531	351	292	135
530	347	292	139
529	348	295	140
530	349	295	139
528	350	296	140
528	345	296	144
529	347	296	144
529	352	296	141
527	352	298	143
525	352	299	143
525	355	299	142
525	352	299	144
522	354	302	144
521	355	302	143
520	356	303	143
520	356	305	144
516	355	309	145
518	356	308	145
516	355	307	146
517	357	307	145
513	354	310	146
515	355	310	147
513	355	310	147
514	355	310	148
512	354	312	148
513	356	312	147
510	355	315	149
511	354	315	150
510	353	316	152
511	351	317	154
508	353	318	152
508	349	319	155
507	348	321	155
505	348	323	155
502	348	325	157
504	346	325	158
501	348	326	156
498	344	329	161
498	343	331	160
496	343	332	163
493	343	335	162
493	344	335	162
491	345	339	162
490	343	338	165
486	341	342	167
485	341	342	168
485	340	344	168
484	341	343	169
478	341	348	168
478	340	349	171
474	339	352	174
473	340	353	175
469	338	357	176
472	337	354	178
466	337	359	175
463	335	360	180
460	334	363	181
457	331	366	184
454	330	367	186
455	330	369	185
450	330	370	188
448	328	373	189
444	329	375	189
442	329	375	192
436	326	380	196
438	327	380	194
435	327	383	196
433	324	384	199
430	324	385	201
427	321	388	207
425	322	392	209
424	322	392	207
423	322	393	212
419	321	397	215
416	323	398	216
416	324	396	218
414	326	399	218
415	324	400	221
409	328	406	219
412	331	403	220
407	331	409	227
408	334	411	227
407	336	410	232
404	336	413	233
401	338	418	233
401	339	420	233
401	342	418	236
401	343	420	237
398	343	426	243
395	343	429	243
390	344	432	247
391	344	431	248
386	344	434	252
385	344	443	256
383	346	437	252
383	343	434	260
379	344	435	258
382	344	431	262
373	342	437	266
372	340	437	272
376	340	432	267
374	339	434	267
372	338	435	270
370	336	437	273
370	335	439	274
366	334	441	273
366	328	438	282
368	328	437	283
369	327	433	278
370	321	432	284
373	321	429	284
375	319	420	285
374	316	418	287
372	316	420	286
375	312	418	288
371	312	420	288
378	306	410	291
379	306	407	288
381	303	403	288
379	305	405	288
378	299	406	290
377	296	407	286
381	288	402	288
381	289	399	287
387	286	393	287
387	285	392	289
388	282	393	289
388	277	390	285
390	271	388	288
396	269	382	285
404	263	377	285
398	263	382	285
403	261	375	283
409	256	374	278
417	249	366	278
417	247	370	276
426	243	361	273
425	245	359	274
429	237	357	272
426	233	361	266
425	228	363	270
427	225	358	260
427	220	359	263
426	223	360	260
428	214	355	261
426	214	359	256
430	213	357	250
432	209	358	247
435	206	351	245
435	205	351	247
438	199	351	244
440	197	352	242
441	194	349	240
444	194	351	235
452	191	344	231
453	189	343	232
457	191	342	227
462	190	338	222
467	187	337	222
470	191	336	215
476	189	336	214
475	191	334	213
480	191	337	212
484	192	332	204
490	195	334	205
494	195	326	198
497	195	329	199
498	194	325	203
503	195	325	196
508	195	320	197
512	197	316	192
515	198	314	191
517	198	312	190
517	198	312	189
519	199	311	188
519	200	309	187
523	202	307	184
523	201	305	186
524	203	302	180
526	203	301	182
524	203	301	181
524	204	299	179
524	206	296	175
525	207	292	172
524	207	290	168
525	206	289	171
524	205	286	169
520	206	286	164
520	206	284	165
519	207	283	164
517	209	281	161
517	209	283	163
516	211	278	160
517	212	276	158
514	214	274	158
516	216	271	154
517	216	269	154
517	217	269	154
520	217	267	153
521	219	265	151
521	223	267	149
526	224	261	147
529	225	260	145
530	225	259	146
533	227	258	145
535	229	257	144
537	230	254	142
540	232	252	142
542	236	250	138
541	234	252	139
543	236	250	137
546	237	248	136
549	238	246	134
551	237	245	133
553	240	244	131
553	240	244	132
555	240	242	130
558	242	240	127
557	241	239	126
560	242	237	124
559	243	235	122
560	243	234	121
562	244	232	121
563	244	229	121
566	244	228	119
569	245	226	117
570	246	226	117
570	246	226	117
574	247	223	117
577	247	221	116
582	247	219	115
586	249	218	114
591	250	214	113
590	250	216	113
595	249	214	113
599	251	213	111
603	252	210	110
607	254	208	109
610	255	209	108
610	256	208	108
615	257	206	107
619	259	205	105
622	261	204	104
626	261	202	105
630	263	202	104
629	262	202	104
634	264	200	103
636	266	199	103
639	268	198	102
642	273	197	100
646	275	195	99
645	274	195	100
651	277	194	99
654	279	193	98
658	283	191	97
664	285	190	98
669	287	189	97
668	287	189	96
673	290	188	96
677	291	187	96
681	295	187	94
687	297	185	94
692	300	185	93
692	299	184	93
696	302	184	92
702	305	182	91
707	306	181	91
712	309	180	90
717	310	179	91
717	310	179	91
723	311	178	90
729	311	177	89
735	311	176	88
742	311	175	88
747	311	173	86
747	310	175	88
753	310	173	86
756	310	173	86
760	311	172	84
765	310	171	84
771	310	169	83
771	311	170	83
775	310	170	82
780	310	169	83
786	309	168	82
790	310	167	81
796	309	165	81
795	310	166	80
798	310	165	80
801	309	164	80
803	309	163	79
802	308	163	78
803	309	162	78
803	308	162	79
802	307	161	78
802	307	159	79
802	307	158	77
801	306	156	76
800	306	155	77
802	307	155	75
801	305	154	77
801	304	152	76
800	305	151	75
796	304	150	75
795	304	149	75
794	304	149	74
793	303	148	74
791	301	148	75
790	300	147	75
790	300	146	75
790	300	145	73
790	300	145	73
789	300	145	72
789	300	143	72
789	300	143	70
789	298	142	71
789	298	141	70
788	301	142	68
789	299	139	69
790	298	138	68
791	297	137	69
792	296	137	69
792	298	137	66
793	296	136	69
792	296	137	68
792	297	136	66
793	295	134	67
793	296	134	65
792	296	133	64
792	296	133	65
790	296	133	64
789	296	133	64
786	296	132	62
783	296	131	61
781	296	130	62
781	296	131	62
781	295	130	62
780	294	130	62
780	294	129	61
777	293	130	62
777	292	129	62
777	292	129	63
778	291	128	63
777	292	129	62
776	291	128	62
775	291	127	62
775	293	127	59
775	292	126	60
774	293	126	59
774	293	124	59
775	294	125	59
775	294	124	57
775	293	124	58
775	292	124	58
774	293	124	58
773	293	123	58
773	293	123	56
772	294	122	56
771	294	122	56
771	293	123	56
770	294	121	57
769	293	123	56
770	292	121	57
770	291	120	57
769	291	120	56
769	291	120	57
768	291	120	56
768	292	119	56
769	290	119	56
770	291	119	55
772	291	118	55
771	290	119	56
771	290	118	57
772	292	118	55
771	290	117	56
769	291	116	54
768	291	116	54
768	292	116	53
767	292	116	54
767	291	115	54
766	293	115	53
765	293	115	53
764	291	115	54
764	292	114	53
763	292	114	53
761	292	113	52
760	293	114	51
760	293	114	51
759	292	114	52
758	292	114	52
758	293	113	51
757	292	113	52
757	293	112	51
756	293	111	50
756	294	112	49
756	293	112	50
756	294	110	49
755	293	111	50
754	294	111	48
752	293	110	49
751	295	110	48
752	292	109	50
751	294	109	48
751	294	108	49
752	294	108	49
751	295	108	48
754	296	107	47
754	295	108	48
758	294	106	48
761	296	108	47
766	296	106	47
769	297	106	47
774	297	105	47
772	298	106	47
777	298	105	46
780	297	105	47
782	298	106	47
786	298	105	47
791	299	104	46
789	299	107	47
795	298	104	47
797	300	107	45
792	299	117	47
788	302	126	45
810	300	108	48
812	301	104	46
814	301	108	46
813	303	114	46
820	303	108	47
815	302	118	48
684	321	116	54
679	321	121	54
691	321	121	55
700	320	121	56
711	321	121	56
720	321	122	55
732	323	121	54
732	322	120	56
744	324	121	55
755	323	121	55
767	324	120	54
779	325	121	55
792	322	121	58
790	324	122	57
803	320	123	61
812	316	125	66
813	310	137	71
836	311	123	72
837	312	143	71
845	313	127	71
859	319	125	66
871	329	122	57
882	330	122	56
892	330	121	57
899	330	122	58
898	330	123	58
908	330	122	59
914	331	124	58
922	330	123	59
931	331	123	58
939	331	123	58
940	330	125	60
948	332	126	58
956	333	125	58
964	333	125	58
973	334	127	58
983	335	127	59
983	334	127	60
993	335	129	59
1002	336	128	59
1011	335	128	60
1020	338	129	58
1028	338	129	59
1027	338	131	59
1036	338	129	59
1045	339	129	59
1053	338	130	59
1061	340	130	59
1068	342	133	58
1068	340	135	60
1078	340	132	60
1086	340	134	60
1094	341	134	60
1102	342	138	59
1111	343	136	59
1111	343	137	59
1120	344	138	59
1127	344	139	59
1136	344	137	61
1142	343	135	61
1149	344	129	60
1149	345	129	60
1156	345	122	60
1163	346	115	58
1170	346	109	57
1177	347	101	55
1184	347	95	52
1183	348	95	54
1190	349	89	51
1196	349	83	50
1202	349	76	49
1209	353	69	46
1216	354	63	45
1216	354	62	45
1223	357	55	42
1232	358	45	43
1241	358	37	42
1251	361	28	41
1260	365	18	37
1260	365	18	37
1270	365	10	34
1257	336	22	74
1184	281	95	143
952	165	327	192
742	325	107	56
743	327	106	58
744	328	106	59
746	328	106	58
747	330	106	59
747	330	107	58
750	331	106	59
749	332	108	59
751	333	108	59
753	334	107	59
754	334	108	60
752	335	111	61
754	335	109	61
754	336	109	61
754	337	109	61
753	337	110	62
754	339	108	61
752	339	108	61
751	341	107	60
750	340	107	62
746	341	108	62
743	341	108	63
740	343	107	63
736	345	107	62
732	344	108	64
732	345	109	63
729	346	106	64
725	346	107	63
721	348	109	63
719	349	108	64
717	350	109	62
718	350	109	63
715	352	107	63
712	352	108	63
713	354	109	63
712	355	108	64
712	355	106	63
712	355	107	64
712	357	105	63
712	358	106	63
713	358	107	63
716	359	105	64
717	360	103	64
717	361	103	64
718	361	104	65
718	361	102	66
718	363	101	65
718	363	100	66
718	362	98	67
719	363	99	66
718	362	98	67
716	363	97	66
715	363	98	67
713	363	98	68
710	363	99	68
711	363	98	68
708	362	100	71
704	364	103	70
701	362	104	71
697	363	106	69
692	362	107	70
691	363	108	69
687	362	110	70
681	363	112	69
675	363	114	70
672	363	114	69
668	362	104	70
666	362	119	69
664	363	96	68
663	364	105	66
661	365	96	67
660	365	100	67
659	366	96	67
659	364	99	68
660	365	95	68
659	367	95	66
658	366	98	66
658	365	98	68
661	367	97	65
661	367	97	66
661	366	99	69
662	367	98	66
662	367	100	69
662	365	102	72
664	364	102	73
664	364	103	72
667	364	102	72
667	366	101	70
667	365	101	69
670	361	99	73
670	361	101	74
670	360	101	75
672	361	102	74
674	358	103	79
676	359	107	75
677	359	102	72
677	356	101	75
678	358	100	72
677	355	101	75
675	356	97	72
673	355	99	73
670	351	99	77
666	354	100	73
666	352	100	74
662	348	98	78
659	349	100	77
655	350	98	74
648	346	100	79
646	348	96	74
647	349	97	74
643	346	93	79
638	346	93	78
633	344	91	77
627	343	91	77
621	339	93	80
620	342	92	81
614	337	90	81
609	335	93	86
605	338	89	79
598	334	96	89
596	334	97	88
594	332	99	91
592	335	95	85
590	332	97	90
588	333	96	89
586	333	95	90
583	331	96	87
582	332	97	91
581	329	98	94
585	332	96	91
588	329	99	93
589	328	100	94
592	326	101	93
592	328	101	94
593	325	103	93
601	325	101	93
600	322	107	95
606	321	106	95
607	320	110	94
608	320	108	94
612	317	109	94
615	316	111	95
617	313	114	94
604	311	132	96
625	312	118	93
619	310	122	95
622	311	128	93
631	310	124	93
622	310	132	94
620	308	137	92
615	309	138	93
623	310	131	90
623	311	122	93
618	311	128	94
611	313	128	92
605	312	126	94
577	309	147	96
590	311	135	94
585	313	128	93
571	306	131	99
551	309	142	97
547	311	134	97
528	311	141	97
535	312	134	96
514	306	144	105
501	309	150	100
501	308	148	102
501	308	147	103
505	303	141	107
509	306	138	102
488	300	158	108
482	296	167	110
473	292	176	112
462	289	186	117
463	287	190	118
465	288	185	117
462	284	185	119
463	283	186	119
465	281	189	119
460	279	193	120
459	275	192	119
459	279	195	117
458	273	192	118
465	278	199	114
452	275	207	111
452	270	214	116
454	271	207	113
451	270	212	113
452	268	205	111
454	267	202	111
472	268	183	107
470	266	181	107
458	257	196	113
480	260	173	108
477	258	176	108
468	255	185	109
480	250	178	110
464	248	193	110
474	246	185	110
474	246	182	110
471	244	191	110
469	241	195	113
473	238	193	115
462	239	209	114
475	237	198	115
469	238	205	115
477	238	200	114
472	236	204	117
481	236	202	117
458	235	230	121
471	234	220	120
483	236	207	119
468	236	226	121
467	235	231	123
473	235	232	123
473	235	239	126
473	236	254	127
475	237	250	126
477	237	258	128
480	236	253	129
483	236	252	129
486	237	250	131
487	238	248	132
486	237	251	133
486	238	251	134
496	239	240	132
491	239	245	135
498	241	240	133
493	241	249	136
493	241	248	135
495	242	249	135
495	241	250	136
496	241	253	138
495	241	254	140
495	241	256	141
494	242	255	142
494	242	252	142
489	243	256	143
483	244	260	142
482	243	257	143
477	244	256	143
473	243	260	148
467	243	262	147
465	244	257	148
459	241	259	151
456	243	256	151
453	243	262	153
451	243	259	151
449	244	262	153
441	243	264	154
440	245	275	153
437	244	268	154
436	242	275	158
435	244	268	156
432	240	272	161
433	244	265	159
431	240	271	162
432	243	268	159
430	235	272	168
429	241	269	160
430	242	272	160
431	239	271	163
431	240	272	161
432	237	271	164
433	238	272	162
434	237	271	165
432	239	274	162
435	238	275	163
435	233	277	170
436	235	276	166
435	233	274	169
438	234	272	166
439	231	272	170
441	232	272	168
444	231	270	165
445	232	274	166
449	227	271	169
447	229	271	169
451	228	270	168
453	230	273	168
457	228	271	169
457	228	273	169
459	228	275	171
456	227	274	171
458	229	274	172
460	229	273	171
460	229	274	173
460	228	271	173
462	229	277	174
462	228	271	172
463	231	274	172
465	232	270	169
465	229	272	174
468	231	271	171
468	231	268	171
468	228	272	173
468	234	270	169
469	233	277	170
469	235	271	169
470	237	274	169
469	238	275	169
470	239	272	168
471	240	271	170
470	241	271	170
470	242	269	171
470	245	270	168
468	246	272	170
469	246	268	171
469	250	275	168
470	250	266	170
468	252	269	169
469	254	267	170
468	257	268	169
470	258	266	168
468	261	271	167
469	262	268	167
468	263	268	167
468	265	271	168
467	267	267	167
468	265	268	171
467	269	266	167
468	273	272	165
469	271	270	167
469	275	261	165
468	274	275	167
471	275	264	166
471	276	262	167
470	277	267	168
470	279	268	165
470	278	269	165
470	281	261	166
468	280	271	167
470	283	265	163
469	283	271	165
470	285	263	165
470	284	265	166
471	286	268	165
469	285	268	166
470	286	265	164
471	286	267	164
470	287	260	166
471	285	262	167
470	287	264	167
470	285	268	167
471	289	260	166
471	286	259	167
471	292	262	163
471	286	264	169
471	291	261	166
472	289	260	166
472	289	264	169
472	292	261	166
473	292	262	166
473	288	264	171
471	291	262	168
473	292	260	168
472	290	263	170
474	291	263	166
473	293	262	166
474	290	262	170
472	292	264	168
475	294	262	164
474	290	263	170
476	293	263	168
475	296	261	166
476	291	265	168
474	293	267	169
479	296	258	165
477	293	262	169
476	297	261	165
478	293	264	168
477	296	258	165
478	295	258	168
479	294	262	167
479	296	261	167
479	292	267	168
479	293	264	168
482	292	260	170
480	292	263	170
481	293	257	170
483	294	261	168
483	297	254	165
481	293	258	170
484	298	260	166
483	293	261	169
483	294	261	168
483	293	261	169
483	292	262	171
484	295	261	169
484	297	259	167
485	295	256	168
487	301	258	162
483	295	257	170
486	297	259	168
485	295	254	168
488	298	256	165
487	294	256	170
487	296	255	167
488	298	256	164
487	297	258	167
488	296	254	168
489	296	255	167
489	295	254	169
489	296	256	168
489	295	256	169
490	296	254	168
490	295	254	169
491	296	252	167
492	294	253	169
492	296	250	167
494	293	252	168
495	295	252	169
494	296	251	168
496	294	250	168
496	296	252	168
496	296	254	168
499	296	250	167
499	296	252	168
500	296	249	168
502	295	249	168
501	296	248	168
502	295	249	168
501	295	251	167
502	295	251	167
504	293	248	168
507	294	244	168
507	292	245	168
509	293	243	168
508	292	244	167
511	292	243	166
511	293	243	166
513	291	239	169
513	293	241	166
514	290	239	170
515	291	239	168
516	291	237	169
517	292	237	167
518	287	237	173
518	292	236	168
520	286	236	174
519	290	235	169
520	289	233	171
521	289	233	171
522	287	232	172
523	289	230	169
522	291	232	168
523	291	230	168
524	290	230	168
524	289	230	170
525	290	228	170
526	290	228	170
526	289	227	171
526	289	227	171
527	289	226	170
528	289	225	170
528	289	226	169
528	290	225	168
529	288	225	170
528	288	226	170
529	286	225	171
527	286	227	170
527	288	226	169
528	284	225	172
527	290	227	167
529	284	224	172
528	284	224	171
527	284	224	170
528	283	222	171
527	283	224	170
527	284	225	170
528	280	223	173
528	284	225	169
529	280	222	172
529	284	224	168
528	280	224	172
528	282	225	169
528	278	224	172
529	282	225	169
528	279	224	172
527	281	225	169
528	277	223	173
527	281	225	168
529	278	223	170
527	277	224	171
527	276	225	171
526	274	224	172
526	277	226	168
526	274	224	172
525	276	226	169
526	274	223	171
526	271	223	173
525	272	223	171
525	272	222	171
524	276	226	166
523	268	225	175
522	271	224	170
523	268	222	172
522	269	222	170
522	270	222	168
522	268	222	171
521	267	223	171
519	268	224	169
520	267	223	170
519	269	223	168
518	267	223	170
519	268	222	168
518	269	224	167
518	267	223	169
518	267	223	169
517	269	224	168
517	265	223	172
517	267	222	168
518	265	222	171
517	269	223	166
517	266	222	170
518	269	221	167
517	266	222	169
517	271	223	165
518	262	220	173
516	268	224	167
516	268	223	167
516	266	221	169
516	269	222	168
516	262	222	173
515	266	224	170
517	266	222	170
517	267	221	170
518	263	222	172
517	266	223	170
518	265	221	170
518	265	221	170
519	265	222	170
518	267	222	170
519	262	222	174
519	263	225	172
519	265	225	170
521	270	224	165
520	266	224	169
521	266	223	169
521	262	224	171
519	264	228	172
521	262	223	173
519	266	227	169
521	264	223	170
520	264	226	171
520	266	225	170
521	266	225	169
520	265	226	170
520	272	228	164
520	264	228	169
520	265	228	170
520	267	229	169
519	264	229	170
520	265	229	172
520	265	229	170
520	263	233	173
520	266	232	169
519	266	232	168
519	265	235	170
518	264	233	171
519	267	234	168
518	266	236	169
518	267	237	168
519	268	236	167
518	264	237	169
518	264	237	170
518	265	237	169
517	267	239	168
518	265	237	168
517	268	241	167
516	266	239	168
516	268	242	166
516	267	242	166
517	268	243	166
517	267	241	165
516	269	244	164
517	266	242	167
517	266	240	167
518	270	243	163
517	267	243	167
518	268	243	165
517	266	245	167
518	268	245	164
517	264	245	167
517	267	247	164
517	266	246	166
519	268	246	163
517	266	247	164
519	268	246	163
518	270	246	160
519	265	246	166
519	269	247	162
520	272	246	160
519	263	245	168
520	267	248	163
520	269	249	163
520	268	250	165
520	271	252	162
520	268	250	164
522	275	251	159
522	263	250	170
521	269	249	163
523	272	247	161
523	270	253	164
522	270	248	165
525	273	250	163
522	270	251	168
526	272	249	163
525	274	253	162
523	271	248	168
527	272	249	167
527	274	248	165
527	277	248	165
528	277	246	165
529	280	247	161
527	282	248	162
530	282	247	161
528	286	252	161
530	285	250	163
529	284	251	164
531	286	249	164
532	291	250	160
532	294	251	160
533	293	250	163
532	295	251	163
534	298	248	159
534	293	249	166
534	295	250	166
535	298	250	163
535	299	250	164
535	299	251	165
536	300	248	164
536	299	250	165
537	302	251	164
537	303	250	165
536	301	250	166
538	304	250	166
538	303	249	166
539	305	251	166
539	306	250	166
539	310	253	163
541	310	251	165
544	316	247	161
542	314	248	164
540	312	251	166
543	314	248	165
542	318	250	163
541	317	249	165
542	319	247	164
545	322	248	163
545	328	245	158
542	318	247	172
541	319	250	170
541	320	249	169
541	321	249	167
541	322	249	169
541	321	249	169
544	324	248	167
541	323	249	171
542	328	248	165
543	330	249	166
542	329	247	169
541	328	249	170
541	333	250	166
540	333	249	168
541	333	248	169
540	336	248	167
540	332	249	172
538	340	250	166
540	340	246	166
539	342	250	166
538	343	246	165
537	341	250	168
535	342	250	167
535	344	247	167
534	346	249	166
532	347	248	167
530	347	251	168
530	349	247	167
529	348	250	168
528	353	249	166
526	354	249	167
526	356	248	167
523	358	249	169
522	361	249	169
520	357	250	173
517	360	251	170
516	365	250	168
516	368	250	165
515	371	249	167
513	371	251	168
513	368	251	170
512	373	250	167
514	375	250	165
512	377	247	166
511	380	250	167
516	385	247	162
511	378	252	171
510	382	251	168
511	382	251	171
516	387	248	169
513	392	251	165
514	389	248	168
513	392	250	165
513	392	248	168
514	397	251	166
514	399	248	165
514	400	249	168
514	404	250	165
514	400	249	167
514	404	249	167
514	407	248	165
514	408	249	165
514	410	249	165
516	410	248	168
515	410	249	168
515	412	248	166
517	414	248	168
518	415	248	167
518	415	249	168
518	417	251	168
518	418	251	167
518	419	253	166
519	421	252	166
520	419	251	169
519	422	252	167
520	419	251	170
520	420	253	168
520	421	252	168
520	422	253	166
519	419	251	169
518	420	254	167
516	421	255	168
517	421	252	167
515	421	252	166
513	420	252	166
511	421	250	167
506	420	249	169
501	419	251	170
499	420	254	168
496	420	251	167
489	420	254	170
482	420	255	171
476	420	255	170
469	420	258	170
470	419	254	170
463	420	258	168
456	420	259	168
451	420	259	168
445	420	261	169
440	421	265	171
439	419	260	176
435	420	260	176
431	421	260	176
429	421	258	177
422	422	263	176
418	422	263	178
416	421	265	179
413	422	267	179
412	422	267	181
408	423	270	182
405	423	271	185
405	424	271	184
403	423	268	183
404	424	269	185
402	424	271	186
401	426	272	184
399	426	272	184
398	427	275	187
399	428	274	189
399	428	274	189
397	429	277	189
396	431	277	190
394	431	277	191
394	432	279	192
