912	387	205	197
904	382	211	202
894	380	211	203
877	376	215	198
876	375	217	199
867	370	217	200
859	361	213	204
851	354	213	209
845	346	214	221
844	346	215	220
838	339	215	231
835	336	212	222
834	337	210	223
832	340	205	225
831	339	205	222
830	343	199	227
824	348	195	233
816	349	199	235
804	354	205	228
804	353	205	229
794	358	210	227
783	360	217	228
767	361	233	219
758	366	240	213
758	365	242	213
755	373	246	220
752	383	246	226
751	396	243	218
751	408	242	208
752	410	240	207
746	412	245	203
743	415	247	200
736	418	256	196
724	418	262	196
727	416	257	198
708	410	264	200
696	393	269	211
682	384	271	212
671	369	276	224
670	370	277	221
665	362	277	224
657	351	279	233
650	346	282	242
645	342	289	247
645	343	290	231
641	343	293	233
636	346	298	237
628	349	302	241
623	353	304	243
622	353	306	242
614	351	305	243
603	352	307	250
594	349	316	254
582	351	326	258
583	348	325	258
578	349	326	255
573	348	337	255
573	349	341	252
577	356	344	237
577	355	347	238
583	358	345	233
587	360	339	231
599	366	334	220
599	373	335	215
599	372	335	215
598	378	338	204
594	372	341	210
589	380	349	198
582	376	350	199
580	379	353	197
578	373	346	200
574	353	345	222
572	346	344	222
569	340	344	229
569	341	342	229
565	341	351	228
565	347	351	221
560	339	352	228
551	349	354	221
550	355	355	211
543	350	355	218
534	361	356	207
515	364	368	209
501	372	370	202
498	370	370	205
473	377	379	202
453	379	377	199
430	386	376	193
412	383	380	195
409	384	377	195
392	383	369	199
367	384	370	193
356	384	358	191
345	387	348	183
345	389	361	183
338	386	339	184
332	383	324	184
324	384	308	179
324	379	292	183
322	380	297	180
328	368	276	185
345	358	249	191
363	343	231	202
394	320	214	217
393	323	211	215
424	308	208	223
455	294	207	229
483	284	199	236
513	273	191	229
513	267	189	236
552	266	195	226
580	258	184	220
610	243	168	227
640	243	167	220
640	243	162	219
669	245	151	213
711	255	134	203
743	265	122	200
773	281	111	193
773	285	109	190
798	298	104	185
811	314	112	179
831	335	111	169
848	347	110	165
845	349	111	162
866	364	108	155
884	367	105	159
900	372	105	159
919	387	105	148
920	387	103	149
930	393	111	143
942	394	119	147
954	408	133	134
965	409	128	134
964	413	130	131
978	429	142	118
989	441	146	107
995	446	145	100
1000	443	152	106
1001	438	148	108
1004	442	155	101
1011	445	154	101
1008	463	168	85
1003	465	181	86
1004	462	179	89
993	466	194	86
980	454	206	98
962	439	220	113
950	443	225	110
951	443	225	110
935	443	228	111
920	440	231	115
908	439	231	117
894	436	241	124
893	437	234	123
887	434	242	127
881	435	231	126
879	434	222	131
876	437	221	133
876	439	224	130
873	437	226	134
870	436	226	131
869	436	225	129
867	429	227	138
866	431	228	136
866	430	230	143
869	432	228	144
871	437	227	142
877	447	222	135
875	447	224	136
878	452	222	132
881	459	220	128
883	468	221	121
880	473	223	119
880	473	223	119
879	471	226	123
874	476	233	122
869	465	237	133
861	466	242	135
859	464	245	136
856	469	246	132
852	470	248	133
847	473	249	130
845	471	244	133
844	472	247	130
842	473	240	129
847	473	228	129
852	470	216	135
860	467	202	137
861	465	201	138
875	463	183	141
894	469	160	138
909	473	144	134
922	476	134	133
921	478	133	131
926	480	135	133
928	479	146	133
933	491	156	126
938	495	164	125
937	499	167	122
940	503	172	119
939	506	180	117
934	521	192	102
926	516	206	109
926	517	206	109
917	514	217	112
908	508	222	118
896	512	231	115
885	511	236	117
884	511	237	118
869	509	241	118
861	514	242	117
851	514	244	118
842	518	245	117
843	517	245	117
834	513	244	123
821	513	244	125
811	508	247	133
805	500	247	143
803	499	254	144
799	490	247	153
795	480	245	165
796	468	235	178
797	454	243	190
795	455	242	188
799	443	241	197
802	432	243	197
804	421	251	198
807	398	252	208
806	399	253	208
807	391	256	204
812	399	259	189
814	395	263	185
815	396	260	183
815	393	266	178
816	400	269	173
817	403	270	178
820	410	270	182
821	407	270	183
823	416	269	188
827	426	268	185
831	448	267	170
828	455	275	170
826	455	277	172
822	460	282	170
815	470	289	162
810	476	290	161
804	484	292	155
803	483	291	152
795	486	296	152
788	488	295	154
788	490	287	153
784	489	283	157
784	490	282	152
786	488	269	153
791	489	255	159
794	493	246	155
797	498	237	151
796	498	239	151
794	498	237	149
792	494	243	150
789	487	247	156
783	477	250	165
782	478	251	166
777	465	254	177
769	453	257	188
761	439	262	200
757	424	268	209
757	425	268	209
757	418	270	215
757	412	273	211
757	404	276	211
760	399	274	211
761	398	274	213
764	399	271	214
770	402	265	219
780	402	259	224
783	401	256	227
784	401	256	228
793	405	246	227
792	408	249	229
792	411	252	228
791	415	255	225
791	415	255	226
787	420	262	224
783	426	277	217
780	436	275	202
779	449	277	189
780	447	273	191
782	462	274	180
782	474	273	170
780	490	272	161
773	491	272	160
771	493	275	160
766	495	273	159
760	495	267	157
750	495	265	158
737	491	264	163
734	491	270	163
728	484	260	172
718	480	265	170
712	473	260	176
707	467	258	184
707	466	258	185
703	458	256	195
700	450	248	200
699	446	247	202
696	442	243	204
695	441	245	206
694	443	240	201
688	445	235	195
684	445	232	199
678	447	227	194
678	449	226	190
673	451	220	190
666	460	215	184
656	470	211	177
646	472	207	176
645	473	207	176
635	475	204	175
621	479	204	173
609	480	199	174
592	480	197	176
592	482	196	174
582	481	192	174
570	480	190	175
559	478	187	175
546	477	188	175
545	477	186	177
533	470	181	181
525	464	177	184
514	459	177	187
503	455	170	186
502	455	173	188
494	447	166	189
486	426	157	200
484	412	153	207
483	397	144	210
482	398	143	208
484	380	136	215
486	363	132	212
480	339	131	213
478	321	129	212
478	322	129	214
481	305	124	212
482	295	122	210
482	284	123	205
486	274	117	202
483	272	118	203
486	265	115	205
487	263	113	201
487	261	112	198
487	260	110	194
486	259	109	196
487	261	109	194
489	264	104	192
490	265	104	192
492	263	109	192
492	266	103	189
493	267	112	187
498	269	121	180
500	272	130	174
503	273	125	169
504	272	121	169
509	277	119	162
515	278	114	162
519	291	114	154
522	301	112	151
526	300	110	148
532	311	104	146
546	326	93	135
551	339	88	129
555	366	84	119
554	362	87	113
553	382	84	103
550	400	86	85
548	419	89	80
547	440	90	74
547	443	89	69
557	450	80	64
558	476	85	77
559	476	85	65
571	488	70	66
569	490	77	67
574	488	78	79
525	444	214	189
565	297	254	157
646	316	137	104
653	341	122	80
650	334	116	86
643	330	125	94
526	196	450	385
512	498	202	187
553	574	91	90
560	591	75	73
561	599	83	72
560	602	85	70
558	606	83	99
560	603	83	101
559	607	80	107
554	606	83	112
555	611	80	106
553	614	82	103
552	615	83	103
549	619	84	100
549	625	85	94
546	634	89	85
549	636	83	83
548	637	83	82
547	637	80	81
548	649	78	69
546	657	78	62
544	665	76	54
546	665	76	54
545	668	79	51
543	673	83	46
540	678	75	41
538	678	76	41
538	678	75	41
535	679	74	40
532	677	72	42
529	674	72	45
526	668	69	51
524	666	71	52
520	659	74	60
519	647	69	72
518	632	73	86
516	613	70	105
514	614	70	104
510	591	79	126
509	558	72	152
507	522	71	163
506	485	69	169
506	484	72	171
505	457	77	171
508	410	65	169
521	405	53	145
518	364	55	161
519	371	55	156
520	321	57	179
523	295	59	178
527	272	70	169
535	254	74	160
534	254	75	159
537	229	99	164
539	209	98	165
543	196	79	159
549	178	78	161
549	179	78	152
549	165	79	151
552	156	90	150
556	147	80	138
561	162	77	110
561	180	76	101
570	144	71	142
576	142	75	144
580	128	80	143
589	132	81	127
589	142	81	124
594	108	80	145
602	94	75	154
604	96	80	166
601	85	85	188
594	137	86	132
628	88	61	179
636	140	54	128
646	95	51	201
651	106	50	211
650	105	53	207
633	116	95	221
497	429	114	92
632	219	87	110
653	163	81	179
649	178	81	163
644	177	96	181
646	194	102	172
644	265	87	121
659	232	102	166
652	231	108	169
654	262	110	161
662	283	107	158
656	303	116	157
658	304	112	157
653	330	121	150
659	354	119	147
662	388	118	141
666	416	115	132
666	415	117	132
668	444	116	116
672	464	115	98
676	488	113	76
681	512	103	61
682	510	101	55
687	531	72	47
687	548	71	46
689	560	72	58
692	557	71	66
693	551	65	62
692	579	68	57
694	592	61	62
682	606	68	51
681	617	56	50
680	623	44	45
681	633	45	34
681	642	38	21
679	645	37	32
676	645	38	54
675	644	39	55
673	644	40	69
671	642	60	74
666	636	79	81
662	632	82	86
661	633	83	85
657	629	87	90
653	624	87	94
648	620	88	98
644	613	92	103
644	614	89	102
640	606	88	105
637	602	89	103
633	595	90	104
629	589	88	103
629	589	89	103
623	581	87	101
619	571	90	103
613	562	89	103
605	548	94	107
605	545	100	111
595	538	98	108
587	519	97	112
580	507	98	112
575	495	98	112
576	494	99	114
571	483	96	114
566	470	97	114
559	458	100	112
555	450	97	109
555	450	99	110
551	445	97	104
546	437	96	101
543	433	96	97
537	429	96	92
536	430	97	94
534	431	96	90
530	430	94	89
525	432	96	85
518	437	99	84
514	436	103	86
512	442	97	86
509	448	97	87
507	456	96	88
502	463	96	86
501	464	97	86
499	471	96	85
495	479	95	83
490	484	95	85
487	491	93	84
486	490	94	85
483	498	92	85
478	505	91	85
468	513	93	85
466	519	92	83
463	519	94	84
461	522	90	84
456	527	91	82
449	531	87	81
440	536	87	80
440	537	87	79
433	538	91	81
424	538	93	83
418	541	92	83
411	540	91	86
410	542	92	84
402	537	89	92
395	537	87	94
389	535	84	95
382	530	85	99
382	534	85	96
373	527	87	101
366	516	84	106
358	507	85	110
352	496	86	112
353	496	86	111
348	482	84	114
343	467	82	118
343	443	78	123
346	419	76	131
346	418	74	131
352	398	69	133
353	376	68	137
359	350	74	149
367	344	50	120
367	335	54	126
376	336	52	107
381	321	49	102
388	302	48	102
395	281	55	105
396	273	55	113
396	249	68	114
395	237	74	109
393	221	70	110
391	202	78	113
391	201	78	114
387	164	115	137
386	152	131	132
384	127	137	143
384	117	147	141
383	118	148	140
385	108	153	139
388	100	156	137
394	89	156	137
401	80	149	136
399	80	150	137
407	73	144	137
417	67	126	138
429	59	98	142
446	53	86	145
446	53	82	146
459	49	74	147
459	46	68	149
461	45	61	150
449	41	71	154
454	48	66	147
438	41	94	155
432	41	111	157
424	58	132	140
417	53	148	150
417	58	148	143
412	56	162	150
408	58	175	155
406	64	181	153
405	74	185	147
406	74	184	147
408	82	183	143
412	96	180	134
419	108	174	132
424	129	168	122
425	129	166	123
433	147	158	121
442	164	148	124
449	182	139	126
462	210	124	128
461	210	126	128
470	232	111	129
480	256	99	119
489	281	84	102
495	297	79	88
494	289	82	95
505	327	82	75
512	329	87	63
520	345	90	63
520	361	93	55
521	361	92	57
540	359	70	42
557	360	101	54
510	297	243	174
534	302	297	215
546	331	305	207
537	305	314	218
548	307	314	227
571	290	297	254
583	306	299	229
596	297	306	256
608	304	284	248
624	293	275	225
633	300	284	235
566	276	363	310
553	287	390	332
549	242	411	363
551	280	406	334
553	284	385	309
584	241	401	364
488	241	487	398
514	225	478	376
482	210	526	403
427	135	604	499
348	152	644	472
443	164	564	429
376	162	653	449
371	150	643	477
364	117	678	510
266	141	821	497
380	127	710	475
366	133	766	521
411	123	672	495
523	158	535	381
496	215	465	361
525	236	418	273
490	238	436	323
445	217	431	318
467	223	444	387
412	209	464	365
430	174	500	400
407	157	563	466
331	151	638	467
312	140	691	504
280	125	720	520
296	103	740	547
396	114	707	526
343	100	735	524
456	142	641	442
464	184	626	427
457	169	508	374
501	191	505	394
678	294	425	262
666	300	388	253
906	401	152	138
955	468	86	76
978	475	63	59
986	480	61	48
990	474	62	71
994	474	66	89
994	473	65	91
998	468	70	96
1000	467	75	100
1004	470	85	95
1007	465	83	96
1006	474	83	88
1011	464	81	97
1010	466	85	93
1012	466	84	94
1012	467	85	90
1012	467	86	90
1011	471	89	85
1011	475	91	80
1011	476	86	79
1011	477	89	78
1011	477	92	76
1011	481	96	73
1014	480	95	72
1014	486	101	69
1012	487	103	66
1014	492	102	60
1013	494	101	58
1008	492	102	59
1001	495	105	55
1002	495	104	55
988	491	111	58
980	484	114	60
972	492	111	62
955	481	117	65
961	496	113	54
945	489	114	58
938	496	110	51
922	498	115	47
906	499	118	45
906	498	117	49
888	500	120	43
865	502	123	43
847	503	124	45
829	502	125	45
830	503	125	45
811	508	127	48
791	509	131	49
764	500	127	51
744	504	125	48
745	495	113	56
726	500	136	55
707	502	134	53
690	507	134	48
668	500	137	55
667	502	129	54
655	503	132	52
650	506	123	51
644	504	114	52
647	505	97	51
645	506	99	51
635	509	90	48
625	510	85	48
620	513	84	46
613	516	79	45
614	517	78	44
603	520	81	44
588	524	47	42
581	530	40	35
574	534	43	31
572	534	49	32
565	537	42	32
556	541	46	28
543	544	46	26
535	546	38	25
535	547	40	24
529	545	38	26
522	542	37	29
510	536	45	35
459	526	83	45
457	525	85	47
448	515	102	58
441	501	111	70
435	485	131	88
430	468	134	105
429	468	136	105
423	445	138	125
421	430	136	127
420	414	136	136
417	399	137	134
417	399	136	134
413	386	140	134
406	368	145	134
402	356	146	134
399	346	148	133
399	347	147	133
396	331	150	137
395	320	150	137
391	300	151	142
391	286	149	143
389	286	152	144
388	271	150	146
388	257	147	145
386	243	141	147
385	224	144	151
386	223	145	152
390	205	139	157
402	189	129	169
414	180	121	168
429	169	111	162
427	161	113	168
446	150	109	173
461	145	98	167
477	148	89	155
493	135	94	162
494	153	80	146
503	166	91	126
510	167	97	121
515	152	101	129
519	155	108	127
520	146	114	137
521	151	118	126
521	135	134	142
524	132	175	144
525	132	184	143
524	130	183	145
527	140	187	136
532	146	184	132
540	149	174	133
551	170	157	120
554	169	155	121
567	176	135	121
582	166	109	140
575	175	101	141
573	188	88	138
568	190	97	135
568	208	103	133
567	224	113	132
567	238	127	137
567	262	140	134
565	269	142	126
566	281	152	137
566	312	168	135
562	332	181	139
558	350	192	147
558	346	194	151
557	376	201	152
556	401	207	156
554	424	204	149
545	435	213	148
547	431	208	153
541	441	212	149
536	448	215	152
531	456	219	153
522	463	224	155
524	463	224	153
521	470	222	152
517	475	228	148
515	479	229	146
515	485	230	138
514	486	230	138
517	491	232	127
519	490	235	129
521	490	238	129
524	492	240	119
525	497	240	116
527	493	241	116
527	490	243	114
526	485	248	119
527	483	252	119
527	480	252	122
527	474	255	129
529	472	259	131
535	469	259	130
536	466	261	132
536	465	259	132
537	458	263	145
535	453	265	149
534	442	266	160
531	435	270	166
531	439	270	162
527	429	271	170
528	427	267	173
523	425	271	176
518	424	272	177
520	424	268	178
513	425	270	180
510	427	268	179
500	439	271	170
493	447	268	169
496	445	269	172
487	457	268	164
474	469	270	158
466	476	270	153
455	482	268	149
455	484	268	149
442	489	271	149
431	497	274	144
417	504	277	142
403	510	280	138
404	507	275	142
395	509	277	140
388	510	275	145
380	508	273	147
370	507	275	154
371	507	276	153
366	501	271	165
357	492	271	176
347	479	269	202
340	460	264	222
340	459	264	221
339	425	257	245
342	420	251	235
345	395	245	249
347	370	247	253
345	377	251	249
353	354	240	252
355	316	247	264
348	292	259	263
348	272	264	253
348	273	264	250
344	246	274	258
338	235	277	245
328	200	289	257
331	169	286	272
331	169	288	275
315	162	304	272
355	161	266	258
351	171	274	243
351	165	285	236
350	164	283	238
356	144	286	255
371	139	276	260
380	129	276	273
385	127	276	277
384	128	276	277
390	126	276	273
393	124	277	269
392	125	284	272
393	128	285	272
392	127	283	270
394	126	286	275
399	137	284	267
407	145	282	259
412	155	283	254
411	160	281	249
422	167	279	248
429	183	279	236
439	206	279	230
448	225	275	224
449	221	271	226
457	244	269	225
460	270	272	229
458	303	272	229
456	346	277	228
458	341	275	230
463	376	276	228
469	401	273	232
479	431	269	231
488	458	267	217
486	452	269	226
497	498	262	196
502	509	255	204
498	507	254	198
491	507	255	199
493	507	252	203
481	508	251	197
462	495	248	215
448	501	246	215
431	494	246	208
432	497	246	213
414	489	251	210
395	479	252	206
369	472	256	205
350	463	256	209
349	463	259	209
331	458	257	207
310	450	258	210
287	442	260	215
285	447	263	209
253	443	265	218
226	451	267	214
208	455	263	212
187	455	260	215
186	455	262	216
165	457	261	212
147	455	251	217
135	455	243	212
123	454	236	214
122	455	237	213
115	451	228	217
107	448	224	215
99	441	216	217
90	438	213	215
93	439	208	215
85	431	211	220
86	422	200	224
81	411	198	227
72	414	194	219
73	413	192	219
66	408	189	218
58	404	184	219
48	399	182	220
39	392	179	222
37	392	179	221
28	380	172	227
24	372	167	230
24	363	157	233
23	348	147	240
22	354	149	235
24	339	141	240
32	320	144	245
48	300	169	250
58	288	158	230
58	283	174	255
75	271	150	253
92	255	154	248
113	235	166	241
127	217	162	243
127	213	162	249
138	201	163	239
152	194	165	230
166	193	155	216
181	191	160	198
180	195	164	197
190	186	164	194
199	177	167	201
206	178	172	200
215	186	173	192
212	190	177	188
224	201	181	177
241	201	178	173
251	198	184	176
262	185	189	189
262	192	188	184
271	197	191	181
276	200	193	176
279	208	197	169
283	209	199	172
282	212	198	166
288	210	199	168
288	234	200	148
300	223	202	155
308	225	207	160
309	221	207	163
319	221	222	166
330	224	225	162
344	232	231	154
360	225	240	164
363	224	237	165
374	224	241	165
386	222	245	166
399	221	244	165
411	218	247	166
412	217	246	167
426	210	249	168
436	205	249	172
445	209	250	162
454	203	251	166
453	197	253	169
459	203	253	162
467	212	254	150
472	213	253	149
478	222	253	149
478	221	253	152
486	231	251	158
493	237	248	165
506	252	247	165
514	260	249	172
514	262	248	167
526	272	245	170
534	282	247	168
546	291	248	164
563	301	248	162
563	300	249	164
577	309	248	160
591	311	246	165
605	311	245	171
624	308	239	179
624	311	237	178
648	299	230	189
665	286	221	200
681	273	214	203
690	259	211	210
688	256	212	214
692	243	211	214
693	219	211	221
692	200	211	225
691	185	212	215
690	187	214	214
690	170	214	216
689	155	214	216
688	152	219	205
691	148	222	203
690	146	222	205
693	120	223	224
693	109	210	230
695	111	197	225
695	136	201	194
694	137	202	195
695	126	207	202
695	117	201	214
699	117	184	218
699	123	175	216
699	126	175	214
700	141	168	206
702	156	168	197
701	171	171	192
700	184	178	186
700	185	177	186
698	201	184	178
700	222	184	172
698	243	184	161
699	262	183	163
698	262	184	163
699	283	183	165
701	308	180	163
702	341	176	155
703	368	172	146
703	366	172	146
706	391	173	140
710	402	176	143
716	408	174	140
725	417	175	150
724	416	178	149
732	423	177	145
739	427	180	143
747	429	184	143
757	428	184	145
757	428	184	148
773	425	183	151
783	420	185	156
794	410	185	167
804	404	184	174
804	401	183	176
816	393	179	178
831	374	165	188
839	356	152	198
850	337	132	206
849	335	131	208
853	316	118	207
847	292	105	215
831	274	99	199
827	263	88	193
827	265	95	189
818	241	97	195
812	212	96	201
806	204	94	191
781	195	123	176
784	192	119	179
771	174	142	180
749	168	169	173
730	155	190	176
713	142	209	180
710	149	210	173
693	129	223	184
685	133	226	173
679	130	222	172
674	123	214	176
672	122	216	178
673	128	201	169
681	130	169	164
692	134	151	160
706	128	133	164
704	128	138	164
723	131	119	162
728	138	118	156
713	148	131	155
701	158	144	159
700	160	143	155
689	174	154	154
679	190	165	153
672	203	181	154
665	217	200	162
663	219	202	157
660	237	212	160
656	258	220	157
656	279	223	159
654	297	226	161
654	296	226	161
656	324	223	164
660	348	217	163
662	371	212	164
668	398	204	152
668	401	203	148
673	425	196	130
682	451	183	105
693	462	179	98
705	473	167	87
705	474	167	85
719	478	153	96
730	483	144	111
739	485	136	103
746	484	130	109
746	485	128	108
749	483	131	118
749	482	134	122
750	478	137	127
755	473	134	127
756	474	133	127
760	472	133	129
765	467	131	133
769	463	129	137
772	461	127	134
771	461	126	134
776	455	125	136
778	450	125	138
780	445	118	139
779	438	117	143
779	439	116	142
781	430	111	143
778	422	108	142
774	417	109	140
770	413	108	137
769	412	108	136
764	408	109	133
757	403	107	129
749	395	107	127
744	390	108	127
743	391	107	126
737	388	109	125
731	383	108	124
726	380	108	123
719	374	108	123
719	374	107	122
712	372	108	121
705	368	109	122
698	365	107	121
697	364	108	121
691	361	108	121
683	354	109	122
676	354	108	119
670	350	108	120
669	350	108	118
664	348	106	118
657	343	106	118
649	338	104	117
642	337	105	113
641	337	105	114
632	335	107	111
624	331	111	110
615	330	112	108
603	323	117	109
602	320	118	111
596	320	118	109
590	318	121	107
585	315	120	108
580	311	120	108
579	308	121	111
574	306	121	109
567	301	123	111
561	297	124	110
555	292	126	108
554	296	127	104
547	289	128	108
537	283	132	110
532	277	135	113
526	274	138	109
527	273	137	109
520	272	140	106
515	268	143	104
514	266	145	95
511	265	145	88
510	266	146	88
509	265	148	84
508	264	150	84
508	264	151	79
509	261	152	77
509	260	152	78
510	259	156	76
513	259	160	75
517	260	165	77
522	257	170	81
520	261	171	76
530	257	174	82
537	258	178	83
544	258	181	82
553	260	184	83
553	260	184	82
564	255	185	87
579	255	186	88
591	258	182	89
602	251	183	95
602	251	183	94
614	253	181	92
626	253	177	95
644	252	171	97
652	252	162	98
653	249	163	101
663	254	158	105
670	255	138	97
671	253	143	106
679	251	149	121
681	253	151	120
681	248	139	120
691	249	129	127
690	250	123	129
684	250	129	131
684	249	127	131
675	247	130	136
662	244	108	135
654	244	108	141
641	241	101	139
643	240	99	141
628	237	97	141
616	234	92	136
607	237	93	135
597	236	97	135
597	234	100	138
590	236	96	132
581	234	98	130
570	227	99	133
561	221	102	145
561	221	102	143
553	214	102	148
544	207	104	153
533	199	104	156
512	191	110	160
512	197	111	155
496	188	118	166
479	183	127	169
462	190	137	165
446	194	143	161
447	189	143	166
431	192	150	169
419	194	158	169
409	195	168	169
400	191	174	178
400	190	176	180
390	190	180	183
377	190	192	187
368	192	201	189
357	197	214	184
357	203	214	177
347	202	228	181
341	203	236	186
333	209	249	188
328	219	256	182
329	218	254	185
324	212	265	193
323	226	269	188
319	229	280	191
319	235	286	198
318	232	288	200
320	246	293	199
318	244	303	209
323	252	305	208
324	254	313	209
324	254	316	209
