0.051570
0.143959
0.151149
0.122823
0.144854
0.119417
0.204459
0.105272
0.129977
0.143902
0.182076
0.119672
0.191138
0.238389
0.178451
0.129386
0.174407
0.174205
0.193684
0.255627
0.237530
0.178947
0.161792
0.124527
0.112098
0.164563
0.156386
0.123139
0.147684
0.132846
0.119238
0.138349
0.177830
0.220116
0.210939
0.144992
0.184299
0.138914
0.211234
0.172657
0.158183
0.203484
0.142826
0.201303
0.094174
0.122536
0.158549
0.174143
0.124325
0.176329
0.201522
0.138027
0.225508
0.151273
0.208388
0.128350
0.142805
0.138613
0.107147
0.186074
0.141954
0.145906
0.144365
0.190614
0.162556
0.177061
0.208740
0.205864
0.119980
0.179279
0.154896
0.171375
0.138017
0.166179
0.213461
0.175425
0.157028
0.170843
0.213370
0.128228
0.193237
0.189511
0.273213
0.167192
0.270290
0.167036
0.295153
0.286977
0.208436
0.189322
0.151606
0.137937
0.170421
0.135584
0.264224
0.157786
0.132515
0.210169
0.169704
0.302108
0.146591
0.181791
0.184693
0.136305
0.176143
0.178228
0.139665
0.246520
0.174898
0.171381
0.094961
0.161347
0.192929
0.182687
0.141429
0.127146
0.095851
0.094919
0.143994
0.126127
0.117444
0.106425
0.154562
0.157582
0.166646
0.219013
0.170070
0.160774
0.270836
0.156615
0.168307
0.155504
0.159083
0.127826
0.148090
0.132653
0.148496
0.201682
0.126972
0.115995
0.172345
0.172935
0.209071
0.193668
0.200053
0.134714
0.112421
0.094146
0.157458
0.119449
0.138788
0.141780
0.168615
0.141052
0.112131
0.226552
0.149726
0.182645
0.158141
0.150892
0.172617
0.189625
0.213016
0.187405
0.156870
0.179889
0.151665
0.120849
0.189647
0.152932
0.148975
0.104274
0.099180
0.121952
0.107663
0.149956
0.119247
0.105392
0.111809
0.121115
0.168512
0.167098
0.141519
0.103806
0.090911
0.075252
0.132691
0.145889
0.221072
0.201868
0.148635
0.216712
0.180713
0.145043
0.176998
0.202723
0.144468
0.122865
0.151313
0.143271
0.161541
0.193268
0.170500
0.145421
0.153098
0.130997
0.139737
0.154657
0.127374
0.107539
0.135626
0.169311
0.135488
0.226393
0.161295
0.123826
0.171262
0.154682
0.220374
0.150775
0.138223
0.123577
0.105204
0.151388
0.111531
0.125054
0.149789
0.139568
0.108675
0.176980
0.160985
0.107663
0.151747
0.179064
0.149207
0.178996
0.127417
0.246099
0.158066
0.164689
0.143145
0.288718
0.171998
0.210833
0.144091
0.122864
0.157824
0.244862
0.214206
0.164353
0.112054
0.124856
0.144322
0.166540
0.158414
0.204702
0.134857
0.129452
0.157178
0.184920
0.146976
0.140497
0.136443
0.111694
0.125091
0.167834
0.153692
0.262848
0.158211
0.168129
0.200378
0.197684
0.136854
0.109702
0.138988
0.174792
0.163047
0.214598
0.204932
0.115616
0.153049
0.135395
0.132143
0.132870
0.189566
0.141800
0.148522
0.188969
0.146348
0.118463
0.158117
0.130369
0.166095
0.145113
0.114456
0.137309
0.101819
0.109996
0.125052
0.152733
0.148668
0.107364
0.122505
0.233042
0.156891
0.124195
0.147586
0.136756
0.129301
0.134207
0.158913
0.112252
0.105754
0.138403
0.155287
0.210328
0.122200
0.125055
0.104877
0.093287
0.116236
0.130663
0.124867
0.133081
0.191889
0.241737
0.170454
0.161771
0.182952
0.195893
0.194965
0.143492
0.170595
0.158387
0.145298
0.113069
0.125616
0.133351
0.129408
0.167749
0.193070
0.145765
0.134941
0.118648
0.106774
0.179966
0.129151
0.122584
0.138394
0.199383
0.239012
0.137673
0.137985
0.203346
0.245852
0.148298
0.222125
0.183093
0.219899
0.265489
0.209602
0.188240
0.231554
0.145164
0.184643
0.181849
0.161717
0.166222
0.171070
0.199618
0.144635
0.182473
0.110485
0.125190
0.149554
0.183955
0.151941
0.136151
0.126586
0.232038
0.189719
0.185632
0.174054
0.208909
0.202248
0.180533
0.157402
0.179666
0.111156
0.157447
0.133551
0.118828
0.115232
0.141209
0.167407
0.230345
0.230258
0.183487
0.147799
0.136421
0.133657
0.154560
0.166356
0.157512
0.143066
0.174544
0.157255
0.130498
0.202327
0.126715
0.148891
0.103736
0.139724
0.126498
0.154783
0.132342
0.149948
0.196436
0.233517
0.155313
0.234246
0.162951
0.144666
0.144794
0.141803
0.105430
0.129874
0.228478
0.150947
0.156148
0.110139
0.112492
0.126766
0.140118
0.139229
0.192709
0.125214
0.138634
0.136114
0.103624
0.117216
0.136601
0.168350
0.120593
0.120245
0.111148
0.129209
0.134737
0.138166
0.109388
0.118332
0.141294
0.121673
0.138082
0.137693
0.136882
0.197498
0.122735
0.088275
0.100117
0.086269
0.096363
0.128761
0.078100
0.091346
0.128368
0.124154
0.077299
0.125952
0.114744
0.146550
0.103686
0.163085
0.135898
0.104692
0.122875
0.139570
0.093210
0.093810
0.098876
0.126684
0.116620
0.120328
0.146427
0.167760
0.131721
0.143721
0.104218
0.141461
0.162761
0.163356
0.124726
0.097596
0.122842
0.101503
0.140594
0.121409
0.174121
0.107163
0.097307
0.133654
0.153736
0.125861
0.147904
0.097307
0.106475
0.113875
0.117415
0.104729
0.088665
0.135238
0.133565
0.164744
0.120689
0.149681
0.102288
0.095400
0.143195
0.094534
0.107653
0.105898
0.105780
0.124816
0.097227
0.096295
0.104734
0.111111
0.077296
0.108925
0.090011
0.111077
0.085855
0.118353
0.159169
0.085693
0.096718
0.120520
0.116030
0.130762
0.130865
0.089326
0.128689
0.123547
0.187372
0.136227
0.108927
0.154333
0.145159
0.166367
0.129474
0.151715
0.122363
0.106550
0.094362
0.105923
0.119320
0.165407
0.120792
0.150309
0.117078
0.100820
0.113755
0.104702
0.125640
0.086709
0.085688
0.131582
0.104186
0.121833
0.140850
0.133358
0.121901
0.074834
0.088290
0.079470
0.122739
0.179164
0.148867
0.141398
0.125993
0.146628
0.083548
0.122905
0.109218
0.106292
0.099305
0.085994
0.134375
0.101454
0.125387
0.122342
0.105659
0.108436
0.106885
0.095289
0.111746
0.121732
0.183362
0.167878
0.276556
0.235350
0.136064
0.258821
0.218059
0.257636
0.264396
0.237007
0.216172
0.163494
0.274916
0.220200
0.260708
0.193418
0.207782
0.297665
0.337994
0.234808
0.359912
0.261417
0.185230
0.214592
0.270070
0.353348
0.256642
0.253373
0.315169
0.263739
0.176821
0.209831
0.273110
0.291933
0.322545
0.233352
0.122132
0.113206
0.155071
0.092242
0.162122
0.236111
0.181984
0.272213
0.216724
0.155451
0.124283
0.147846
0.203821
0.157142
0.160741
0.282299
0.175434
0.289294
0.176716
0.135623
0.180008
0.134104
0.152230
0.141094
0.184257
0.137779
0.113403
0.145287
0.165646
0.157923
0.131337
0.181907
0.175430
0.147130
0.210510
0.206155
0.194938
0.147509
0.192765
0.181172
0.158366
0.209998
0.126263
0.144785
0.159085
0.116702
0.123871
0.162127
0.131068
0.162389
0.120757
0.208617
0.133835
0.151955
0.203898
0.128021
0.149824
0.189239
0.140883
0.120688
0.118057
0.162204
0.142193
0.182123
0.138060
0.125539
0.236614
0.164343
0.169785
0.254850
0.104286
0.175628
0.255741
0.200325
0.170779
0.158892
0.257180
0.229821
0.183359
0.165005
0.147549
0.246807
0.231366
0.167925
0.129644
0.142381
0.143750
0.206928
0.147764
0.165464
0.269343
0.146453
0.135445
0.129815
0.131808
0.137227
0.175496
0.189573
0.194717
0.204281
0.146706
0.151601
0.159446
0.132187
0.244503
0.147039
0.132740
0.089173
0.108251
0.141392
0.167887
0.172136
0.277783
0.226999
0.268846
0.208166
0.217552
0.160190
0.161929
0.176984
0.107902
0.176458
0.127982
0.157012
0.116962
0.189207
0.197272
0.092164
0.157516
0.133469
0.101543
0.119367
0.164191
0.136105
0.206253
0.194310
0.175777
0.268510
0.152062
0.199812
0.221776
0.244274
0.165676
0.163628
0.177411
0.173355
0.192441
0.114746
0.120154
0.206572
0.169793
0.125074
0.134455
0.180971
0.153749
0.146333
0.118914
0.220008
0.219460
0.204203
0.270632
0.194034
0.238830
0.160143
0.151590
0.106385
0.135082
0.205814
0.291706
0.139948
0.146777
0.180822
0.183275
0.219416
0.244177
0.205250
0.214549
0.122969
0.163606
0.137369
0.126786
0.158602
0.151716
0.164958
0.129298
0.148556
0.156518
0.184656
0.163637
0.145574
0.166863
0.179111
0.225040
0.130954
0.124173
0.216030
0.189927
0.206884
0.163336
0.143796
0.179346
0.128660
0.165517
0.129078
0.165885
0.181553
0.142089
0.134512
0.138953
0.177573
0.184652
0.130814
0.152797
0.111194
0.145117
0.132154
0.219155
0.105380
0.136703
0.158021
0.096743
0.143778
0.139943
0.139335
0.149676
0.195260
0.188164
0.086368
0.182147
0.192462
0.117678
0.147722
0.126488
0.166835
0.143055
0.129426
0.100812
0.096592
0.083771
0.106163
0.129214
0.124001
0.245646
0.170181
0.179109
0.175014
0.235228
0.136550
0.140370
0.140944
0.161240
0.115520
0.106155
0.130658
0.119935
0.133562
0.140795
0.110678
0.206515
0.155280
0.178271
0.103392
0.112535
0.101840
0.098649
0.159069
0.149931
0.150905
0.120679
0.110710
0.097952
0.145005
0.125043
0.206827
0.196149
0.134751
0.187956
0.219134
0.175567
0.198514
0.148687
0.202931
0.172574
0.133265
0.135197
0.111089
0.132699
0.109443
0.125627
0.132372
0.173743
0.121836
0.134087
0.142143
0.218992
0.120211
0.156185
0.152689
0.152430
0.092091
0.134704
0.128726
0.176240
0.217504
0.190579
0.136524
0.130120
0.127616
0.115980
0.201588
0.211373
0.096409
0.143182
0.153832
0.136703
0.141374
0.212475
0.137130
0.279617
0.130196
0.210837
0.237200
0.249769
0.130122
0.281271
0.260330
0.188798
0.198435
0.129192
0.274519
0.228074
0.151127
0.173654
0.262780
0.138305
0.176886
0.214112
0.218581
0.119147
0.149716
0.256831
0.289842
0.170111
0.124625
0.118759
0.174191
0.123525
0.176970
0.186262
0.136141
0.162079
0.177657
0.180959
0.134902
0.239205
0.274869
0.162575
0.213597
0.194477
0.232988
0.215126
0.214501
0.159063
0.146348
0.177487
0.165976
0.141359
0.131694
0.107343
0.127715
0.147626
0.132599
0.161572
0.132460
0.184465
0.148700
0.238662
0.171977
0.143342
0.286152
0.140412
0.150321
0.136890
0.168529
0.188594
0.151039
0.109460
0.154809
0.134458
0.131740
0.157588
0.149568
0.225649
0.162505
0.126212
0.125060
0.126357
0.141189
0.158819
0.136674
0.180876
0.186962
0.128960
0.167571
0.206072
0.155898
0.159926
0.154526
0.151145
0.125290
0.123312
0.129240
0.175052
0.119730
0.184747
0.163788
0.176563
0.117017
0.104493
0.108731
0.164141
0.136148
0.112106
0.134838
0.196106
0.210618
0.129361
0.096690
0.149662
0.174155
0.166987
0.137522
0.126771
0.134884
0.159132
0.145434
0.119364
0.195822
0.258071
0.220620
0.204210
0.181658
0.246830
0.155962
0.156005
0.098513
0.100766
0.201882
0.242344
0.138356
0.185768
0.257945
0.124719
0.140884
0.170941
0.195760
0.111153
0.123952
0.180656
0.139158
0.198374
0.201855
0.173535
0.222658
0.239305
0.238017
0.183636
0.147798
0.134902
0.182229
0.170542
0.105196
0.124096
0.131333
0.111178
0.128723
0.106728
0.110316
0.119200
0.120584
0.129571
0.137004
0.110054
0.113697
0.165119
0.172884
0.159823
0.226165
0.285377
0.124385
0.263165
0.217996
0.122535
0.113981
0.100475
0.144475
0.164538
0.248295
0.176371
0.160099
0.158822
0.150508
0.134766
0.147848
0.133939
0.125373
0.212607
0.139715
0.148144
0.186295
0.267999
0.176961
0.210851
0.137096
0.125245
0.149689
0.159241
0.234323
0.216196
0.141519
0.125178
0.097408
0.158264
0.165240
0.206891
0.123402
0.159620
0.173285
0.187649
0.189927
0.137382
0.188669
0.125094
0.220024
0.200397
0.204040
0.240609
0.174335
0.115735
0.131871
0.156317
0.140529
0.153887
0.144344
0.142544
0.161696
0.150048
0.142464
0.123282
0.156326
0.195684
0.204894
0.140949
0.157308
0.098976
0.141409
0.135417
0.148156
0.140141
0.117211
0.142875
0.147467
0.194836
0.124022
0.137912
0.123132
0.228427
0.146689
0.142566
0.156480
0.208844
0.181344
0.222118
0.249097
0.314255
0.240695
0.210512
0.138228
0.196779
0.192538
0.132811
0.114854
0.154671
0.178749
0.159259
0.138096
0.184779
0.192315
0.186971
0.149870
0.157821
0.157153
0.156087
0.144265
0.142267
0.170044
0.167835
0.155389
0.186253
0.184959
0.201305
0.145343
0.151920
0.147451
0.239627
0.159716
0.165456
0.261420
0.193703
0.171824
0.202876
0.174780
0.121205
0.162103
0.242655
0.193382
0.196540
0.219923
0.172147
0.121610
0.173415
0.131343
0.130004
0.122406
0.147763
0.166616
0.117451
0.184309
0.127013
0.244035
0.217450
0.167362
0.132999
0.176492
0.277043
0.139266
0.277720
0.234240
0.195199
0.220152
0.224749
0.137513
0.187085
0.167881
0.135303
0.178870
0.211403
0.194494
0.273091
0.220308
0.219877
0.136979
0.176351
0.212445
0.136658
0.135809
0.216987
0.173347
0.231374
0.145344
0.152878
0.165826
0.216592
0.133293
0.157667
0.166960
0.130877
0.116898
0.151021
0.123155
0.167143
0.149384
0.248396
0.196462
0.166393
0.304077
0.135402
0.228519
0.247374
0.108893
0.118137
0.178839
0.180094
0.152730
0.204685
0.217761
0.214982
0.234979
0.288383
0.208727
0.208213
0.201911
0.156797
0.174558
0.225552
0.157572
0.107684
0.139891
0.139945
0.196516
0.130752
0.118262
0.211903
0.156192
0.216378
0.252384
0.255371
0.291016
0.199448
0.259626
0.207776
0.122980
0.145683
0.127000
0.166611
0.305843
0.203880
0.115764
0.169625
0.150483
0.152874
0.131096
0.208303
0.141150
0.146338
0.217280
0.264217
0.174645
0.222842
0.338568
0.194285
0.204824
0.255862
0.262418
0.184494
0.119034
0.126945
0.103606
0.195751
0.137942
0.138790
0.185150
0.144642
0.130040
0.126063
0.103895
0.165293
0.224588
0.128356
0.236996
0.137305
0.134276
0.133023
0.142376
0.128983
0.179430
0.190249
0.171700
0.196741
0.143303
0.158004
0.153527
0.127688
0.100900
0.112646
0.093582
0.185588
0.269490
0.144288
0.123226
0.144311
0.096028
0.114634
0.106877
0.217718
0.135798
0.162689
0.189636
0.184232
0.180827
0.177331
0.185240
0.123943
0.111918
0.124547
0.131030
0.122166
0.132868
0.118596
0.153848
0.178354
0.181211
0.178080
0.177057
0.263434
0.217124
0.127499
0.167625
0.120323
0.142595
0.119389
0.111044
0.126522
0.108089
0.122585
0.118323
0.116391
0.097868
0.105959
0.132979
0.122584
0.140115
0.127906
0.166605
0.184922
0.143631
0.168739
0.145850
0.225709
0.225492
0.202840
0.189767
0.177445
0.141969
0.158826
0.191482
0.140106
0.139091
0.167417
0.222839
0.268561
0.108045
0.220574
0.238801
0.156649
0.216641
0.166985
0.158860
0.134314
0.182708
0.120510
0.126332
0.126878
0.125135
0.090843
0.145346
0.083909
0.137665
0.126147
0.209052
0.187902
0.124997
0.113879
0.092937
0.099069
0.093910
0.210135
0.257168
0.087491
0.107810
0.108152
0.123405
0.136146
0.125473
0.142983
0.112126
0.083625
0.121074
0.132065
0.126397
0.150942
0.102433
0.172202
0.147569
0.145746
0.139919
0.212427
0.114736
0.178878
0.130278
0.125530
0.090888
0.158360
0.149355
0.113081
0.138089
0.114255
0.112432
0.124546
0.149931
0.122217
0.119020
0.173435
0.165693
0.110261
0.151552
0.165202
0.127710
0.128742
0.123821
0.150410
0.233043
0.121110
0.158900
0.134675
0.122568
0.123965
0.125249
0.144506
0.112404
0.116950
0.123964
0.138460
0.172395
0.132173
0.141026
0.132153
0.150618
0.131397
0.157702
0.129448
0.152174
0.103988
0.149912
0.129831
0.115638
0.146302
0.228493
0.122590
0.098846
0.104856
0.131250
0.113963
0.136163
0.168056
0.111259
0.158655
0.116621
0.093205
0.117531
0.173015
0.095819
0.119535
0.243166
0.165329
0.158268
0.115798
0.151162
0.155664
0.179873
0.115181
0.121677
0.098475
0.095996
0.150588
0.179094
0.134076
0.162268
0.113034
0.146948
0.116136
0.129691
0.127378
