0.084768
0.357970
0.297569
0.279283
0.254130
0.297720
0.197125
0.157023
0.141791
0.149291
0.135214
0.251284
0.249961
0.184469
0.266917
0.262582
0.177758
0.252488
0.179621
0.171274
0.219116
0.156938
0.169345
0.174910
0.148154
0.110264
0.098361
0.120472
0.169000
0.219573
0.219407
0.311889
0.140521
0.137537
0.270761
0.135062
0.144364
0.144358
0.158175
0.181038
0.128943
0.264510
0.255079
0.158825
0.174995
0.212155
0.135165
0.170178
0.122252
0.134344
0.174188
0.136587
0.166138
0.190084
0.172029
0.111604
0.188161
0.155402
0.134339
0.198652
0.148666
0.128877
0.163126
0.275211
0.148921
0.146423
0.213561
0.131605
0.162336
0.185947
0.114135
0.072508
0.082029
0.148283
0.142362
0.116623
0.125569
0.099342
0.118680
0.115017
0.109984
0.176837
0.190849
0.154437
0.167054
0.240208
0.097534
0.129429
0.136120
0.120518
0.138996
0.153262
0.113145
0.135528
0.106275
0.158048
0.159959
0.197117
0.116517
0.145662
0.188062
0.162323
0.178975
0.129800
0.128840
0.137596
0.103822
0.257839
0.190118
0.136818
0.077163
0.116448
0.100487
0.102732
0.118976
0.156517
0.157918
0.110887
0.206962
0.219693
0.170194
0.227773
0.142839
0.167313
0.176244
0.119714
0.102320
0.149150
0.215245
0.112618
0.201854
0.138715
0.116018
0.266123
0.271999
0.226332
0.345274
0.332809
0.330309
0.314999
0.197215
0.128189
0.120260
0.117478
0.131850
0.155540
0.194239
0.206562
0.231457
0.184421
0.191981
0.287591
0.282828
0.289351
0.422756
0.267720
0.288747
0.241976
0.252170
0.262699
0.262230
0.200942
0.249945
0.278083
0.270610
0.276755
0.244562
0.170930
0.165550
0.151721
0.141694
0.182454
0.180702
0.182425
0.121497
0.127509
0.183145
0.175205
0.206630
0.122014
0.178055
0.187904
0.102139
0.096156
0.152405
0.197269
0.328941
0.263096
0.150522
0.113416
0.148515
0.214082
0.270082
0.225071
0.115140
0.190614
0.278831
0.266917
0.310169
0.324772
0.352492
0.229730
0.210232
0.272994
0.113312
0.160037
0.216490
0.246811
0.310190
0.238890
0.341518
0.325318
0.238959
0.264907
0.203104
0.226052
0.294010
0.337250
0.131313
0.214694
0.143907
0.215122
0.293674
0.353468
0.181596
0.289711
0.269171
0.146545
0.138999
0.159971
0.321240
0.254291
0.161648
0.223153
0.294800
0.293881
0.204420
0.218440
0.183281
0.323688
0.268511
0.332608
0.396536
0.289148
0.241619
0.287940
0.120043
0.094529
0.185005
0.292550
0.195763
0.148573
0.240210
0.299773
0.224373
0.339463
0.195826
0.156805
0.130457
0.253164
0.237828
0.202218
0.103047
0.149197
0.288414
0.207078
0.218256
0.295722
0.195694
0.308667
0.352382
0.172757
0.203775
0.256590
0.241544
0.162036
0.124169
0.217399
0.194486
0.172855
0.247354
0.159338
0.326952
0.226028
0.255199
0.254350
0.284064
0.169732
0.150856
0.245589
0.137260
0.153516
0.266155
0.295532
0.160580
0.129133
0.121088
0.118676
0.118546
0.140188
0.155169
0.163963
0.128956
0.119341
0.149968
0.208026
0.237852
0.283003
0.198454
0.162012
0.107679
0.172674
0.164904
0.154657
0.233283
0.133564
0.425540
0.131587
0.157475
0.141423
0.132002
0.127621
0.189001
0.219049
0.158696
0.179948
0.137523
0.215163
0.230772
0.205039
0.208069
0.170029
0.197852
0.152817
0.248131
0.109426
0.171286
0.222297
0.144714
0.155807
0.208422
0.144389
0.122432
0.118197
0.155943
0.296518
0.231162
0.186256
0.241885
0.177769
0.226466
0.207791
0.115458
0.086299
0.114906
0.170305
0.196619
0.134586
0.140856
0.106855
0.197622
0.096322
0.112979
0.198396
0.175423
0.156964
0.113242
0.237502
0.271246
0.138227
0.145795
0.117299
0.099848
0.166846
0.190940
0.282105
0.181483
0.236097
0.238102
0.132600
0.273028
0.309972
0.138558
0.188657
0.249365
0.278762
0.213688
0.169137
0.240984
0.235849
0.245166
0.267123
0.173450
0.256261
0.281322
0.225398
0.209282
0.212300
0.167474
0.192012
0.191982
0.133870
0.256009
0.174929
0.140275
0.185151
0.258721
0.246912
0.126994
0.123819
0.104550
0.156568
0.168983
0.195328
0.121293
0.173717
0.299874
0.142847
0.104777
0.124996
0.156052
0.167422
0.261086
0.244225
0.176245
0.200968
0.181481
0.194738
0.246341
0.203641
0.227316
0.180314
0.196692
0.115319
0.125441
0.093898
0.151658
0.149081
0.177860
0.186452
0.206872
0.140146
0.210851
0.142649
0.102588
0.106038
0.098503
0.137812
0.145288
0.187603
0.133937
0.190328
0.223553
0.163376
0.234409
0.133884
0.202766
0.164268
0.229887
0.149591
0.128519
0.165739
0.102721
0.170317
0.161483
0.167982
0.128323
0.154628
0.193878
0.251994
0.278587
0.220496
0.270113
0.128852
0.140203
0.131349
0.255215
0.156248
0.128163
0.229566
0.245714
0.199551
0.205818
0.144218
0.203405
0.105059
0.203760
0.183441
0.140918
0.143307
0.263264
0.120853
0.199901
0.204103
0.207078
0.154537
0.108340
0.274621
0.129026
0.161644
0.185238
0.166588
0.189664
0.111126
0.157505
0.108855
0.251677
0.150060
0.279403
0.216440
0.136322
0.159009
0.169646
0.117115
0.208002
0.157112
0.177279
0.296249
0.254316
0.119130
0.321502
0.294899
0.125992
0.179980
0.135428
0.224174
0.271416
0.139459
0.176237
0.103641
0.119067
0.196254
0.124886
0.145731
0.198514
0.295247
0.246016
0.274063
0.288649
0.148185
0.287166
0.288047
0.265232
0.214583
0.253921
0.160859
0.088403
0.320514
0.437734
0.384426
0.400662
0.268919
0.287993
0.212072
0.248999
0.164730
0.248483
0.233117
0.108236
0.201075
0.217134
0.303396
0.290836
0.326389
0.292422
0.221975
0.088702
0.360441
0.350789
0.275161
0.146496
0.180455
0.245347
0.117770
0.140239
0.152141
0.275004
0.122206
0.280707
0.223866
0.283918
0.234495
0.267545
0.316719
0.110711
0.211957
0.262618
0.301124
0.206924
0.183364
0.134446
0.127151
0.112711
0.212214
0.188499
0.249270
0.237522
0.279292
0.269031
0.179012
0.339326
0.385887
0.302823
0.192284
0.215991
0.161923
0.294465
0.167805
0.161387
0.119676
0.268146
0.230720
0.237052
0.133337
0.180742
0.160278
0.234239
0.198249
0.283405
0.162986
0.302952
0.276548
0.206442
0.260725
0.274304
0.155772
0.239421
0.259984
0.160470
0.150252
0.141128
0.090697
0.150446
0.184240
0.158940
0.130091
0.239380
0.257366
0.167948
0.226332
0.273835
0.312711
0.203356
0.170015
0.107975
0.117766
0.156916
0.167933
0.098436
0.088386
0.181988
0.124726
0.142790
0.121478
0.123849
0.110027
0.156033
0.214374
0.225042
0.197678
0.242134
0.252338
0.187723
0.254643
0.184730
0.329208
0.211713
0.185080
0.158618
0.199221
0.236143
0.122098
0.147423
0.124970
0.131375
0.251953
0.274269
0.235680
0.174317
0.156813
0.169982
0.192067
0.158728
0.255076
0.138650
0.134187
0.139097
0.107463
0.099234
0.136414
0.217487
0.166554
0.133276
0.175514
0.180742
0.148701
0.238062
0.164409
0.200797
0.152658
0.195185
0.114918
0.188277
0.161652
0.199659
0.249875
0.132701
0.190063
0.203313
0.249593
0.255925
0.184399
0.402991
0.211375
0.166331
0.225033
0.241909
0.119473
0.142499
0.158209
0.181309
0.187926
0.187413
0.288438
0.405613
0.314208
0.390441
0.194859
0.204092
0.153717
0.174900
0.274836
0.348294
0.361049
0.174783
0.176659
0.134990
0.170345
0.239491
0.234614
0.274897
0.397249
0.343917
0.257560
0.249684
0.132143
0.134353
0.235197
0.213086
0.263170
0.331724
0.324339
0.299000
0.196476
0.346534
0.203918
0.375453
0.241971
0.267228
0.185509
0.190171
0.119054
0.294426
0.210906
0.195289
0.223702
0.183472
0.135790
0.127791
0.170367
0.255689
0.098176
0.138080
0.127464
0.159334
0.224497
0.273216
0.343012
0.332750
0.152789
0.310261
0.294724
0.233251
0.194297
0.212612
0.203568
0.212615
0.119627
0.151469
0.265373
0.247360
0.186186
0.225732
0.147728
0.247171
0.137591
0.179790
0.143429
0.163549
0.144704
0.170999
0.186775
0.217417
0.216835
0.258435
0.154597
0.151309
0.131341
0.172709
0.178488
0.182907
0.246104
0.242946
0.326979
0.147341
0.213394
0.251080
0.163212
0.266758
0.137518
0.150485
0.199162
0.132604
0.154186
0.156219
0.241588
0.277978
0.228091
0.144848
0.249147
0.157197
0.121157
0.139595
0.258956
0.134886
0.186785
0.207148
0.305562
0.160878
0.209310
0.254647
0.247802
0.263651
0.212382
0.149995
0.169208
0.138292
0.114476
0.147327
0.146471
0.191754
0.217709
0.107032
0.159558
0.245428
0.229951
0.248502
0.209064
0.129129
0.238114
0.124585
0.117118
0.113811
0.222192
0.235958
0.126670
0.300545
0.251755
0.228558
0.169033
0.191324
0.116456
0.190491
0.246065
0.167122
0.203621
0.252092
0.129472
0.201957
0.145106
0.244825
0.175514
0.263212
0.181549
0.309578
0.170229
0.223174
0.208210
0.261564
0.267169
0.221061
0.137004
0.342193
0.293927
0.272594
0.350388
0.195129
0.363219
0.286215
0.115234
0.138535
0.136720
0.193657
0.138819
0.340192
0.264380
0.279122
0.163935
0.245902
0.282824
0.288151
0.177194
0.222407
0.275200
0.246861
0.247362
0.261119
0.192148
0.197877
0.097865
0.169353
0.175231
0.178430
0.170702
0.299041
0.245445
0.181386
0.153421
0.146122
0.243515
0.260534
0.140133
0.269217
0.183028
0.256776
0.296170
0.168364
0.114984
0.246314
0.267395
0.117570
0.182853
0.154389
0.146414
0.139460
0.317916
0.280825
0.318185
0.332968
0.352513
0.366623
0.301994
0.163983
0.262265
0.195848
0.296414
0.338227
0.243305
0.272528
0.254530
0.201077
0.305753
0.275582
0.303865
0.313249
0.187094
0.128231
0.185577
0.247552
0.318966
0.225427
0.262954
0.314020
0.227762
0.196005
0.159543
0.216730
0.280486
0.353752
0.301470
0.362613
0.422191
0.300413
0.394908
0.263023
0.200879
0.207388
0.236226
0.261485
0.312936
0.432774
0.286284
0.341589
0.189666
0.264411
0.345470
0.323689
0.312323
0.269368
0.362037
0.388727
0.206302
0.307857
0.287243
0.142375
0.196376
0.403833
0.283468
0.321576
0.322916
0.334378
0.238992
0.200103
0.157156
0.185226
0.294744
0.340426
0.268011
0.114234
0.165990
0.224454
0.281003
0.187907
0.288074
0.381192
0.285333
0.341312
0.373717
0.229341
0.108898
0.136778
0.288994
0.223218
0.251934
0.182420
0.189457
0.258383
0.287488
0.230906
0.330539
0.131982
0.326919
0.167062
0.251109
0.220623
0.164875
0.200055
0.288787
0.184654
0.266423
0.158506
0.200975
0.208131
0.210866
0.142035
0.152906
0.261030
0.135071
0.234307
0.256181
0.148231
0.149885
0.289051
0.266188
0.173625
0.249224
0.155454
0.174072
0.252043
0.265634
0.234250
0.237827
0.186520
0.204374
0.266119
0.141984
0.146987
0.159724
0.167375
0.159813
0.119474
0.134243
0.195251
0.227617
0.196970
0.124871
0.313058
0.129406
0.162107
0.166447
0.123014
0.197136
0.248334
0.234003
0.219599
0.282743
0.231349
0.282037
0.222733
0.135636
0.127020
0.250656
0.294175
0.153024
0.150027
0.143581
0.184730
0.249707
0.138081
0.110358
0.215530
0.135156
0.248665
0.155935
0.200228
0.195071
0.260802
0.096901
0.329592
0.135153
0.152757
0.248121
0.146758
0.311547
0.137300
0.217521
0.204450
0.199975
0.248454
0.132747
0.263703
0.223813
0.191329
0.172128
0.228892
0.291347
0.217461
0.133289
0.231338
0.175530
0.182749
0.262097
0.145520
0.167864
0.174564
0.259864
0.262059
0.158132
0.185873
0.279745
0.140980
0.125499
0.140746
0.103021
0.122310
0.165313
0.191949
0.137704
0.175240
0.167940
0.201527
0.139665
0.186286
0.198767
0.237669
0.199417
0.104742
0.176604
