0.054647
0.211519
0.341122
0.390613
0.238981
0.168859
0.165845
0.145376
0.300286
0.161610
0.152331
0.177832
0.227255
0.285401
0.130525
0.187070
0.126066
0.230536
0.296956
0.227628
0.237335
0.216097
0.261219
0.260295
0.375813
0.251303
0.328360
0.341649
0.287458
0.260361
0.243877
0.182750
0.247439
0.334136
0.251912
0.289764
0.399680
0.288073
0.179240
0.357722
0.141405
0.199570
0.291293
0.253979
0.208022
0.352688
0.345823
0.245119
0.202693
0.165741
0.200936
0.262145
0.360254
0.405211
0.279937
0.215516
0.409966
0.137329
0.263522
0.260845
0.296287
0.413216
0.187937
0.227425
0.368858
0.176746
0.201221
0.231787
0.205205
0.160056
0.130497
0.140999
0.150062
0.215888
0.228554
0.133860
0.243681
0.246691
0.211720
0.228696
0.178543
0.162241
0.207324
0.317325
0.177398
0.111801
0.203687
0.141125
0.157990
0.192082
0.198089
0.177376
0.140191
0.194553
0.136140
0.212886
0.104252
0.153385
0.128285
0.169506
0.215726
0.176354
0.134327
0.099405
0.129727
0.133796
0.191523
0.148420
0.174771
0.157833
0.249909
0.157733
0.143848
0.191199
0.194232
0.174165
0.165960
0.188091
0.218637
0.112747
0.156179
0.253045
0.267225
0.297952
0.206889
0.180409
0.187774
0.181094
0.139993
0.197454
0.126995
0.248047
0.209415
0.212614
0.264881
0.150296
0.246321
0.234297
0.290921
0.194844
0.159086
0.161599
0.146753
0.172555
0.156787
0.144834
0.229141
0.241138
0.191382
0.287621
0.199112
0.124487
0.322595
0.351319
0.221596
0.134258
0.213529
0.315293
0.229199
0.162921
0.251719
0.347386
0.186742
0.171901
0.146321
0.096006
0.287436
0.308398
0.248863
0.313446
0.285567
0.258349
0.245314
0.193947
0.284502
0.191353
0.333009
0.353682
0.274649
0.362221
0.199951
0.240182
0.196844
0.229339
0.185655
0.366452
0.325366
0.166824
0.183661
0.197494
0.227651
0.266851
0.253298
0.234721
0.268535
0.373612
0.260170
0.240883
0.148295
0.223975
0.336645
0.316430
0.270786
0.367276
0.229504
0.206474
0.208579
0.229884
0.212883
0.150797
0.101145
0.185220
0.173085
0.207261
0.198534
0.262991
0.331824
0.276380
0.173233
0.193463
0.218311
0.183904
0.189756
0.129037
0.132055
0.153907
0.142722
0.215374
0.163776
0.334866
0.211690
0.246984
0.185986
0.236392
0.354260
0.278224
0.183167
0.124715
0.187249
0.287128
0.187292
0.240410
0.325944
0.336073
0.228691
0.215827
0.260653
0.289861
0.271700
0.230199
0.157600
0.251247
0.242893
0.169617
0.377465
0.190905
0.257092
0.101042
0.125763
0.100603
0.131249
0.201641
0.240870
0.236687
0.104410
0.136987
0.155526
0.190933
0.169272
0.194604
0.304368
0.328116
0.269745
0.250596
0.126863
0.128802
0.203423
0.160971
0.140527
0.220968
0.143721
0.351270
0.204559
0.258645
0.312363
0.399446
0.342666
0.204772
0.131138
0.161789
0.205248
0.189015
0.252501
0.210108
0.279199
0.118738
0.147611
0.207412
0.293868
0.299931
0.190495
0.112825
0.250041
0.298139
0.146324
0.145590
0.200879
0.238222
0.260172
0.275405
0.124941
0.141269
0.239712
0.174134
0.242680
0.313669
0.241825
0.184880
0.307053
0.173651
0.179096
0.136269
0.187365
0.164028
0.153151
0.199525
0.253342
0.187373
0.121108
0.155552
0.242146
0.333312
0.245062
0.282966
0.183079
0.237050
0.233043
0.225827
0.241984
0.118893
0.109500
0.115342
0.113075
0.104526
0.163262
0.138310
0.157526
0.182480
0.162318
0.199013
0.198301
0.129782
0.183273
0.208764
0.262665
0.187686
0.344187
0.295304
0.198982
0.127934
0.244691
0.175112
0.121388
0.194685
0.213551
0.149134
0.196655
0.355599
0.254337
0.281311
0.181228
0.172222
0.126019
0.147603
0.210474
0.135330
0.255790
0.221131
0.149815
0.227168
0.279548
0.169528
0.233118
0.204251
0.220121
0.232910
0.216421
0.273396
0.154101
0.156596
0.126917
0.141051
0.085022
0.124256
0.165359
0.150173
0.147996
0.211093
0.147066
0.107854
0.302148
0.210989
0.283010
0.199262
0.259987
0.267683
0.155935
0.155705
0.180554
0.249365
0.216049
0.305820
0.246106
0.309442
0.332069
0.404217
0.279834
0.258593
0.217222
0.243291
0.266810
0.244860
0.287301
0.322104
0.318614
0.323313
0.255152
0.291929
0.348898
0.261587
0.336779
0.411014
0.479058
0.286704
0.260242
0.346846
0.247835
0.260492
0.192797
0.295555
0.327388
0.200626
0.257910
0.209613
0.283431
0.201636
0.223682
0.344945
0.372501
0.154060
0.127696
0.283066
0.142968
0.186815
0.273990
0.193335
0.166830
0.448274
0.186552
0.360465
0.164655
0.231444
0.218692
0.229573
0.279624
0.294632
0.247669
0.212534
0.358749
0.207592
0.394768
0.276392
0.267290
0.316097
0.178996
0.243454
0.201609
0.340795
0.227670
0.281647
0.259238
0.192504
0.394598
0.272284
0.286039
0.382722
0.266235
0.491941
0.202420
0.191036
0.266761
0.145054
0.166967
0.411184
0.276541
0.218197
0.407789
0.279917
0.297811
0.301113
0.223329
0.203494
0.160406
0.114212
0.157647
0.184507
0.258384
0.323398
0.368557
0.240696
0.173000
0.191648
0.232792
0.214162
0.183443
0.219320
0.316983
0.352919
0.297387
0.434596
0.168275
0.125669
0.193305
0.222300
0.314436
0.161115
0.187182
0.333443
0.240842
0.253640
0.215973
0.341350
0.358457
0.260887
0.291042
0.217632
0.381731
0.334163
0.349996
0.324124
0.256970
0.160099
0.267411
0.204804
0.185499
0.409201
0.264344
0.203565
0.327060
0.163289
0.178745
0.177454
0.156742
0.240128
0.279459
0.376435
0.195574
0.165405
0.373394
0.209841
0.139501
0.355300
0.213764
0.238192
0.305828
0.306751
0.335396
0.143510
0.340790
0.366335
0.178726
0.191938
0.197966
0.232974
0.312276
0.306129
0.337875
0.289570
0.220887
0.196152
0.190195
0.288383
0.188920
0.328053
0.377387
0.243738
0.176764
0.441989
0.200579
0.290537
0.230070
0.329830
0.225622
0.204868
0.321368
0.287228
0.301982
0.274385
0.309819
0.243743
0.346920
0.229327
0.303244
0.350601
0.307672
0.378270
0.273175
0.249814
0.347198
0.400209
0.333025
0.192966
0.223004
0.175213
0.292838
0.297079
0.214250
0.248103
0.319907
0.190737
0.204633
0.239367
0.146702
0.191661
0.135225
0.173450
0.217394
0.323465
0.394253
0.345991
0.323593
0.332747
0.357441
0.241033
0.215437
0.195113
0.164510
0.268654
0.184464
0.392783
0.349988
0.183761
0.246548
0.345055
0.356170
0.192343
0.233930
0.246811
0.321807
0.245128
0.220562
0.245385
0.297828
0.229557
0.346009
0.208060
0.281826
0.267391
0.174716
0.199851
0.363796
0.349047
0.290553
0.328624
0.408167
0.209256
0.285924
0.378505
0.241280
0.237767
0.248543
0.332106
0.230052
0.255893
0.213860
0.427507
0.282274
0.269483
0.306288
0.412769
0.353423
0.372673
0.205960
0.190400
0.327585
0.198900
0.179128
0.164659
0.176793
0.165191
0.139997
0.304279
0.405900
0.372233
0.181260
0.156089
0.194303
0.155145
0.160190
0.126246
0.389241
0.251252
0.269614
0.324728
0.373691
0.220535
0.153426
0.277186
0.147063
0.296258
0.164284
0.197189
0.284801
0.191984
0.311058
0.289430
0.403079
0.281277
0.352251
0.239701
0.343714
0.170427
0.319383
0.328218
0.146142
0.374026
0.250017
0.312121
0.225586
0.283828
0.293303
0.253462
0.243120
0.160774
0.245417
0.132647
0.213348
0.269542
0.151142
0.434363
0.280685
0.324784
0.270523
0.326293
0.227331
0.180680
0.236340
0.120573
0.164807
0.222483
0.179832
0.136705
0.288161
0.312225
0.178229
0.177918
0.267062
0.206080
0.154531
0.195048
0.290659
0.299380
0.371259
0.208483
0.277733
0.161108
0.158538
0.255270
0.337533
0.202081
0.277689
0.210712
0.170197
0.251843
0.247087
0.223180
0.284221
0.451038
0.264366
0.154791
0.246733
0.310564
0.261727
0.408972
0.267947
0.193894
0.186731
0.149723
0.167732
0.191128
0.211282
0.243403
0.284612
0.380507
0.260746
0.299248
0.187675
0.215514
0.243368
0.200073
0.383079
0.274089
0.325213
0.261286
0.283594
0.274918
0.190658
0.218497
0.375943
0.270557
0.251767
0.358883
0.237570
0.219322
0.361038
0.158182
0.297474
0.213788
0.254308
0.281844
0.359356
0.306718
0.249016
0.231709
0.181536
0.291069
0.214824
0.322822
0.266847
0.174974
0.214540
0.165640
0.286204
0.177605
0.192798
0.252555
0.266828
0.116602
0.184387
0.229126
0.171125
0.146176
0.218712
0.116720
0.165784
0.161722
0.148297
0.191349
0.200377
0.281011
0.227122
0.280270
0.362575
0.293031
0.255301
0.145448
0.145381
0.143531
0.162160
0.337515
0.251487
0.208616
0.179266
0.189963
0.183136
0.126083
0.221229
0.302246
0.258734
0.283067
0.196521
0.245732
0.264251
0.211939
0.315514
0.241720
0.216827
0.339271
0.267445
0.212843
0.246767
0.181324
0.233829
0.347821
0.148263
0.235451
0.218419
0.263551
0.304569
0.382861
0.336592
0.242970
0.195715
0.244871
0.181314
0.256067
0.217493
0.360855
0.290894
0.201448
0.195127
0.159291
0.357754
0.268215
0.180496
0.193039
0.263818
0.332805
0.370120
0.320886
0.169966
0.246476
0.180996
0.297030
0.412556
0.313998
0.343061
0.196360
0.182254
0.290450
0.250963
0.113256
0.192091
0.295878
0.261958
0.146432
0.154385
0.187581
0.211666
0.211462
0.196934
0.185000
0.302041
0.236835
0.257797
0.252552
0.159462
0.203336
0.221711
0.170434
0.125337
0.141522
0.203256
0.150443
0.236564
0.249263
0.292578
0.114064
0.196224
0.249733
0.148892
0.170958
0.238077
0.201005
0.264220
0.235465
0.173367
0.184894
0.238624
0.195202
0.195394
0.118170
0.171703
0.354655
0.204266
0.289418
0.145301
0.192194
0.126995
0.123402
0.110330
0.170329
0.163959
0.165395
0.171693
0.161672
0.098091
0.151056
0.256531
0.200334
0.306139
0.295647
0.210673
0.237097
0.242809
0.275743
0.207542
0.177808
0.169777
0.298639
0.206580
0.204704
0.149662
0.162330
0.152802
0.207276
0.169994
0.253255
0.289948
0.126808
0.121914
0.205438
0.195676
0.201977
0.146188
0.107985
0.090398
0.177428
0.242368
0.124261
0.205178
0.239793
0.262878
0.178832
0.180409
0.147385
0.123805
0.210284
0.208806
0.171702
0.245201
0.323637
0.289271
0.125587
0.291350
0.198280
0.136281
0.177079
0.266308
0.266994
0.245817
0.204393
0.264489
0.150471
0.291938
0.145364
0.207078
0.161708
0.202491
0.220562
0.210523
0.203914
0.308171
0.166301
0.162059
0.248321
0.270109
0.240065
0.254904
0.245015
0.173347
0.197955
0.266152
0.215138
0.188599
0.144342
0.269867
0.177901
0.304410
0.186320
0.280112
0.327879
0.282799
0.236153
0.099912
0.126103
0.143468
0.161158
0.185363
0.254715
0.122057
0.235090
0.365326
0.217957
0.178985
0.198041
0.130625
0.178817
0.156702
0.123177
0.095759
0.188868
0.279777
0.290832
0.416110
0.361874
0.409744
0.478481
0.391151
0.488957
0.365894
0.262170
0.247805
0.232141
0.344895
0.287377
0.262552
0.290574
0.260575
0.239951
0.262719
0.455920
0.435160
0.288083
0.355417
0.289003
0.195611
0.270638
0.333841
0.375130
0.351704
0.313726
0.351640
0.203047
0.187771
0.257651
0.309914
0.197050
0.188057
0.196991
0.240471
0.279335
0.240955
0.439327
0.391763
0.404017
0.225783
0.297256
0.271950
0.286664
0.238983
0.341632
0.304835
0.156828
0.187787
0.191956
0.136696
0.166934
0.210842
0.161158
0.269203
0.198350
0.290041
0.271729
0.210299
0.207773
0.306051
0.202674
0.232305
0.306632
0.103965
0.178808
0.319192
0.200187
0.303834
0.310446
0.229151
0.179030
0.145086
0.287313
0.277627
0.345148
0.104031
0.296378
0.187484
0.117952
0.264439
0.269766
0.279101
0.238876
0.136691
0.153445
0.191547
0.265222
0.175038
0.222188
0.259325
0.312243
0.340609
0.149389
0.132994
0.259148
0.295549
0.328402
0.259714
0.373172
0.198057
0.165460
0.200015
0.132626
0.263224
0.271569
0.168184
0.223755
0.225617
0.139193
0.234048
0.239063
0.242637
0.162519
0.339395
0.186659
0.234338
0.170873
0.225733
0.307837
0.267677
0.236467
0.148841
0.173534
0.099103
0.165434
0.104993
0.097769
0.152229
0.152288
0.348282
0.255692
0.185836
0.282908
0.183213
0.240903
0.338051
0.129580
0.291404
0.225665
0.201683
0.175843
0.180328
0.192736
0.256224
0.287651
0.117008
0.224023
0.132099
0.096821
0.102860
0.155459
0.280883
0.165245
0.206707
0.119333
0.143418
0.173512
0.134713
0.223788
0.132721
0.249367
0.229107
0.183067
0.211480
0.169452
0.213083
0.200556
0.149551
0.153939
0.329743
0.281191
0.146497
0.292495
0.215570
0.303305
0.282167
0.282550
0.205067
0.226901
0.117318
0.139448
0.159992
0.250261
0.244966
0.168770
0.279442
0.095400
0.185915
0.152125
0.149001
0.103698
0.237130
0.252488
0.295592
0.287019
0.309971
0.131367
0.155505
0.181158
0.242677
0.155530
0.145618
0.148666
0.255666
0.141155
0.130037
0.155365
0.192361
0.104781
0.173393
0.270900
0.164698
0.192900
0.161490
0.225207
0.124184
0.158736
0.209657
0.103523
0.164783
0.257191
0.229510
0.152825
0.159135
0.150659
0.154422
0.271088
0.195324
0.271008
0.121526
0.152951
0.156018
0.143828
0.321763
0.160741
0.403969
0.175151
0.331440
0.253702
0.215663
0.168692
0.191768
0.141824
0.179530
0.127715
0.152900
0.104497
0.132035
0.168959
0.240063
0.100966
0.189662
0.270865
0.276917
0.214224
0.218977
0.246661
0.295219
0.233989
0.191045
0.205378
0.283564
0.288656
0.159467
0.156233
0.156410
0.157388
0.108347
0.129561
0.173356
0.210082
0.151588
0.139383
0.278820
0.320986
0.307323
0.154405
0.159863
0.255303
0.296499
0.129474
0.118330
0.126229
0.256830
0.147264
0.151140
0.289567
0.228353
0.177707
0.247804
0.101390
0.127285
0.120228
0.208827
0.189760
0.208696
0.177273
0.123023
0.226540
0.141731
0.259043
0.210712
0.268240
0.290308
0.222826
0.148697
0.136433
0.176121
0.294199
0.263335
0.159682
0.166209
0.145883
0.173925
0.209096
0.189311
0.192631
0.159529
0.168992
0.324268
0.182149
0.207045
0.180968
0.242137
0.148025
0.134174
0.196569
0.167087
0.212232
0.117318
0.144693
0.145334
0.321764
0.159999
0.294535
0.144149
0.147255
0.225872
0.197120
0.139069
0.130706
0.203483
0.204998
0.163839
0.153051
0.213777
0.164809
0.205958
0.130271
0.144738
0.110038
0.184163
0.087768
0.180448
0.194220
0.156693
0.220960
0.125368
0.217936
0.226869
0.096380
0.100405
0.171679
0.286239
0.361909
0.256459
0.211318
0.255342
0.165135
0.269276
0.190380
0.286493
0.254195
0.256922
0.141320
0.260664
0.200002
0.301567
0.168699
0.194248
0.203283
0.230435
0.186561
0.237023
0.152329
0.146987
0.163316
0.128197
0.156569
0.276171
0.240917
0.214655
0.247447
0.267508
0.133365
0.151897
0.183745
0.162602
0.165187
0.217984
0.253926
0.131790
0.205145
0.284189
0.194691
0.264817
0.231049
0.185081
0.300432
0.305414
0.204217
0.270197
0.259303
0.156821
0.180512
0.147919
0.235041
0.220783
0.291651
0.260454
0.189620
0.272266
0.158482
0.134377
0.110414
0.108092
0.152630
0.240166
0.233997
0.205919
0.108222
0.180513
0.163170
0.240928
0.117984
0.249623
0.222445
0.246369
0.189742
0.212824
0.164320
0.343418
0.191850
0.108319
0.141322
0.206041
0.176789
0.091340
0.184658
0.070409
0.132004
0.180390
0.167733
0.119331
0.147794
0.153521
0.116776
0.172085
0.148301
0.236073
0.270030
0.144181
0.100855
0.143063
0.157970
0.156486
0.169332
0.265545
0.165736
0.298777
0.151268
0.192950
0.269654
0.264066
0.201149
0.302520
0.354100
0.157102
0.227894
0.121964
0.169722
0.274390
0.197399
0.110682
0.200868
0.233897
0.200844
0.202764
0.258130
0.244881
0.164258
0.132788
0.284133
0.209851
0.199000
0.189321
0.166202
0.140251
0.129067
0.176674
0.192837
0.122608
0.177228
0.218709
0.194978
0.243683
0.183388
0.173165
0.087232
0.120522
0.160412
0.113945
0.095624
0.125348
0.168729
0.142806
0.150520
0.158968
0.269011
0.135129
0.147893
0.330567
0.265959
0.267966
0.152589
0.268401
0.122068
0.162381
0.211887
0.272108
0.324553
0.382746
0.274369
0.199130
0.241852
0.108738
0.103010
0.217817
0.156971
0.183245
0.150304
0.086473
0.137516
0.097321
0.125884
0.153919
0.115476
0.216047
0.114385
0.219980
0.227495
0.214060
0.258327
0.263126
0.186490
0.198683
0.152263
0.150649
0.139581
0.121808
0.112224
0.279823
0.312931
0.142772
0.139158
0.186182
0.122827
0.068489
0.222070
0.257340
0.250969
0.219367
0.220735
0.266199
0.130077
0.173946
0.225111
0.222759
0.171222
0.146338
0.224558
0.238099
0.244879
0.311437
0.284125
0.244998
0.165602
0.134950
0.252031
0.244423
0.244834
0.210056
0.246073
0.248626
0.261077
0.234244
0.181373
0.145782
0.184279
0.269522
0.213033
0.184083
0.254967
0.121609
0.297557
0.255726
0.244968
0.121508
0.112222
0.122551
0.151822
0.119220
0.310363
0.294934
0.192925
0.230443
0.148306
0.134606
0.124255
0.142879
0.171826
0.197854
0.136000
0.174013
0.197436
0.163433
0.139809
0.095735
0.075053
0.230484
0.231538
0.233778
0.251912
0.204036
0.230614
0.213685
0.153776
0.122640
0.220752
0.238811
0.159327
0.223857
0.236409
0.232419
0.137877
0.217650
0.224007
0.198268
0.268807
0.153373
0.172684
0.154594
0.073705
0.071139
0.201552
0.182718
0.147436
0.202563
0.227469
0.174612
0.225523
0.168076
0.133801
0.132896
0.176715
0.289792
0.272519
0.154709
0.143976
0.282186
0.199244
0.182046
0.153810
0.150908
0.096489
0.141382
0.136138
0.148440
0.199610
0.179238
0.143139
0.105002
0.226945
0.114753
0.193089
0.200646
0.154310
0.308347
0.187076
0.217274
0.103518
0.127958
0.142298
0.234483
0.322752
0.232108
0.183473
0.319067
0.206187
0.253447
0.234852
0.306841
0.248957
0.167776
0.267885
0.218939
0.112768
0.167784
0.255017
0.117933
0.162838
0.161441
0.215042
0.257059
0.232124
0.200714
0.315027
0.202531
0.178184
0.181556
0.239125
0.268957
0.337491
0.158463
0.186162
0.174162
0.152847
0.194171
0.166947
0.228698
0.273674
0.158337
0.158717
0.235739
0.144135
0.179761
0.255630
0.257455
0.294383
0.240172
0.226477
0.188927
0.169730
0.300450
0.196539
0.226846
0.329864
0.163497
0.137916
0.154434
0.156798
0.193693
0.252479
0.310798
0.178612
0.221099
0.136008
0.128234
0.122124
0.121871
0.180687
0.142365
0.138345
0.155024
0.279260
0.217986
0.250072
0.249387
0.203671
0.093503
0.157418
0.124568
0.187809
0.266274
0.223614
0.270632
0.193395
0.112322
0.191430
0.139980
0.101410
0.112834
0.151133
0.142674
0.143801
0.200212
0.131177
0.086271
0.121556
0.233247
0.180916
0.191479
0.213973
0.142616
0.105681
0.150588
0.153666
0.181991
0.213518
0.133886
0.103667
0.111206
0.157387
0.239824
0.167594
0.174712
0.191733
0.172751
0.100463
0.090840
0.119771
0.157391
0.186335
0.118700
0.315027
0.247818
0.307322
0.165452
0.123791
0.216918
0.146674
0.150489
0.127872
0.138181
0.269322
0.185580
0.202615
0.167862
0.164881
0.263437
0.165664
0.161681
0.129657
0.105595
0.269090
0.197254
0.160416
0.256802
0.208612
0.248748
0.124744
0.141695
0.179338
0.133283
0.165615
0.118915
0.131748
0.167080
0.128194
0.193402
0.198583
0.148116
0.156734
0.220283
0.162527
0.168049
0.168184
0.245913
0.233937
0.169759
0.135899
0.199346
0.185087
0.256032
0.231030
0.290067
0.159871
0.143775
0.154197
0.324753
0.253735
0.113764
0.128266
0.289260
0.170563
0.138720
0.160394
0.184221
0.212929
0.328175
0.235857
0.298573
0.226650
0.263461
0.135775
0.141523
0.115270
0.129975
0.243891
0.167683
0.223909
0.212773
0.171521
0.250971
0.222530
0.138870
0.103832
0.120341
0.233436
0.236747
0.307273
0.255559
0.228230
0.202420
0.330574
0.215636
0.185823
0.119685
0.131326
0.328596
0.153637
0.086238
0.149898
0.165036
0.219910
0.267015
0.248355
0.194752
0.120041
0.167740
0.177687
0.184545
0.190156
0.214917
0.234982
0.275009
0.219067
0.257829
0.175013
0.228385
0.125854
0.165699
0.250013
0.130044
0.397671
0.148433
0.254040
0.305743
0.141152
0.229337
0.124699
0.173009
0.149765
0.101453
0.157266
0.166471
0.149830
0.114748
0.202341
0.144204
0.131345
0.302001
0.191089
0.265618
0.280668
0.305698
0.302505
0.215491
0.250833
0.295850
0.194271
0.189405
0.279802
0.155103
0.227205
0.237480
0.178552
0.218479
0.130779
0.225065
0.143901
0.146876
0.219991
0.343982
0.227229
0.261266
0.280107
0.149014
0.256928
0.191152
0.287110
0.143133
0.145234
0.180393
0.166622
0.174663
0.250381
0.138296
0.180540
0.291540
0.257833
0.206264
0.104804
0.183704
0.303514
0.219354
0.116291
0.241751
0.257738
0.111275
0.133788
0.151714
0.136216
0.130272
0.160403
0.247368
0.188383
0.151783
0.147056
0.119368
0.212229
0.152639
0.149899
0.100423
0.165251
0.201070
0.228097
0.208519
0.250072
0.128914
0.150258
0.136729
0.162746
0.092526
0.137061
0.097623
0.151853
0.150551
0.218064
0.237285
0.129295
0.104149
0.104431
0.231011
0.178196
0.233040
0.343766
0.174067
0.157055
0.160976
0.175740
0.078764
0.127425
0.104091
0.109883
0.258952
0.130102
0.206235
0.152282
0.202275
0.236944
0.167711
0.185450
0.202555
0.125287
0.207168
0.189750
0.221211
0.229773
0.152725
0.095665
0.205318
0.275988
0.149309
0.331622
0.268889
0.279452
0.161229
0.233258
0.120857
0.244897
0.308991
0.144916
0.146683
0.117068
0.193579
0.198213
0.102922
0.221477
0.183195
0.082847
0.172984
0.268765
0.198367
0.178728
0.104724
0.150917
0.130791
0.159789
0.124582
0.140109
0.144935
0.165826
0.128190
0.210951
0.183112
0.132812
0.199950
0.157473
0.151161
0.161168
0.234135
0.250972
0.257591
0.182710
0.249106
0.198608
0.152644
0.269300
0.137717
0.126781
0.257145
0.285063
0.198694
0.161916
0.215125
0.218299
0.209550
0.101333
0.101850
0.247968
0.181298
0.184608
0.220056
0.173211
0.384298
0.189274
0.131022
0.227978
0.156585
0.189319
0.118774
0.138403
0.161410
0.154533
0.139351
0.221673
0.134446
0.234416
0.229676
0.277201
0.241341
0.239878
0.274809
0.261467
0.137476
0.140097
0.181449
0.283887
0.168998
0.119141
0.269520
0.309068
0.197192
0.220649
0.185026
0.135952
0.249184
0.147423
0.140790
0.163633
0.165987
0.194484
0.170246
0.215788
0.232522
0.144389
0.104040
0.190126
0.130145
0.263572
0.096797
0.255881
0.134827
0.272635
0.255932
0.175112
0.148055
0.162492
0.249580
0.318408
0.244589
0.206332
0.179856
0.191492
0.311889
0.290602
0.232722
0.276268
0.210187
0.296240
0.186223
0.248239
0.280872
0.190823
0.180592
0.175261
0.190381
0.218935
0.267779
0.204948
0.258310
0.171887
0.130332
0.212348
0.178817
0.197053
0.227506
0.244571
0.264775
0.252401
0.134701
0.162163
0.213789
0.273335
0.234916
0.142626
0.171907
0.210036
0.189603
0.166446
0.228035
0.147645
0.153548
0.157466
0.214223
0.150084
0.189716
0.241888
0.129687
0.210524
0.187372
0.321703
0.174660
0.209255
0.226553
0.220483
0.123513
0.153557
0.206449
0.198786
0.205076
0.247377
0.300616
0.220829
0.215049
0.179602
0.262668
0.194546
0.224756
0.285084
0.242680
0.241765
0.183111
0.211539
0.158761
0.154176
0.207468
0.160321
0.251734
0.134751
0.184377
0.237863
0.112602
0.175361
0.186107
0.140142
0.082606
0.140477
0.243605
0.153517
0.298407
0.177809
0.103569
0.126745
0.151833
0.256142
0.180609
0.217563
0.205693
0.253020
0.208338
0.223550
0.222889
0.301207
0.288908
0.199285
0.159083
0.185060
0.124728
0.166339
0.214960
0.212497
0.112888
0.147009
0.223099
0.145870
0.155233
0.198699
0.278418
0.172831
0.173230
0.235541
0.222952
0.172912
0.159844
0.274920
0.151754
0.271145
0.200294
0.157222
0.267631
0.288352
0.390281
0.322963
0.264277
0.331665
0.227982
0.235189
0.260114
0.283005
0.187854
0.320732
0.148510
0.168514
0.366321
0.190402
0.267533
0.215444
0.267408
0.353933
0.296060
0.319223
0.258869
0.182782
0.295739
0.338549
0.239204
0.334892
0.337591
0.231282
0.184116
0.153241
0.259942
0.399697
0.358865
0.252225
0.317136
0.250341
0.340107
0.298367
0.272669
0.205074
0.295853
0.196878
0.206125
0.155139
0.167347
0.152374
0.339893
0.370156
0.199525
0.140048
0.224752
0.177121
0.346181
0.266675
0.242829
0.205467
0.196612
0.357404
0.414698
0.248990
0.272816
0.302167
0.274106
0.237916
0.250677
0.369124
0.254956
0.190126
0.350084
0.270493
0.271497
0.373271
0.212642
0.188863
0.365023
0.535063
0.299849
0.310170
0.332462
0.278949
0.472973
0.316793
0.296031
0.283544
0.245730
0.434763
0.364756
0.349047
0.163559
0.240707
0.302806
0.307126
0.457995
0.305863
0.310982
0.279513
0.181605
0.181482
0.176995
0.276477
0.358305
0.343182
0.188824
0.222781
0.264603
0.248636
0.275469
0.193910
0.169749
0.158465
0.204216
0.265556
0.184536
0.200053
0.275730
0.196971
0.201101
0.162322
0.187467
0.192333
0.195191
0.192343
0.219501
0.201772
0.199665
0.194191
0.221342
0.197047
0.270704
0.212194
0.191842
0.291995
0.150359
0.202476
0.198311
0.254944
0.255429
0.297451
0.251279
0.257416
0.185287
0.192794
0.275017
0.225988
0.202983
0.159129
0.154034
0.169981
0.185569
0.217585
0.261334
0.178675
0.202045
0.275992
0.241920
0.160087
0.277440
0.298037
0.200668
0.196381
0.231488
0.192337
0.180232
0.181312
0.192271
0.201184
0.269366
0.238092
0.275391
0.263297
0.248332
0.163164
0.125723
0.187847
0.253568
0.159748
0.244852
0.280047
0.220078
0.229890
0.265187
0.243599
0.184015
0.216274
0.266194
0.188287
0.164628
0.234988
0.280138
0.298935
0.237397
0.288628
0.419422
0.216706
0.218985
0.187135
0.263524
0.160838
0.151991
0.216534
0.185308
0.176649
0.276357
0.368227
0.226333
0.193994
0.180511
0.267040
0.187600
0.242330
0.240246
0.304956
0.250252
0.352578
0.285029
0.385303
0.283337
0.263188
0.346765
0.372459
0.177637
0.192649
0.393595
0.445829
0.276704
0.452069
0.389527
0.364898
0.259982
0.534277
0.445422
0.417232
0.440185
0.433853
0.253631
0.233996
0.111737
0.478060
0.255064
0.399974
0.378429
0.190162
0.432505
0.180842
0.372216
0.256880
0.188753
0.280887
0.280568
0.365993
0.335059
0.436774
0.394340
0.372492
0.315522
0.253721
0.324875
0.406307
0.257960
0.337295
0.345870
0.164835
0.333261
0.117795
0.101714
0.164349
0.193199
0.260606
0.268489
0.307403
0.270709
0.244778
0.219585
0.340710
0.296410
0.238628
0.231238
0.164540
0.231259
0.252966
0.318328
0.341377
0.334311
0.192345
0.276827
0.221601
0.320518
0.373933
0.181607
0.208651
0.208886
0.257488
0.178103
0.268327
0.386590
0.334199
0.360014
0.153233
0.182314
0.204040
0.362730
0.230434
0.354845
0.237349
0.234926
0.298500
0.391733
0.369837
0.205009
0.307366
0.319129
0.275304
0.221264
0.216539
0.313238
0.241837
0.325014
0.272009
0.219535
0.248397
0.402380
0.391348
0.306978
0.189934
0.279862
0.306280
0.205382
0.213404
0.236245
0.220385
0.269257
0.332463
0.264676
0.207117
0.238198
0.270017
0.258313
0.351878
0.310384
0.230602
0.317196
0.279072
0.268623
0.210510
0.334483
0.486219
0.389100
0.339398
0.208972
0.286127
0.413570
0.439078
0.384559
0.348382
0.286593
0.374041
0.370602
0.222064
0.140168
0.320984
0.178853
0.144985
0.163428
0.278015
0.409010
0.423867
0.258590
0.324116
0.299810
0.312453
0.268310
0.288689
0.276016
0.260629
0.283369
0.293101
0.230165
0.295187
0.294954
0.202588
0.207537
0.297111
0.184336
0.326864
0.187901
0.300442
0.357194
0.309388
0.342676
0.354574
0.147985
0.188023
0.292084
0.254079
0.320195
0.234881
0.369127
0.294281
0.296480
0.305541
0.305035
0.375851
0.255042
0.295138
0.399559
0.385398
0.366687
0.244150
0.219544
0.138527
0.164303
0.314659
0.201861
0.306089
0.162234
0.179208
0.204440
0.182307
0.318033
0.259944
0.349679
0.240580
0.241673
0.373918
0.265513
0.211398
0.324694
0.326381
0.255564
0.413027
0.272756
0.186700
0.245080
0.194239
0.173329
0.195494
0.302570
0.315693
0.459463
0.307601
0.330986
0.336457
0.380976
0.362664
0.303961
0.252958
0.344400
0.387930
0.371553
0.349151
0.243235
0.302074
0.404097
0.210988
0.189312
0.212043
0.276810
0.229149
0.302706
0.131458
0.217599
0.320012
0.422292
0.214290
0.341262
0.175417
0.383830
0.311811
0.215077
0.361804
0.170937
0.162519
0.198514
0.271919
0.165511
0.333739
0.181291
0.281438
0.368925
0.229158
0.204902
0.324631
0.331152
0.331928
0.336165
0.203789
0.132570
0.178826
0.237711
0.287229
0.348165
0.219291
0.341736
0.189345
0.325993
0.311501
0.247945
0.244018
0.307219
0.349189
0.380142
0.190314
0.172268
0.235239
0.378652
0.398026
0.251246
0.294628
0.379456
0.190784
0.207225
0.362572
0.397999
0.284000
0.289572
0.260667
0.153521
0.204768
0.298676
0.349324
0.323538
0.296715
0.375043
0.295821
0.285022
0.236840
0.158005
0.204233
0.336408
0.266901
0.290981
0.134771
0.215575
0.318060
0.186302
0.268177
0.286289
0.130898
0.300802
0.332583
0.191008
0.287776
0.281623
0.387184
0.394318
0.141407
0.220033
0.208696
0.152683
0.154001
0.189588
0.374234
0.310171
0.341223
0.301699
0.223798
0.325188
0.353255
0.244242
0.289993
0.341718
0.341524
0.183988
0.171992
0.213162
0.349979
0.335955
0.198242
0.204101
0.306388
0.209940
0.186772
0.211932
0.302418
0.186749
0.196520
0.251261
0.315002
0.284114
0.333538
0.214648
0.263610
0.362786
0.227542
0.274337
0.341318
0.311610
0.235758
0.253562
0.369065
0.295185
0.306072
0.203691
0.328365
0.306362
0.120975
0.197665
0.225186
0.206679
0.202632
0.310361
0.293438
0.189047
0.330168
0.372326
0.346483
0.305707
0.160218
0.299127
0.220078
0.260480
0.435840
0.366053
0.364107
0.347540
0.368252
0.345779
0.371704
0.258212
0.241428
0.220533
0.286608
0.127317
0.136960
0.259589
0.253704
0.215729
0.170263
0.219188
0.252989
0.335383
0.299800
0.210069
0.322022
0.188458
0.179002
0.198337
0.350221
0.371641
0.436620
0.336866
0.337888
0.291942
0.330416
0.352466
0.218526
0.307718
0.359068
0.284063
0.387934
0.339817
0.264163
0.360518
0.320598
0.309872
0.381019
0.366709
0.306321
0.174994
0.139729
0.333706
0.323083
0.165934
0.266342
0.416593
0.332706
0.392669
0.160486
0.106442
0.179857
0.275669
0.183903
0.279083
0.160058
0.363465
0.265695
0.294133
0.144244
0.306612
0.367152
0.346444
0.363712
0.266788
0.345473
0.419638
0.197070
0.287135
0.363518
0.254581
0.212170
0.350093
0.346035
0.365068
0.261967
0.291355
0.308687
0.255068
0.292643
0.276793
0.295781
0.215964
0.371118
0.353181
0.409576
0.204380
0.151148
0.185797
0.149523
0.195405
0.192128
0.201474
0.324130
0.332500
0.400088
0.357292
0.252140
0.335350
0.182245
0.396734
0.323831
0.361393
0.362487
0.409662
0.373609
0.213769
0.122303
0.166058
0.300652
0.375501
0.200693
0.255954
0.310933
0.342822
