0.003956
0.037471
0.035568
0.052419
0.046975
0.038552
0.039371
0.047163
0.044951
0.043598
0.046535
0.052912
0.044794
0.063528
0.046354
0.044318
0.041991
0.051641
0.038485
0.038152
0.037735
0.054584
0.049740
0.044403
0.044627
0.045580
0.046583
0.049984
0.042486
0.049287
0.043349
0.039306
0.038251
0.042457
0.038159
0.041177
0.047920
0.045768
0.055835
0.039791
0.040682
0.044794
0.039041
0.054782
0.048933
0.059904
0.045007
0.049598
0.048369
0.061274
0.041355
0.047374
0.043828
0.040554
0.051076
0.040611
0.042059
0.042783
0.039595
0.046966
0.040392
0.047542
0.048063
0.045472
0.048704
0.042577
0.056853
0.046365
0.052043
0.038283
0.056448
0.042633
0.048794
0.041893
0.045010
0.043126
0.041106
0.044693
0.044139
0.039793
0.043892
0.045362
0.056155
0.047395
0.042665
0.039799
0.053571
0.047108
0.040889
0.045758
0.041404
0.049285
0.042801
0.041604
0.052723
0.038674
0.043217
0.043318
0.045356
0.047215
0.057042
0.057822
0.051330
0.047643
0.036752
0.038177
0.040353
0.046374
0.046251
0.042319
0.043321
0.039725
0.045037
0.044964
0.045240
0.041723
0.050323
0.046321
0.046290
0.045350
0.038594
0.042249
0.042197
0.038830
0.041187
0.040524
0.045825
0.048394
0.051489
0.045768
0.052251
0.047976
0.051298
0.046102
0.051044
0.045333
0.045586
0.040327
0.048927
0.039234
0.052406
0.043250
0.040452
0.049350
0.042141
0.044291
0.046915
0.047097
0.045183
0.048624
0.046136
0.045863
0.040177
0.042044
0.058729
0.056092
0.049073
0.059228
0.045435
0.051714
0.046903
0.044064
0.045731
0.040491
0.050024
0.048790
0.051635
0.046223
0.043593
0.045491
0.042475
0.037790
0.044574
0.050903
0.041670
0.042876
0.041336
0.047790
0.044424
0.039043
0.043233
0.046644
0.042073
0.053159
0.041873
0.044294
0.048386
0.038563
0.043926
0.044140
0.043413
0.041042
0.038911
0.041261
0.046484
0.036153
0.042235
0.038669
0.043931
0.041128
0.047957
0.041692
0.041649
0.038081
0.039804
0.052355
0.038931
0.048790
0.038712
0.041002
0.043903
0.046495
0.048356
0.039350
0.041778
0.043923
0.041304
0.038756
0.041682
0.039812
0.036314
0.053518
0.041534
0.043728
0.042828
0.043219
0.041205
0.042150
0.045222
0.039095
0.061023
0.042291
0.039152
0.043374
0.043144
0.048928
0.043797
0.040015
0.054718
0.046719
0.040516
0.051123
0.043218
0.042807
0.047874
0.037205
0.039381
0.039228
0.037616
0.040862
0.038699
0.042004
0.038588
0.041563
0.044803
0.041434
0.038880
0.046744
0.045528
0.040953
0.046593
0.043656
0.046528
0.043239
0.053884
0.054058
0.054926
0.041948
0.049543
0.048798
0.049833
0.054766
0.046885
0.041687
0.046556
0.045571
0.047006
0.047907
0.048463
0.040392
0.044142
0.049767
0.040889
0.046283
0.054086
0.053299
0.049497
0.050866
0.048342
0.049524
0.054059
0.059048
0.058870
0.061882
0.129993
0.169579
0.072661
0.070308
0.060090
0.050949
0.043460
0.043837
0.057230
0.052234
0.046928
0.046328
0.045935
0.048882
0.049212
0.047326
0.048018
0.055551
0.051260
0.047660
0.052311
0.052327
0.044307
0.060040
0.043532
0.045367
0.045506
0.041952
0.049915
0.045502
0.041625
0.056830
0.044586
0.057439
0.050515
0.054429
0.052277
0.066003
0.058657
0.071330
0.065603
0.069903
0.068549
0.070615
0.066154
0.074039
0.066144
0.062157
0.066966
0.067256
0.061885
0.084953
0.087297
0.087460
0.086839
0.074361
0.085417
0.061504
0.066897
0.066668
0.075067
0.078811
0.069992
0.063131
0.077989
0.059517
0.073822
0.061937
0.052748
0.056508
0.053314
0.076624
0.049428
0.077502
0.049217
0.057805
0.053932
0.070737
0.054278
0.070606
0.067459
0.051322
0.060824
0.073962
0.075408
0.064960
0.075126
0.075562
0.110146
0.067930
0.068431
0.067608
0.090822
0.076595
0.104567
0.117801
0.095331
0.059830
0.074615
0.078250
0.068533
0.088607
0.096974
0.069490
0.068844
0.070274
0.064805
0.075572
0.087178
0.139680
0.154730
0.075942
0.071716
0.064695
0.075252
0.061767
0.071068
0.075415
0.073846
0.082339
0.128315
0.220956
0.083242
0.078143
0.079176
0.070934
0.083239
0.113213
0.092417
0.072457
0.083542
0.055527
0.051883
0.048594
0.044049
0.048523
0.045362
0.042244
0.042510
0.045822
0.041713
0.067212
0.048301
0.058982
0.052008
0.052201
0.055037
0.065400
0.051221
0.075429
0.050546
0.062625
0.060637
0.055067
0.064208
0.070585
0.062811
0.066293
0.063111
0.066944
0.057739
0.060249
0.058938
0.055380
0.049310
0.053276
0.062440
0.079626
0.064789
0.045077
0.057384
0.052710
0.077628
0.051419
0.065444
0.058644
0.055156
0.048880
0.064122
0.047495
0.051770
0.066357
0.067133
0.062756
0.075238
0.078307
0.050282
0.056765
0.052809
0.061230
0.046734
0.063252
0.066110
0.064736
0.057318
0.058994
0.068013
0.055713
0.058357
0.052746
0.076917
0.064813
0.053709
0.064933
0.070041
0.069976
0.060894
0.065537
0.077472
0.060071
0.058964
0.046100
0.061027
0.048972
0.052464
0.056469
0.055598
0.061425
0.049067
0.073971
0.051789
0.061474
0.062771
0.051145
0.050209
0.064818
0.061155
0.056366
0.050049
0.054904
0.054981
0.055740
0.048732
0.072240
0.069197
0.053294
0.055010
0.063417
0.053235
0.069109
0.054986
0.055373
0.052062
0.056493
0.046276
0.050857
0.049036
0.045265
0.050028
0.069146
0.052243
0.053074
0.051906
0.050411
0.066645
0.059982
0.069837
0.054269
0.059742
0.063177
0.067069
0.060217
0.059345
0.075328
0.087788
0.074893
0.062712
0.057261
0.061125
0.065969
0.051160
0.055337
0.058143
0.050175
0.062466
0.065776
0.065676
0.063051
0.055243
0.064055
0.057908
0.054929
0.053194
0.056132
0.051885
0.063714
0.051683
0.050232
0.057149
0.062456
0.065932
0.079035
0.069986
0.072309
0.059743
0.069081
0.048750
0.052793
0.056551
0.050350
0.053473
0.050497
0.047165
0.052918
0.060617
0.065182
0.072805
0.064502
0.065467
0.066849
0.061537
0.067267
0.057613
0.052416
0.054154
0.055225
0.049304
0.064002
0.053271
0.064234
0.053243
0.068532
0.064462
0.047462
0.056036
0.061433
0.069048
0.065046
0.053280
0.059626
0.056470
0.056852
0.058624
0.065536
0.071597
0.061110
0.059403
0.055598
0.064099
0.056912
0.057888
0.056171
0.067626
0.066405
0.055782
0.062286
0.058383
0.057226
0.058658
0.063549
0.065673
0.054651
0.055507
0.057840
0.056426
0.059508
0.060514
0.057999
0.059772
0.063563
0.060493
0.052423
0.076841
0.060094
0.063112
0.066503
0.057645
0.058378
0.057958
0.055660
0.057912
0.062140
0.056681
0.057662
0.062175
0.069410
0.066219
0.076032
0.078227
0.078096
0.060143
0.055935
0.052112
0.055410
0.053710
0.058980
0.059450
0.068908
0.057644
0.057697
0.068805
0.058285
0.059197
0.057902
0.067112
0.060695
0.080022
0.069165
0.077182
0.080972
0.065553
0.065302
0.064159
0.058318
0.055954
0.068618
0.086956
0.081089
0.054952
0.053274
0.061920
0.054398
0.079979
0.052420
0.054860
0.063179
0.063757
0.068643
0.062537
0.058772
0.061365
0.059254
0.058623
0.077495
0.073484
0.081933
0.076132
0.075069
0.059760
0.071081
0.073345
0.058449
0.061605
0.051258
0.076950
0.061409
0.063765
0.063205
0.059195
0.052987
0.066342
0.064654
0.049852
0.072187
0.055335
0.064080
0.056436
0.055818
0.061427
0.054485
0.071575
0.068454
0.056195
0.073293
0.069514
0.068517
0.066033
0.067740
0.055475
0.069947
0.050601
0.053477
0.056276
0.064685
0.047823
0.061254
0.055872
0.052395
0.052047
0.053395
0.052237
0.064221
0.050458
0.062046
0.051710
0.051476
0.060233
0.047225
0.049687
0.064392
0.050961
0.050253
0.055095
0.049764
0.056422
0.053779
0.048722
0.063024
0.046952
0.080183
0.074326
0.068690
0.058992
0.046909
0.057343
0.050886
0.052753
0.061659
0.057420
0.059588
0.067654
0.071018
0.057288
0.069213
0.049970
0.056720
0.067074
0.068081
0.057833
0.057853
0.050423
0.049358
0.055070
0.057261
0.050953
0.054489
0.049396
0.062784
0.050424
0.060220
0.050420
0.058782
0.050806
0.057220
0.049542
0.071268
0.071009
0.063999
0.052453
0.068811
0.054058
0.056414
0.054815
0.058068
0.063483
0.049149
0.054951
0.051191
0.050984
0.054348
0.067838
0.049767
0.062540
0.054136
0.055227
0.059761
0.058228
0.060083
0.048124
0.055191
0.048882
0.049252
0.046986
0.072264
0.051190
0.048971
0.057273
0.061635
0.044988
0.052093
0.054400
0.058606
0.050987
0.048610
0.057679
0.054224
0.055988
0.064634
0.052983
0.069291
0.091370
0.054463
0.050014
0.053637
0.057948
0.059932
0.081525
0.098497
0.072015
0.050801
0.055122
0.062180
0.064595
0.055842
0.052448
0.057542
0.053896
0.050814
0.067475
0.068065
0.068345
0.053183
0.052832
0.068173
0.065382
0.059235
0.070866
0.063567
0.062620
0.067746
0.071078
0.054317
0.056987
0.060763
0.064201
0.054063
0.059879
0.076553
0.051290
0.061768
0.054929
0.066327
0.100163
0.056547
0.058077
0.065824
0.065870
0.058918
0.059223
0.054889
0.061807
0.058181
0.079608
0.063766
0.066785
0.052997
0.054258
0.056531
0.055674
0.058149
0.068078
0.067247
0.064705
0.054220
0.066583
0.063194
0.057414
0.076271
0.080055
0.055233
0.062799
0.052234
0.057256
0.064981
0.053765
0.062440
0.059316
0.056794
0.058762
0.052171
0.075207
0.065796
0.051693
0.053394
0.075088
0.072568
0.049641
0.065598
0.066513
0.057830
0.047510
0.063408
0.055026
0.053459
0.060606
0.063471
0.061296
0.093534
0.054545
0.056151
0.053738
0.046884
0.050356
0.048668
0.054756
0.062197
0.056218
0.066859
0.062263
0.053380
0.072566
0.060174
0.050910
0.049822
0.063368
0.051264
0.047364
0.053180
0.050838
0.046633
0.053250
0.058752
0.056096
0.071800
0.060092
0.074344
0.054523
0.062457
0.063863
0.055406
0.062699
0.072988
0.058441
0.055712
0.085244
0.049942
0.066029
0.067395
0.058001
0.060076
0.058509
0.058412
0.069801
0.057640
0.057602
0.069547
0.048288
0.063687
0.053773
0.055655
0.079459
0.049423
0.053216
0.053077
0.049322
0.054194
0.057445
0.054772
0.050591
0.052190
0.075365
0.070573
0.057256
0.047753
0.053214
0.054847
0.059930
0.061956
0.068297
0.077738
0.061127
0.062959
0.078949
0.071200
0.050584
0.051543
0.056911
0.064711
0.053598
0.060579
0.059345
0.049473
0.052501
0.067016
0.053931
0.073977
0.053353
0.046208
0.059273
0.054649
0.068821
0.064422
0.068455
0.061635
0.052183
0.059930
0.054562
0.079863
0.052730
0.063746
0.074356
0.065804
0.058442
0.052721
0.058490
0.048611
0.046022
0.058394
0.049577
0.049195
0.052465
0.057058
0.046218
0.065212
0.073297
0.074126
0.058891
0.056466
0.066120
0.061164
0.066960
0.063418
0.061984
0.059708
0.055924
0.064363
0.057115
0.051470
0.047495
0.054666
0.063302
0.066735
0.047107
0.081348
0.051416
0.052193
0.063234
0.072834
0.059443
0.063795
0.051415
0.063990
0.063833
0.058350
0.078277
0.071909
0.060027
0.057666
0.065181
0.058088
0.064161
0.059493
0.069940
0.059435
0.058291
0.046693
0.071946
0.058688
0.050550
0.050674
0.052808
0.056502
0.050375
0.054574
0.050213
0.045985
0.063765
0.053936
0.052764
0.067455
0.056126
0.062918
0.071330
0.061652
0.051632
0.062176
0.063195
0.056482
0.077025
0.077532
0.060368
0.077520
0.063640
0.073797
0.059452
0.050479
0.047218
0.049676
0.053541
0.059291
0.044537
0.052971
0.055220
0.069597
0.054950
0.049306
0.065176
0.066361
0.059945
0.061587
0.059172
0.062839
0.067750
0.062586
0.068810
0.053691
0.067677
0.045704
0.051983
0.055490
0.052017
0.056355
0.053998
0.050603
0.054842
0.063755
0.054793
0.056608
0.059868
0.055361
0.053133
0.042981
0.058477
0.058467
0.048396
0.053394
0.065491
0.048275
0.054795
0.056194
0.062820
0.051370
0.064059
0.052168
0.041516
0.056062
0.042007
0.048967
0.053454
0.076611
0.057715
0.044048
0.051511
0.046158
0.043646
0.046331
0.040995
0.050501
0.049584
0.043231
0.050958
0.042538
0.046828
0.058686
0.044905
0.052745
0.049733
0.050727
0.047669
0.055706
0.057804
0.055054
0.049185
0.052323
0.054822
0.057204
0.050914
0.060983
0.061855
0.078304
0.071073
0.050717
0.048953
0.047656
0.065481
0.059732
0.082519
0.060242
0.059539
0.073608
0.058810
0.056889
0.051875
0.061521
0.060256
0.056519
0.056442
0.066611
0.053853
0.050157
0.066140
0.052018
0.058084
0.046587
0.048236
0.056386
0.062339
0.072221
0.045094
0.071370
0.060475
0.058935
0.056343
0.060814
0.062895
0.066676
0.049528
0.046187
0.050784
0.053141
0.053879
0.052942
0.067934
0.065883
0.046054
0.050707
0.056592
0.048264
0.051924
0.054997
0.057535
0.078700
0.062975
0.091024
0.073063
0.077043
0.054315
0.066947
0.058143
0.061012
0.054758
0.051640
0.049634
0.052275
0.049155
0.066318
0.054403
0.067055
0.062257
0.066730
0.070745
0.060333
0.065062
0.062965
0.052145
0.071535
0.060064
0.077387
0.055240
0.064449
0.065054
0.057608
0.066498
0.076429
0.073703
0.071089
0.058476
0.060696
0.065802
0.054127
0.052107
0.065665
0.072447
0.056129
0.055645
0.080567
0.067459
0.053289
0.056450
0.060763
0.052364
0.058847
0.075078
0.083707
0.063785
0.055722
0.062793
0.069201
0.058761
0.060687
0.049790
0.065305
0.052257
0.067816
0.059695
0.070422
0.059391
0.061198
0.054678
0.056059
0.061390
0.053164
0.051478
0.061932
0.045179
0.075294
0.066105
0.054108
0.062061
0.072024
0.055143
0.057296
0.048786
0.050791
0.061467
0.067358
0.050792
0.058828
0.056510
0.055921
0.061972
0.056379
0.051246
0.068721
0.057256
0.050334
0.055412
0.066199
0.055698
0.072574
0.051137
0.049672
0.048602
0.049946
0.061025
0.053454
0.060557
0.052843
0.071298
0.053866
0.058009
0.050686
0.066983
0.071864
0.075640
0.062954
0.083943
0.067886
0.068626
0.059168
0.057778
0.052320
0.057479
0.054268
0.062313
0.054886
0.060785
0.063392
0.054700
0.048624
0.055275
0.046230
0.049709
0.049548
0.063979
0.049242
0.047702
0.051695
0.056949
0.052048
0.068719
0.051521
0.062952
0.060079
0.049456
0.061791
0.054119
0.058141
0.056999
0.078299
0.060302
0.046396
0.056714
0.044226
0.052465
0.056256
0.052111
0.049374
0.052994
0.049204
0.050065
0.060126
0.054132
0.065739
0.058938
0.058106
0.050180
0.048377
0.063210
0.056410
0.092658
0.055636
0.052592
0.051338
0.059354
0.073310
0.056146
0.060582
0.065161
0.053438
0.069892
0.060433
0.058477
0.049388
0.052248
0.056106
0.055678
0.054030
0.049686
0.052962
0.051100
0.048876
0.050211
0.059596
0.051324
0.058915
0.055110
0.048141
0.046047
0.065613
0.062165
0.046552
0.066330
0.060538
0.049724
0.060742
0.061138
0.055999
0.062052
0.052797
0.046281
0.050488
0.069354
0.051049
0.061492
0.061313
0.072273
0.058149
0.064476
0.051501
0.051112
0.060889
0.066103
0.066771
0.063686
0.056546
0.073907
0.059615
0.073765
0.055826
0.062780
0.062876
0.062847
0.057789
0.057227
0.055526
0.066459
0.070887
0.056160
0.063577
0.054702
0.069869
0.053823
0.053976
0.072816
0.053521
0.066702
0.052942
0.058770
0.054197
0.057959
0.072686
0.068003
0.074210
0.051221
0.062466
0.069515
0.054783
0.071040
0.070836
0.065073
0.081164
0.065315
0.068820
0.046923
0.070418
0.057370
0.061135
0.051073
0.064332
0.074988
0.048409
0.055639
0.056996
0.049763
0.051617
0.054307
0.051873
0.048890
0.054747
0.054778
0.055690
0.063822
0.054073
0.051822
0.070616
0.064738
0.071445
0.064287
0.057038
0.073437
0.054966
0.070387
0.058952
0.054073
0.059148
0.047466
0.055154
0.047097
0.048511
0.058596
0.048113
0.052823
0.062497
0.054084
0.068847
0.050342
0.063492
0.062106
0.070935
0.050656
0.052196
0.073991
0.077044
0.057523
0.066299
0.059083
0.058843
0.065887
0.050576
0.058569
0.075427
0.073737
0.053620
0.053385
0.053228
0.054840
0.055331
0.076510
0.059739
0.049749
0.065467
0.046300
0.056789
0.055847
0.065695
0.054273
0.057718
0.069304
0.055397
0.060259
0.066634
0.049752
0.054566
0.054611
0.056231
0.066267
0.072933
0.060565
0.063231
0.064630
0.052480
0.060177
0.049755
0.052355
0.049343
0.054524
0.067806
0.064716
0.063018
0.053040
0.067962
0.062532
0.054057
0.056905
0.054747
0.057380
0.062500
0.056708
0.073118
0.065057
0.055499
0.073630
0.059848
0.065097
0.065410
0.068286
0.062598
0.059314
0.055033
0.065937
0.065593
0.058255
0.048017
0.059604
0.059552
0.050975
0.053541
0.062485
0.050790
0.052099
0.062839
0.051224
0.053011
0.052640
0.058338
0.050297
0.046508
0.065894
0.056463
0.066853
0.053234
0.068953
0.049911
0.068875
0.052853
0.049290
0.056053
0.074317
0.063954
0.061067
0.052630
0.061255
0.066571
0.060918
0.054639
0.056093
0.062633
0.056426
0.073562
0.065703
0.060438
0.064661
0.063613
0.053118
0.067825
0.056046
0.058501
0.055375
0.067050
0.055178
0.066009
0.061342
0.056059
0.073472
0.062490
0.069150
0.060400
0.056739
0.057953
0.076854
0.062322
0.056157
0.053457
0.063799
0.062961
0.052074
0.055496
0.063480
0.065964
0.052115
0.063280
0.057180
0.054580
0.067426
0.071029
0.074409
0.096910
0.066730
0.059891
0.058829
0.067516
0.060456
0.055500
0.061423
0.057743
0.078933
0.055217
0.056755
0.062931
0.055586
0.064998
0.062715
0.062565
0.067393
0.062694
0.073370
0.059699
0.064003
0.065353
0.063102
0.055051
0.052128
0.054776
0.059935
0.062356
0.064696
0.066020
0.061137
0.072557
0.053610
0.056107
0.057741
0.054792
0.061194
0.071257
0.065618
0.055133
0.066565
0.070612
0.059899
0.055366
0.061780
0.080036
0.061618
0.068696
0.065658
0.062409
0.066924
0.063952
0.058414
0.068478
0.059068
0.051623
0.072139
0.061298
0.065377
0.062214
0.058770
0.070377
0.063402
0.079705
0.060810
0.066406
0.063397
0.063748
0.065389
0.062585
0.067297
0.082981
0.090016
0.056803
0.073824
0.055061
0.067756
0.058823
0.060834
0.063781
0.063167
0.055618
0.062906
0.051007
0.050038
0.057374
0.058857
0.058973
0.062345
0.061855
0.057933
0.055315
0.064995
0.064922
0.063816
0.064880
0.070973
0.054652
0.067595
0.070538
0.073184
0.060287
0.064592
0.056631
0.057266
0.071566
0.067715
0.054807
0.065361
0.058098
0.080421
0.062704
0.062808
0.066828
0.080066
0.059619
0.066805
0.060341
0.064721
0.061590
0.064952
0.059945
0.079911
0.060443
0.058959
0.058337
0.063843
0.058305
0.063498
0.062871
0.058933
0.060387
0.069029
0.058794
0.058101
0.060313
0.081487
0.064508
0.055791
0.064385
0.064926
0.061502
0.061918
0.061796
0.076296
0.061576
0.071119
0.080803
0.070105
0.066836
0.066842
0.063231
0.068370
0.067822
0.074272
0.067600
0.078528
0.074138
0.064835
0.073257
0.060870
0.064767
0.057454
0.061415
0.067720
0.068787
0.067714
0.079249
0.069870
0.054660
0.061871
0.064098
0.064535
0.052612
0.060930
0.063972
0.076079
0.062798
0.066595
0.076134
0.066477
0.070897
0.060471
0.080352
0.061572
0.053253
0.060592
0.066000
0.055958
0.057426
0.056849
0.059816
0.061407
0.083140
0.071284
0.056274
0.071731
0.078659
0.064259
0.062540
0.058465
0.063229
0.072574
0.055817
0.062902
0.057096
0.059324
0.071024
0.060174
0.063966
0.064731
0.067255
0.079147
0.057156
0.061108
0.070717
0.057550
0.055705
0.055228
0.059142
0.066227
0.062989
0.050029
0.056035
0.046316
0.065081
0.048678
0.055760
0.045611
0.052294
0.053383
0.058844
0.059035
0.060055
0.062212
0.066989
0.063313
0.072494
0.071257
0.071732
0.060006
0.066313
0.064438
0.071050
0.059292
0.071524
0.057681
0.066552
0.063982
0.063725
0.052691
0.057545
0.079928
0.059987
0.077758
0.058750
0.060670
0.060259
0.072682
0.064022
0.067068
0.059701
0.080150
0.074903
0.062306
0.070119
0.084230
0.063989
0.062382
0.057809
0.062058
0.065865
0.065288
0.069105
0.058546
0.056485
0.064226
0.071423
0.064678
0.056357
0.058580
0.063086
0.085837
0.064485
0.070063
0.083903
0.069558
0.063114
0.058194
0.064016
0.060941
0.067740
0.061191
0.061860
0.060187
0.065581
0.057637
0.059038
0.063259
0.059129
0.068537
0.062734
0.057657
0.061792
0.055169
0.063576
0.054432
0.083874
0.060845
0.062017
0.080733
0.063001
0.064859
0.068816
0.055927
0.066818
0.063977
0.069085
0.061922
0.066427
0.065330
0.062837
0.058624
0.066979
0.071144
0.060463
0.064191
0.060664
0.069217
0.085076
0.068619
0.073679
0.068564
0.060085
0.064918
0.059823
0.056507
0.087015
0.070907
0.066887
0.072639
0.075177
0.067464
0.070533
0.067427
0.070103
0.062971
0.061778
0.064491
0.076607
0.058802
0.067795
0.068370
0.077093
0.079254
0.067879
0.073243
0.082774
0.069997
0.069632
0.091794
0.069998
0.082329
0.098612
0.098096
0.067920
0.065364
0.082183
0.075573
0.074190
0.071351
0.070433
0.060607
0.071330
0.064047
0.064378
0.076617
0.063993
0.060905
0.062502
0.065082
0.066361
0.063576
0.059935
0.079428
0.078990
0.072005
0.083723
0.080487
0.065877
0.061600
0.061862
0.064580
0.063354
0.066577
0.068889
0.065295
0.062786
0.073728
0.075289
0.067818
0.069274
0.062586
0.062924
0.055516
0.069524
0.071977
0.063419
0.055406
0.066337
0.068891
0.062145
0.064777
0.052380
0.057328
0.056385
0.066827
0.051006
0.054433
0.053719
0.048815
0.054226
0.052933
0.047845
0.065433
0.068061
0.057488
0.055130
0.048150
0.062680
0.052423
0.060593
0.061432
0.051338
0.049803
0.075099
0.070625
0.052880
0.070515
0.065802
0.071322
0.067103
0.066404
0.062233
0.072857
0.051702
0.050606
0.049362
0.050563
0.065576
0.057281
0.054931
0.053637
0.045963
0.051844
0.062227
0.060372
0.054997
0.077933
0.063972
0.060439
0.057454
0.060818
0.065371
0.052195
0.060747
0.068199
0.083051
0.051958
0.068533
0.056023
0.052230
0.057793
0.060821
0.059808
0.069897
0.050822
0.061534
0.049362
0.051546
0.055940
0.044386
0.061247
0.054299
0.057519
0.051251
0.050402
0.055141
0.055183
0.059189
0.054275
0.047681
0.051286
0.042658
0.065813
0.050367
0.067705
0.048741
0.058939
0.051042
0.051029
0.057417
0.048955
0.045101
0.065247
0.055428
0.050580
0.061967
0.050874
0.051440
0.059994
0.052114
0.048608
0.062887
0.051819
