0.012073
0.048239
0.056955
0.046302
0.043468
0.047545
0.058317
0.058323
0.071533
0.068461
0.057046
0.052094
0.048292
0.049639
0.071215
0.067647
0.053264
0.047907
0.051426
0.058765
0.053555
0.056636
0.055740
0.049227
0.064741
0.052378
0.060602
0.052752
0.052952
0.059539
0.051821
0.051153
0.058031
0.058325
0.052374
0.048918
0.049977
0.046609
0.064092
0.077415
0.055314
0.054304
0.050300
0.065826
0.062091
0.048332
0.049782
0.048711
0.051340
0.055306
0.051050
0.074067
0.056396
0.064674
0.066576
0.076468
0.070474
0.055828
0.052235
0.068061
0.063367
0.052651
0.052887
0.057331
0.066693
0.068846
0.052483
0.051839
0.051888
0.052424
0.057602
0.053755
0.053163
0.051519
0.060505
0.057923
0.048655
0.056344
0.058346
0.063157
0.057629
0.050601
0.052494
0.045140
0.059471
0.043071
0.056215
0.063390
0.048695
0.047940
0.056793
0.053428
0.049427
0.049137
0.043961
0.063397
0.045615
0.071251
0.051638
0.046366
0.050086
0.068523
0.048502
0.062715
0.062047
0.050949
0.073346
0.048521
0.078997
0.054528
0.046256
0.056992
0.058997
0.044828
0.045979
0.044349
0.048310
0.045449
0.046477
0.053715
0.050386
0.049938
0.051028
0.040708
0.042064
0.043354
0.042555
0.045180
0.055134
0.044858
0.055925
0.056439
0.057801
0.059232
0.074132
0.066287
0.066422
0.047820
0.053645
0.060935
0.056612
0.067023
0.053507
0.060422
0.059876
0.060791
0.048438
0.053597
0.069613
0.052469
0.069649
0.049797
0.051090
0.052977
0.046077
0.054978
0.057702
0.064579
0.066116
0.072371
0.066565
0.049952
0.049851
0.051327
0.051042
0.057650
0.050914
0.055447
0.059577
0.059343
0.062719
0.071229
0.067755
0.071525
0.061102
0.078804
0.069202
0.059438
0.080991
0.079574
0.074390
0.071371
0.058021
0.060327
0.060674
0.057920
0.075206
0.061537
0.073503
0.063732
0.066146
0.062389
0.066155
0.057117
0.063708
0.058668
0.060076
0.057726
0.056756
0.066563
0.065175
0.071694
0.065548
0.062240
0.083937
0.058903
0.059986
0.064823
0.061344
0.064575
0.054734
0.053972
0.064506
0.057465
0.072423
0.067271
0.070127
0.083120
0.077562
0.063976
0.065853
0.064369
0.098114
0.073659
0.056599
0.065504
0.066187
0.062904
0.069890
0.073855
0.062033
0.063834
0.065936
0.060151
0.081591
0.065467
0.057374
0.060135
0.058769
0.085761
0.069191
0.076911
0.071995
0.092660
0.076720
0.074875
0.074445
0.066767
0.070548
0.084822
0.064670
0.079302
0.066383
0.062109
0.080118
0.063958
0.064070
0.073615
0.064111
0.060689
0.078819
0.070798
0.056745
0.056046
0.067926
0.067383
0.066430
0.061108
0.061477
0.062442
0.073755
0.074180
0.064923
0.073190
0.061801
0.070220
0.067368
0.066607
0.080897
0.067777
0.070855
0.077558
0.070285
0.072737
0.072080
0.060785
0.064704
0.074103
0.066703
0.068530
0.065521
0.065427
0.071131
0.067636
0.065108
0.071489
0.077459
0.089947
0.075656
0.066173
0.066577
0.077320
0.081049
0.079125
0.090819
0.069087
0.062737
0.080409
0.073521
0.066256
0.069782
0.065932
0.087809
0.068913
0.073253
0.067974
0.078169
0.078145
0.075562
0.082510
0.087440
0.076796
0.085125
0.074757
0.073422
0.083076
0.094014
0.081876
0.081348
0.083025
0.077146
0.090287
0.080996
0.074913
0.069943
0.081471
0.087458
0.082715
0.099935
0.111150
0.099673
0.082146
0.080946
0.080109
0.073327
0.070769
0.078251
0.070457
0.075219
0.085178
0.072556
0.084289
0.074556
0.087706
0.089886
0.089058
0.076488
0.100022
0.076776
0.085980
0.086432
0.081024
0.083760
0.085632
0.073208
0.096369
0.089705
0.084680
0.084540
0.078526
0.097784
0.081811
0.087385
0.078576
0.111593
0.087787
0.083372
0.083789
0.073194
0.082989
0.077798
0.083954
0.080352
0.092278
0.085912
0.110193
0.112005
0.084332
0.106300
0.090312
0.084895
0.094573
0.079190
0.072787
0.074915
0.079572
0.091322
0.080394
0.075928
0.082375
0.083760
0.078964
0.084258
0.082128
0.092101
0.116112
0.073835
0.102981
0.104669
0.088915
0.100851
0.090711
0.089517
0.092014
0.082918
0.090252
0.080344
0.077558
0.082511
0.104439
0.074022
0.094791
0.105784
0.096203
0.084275
0.100276
0.109082
0.089697
0.089107
0.101548
0.078200
0.103195
0.094171
0.107275
0.090245
0.099528
0.112994
0.096373
0.095833
0.087796
0.104750
0.098696
0.135204
0.097984
0.100718
0.084660
0.097041
0.097505
0.085212
0.089661
0.105427
0.095352
0.096547
0.109427
0.109393
0.109207
0.106668
0.103055
0.090686
0.087051
0.087425
0.097359
0.099989
0.082949
0.105549
0.091622
0.102606
0.112496
0.106192
0.108053
0.087892
0.097157
0.089369
0.103311
0.124514
0.097650
0.095073
0.085620
0.078990
0.072612
0.078683
0.079738
0.072641
0.069713
0.062970
0.069758
0.076421
0.055145
0.073909
0.074324
0.065732
0.075634
0.071320
0.071337
0.077801
0.065046
0.077004
0.069345
0.058660
0.073614
0.064499
0.088052
0.071463
0.074766
0.074090
0.073465
0.085713
0.073745
0.072296
0.092731
0.074865
0.076093
0.064070
0.075005
0.073274
0.071142
0.068722
0.080860
0.065870
0.084106
0.073362
0.082265
0.072994
0.072582
0.073203
0.087836
0.069601
0.077327
0.082203
0.066462
0.074996
0.064406
0.066250
0.075358
0.079756
0.075378
0.074668
0.073470
0.068314
0.085597
0.070989
0.077671
0.070463
0.078473
0.093647
0.086423
0.085296
0.075937
0.081196
0.073357
0.102292
0.066134
0.085959
0.075219
0.066074
0.089813
0.064662
0.083397
0.071903
0.074482
0.084334
0.073287
0.079442
0.080907
0.085051
0.072874
0.074651
0.073345
0.076409
0.080243
0.082796
0.061800
0.079661
0.067468
0.072098
0.068929
0.065796
0.080791
0.061614
0.087843
0.076203
0.076456
0.072083
0.092555
0.075643
0.089988
0.085987
0.087344
0.091017
0.081902
0.084589
0.084931
0.079016
0.078868
0.073146
0.084258
0.082332
0.087520
0.073283
0.091009
0.077304
0.087750
0.090130
0.079417
0.072573
0.076026
0.079853
0.094701
0.078277
0.087705
0.080251
0.090188
0.089609
0.105325
0.085826
0.085946
0.082211
0.084476
0.077031
0.076417
0.079690
0.075794
0.072913
0.076560
0.097955
0.067842
0.065513
0.094759
0.076368
0.086884
0.083408
0.087266
0.098903
0.090918
0.087506
0.096614
0.079970
0.114827
0.085907
0.096977
0.084597
0.097907
0.083262
0.098118
0.093522
0.079783
0.080704
0.076888
0.083111
0.074508
0.089259
0.069278
0.077303
0.082624
0.076567
0.069562
0.074733
0.083500
0.076264
0.078939
0.083183
0.081527
0.078014
0.076213
0.067284
0.072210
0.085109
0.069785
0.076826
0.078165
0.084508
0.089379
0.105765
0.078521
0.085720
0.086298
0.114048
0.072923
0.089391
0.079177
0.078588
0.087001
0.077705
0.090313
0.078737
0.096325
0.075913
0.074348
0.076562
0.069722
0.085024
0.070834
0.078979
0.078818
0.093592
0.097152
0.075480
0.066956
0.080273
0.085303
0.076549
0.068631
0.071873
0.084446
0.083205
0.084086
0.083744
0.081687
0.073022
0.071050
0.085955
0.073082
0.081490
0.063714
0.069169
0.073063
0.074407
0.076903
0.077698
0.070848
0.070071
0.082330
0.087257
0.072623
0.075092
0.077006
0.087907
0.071008
0.087002
0.064632
0.074433
0.084360
0.068627
0.071142
0.076794
0.071768
0.076909
0.070274
0.070213
0.080356
0.072972
0.064754
0.071203
0.068336
0.088114
0.090624
0.089379
0.088350
0.075900
0.072011
0.075629
0.073396
0.091844
0.068496
0.069195
0.078978
0.093137
0.079211
0.095508
0.088556
0.087811
0.079158
0.099435
0.092867
0.082945
0.071922
0.096537
0.104489
0.088259
0.120475
0.084142
0.078686
0.076677
0.070329
0.090711
0.073098
0.102862
0.082524
0.082568
0.077541
0.073897
0.089677
0.090893
0.075611
0.109012
0.070804
0.083526
0.079337
0.083487
0.078530
0.087260
0.093385
0.087731
0.096787
0.088093
0.092974
0.071490
0.088169
0.080595
0.072598
0.084884
0.073698
0.080195
0.091225
0.076593
0.078974
0.090005
0.077800
0.088241
0.073779
0.079761
0.073941
0.082313
0.078657
0.071533
0.090825
0.070924
0.081500
0.095807
0.094786
0.082825
0.070211
0.080193
0.073739
0.063357
0.072954
0.074674
0.073616
0.090581
0.087820
0.072028
0.077180
0.087008
0.077211
0.088088
0.066400
0.067706
0.077483
0.077130
0.073491
0.066463
0.074242
0.113876
0.079126
0.064781
0.092630
0.085489
0.100271
0.066038
0.084417
0.067524
0.094122
0.107884
0.077864
0.085659
0.084330
0.082318
0.069334
0.064914
0.076747
0.070905
0.075286
0.071031
0.076596
0.078605
0.077670
0.078548
0.073026
0.081213
0.067422
0.084465
0.076306
0.082269
0.073998
0.090117
0.068775
0.074561
0.074506
0.088594
0.074110
0.070021
0.088503
0.072294
0.072141
0.076248
0.090896
0.084613
0.073971
0.069469
0.073061
0.072727
0.078902
0.070674
0.081494
0.081033
0.084628
0.070085
0.090364
0.070547
0.066707
0.071283
0.066646
0.070429
0.075672
0.076190
0.082731
0.072163
0.071578
0.089463
0.078411
0.083353
0.077724
0.083700
0.085509
0.073048
0.077284
0.085357
0.075058
0.081141
0.077705
0.061859
0.081591
0.066039
0.073883
0.092035
0.076408
0.072235
0.078937
0.072839
0.068396
0.086521
0.077168
0.066361
0.072954
0.063636
0.060043
0.096513
0.072667
0.082391
0.065144
0.073064
0.063065
0.064232
0.078206
0.063755
0.068515
0.077607
0.090900
0.073077
0.077635
0.067796
0.088258
0.082692
0.078543
0.070840
0.068784
0.079993
0.069977
0.071653
0.087478
0.072303
0.067206
0.077533
0.064150
0.063921
0.068356
0.095437
0.085979
0.105732
0.076685
0.078171
0.078684
0.066398
0.085011
0.072678
0.083667
0.095108
0.071518
0.074025
0.066415
0.068827
0.088729
0.062153
0.085893
0.071649
0.091563
0.076531
0.087051
0.088198
0.089352
0.070449
0.088218
0.102741
0.084732
0.072873
0.077422
0.086575
0.080255
0.090683
0.081607
0.082000
0.091234
0.086630
0.114658
0.093908
0.081230
0.081923
0.078280
0.087604
0.092202
0.085169
0.077828
0.097478
0.094674
0.087891
0.101413
0.098944
0.092095
0.097075
0.112005
0.113712
0.113859
0.098127
0.092019
0.105756
0.108473
0.102332
0.094232
0.136020
0.120132
0.128069
0.107972
0.116224
0.121389
0.125301
0.103779
0.105946
0.097385
0.105669
0.113599
0.107221
0.131272
0.121682
0.093544
0.104707
0.104673
0.112963
0.097151
0.096142
0.105459
0.084531
0.089143
0.096494
0.081253
0.104018
0.097140
0.094251
0.102785
0.100695
0.092497
0.103070
0.091299
0.104217
0.102013
0.088861
0.113896
0.106475
0.087417
0.091612
0.097630
0.101338
0.090263
0.090014
0.088150
0.079059
0.078755
0.078506
0.085334
0.091838
0.078549
0.079334
0.092693
0.086367
0.077493
0.072628
0.084761
0.085383
0.071418
0.082334
0.090649
0.078256
0.098998
0.093534
0.093830
0.079233
0.082968
0.079660
0.090220
0.103860
0.093993
0.086662
0.081274
0.076022
0.082920
0.082864
0.101880
0.087244
0.084072
0.092024
0.088818
0.098553
0.084908
0.106012
0.093209
0.098248
0.093375
0.077323
0.074207
0.078531
