0.009897
0.054763
0.049170
0.056410
0.060463
0.050081
0.056079
0.060568
0.058643
0.057248
0.058123
0.049767
0.070225
0.057073
0.046959
0.052935
0.057152
0.056245
0.060215
0.080325
0.050835
0.074044
0.056937
0.057327
0.049183
0.079607
0.070477
0.066757
0.049555
0.061926
0.051884
0.055949
0.047882
0.062243
0.062648
0.064246
0.047572
0.050478
0.052245
0.059631
0.075508
0.054312
0.050151
0.061803
0.070370
0.052564
0.048962
0.059737
0.058980
0.059366
0.056633
0.059888
0.057489
0.056928
0.064363
0.055569
0.056124
0.060558
0.062977
0.061544
0.046377
0.063776
0.050345
0.055598
0.064478
0.062856
0.052894
0.059181
0.053840
0.060742
0.044168
0.063349
0.050371
0.059834
0.053235
0.061634
0.045794
0.056545
0.052846
0.067755
0.059419
0.053619
0.047079
0.053044
0.061013
0.069527
0.053179
0.044765
0.066087
0.069557
0.056673
0.072586
0.055617
0.051511
0.059839
0.052373
0.063911
0.047129
0.059909
0.048066
0.065497
0.046487
0.053476
0.058315
0.061146
0.055232
0.065974
0.055679
0.045335
0.058064
0.062514
0.048486
0.076443
0.054500
0.052410
0.056376
0.049898
0.071644
0.049587
0.058422
0.054814
0.064418
0.054831
0.068868
0.075765
0.059452
0.045981
0.056252
0.069225
0.053838
0.049029
0.051980
0.049425
0.065343
0.050418
0.052233
0.048302
0.059719
0.050985
0.048679
0.050395
0.063313
0.061701
0.055784
0.061136
0.060346
0.057212
0.062331
0.056743
0.073697
0.077113
0.060676
0.061185
0.048386
0.055571
0.068526
0.051288
0.070619
0.058810
0.059006
0.059486
0.061673
0.065913
0.063104
0.055136
0.047982
0.062316
0.065745
0.051575
0.059414
0.082958
0.052574
0.064630
0.063186
0.051662
0.060393
0.059017
0.053344
0.049325
0.064844
0.050086
0.067203
0.048663
0.045096
0.052508
0.051930
0.064273
0.072774
0.055939
0.070277
0.055648
0.049425
0.046558
0.073594
0.054783
0.049186
0.053457
0.060270
0.053834
0.048884
0.066124
0.044581
0.053886
0.055001
0.074866
0.051643
0.052130
0.066886
0.049575
0.061536
0.061393
0.057036
0.055393
0.061928
0.061730
0.046025
0.057645
0.048914
0.061282
0.049455
0.052316
0.065137
0.054902
0.058416
0.047023
0.069436
0.049234
0.057688
0.065881
0.047181
0.062934
0.058252
0.057656
0.053837
0.054956
0.078034
0.054728
0.049742
0.046868
0.061417
0.058760
0.066858
0.069784
0.053522
0.081751
0.064236
0.052907
0.048655
0.049315
0.054258
0.058076
0.060144
0.066688
0.051905
0.065381
0.050669
0.059105
0.048086
0.044239
0.049510
0.044825
0.061523
0.049605
0.047560
0.051225
0.040806
0.052034
0.058798
0.061331
0.048279
0.063203
0.050028
0.079528
0.056860
0.084559
0.048988
0.054633
0.051507
0.092247
0.046121
0.044576
0.059499
0.053359
0.061658
0.060025
0.046082
0.055437
0.054534
0.050759
0.054376
0.071451
0.053366
0.049729
0.049360
0.053410
0.075062
0.048468
0.056122
0.048557
0.064791
0.043909
0.080318
0.053830
0.058305
0.047494
0.051311
0.056442
0.047228
0.076313
0.059545
0.058527
0.059641
0.069005
0.046971
0.057876
0.060247
0.071630
0.059649
0.068685
0.048531
0.065313
0.045491
0.060778
0.051779
0.057277
0.062010
0.052982
0.051912
0.046025
0.063212
0.057009
0.068739
0.051796
0.057711
0.064564
0.053921
0.055445
0.075019
0.058260
0.061537
0.052922
0.058763
0.060359
0.052988
0.067783
0.049243
0.051641
0.054367
0.047856
0.069003
0.053709
0.065276
0.055863
0.058081
0.059143
0.066223
0.057769
0.063649
0.055348
0.061686
0.068354
0.065239
0.059346
0.053746
0.065736
0.054090
0.059247
0.064498
0.065860
0.062332
0.052039
0.066417
0.059609
0.053389
0.043331
0.061528
0.046128
0.065897
0.061308
0.057712
0.062652
0.052015
0.073178
0.061381
0.049741
0.066095
0.064348
0.059451
0.076294
0.048605
0.059622
0.078058
0.062616
0.048133
0.047271
0.057367
0.089677
0.064935
0.068509
0.059062
0.080623
0.052196
0.064337
0.053393
0.060676
0.052646
0.060163
0.057435
0.050700
0.047429
0.063013
0.051304
0.041520
0.070535
0.045610
0.061916
0.060314
0.049674
0.063617
0.048368
0.065324
0.066506
0.084931
0.063071
0.061051
0.061430
0.056212
0.059053
0.069014
0.058749
0.053784
0.062741
0.048233
0.084122
0.063357
0.055356
0.050581
0.058120
0.048813
0.046306
0.056743
0.051920
0.046014
0.051826
0.069716
0.044663
0.053687
0.050458
0.047273
0.071489
0.054008
0.060880
0.050066
0.055483
0.053806
0.046142
0.057116
0.053023
0.044886
0.047566
0.047297
0.058235
0.044263
0.050450
0.076059
0.040184
0.056452
0.052750
0.049537
0.049700
0.058928
0.062814
0.073889
0.049923
0.049946
0.057821
0.054585
0.046546
0.053789
0.055217
0.062647
0.065739
0.049893
0.061161
0.050904
0.077428
0.052383
0.074704
0.055945
0.053046
0.052728
0.049884
0.051203
0.065066
0.061339
0.054125
0.048233
0.050961
0.066422
0.060144
0.046387
0.073273
0.061654
0.052283
0.061984
0.058561
0.063416
0.058712
0.065751
0.063834
0.058372
0.046784
0.051224
0.063946
0.050118
0.053776
0.047988
0.044603
0.067018
0.056929
0.080284
0.055929
0.062161
0.056562
0.048289
0.046120
0.053836
0.059088
0.055037
0.057845
0.064095
0.055793
0.058454
0.050726
0.074929
0.050891
0.049674
0.048956
0.056258
0.052697
0.067096
0.049940
0.061708
0.061513
0.056736
0.074522
0.064371
0.068605
0.070330
0.057309
0.053809
0.064466
0.060630
0.053970
0.064290
0.050618
0.064072
0.064342
0.051361
0.046371
0.072362
0.045759
0.060212
0.057199
0.051503
0.067496
0.060043
0.068559
0.049071
0.048475
0.055480
0.061305
0.066742
0.067026
0.058544
0.075005
0.050979
0.071055
0.066325
0.052771
0.050568
0.069563
0.071562
0.054294
0.061199
0.062529
0.057195
0.053680
0.069455
0.050517
0.049966
0.044365
0.059889
0.061513
0.050596
0.062555
0.051960
0.047719
0.061675
0.070406
0.053874
0.047089
0.054566
0.050750
0.043325
0.045162
0.072179
0.074521
0.053281
0.062105
0.047290
0.051205
0.056510
0.057777
0.061700
0.063916
0.050732
0.056748
0.049054
0.071210
0.057496
0.048861
0.055021
0.054661
0.050441
0.046500
0.043501
0.049775
0.049290
0.040969
0.064362
0.049884
0.059761
0.054383
0.067512
0.053172
0.059650
0.078852
0.054224
0.074437
0.066253
0.059641
0.065468
0.046605
0.047881
0.069122
0.066386
0.066820
0.047939
0.067617
0.048014
0.065044
0.055026
0.055277
0.076320
0.070922
0.071974
0.064063
0.045592
0.060270
0.049539
0.058745
0.068344
0.052897
0.046994
0.054795
0.048570
0.057176
0.060599
0.059713
0.047256
0.064202
0.043867
0.069384
0.066253
0.065361
0.059729
0.059413
0.059609
0.063023
0.060050
0.072958
0.067089
0.047337
0.054237
0.056691
0.058925
0.083359
0.045996
0.068142
0.049921
0.073923
0.061631
0.055631
0.057181
0.057929
0.074269
0.064498
0.054953
0.061277
0.062656
0.058341
0.062261
0.067693
0.054708
0.053403
0.053201
0.062339
0.050179
0.067583
0.052955
0.065860
0.057323
0.050074
0.049080
0.075232
0.057260
0.042969
0.057076
0.045331
0.057712
0.051121
0.049975
0.045136
0.053375
0.055253
0.050053
0.051152
0.040150
0.042472
0.050857
0.050354
0.065747
0.065601
0.052019
0.070338
0.054715
0.057220
0.062989
0.061341
0.051236
0.063041
0.053133
0.054931
0.041431
0.055263
0.054925
0.052184
0.053636
0.072106
0.065474
0.053307
0.052597
0.049160
0.056197
0.045620
0.073655
0.068973
0.060272
0.063150
0.058323
0.053855
0.046531
0.054873
0.050289
0.062665
0.060449
0.047231
0.057979
0.064873
0.059649
0.061561
0.044920
0.062891
0.061210
0.060374
0.072860
0.054045
0.058044
0.062337
0.073443
0.047502
0.050322
0.069239
0.046947
0.044699
0.045425
0.061519
0.046144
0.050581
0.059217
0.068768
0.062694
0.057945
0.067157
0.052902
0.057387
0.063716
0.073059
0.079796
0.066358
0.065613
0.050244
0.070964
0.049307
0.077361
0.050622
0.050060
0.050215
0.066581
0.046366
0.056471
0.065906
0.072858
0.061027
0.055927
0.061569
0.053653
0.046918
0.044616
0.078691
0.047265
0.056964
0.057034
0.077488
0.045772
0.062670
0.059481
0.069065
0.057597
0.065884
0.048160
0.071555
0.057897
0.050468
0.056465
0.054815
0.064204
0.051579
0.042864
0.065185
0.048382
0.060183
0.054898
0.061818
0.055834
0.059151
0.069584
0.045442
0.069264
0.048419
0.048248
0.063958
0.071483
0.058781
0.047710
0.058759
0.055123
0.062128
0.060256
0.064424
0.070913
0.045686
0.060974
0.063067
0.050805
0.048075
0.048894
0.046803
0.050168
0.057798
0.053638
0.054361
0.057362
0.076108
0.073597
0.048641
0.064500
0.050201
0.055223
0.047843
0.050566
0.063782
0.067186
0.050948
0.063892
0.071845
0.057269
0.076019
0.059800
0.069527
0.071023
0.064915
0.075437
0.057398
0.043757
0.060147
0.047578
0.070019
0.055678
0.046189
0.067504
0.067195
0.065347
0.061056
0.072847
0.057590
0.055381
0.071826
0.052302
0.066392
0.069715
0.060857
0.063955
0.064096
0.059923
0.077625
0.062615
0.058866
0.059831
0.054313
0.050814
0.049580
0.043895
0.048833
0.069941
0.059689
0.059445
0.064634
0.065050
0.053373
0.054632
0.050735
0.064486
0.057880
0.050611
0.063318
0.068262
0.064658
0.058795
0.046201
0.049173
0.082243
0.059585
0.061376
0.057137
0.059015
0.079121
0.049825
0.064565
0.067469
0.072195
0.056170
0.071040
0.055918
0.067630
0.080619
0.042428
0.062188
0.062250
0.047702
0.057499
0.048847
0.058768
0.049824
0.064013
0.055948
0.043577
0.062772
0.052014
0.047559
0.068862
0.053041
0.067835
0.075521
0.050646
0.044332
0.080621
0.051533
0.053996
0.061348
0.047029
0.051269
0.056311
0.052438
0.061205
0.058477
0.048846
0.066740
0.067235
0.049905
0.051158
0.067953
0.071081
0.054844
0.061180
0.063450
0.065147
0.058070
0.049229
0.049761
0.047622
0.065833
0.056211
0.049714
0.075592
0.062124
0.062144
0.064625
0.087864
0.074698
0.068619
0.042971
0.057823
0.055314
0.049970
0.056340
0.062274
0.059196
0.051652
0.043646
0.058353
0.049454
0.054704
0.060939
0.061951
0.050583
0.043767
0.059286
0.060266
0.044460
0.043523
0.052849
0.045334
0.059370
0.055933
0.047884
0.047770
0.068424
0.048496
0.055913
0.050029
0.053293
0.046656
0.053332
0.046362
0.045644
0.056219
0.047767
0.071420
0.042543
0.059696
0.037199
0.063988
0.054064
0.056591
0.048300
0.045215
0.044968
0.071712
0.050097
0.040906
0.060791
0.047211
0.064198
0.063069
0.055968
0.055341
0.068805
0.064536
0.052394
0.046634
0.079513
0.076069
0.049103
0.043653
0.049144
0.057607
0.049691
0.059050
0.042296
0.060106
0.042161
0.067890
0.060722
0.042221
0.046433
0.051974
0.049318
0.040474
0.049282
0.054022
0.057388
0.052735
0.050570
0.059634
0.047902
0.066635
0.050438
0.045948
0.043904
0.056489
0.048273
0.060383
0.054029
0.059470
0.052466
0.047945
0.065908
0.056073
0.064228
0.062950
0.074730
0.047485
0.050479
0.052964
0.056974
0.058349
0.061535
0.063401
0.049147
0.048563
0.075782
0.045937
0.048300
0.073860
0.057835
0.066841
0.063897
0.053778
0.064689
0.074303
0.047604
0.066081
0.070418
0.054136
0.052955
0.080237
0.053406
0.058400
0.059101
0.064139
0.064503
0.059507
0.060835
0.064984
0.055678
0.059125
0.084599
0.064809
0.047765
0.062532
0.058120
0.050876
0.052129
0.053982
0.043258
0.064827
0.071043
0.060774
0.045470
0.049129
0.066444
0.055293
0.057334
0.054474
0.060142
0.067007
0.058187
0.060644
0.067967
0.063999
0.052011
0.054167
0.054964
0.048717
0.052522
0.048413
0.069166
0.047472
0.074252
0.055190
0.049830
0.057082
0.048767
0.066400
0.055776
0.056907
0.048604
0.066895
0.059191
0.075277
0.052836
0.056169
0.055248
0.047217
0.053313
0.053249
0.041122
0.052012
0.059160
0.056875
0.066097
0.056187
0.048549
0.083808
0.053203
0.052320
0.066424
0.059672
0.060135
0.050463
0.064380
0.050674
0.059460
0.060216
0.053699
0.052258
0.048908
0.052881
0.071031
0.059873
0.065419
0.063527
0.077551
0.052385
0.054308
0.072731
0.059975
0.064390
0.062767
0.050833
0.044934
0.058017
0.053540
0.044616
0.076708
0.051888
0.049434
0.058892
0.067379
0.052925
0.077086
0.054821
0.056422
0.051709
0.048705
0.059423
0.056495
0.054892
0.063732
0.063535
0.064913
0.051459
0.075078
0.059035
0.057039
0.060356
0.045938
0.052711
0.052161
0.069070
0.061479
0.063735
0.057983
0.060955
0.059845
0.051454
0.051077
0.048144
0.065135
0.049990
0.058307
0.048621
0.056708
0.044217
0.042944
0.056345
0.075173
0.057683
0.071452
0.049743
0.050259
0.050703
0.064698
0.067118
0.050173
0.052058
0.050054
0.059376
0.048842
0.050412
0.059889
0.060793
0.045726
0.051996
0.055825
0.068054
0.061819
0.043882
0.053849
0.047481
0.058430
0.048568
0.068909
0.053756
0.066967
0.059409
0.047955
0.047813
0.052183
0.049053
0.055418
0.072879
0.044530
0.050777
0.049855
0.088503
0.061421
0.053050
0.065401
0.066936
0.068066
0.079021
0.069010
0.057616
0.077294
0.052917
0.049745
0.056466
0.059845
0.054153
0.050391
0.051130
0.069670
0.061166
0.057382
0.064687
0.045732
0.073905
0.061382
0.042329
0.054133
0.068466
0.053078
0.055102
0.046937
0.070818
0.054866
0.051826
0.048613
0.043803
0.055521
0.053483
0.044765
0.056835
0.061186
0.041601
0.063095
0.044806
0.050137
0.053498
0.046334
0.044933
0.047353
0.041256
0.059792
0.055687
0.043950
0.040632
0.048166
0.038714
0.053832
0.041103
0.041670
0.041697
0.044104
0.041050
0.075232
0.045934
0.050261
0.057395
0.063772
0.069567
0.060798
0.076003
0.049366
0.070313
0.065428
0.052104
0.048563
0.047789
0.051196
0.056485
0.045811
0.050922
0.076254
0.050565
0.074588
0.065923
0.050352
0.049140
0.058838
0.060227
0.047395
0.063117
0.045755
0.052763
0.063886
0.054021
0.053328
0.046553
0.048169
0.043715
0.056771
0.058752
0.064311
0.057410
0.054872
0.064409
0.049543
0.052158
0.066110
0.052950
0.063400
0.057561
0.063928
0.055775
0.075750
0.066442
0.054174
0.064986
0.056738
0.054691
0.054405
0.052270
0.059898
0.051974
0.064273
0.049521
0.053059
0.045949
0.046924
0.050405
0.054250
0.054722
0.060330
0.055225
0.056191
0.054878
0.048540
0.052570
0.050584
0.053643
0.049987
0.044574
0.073574
0.049325
0.059975
0.058176
0.081725
0.052358
0.061566
0.053219
0.064943
0.054552
0.047846
0.042224
0.063836
0.052793
0.054329
0.053850
0.048401
0.053995
0.052418
0.058770
0.069147
0.053517
0.064757
0.062098
0.049365
0.054585
0.046054
0.080321
0.061407
0.052407
0.047852
0.070098
0.049360
0.060972
0.054114
0.053261
0.055719
0.053139
0.075472
0.060950
0.054892
0.061824
0.051055
0.059580
0.067730
0.053792
0.082499
0.068054
0.068967
0.057865
0.047455
0.083194
0.066914
0.062264
0.051629
0.070575
0.067575
0.066398
0.049078
0.073409
0.057358
0.074883
0.051947
0.060182
0.062360
0.070166
0.051381
0.052418
0.051082
0.070346
0.048652
0.064020
0.058760
0.045155
0.058048
0.056978
0.064458
0.051944
0.045522
0.064534
0.061127
0.065835
0.043231
0.044895
0.063989
0.066397
0.071656
0.057862
0.067322
0.041922
0.067029
0.048225
0.048265
0.047193
0.072826
0.046103
0.061117
0.062404
0.051560
0.064072
0.053077
0.064725
0.051407
0.051747
0.057626
0.052499
0.069231
0.053224
0.064874
0.059928
0.067736
0.083696
0.077744
0.071269
0.074804
0.055868
0.070106
0.067831
0.059095
0.077174
0.052937
0.048840
0.064780
0.058681
0.048733
0.049660
0.064073
0.044248
0.049596
0.065415
0.055143
0.049490
0.059218
0.064070
0.059072
0.054199
0.057488
0.056587
0.051240
0.055738
0.054072
0.065943
0.051926
0.067757
0.066605
0.073414
0.067610
0.073763
0.052868
0.056333
0.062354
0.054945
