0.144860
0.272474
0.318813
0.220024
0.267172
0.276796
0.332824
0.292616
0.259005
0.338558
0.318099
0.207415
0.226938
0.230567
0.198152
0.144347
0.136949
0.206886
0.278219
0.234554
0.265576
0.296684
0.326378
0.249086
0.193671
0.236175
0.316318
0.265842
0.213649
0.330373
0.447578
0.310755
0.391811
0.384693
0.202099
0.207044
0.267675
0.300679
0.358191
0.218080
0.255555
0.152706
0.180844
0.177102
0.162197
0.180692
0.336181
0.224563
0.313476
0.338694
0.183163
0.214868
0.233404
0.258269
0.199975
0.311900
0.362547
0.226116
0.173224
0.225205
0.243320
0.208028
0.167538
0.228520
0.201591
0.180585
0.288727
0.366418
0.354302
0.331223
0.273080
0.114857
0.200533
0.363746
0.329558
0.358943
0.310034
0.398266
0.228639
0.219690
0.217350
0.201458
0.223690
0.213396
0.273882
0.168954
0.292112
0.288864
0.245054
0.207350
0.250157
0.254677
0.377121
0.258571
0.205058
0.261829
0.296130
0.122664
0.184921
0.220335
0.325270
0.455328
0.297732
0.307673
0.239468
0.355596
0.289865
0.163610
0.113200
0.274284
0.221449
0.213339
0.367078
0.301945
0.136923
0.185281
0.152200
0.180646
0.321438
0.276665
0.218164
0.300033
0.193106
0.210968
0.251925
0.218121
0.291930
0.341397
0.327402
0.263724
0.174269
0.234553
0.188741
0.225461
0.291033
0.428003
0.240353
0.225452
0.284255
0.356837
0.254519
0.230297
0.400520
0.309997
0.286240
0.286587
0.418218
0.277371
0.162843
0.282606
0.272586
0.145203
0.148346
0.150613
0.230810
0.249470
0.157917
0.185479
0.216206
0.160776
0.321322
0.411344
0.451419
0.141641
0.170390
0.167421
0.232998
0.238618
0.173081
0.200933
0.309081
0.168776
0.311798
0.201082
0.175163
0.216302
0.267802
0.230736
0.181206
0.208615
0.288157
0.340576
0.276916
0.205568
0.187656
0.197963
0.218285
0.331028
0.319306
0.162088
0.147978
0.192382
0.222116
0.309301
0.176768
0.324113
0.273039
0.182724
0.210792
0.290751
0.362056
0.235051
0.299726
0.185015
0.230742
0.273684
0.267248
0.262006
0.354827
0.234068
0.154338
0.237608
0.171121
0.298796
0.372084
0.216465
0.194211
0.186591
0.206307
0.243928
0.216103
0.424693
0.289305
0.295237
0.300039
0.183589
0.318280
0.268256
0.151824
0.175681
0.383344
0.350455
0.205577
0.198331
0.384541
0.289916
0.270861
0.296701
0.320710
0.365165
0.393739
0.144793
0.352630
0.293603
0.302607
0.202031
0.299900
0.202372
0.285208
0.294777
0.155777
0.383404
0.384240
0.228806
0.290486
0.222919
0.170395
0.285248
0.343377
0.291595
0.234838
0.279783
0.205658
0.314777
0.313512
0.297724
0.133498
0.186296
0.314915
0.283741
0.324707
0.161135
0.289398
0.310319
0.325046
0.338278
0.356962
0.385965
0.191724
0.403635
0.414990
0.229603
0.351782
0.381750
0.345653
0.325120
0.460480
0.245425
0.180750
0.185397
0.261619
0.326460
0.317753
0.252084
0.305125
0.364116
0.235785
0.321191
0.237264
0.395086
0.363475
0.337465
0.174579
0.320785
0.443082
0.293668
0.219316
0.216884
0.218345
0.379257
0.299177
0.372710
0.330969
0.315054
0.189532
0.253547
0.241811
0.231221
0.273382
0.302639
0.355600
0.189296
0.166263
0.178269
0.308051
0.389657
0.165958
0.276516
0.138289
0.270940
0.351683
0.444891
0.258875
0.382362
0.240576
0.310472
0.324386
0.361684
0.332886
0.301725
0.214911
0.467797
0.450359
0.207148
0.176868
0.164218
0.178163
0.129543
0.213258
0.234773
0.204058
0.206050
0.221695
0.275233
0.178025
0.176659
0.321052
0.376436
0.190893
0.278301
0.229843
0.315236
0.348452
0.220792
0.199899
0.192940
0.290889
0.195835
0.206609
0.274796
0.328371
0.242876
0.356969
0.254297
0.246451
0.283738
0.262858
0.275552
0.208379
0.146954
0.169897
0.219831
0.308447
0.266818
0.194220
0.156833
0.203598
0.249014
0.203669
0.230291
0.188489
0.185086
0.164620
0.135130
0.208254
0.209589
0.317907
0.283052
0.288912
0.320136
0.222790
0.247540
0.208390
0.156129
0.280020
0.334821
0.271991
0.197676
0.161588
0.296187
0.209446
0.192604
0.228742
0.247723
0.261683
0.161292
0.219657
0.172835
0.149200
0.279829
0.347198
0.226609
0.188178
0.180809
0.195935
0.263058
0.308947
0.200374
0.227081
0.305899
0.218350
0.177376
0.171923
0.138177
0.117667
0.168850
0.244658
0.148880
0.197335
0.145447
0.112107
0.164660
0.173990
0.156569
0.150392
0.162093
0.168492
0.168433
0.112309
0.228946
0.227096
0.248496
0.234305
0.317513
0.343756
0.210779
0.282151
0.189080
0.202523
0.214349
0.133932
0.220024
0.221710
0.149082
0.161800
0.255819
0.260632
0.254085
0.258713
0.345586
0.289709
0.290208
0.270061
0.296196
0.386766
0.301345
0.334914
0.215351
0.287100
0.316571
0.313680
0.294662
0.365331
0.372877
0.367899
0.390401
0.378141
0.418319
0.322662
0.422079
0.453449
0.418262
0.365544
0.283752
0.399612
0.387756
0.241631
0.282440
0.241843
0.229315
0.366716
0.178696
0.317002
0.337183
0.338461
0.345955
0.296133
0.367180
0.358860
0.340172
0.205895
0.279328
0.464276
0.376832
0.188143
0.434071
0.363306
0.304971
0.392152
0.227219
0.287231
0.412643
0.342108
0.358963
0.427430
0.429937
0.353338
0.286263
0.362878
0.280034
0.319467
0.233240
0.207101
0.274850
0.390893
0.313087
0.233012
0.236956
0.371882
0.353452
0.375529
0.355129
0.267260
0.268180
0.305364
0.327990
0.252202
0.371296
0.355812
0.311733
0.299282
0.184093
0.246988
0.223890
0.210720
0.340324
0.184950
0.213029
0.373188
0.365789
0.350521
0.228237
0.181805
0.369551
0.300945
0.385993
0.389488
0.314707
0.434822
0.280553
0.268491
0.191342
0.231132
0.348048
0.209630
0.193435
0.197500
0.311376
0.321596
0.288086
0.419176
0.398222
0.454302
0.320988
0.308164
0.420049
0.311965
0.240751
0.318103
0.335712
0.248780
0.370897
0.506450
0.380598
0.425339
0.296038
0.206563
0.216886
0.142875
0.251343
0.187885
0.201329
0.234510
0.290126
0.259436
0.300485
0.431383
0.327429
0.218122
0.309561
0.237494
0.324528
0.394671
0.213877
0.369933
0.399913
0.241456
0.305864
0.241900
0.284343
0.157030
0.265430
0.266224
0.408583
0.198024
0.294645
0.361290
0.350542
0.373032
0.223305
0.302020
0.271711
0.283309
0.232951
0.311194
0.252867
0.338765
0.281374
0.293709
0.268362
0.254527
0.237719
0.417487
0.331698
0.246989
0.215992
0.417429
0.394650
0.269765
0.359318
0.247977
0.383748
0.178639
0.203305
0.306497
0.318710
0.383166
0.331926
0.226307
0.195640
0.144433
0.259378
0.235487
0.274205
0.316750
0.246151
0.305287
0.303683
0.186833
0.156485
0.306723
0.397962
0.331349
0.300201
0.313938
0.334784
0.262819
0.308722
0.322647
0.381626
0.251141
0.316793
0.261373
0.289402
0.214261
0.231992
0.382163
0.210352
0.323526
0.331096
0.290698
0.353534
0.339754
0.191490
0.371644
0.372650
0.389138
0.272062
0.309669
0.246366
0.314136
0.260397
0.331933
0.249522
0.101068
0.198353
0.149335
0.236705
0.214194
0.182525
0.177364
0.212110
0.363741
0.310989
0.241712
0.292253
0.256377
0.223620
0.274223
0.389940
0.365342
0.366452
0.361721
0.338381
0.216889
0.292616
0.348336
0.182057
0.162932
0.320992
0.176186
0.200029
0.120388
0.201608
0.293332
0.332460
0.206988
0.290735
0.320709
0.261426
0.349516
0.424587
0.323768
0.322327
0.220384
0.265609
0.220262
0.216402
0.127293
0.264542
0.201027
0.201679
0.200991
0.330413
0.366369
0.181315
0.341669
0.174763
0.243130
0.298695
0.316507
0.275773
0.249511
0.415115
0.309034
0.286916
0.396708
0.302469
0.181738
0.253218
0.400611
0.189973
0.354500
0.305480
0.239519
0.311471
0.244896
0.317099
0.183055
0.163656
0.231539
0.254707
0.338047
0.300283
0.408570
0.321801
0.444754
0.183554
0.179393
0.290947
0.145334
0.334669
0.431377
0.339479
0.185441
0.224956
0.332392
0.320710
0.334752
0.163641
0.306943
0.348555
0.328145
0.250132
0.302516
0.328888
0.195082
0.232864
0.234404
0.221637
0.277685
0.269145
0.284098
0.225806
0.377564
0.360102
0.317669
0.418866
0.313564
0.274973
0.324112
0.311337
0.283931
0.390835
0.262566
0.349589
0.230899
0.324701
0.321866
0.407507
0.367279
0.282397
0.154911
0.266547
0.303922
0.349147
0.105195
0.158564
0.238100
0.286062
0.134736
0.164815
0.256893
0.399242
0.182877
0.208771
0.321003
0.179175
0.384377
0.270081
0.177878
0.205552
0.167355
0.312503
0.380432
0.305398
0.273757
0.224762
0.436081
0.311427
0.375421
0.303701
0.231441
0.191928
0.200771
0.204787
0.320114
0.214019
0.336579
0.406953
0.338197
0.266686
0.294751
0.279988
0.220958
0.276627
0.198151
0.236639
0.169608
0.198165
0.201862
0.264280
0.169767
0.171583
0.315494
0.247377
0.375665
0.379610
0.324644
0.295038
0.176436
0.217617
0.137887
0.194768
0.229672
0.295833
0.273764
0.315069
0.232286
0.253076
0.262098
0.187699
0.212389
0.233590
0.240345
0.295882
0.240770
0.336799
0.391832
0.261071
0.205266
0.286801
0.173592
0.210398
0.310966
0.351460
0.332826
0.312716
0.206168
0.338604
0.261302
0.205181
0.265000
0.315135
0.276046
0.254593
0.390676
0.272869
0.268270
0.251922
0.366089
0.281310
0.351948
0.299166
0.263347
0.198717
0.261907
0.207209
0.346396
0.185821
0.286600
0.185123
0.219824
0.328849
0.162851
0.150810
0.212792
0.195943
0.253350
0.197936
0.173824
0.252568
0.155486
0.232854
0.447670
0.244556
0.270460
0.394098
0.321231
0.297001
0.208042
0.226532
0.240559
0.201789
0.375674
0.476559
0.395970
0.309978
0.333403
0.180705
0.391254
0.263838
0.271962
0.248070
0.287838
0.248508
0.328970
0.309489
0.288709
0.268794
0.259381
0.379420
0.305940
0.488324
0.433727
0.429318
0.246599
0.366168
0.283162
0.395943
0.313777
0.209465
0.211222
0.310784
0.285749
0.370082
0.411145
0.258807
0.412999
0.352026
0.259046
0.387835
0.416873
0.366250
0.399210
0.454069
0.314107
0.324095
0.388584
0.306230
0.232310
0.359573
0.455622
0.353130
0.323933
0.369733
0.382476
0.286865
0.405242
0.324331
0.383688
0.417750
0.401649
0.253651
0.296925
0.274137
0.328550
0.450628
0.296888
0.372927
0.215760
0.277403
0.335053
0.325600
0.267213
0.349576
0.278799
0.225455
0.424192
0.254467
0.235935
0.186283
0.218151
0.397652
0.180850
0.170062
0.345014
0.311810
0.367471
0.345882
0.299024
0.403811
0.235750
0.327585
0.340873
0.219041
0.254858
0.228986
0.298558
0.298983
0.245884
0.308562
0.198538
0.147063
0.199738
0.251044
0.184895
0.272029
0.486967
0.302918
0.354421
0.232684
0.239992
0.221468
0.307290
0.299322
0.216915
0.164727
0.122156
0.233941
0.394682
0.368878
0.367785
0.273992
0.193866
0.424435
0.218639
0.258526
0.319582
0.340365
0.289181
0.235980
0.461126
0.377358
0.186944
0.147866
0.207167
0.359421
0.217621
0.225881
0.207990
0.364574
0.215418
0.274447
0.325460
0.162114
0.175145
0.143168
0.142563
0.215194
0.216019
0.153289
0.213185
0.197278
0.243077
0.333477
0.281870
0.278850
0.318685
0.349139
0.431188
0.513754
0.290760
0.389461
0.300817
0.182877
0.149612
0.150710
0.294628
0.338487
0.357867
0.188619
0.247376
0.190639
0.189436
0.202594
0.287523
0.273357
0.259399
0.413996
0.350688
0.229406
0.341494
0.391893
0.367721
0.330157
0.386368
0.210001
0.352361
0.262370
0.213855
0.177204
0.199675
0.184571
0.228551
0.255363
0.288687
0.366218
0.249568
0.320967
0.220326
0.271034
0.186944
0.267918
0.182010
0.198693
0.393731
0.418785
0.422450
0.311717
0.321395
0.205413
0.212781
0.252828
0.267124
0.287430
0.194297
0.191670
0.174894
0.225299
0.305487
0.455195
0.315421
0.190533
0.186214
0.164380
0.198408
0.174193
0.240299
0.301906
0.149010
0.144579
0.195211
0.202846
0.175781
0.227105
0.256628
0.229907
0.327655
0.287961
0.324196
0.278913
0.255049
0.272508
0.331480
0.359751
0.213968
0.195875
0.237132
0.373161
0.274571
0.303952
0.261330
0.208226
0.304153
0.197347
0.175546
0.284366
0.196338
0.165359
0.161682
0.325893
0.257136
0.177184
0.215403
0.235889
0.209088
0.186667
0.198874
0.321381
0.393197
0.191668
0.165084
0.144187
0.176038
0.202782
0.149558
0.247855
0.118428
0.224499
0.204898
0.289433
0.229717
0.382634
0.290516
0.282708
0.223918
0.226790
0.325604
0.164532
0.270578
0.195920
0.134225
0.237581
0.148285
0.184840
0.267532
0.181960
0.151160
0.242141
0.281501
0.144919
0.231616
0.168990
0.124769
0.198960
0.215158
0.286697
0.321060
0.275429
0.156350
0.157429
0.266766
0.208557
0.229788
0.178654
0.143788
0.175647
0.214549
0.159358
0.164664
0.176371
0.172749
0.123915
0.164360
0.141102
0.174141
0.298199
0.258257
0.224471
0.322812
0.285882
0.150655
0.211334
0.327942
0.175881
0.204061
0.176147
0.160361
0.202105
0.317773
0.252235
0.158922
0.177476
0.321024
0.267146
0.343561
0.262011
0.242731
0.225054
0.206828
0.180223
0.244083
0.129997
0.158398
0.303973
0.221801
0.172992
0.286992
0.253917
0.253788
0.190866
0.226759
0.278931
0.205856
0.120828
0.167761
0.205173
0.340251
0.309324
0.243402
0.244706
0.249040
0.118909
0.148875
0.134030
0.188371
0.150724
0.211771
0.314929
0.322830
0.210934
0.153649
0.198600
0.312026
0.345838
0.349410
0.174663
0.188308
0.154343
0.171436
0.150042
0.294316
0.278877
0.166003
0.188578
0.267284
0.116571
0.214267
0.188875
0.113119
0.127664
0.257912
0.448788
0.348589
0.155747
0.128021
0.162113
0.145905
0.154900
0.162805
0.141044
0.146791
0.150413
0.129701
0.164338
0.141060
0.147070
0.140251
0.234601
0.243035
0.188914
0.211734
0.187884
0.203933
0.329374
0.338956
0.178035
0.212701
0.132250
0.142069
0.175433
0.352485
0.189866
0.242681
0.300153
0.217757
0.288062
0.231668
0.245361
0.146425
0.171132
0.185570
0.176982
0.190132
0.163677
0.153474
0.163910
0.250932
0.205245
0.250692
0.200680
0.155147
0.173516
0.156926
0.172929
0.134477
0.194390
0.148192
0.240911
0.202209
0.280037
0.286090
0.264913
0.158778
0.282924
0.313235
0.246033
0.255148
0.277455
0.298760
0.212627
0.251126
0.315647
0.217145
0.167782
0.263690
0.241141
0.286065
0.313621
0.234706
0.171238
0.300311
0.350512
0.294201
0.183983
0.204008
0.191543
0.148531
0.270961
0.321779
0.204109
0.214152
0.205080
0.308157
0.223507
0.175715
0.281372
0.343826
0.321186
0.241175
0.243905
0.180187
0.380239
0.222779
0.306245
0.267879
0.251786
0.334936
0.349717
0.314799
0.291916
0.276788
0.351281
0.262597
0.328862
0.314095
0.298424
0.282241
0.386502
0.208915
0.239297
0.170910
0.196038
0.309307
0.253755
0.198275
0.154317
0.116970
0.207553
0.169656
0.185846
0.231831
0.281457
0.253282
0.152849
0.129178
0.191324
0.189453
0.177657
0.231778
0.200760
0.322290
0.314953
0.278250
0.365787
0.331105
0.207370
0.162070
0.209179
0.243009
0.173823
0.261092
0.353239
0.304950
0.194822
0.150925
0.138914
0.200698
0.226724
0.360897
0.394874
0.256448
0.239415
0.211571
0.184021
0.300067
0.203198
0.307793
0.200796
0.213530
0.219407
0.211174
0.232416
0.210783
0.253552
0.188950
0.203772
0.278397
0.352612
0.259995
0.386519
0.364775
0.429131
0.203958
0.298928
0.341773
0.168823
0.173667
0.238673
0.318360
0.236179
0.172731
0.287567
0.359919
0.156035
0.196645
0.218379
0.317389
0.345798
0.109947
0.256081
0.167953
0.281602
0.295877
0.254619
0.177336
0.167308
0.262381
0.193889
0.150090
0.170917
0.387050
0.281764
0.263637
0.240415
0.274797
0.299520
0.222879
0.258135
0.285260
0.317226
0.316473
0.337203
0.205711
0.230117
0.326640
0.308054
0.278861
0.327472
0.181356
0.215923
0.189828
0.188267
0.302436
0.267790
0.252254
0.267840
0.277783
0.244853
0.162063
0.304419
0.266846
0.251756
0.217184
0.212554
0.232454
0.252034
0.220070
0.192595
0.229019
0.272369
0.285309
0.158730
0.138490
0.126184
0.198511
0.261799
0.281757
0.321227
0.168920
0.154850
0.329150
0.288486
0.367089
0.261579
0.361596
0.260354
0.246501
0.318471
0.209310
0.255335
0.177144
0.186369
0.165912
0.231057
0.284150
0.223556
0.274759
0.375266
0.212715
0.268139
0.287245
0.265244
0.189656
0.219625
0.392714
0.340924
0.213447
0.301588
0.275622
0.318909
0.198829
0.318158
0.241843
0.357672
0.283961
0.190676
0.270191
0.244450
0.175842
0.243058
0.181636
0.208511
0.368915
0.324908
0.326582
0.202562
0.240948
0.355805
0.260593
0.189010
0.329948
0.229219
0.201819
0.202716
0.250057
0.176709
0.213239
0.159048
0.186966
0.261514
0.278926
0.227067
0.234097
0.238797
0.263949
0.297440
0.341186
0.234682
0.229349
0.170288
0.203659
0.180567
0.189480
0.185963
0.151508
0.212409
0.306496
0.161313
0.256259
0.171029
0.180110
0.206205
0.268079
0.225346
0.228638
0.283690
0.207896
0.179072
0.231308
0.258574
0.394038
0.357583
0.261554
0.205040
0.243599
0.246598
0.214959
0.214757
0.228030
0.301066
0.116292
0.170185
0.219367
0.404293
0.337619
0.221022
0.340829
0.192696
0.385343
0.237931
0.251973
0.384646
0.359647
0.315263
0.244958
0.420709
0.275942
0.195197
0.186078
0.183167
0.312276
0.416668
0.208859
0.264485
0.351724
0.248308
0.183022
0.198890
0.233017
0.141907
0.166707
0.131612
0.162137
0.150260
0.224539
0.236315
0.209628
0.266720
0.235550
0.265779
0.184791
0.171384
0.121082
0.163548
0.280175
0.132888
0.170551
0.184110
0.257865
0.147851
0.280441
0.395292
0.201858
0.377803
0.319045
0.304083
0.406981
0.258765
0.246970
0.213241
0.135649
0.147992
0.256492
0.254917
0.363491
0.317357
0.306324
0.199080
0.221670
0.251097
0.140155
0.148306
0.213005
0.153838
0.168424
0.215620
0.293919
0.214592
0.164195
0.164142
0.192781
0.234979
0.222515
0.242902
0.276881
0.177199
0.226431
0.237125
0.180111
0.266139
0.283057
0.390277
0.299492
0.277602
0.234074
0.207284
0.337675
0.275386
0.217007
0.230061
0.202814
0.207716
0.170192
0.147226
0.168864
