509	296	81	67
509	292	82	72
509	292	83	70
509	291	84	71
511	291	82	71
512	291	82	70
513	301	81	69
520	307	81	70
532	310	84	71
534	309	83	71
535	309	82	71
534	309	83	73
535	312	83	73
536	314	81	74
533	316	84	73
534	317	79	73
534	314	77	74
533	311	77	75
533	310	75	74
534	307	74	74
537	305	72	77
539	303	70	78
541	302	69	78
543	300	69	80
545	300	71	79
548	299	69	80
551	299	70	78
551	299	70	80
552	300	70	79
552	301	71	78
552	300	71	78
552	299	72	79
553	298	72	74
550	294	74	79
554	292	73	79
553	293	76	77
553	294	78	75
552	293	83	76
551	294	85	74
550	293	85	72
548	293	87	71
546	292	87	73
544	291	87	75
543	291	88	76
541	292	88	75
539	292	91	76
536	291	93	76
534	290	93	77
534	289	94	79
533	287	91	79
532	284	92	79
533	282	92	80
532	281	95	79
530	282	98	78
529	281	97	78
527	280	101	79
527	279	98	78
527	279	98	79
528	279	96	79
530	279	95	79
529	280	95	79
531	279	94	79
531	278	93	79
533	278	93	81
534	277	96	82
534	278	92	81
533	278	97	79
533	277	95	80
533	276	98	81
533	274	96	80
536	273	92	82
536	274	90	82
537	274	90	81
537	277	90	81
539	278	90	82
539	280	92	81
539	282	91	82
539	283	93	81
538	284	94	82
539	283	97	83
538	283	97	83
539	282	96	83
541	280	96	83
542	279	96	82
544	279	91	84
545	277	91	85
546	278	91	83
546	276	93	86
545	278	96	86
547	280	96	85
548	283	92	84
548	284	92	85
548	285	92	83
549	285	88	83
549	285	87	82
549	285	86	84
548	285	86	88
550	285	81	86
550	284	80	86
549	286	81	88
553	288	82	86
559	289	82	85
567	289	83	88
575	295	85	86
583	293	84	90
583	293	85	92
582	295	84	90
581	297	83	87
578	299	82	86
574	300	84	87
570	299	84	88
568	297	85	89
563	297	91	89
561	293	91	91
559	291	96	92
559	287	98	93
562	288	91	90
561	285	89	93
564	286	84	91
565	284	83	91
567	285	82	93
566	286	86	92
564	287	89	92
561	287	91	92
559	289	93	88
557	291	94	86
557	292	94	88
556	290	93	89
557	290	92	87
558	287	91	88
557	286	92	87
557	286	92	86
556	285	95	87
555	286	93	87
553	286	93	88
552	287	92	87
550	287	95	87
549	287	94	89
549	288	96	91
549	288	95	93
549	290	92	91
550	291	92	93
548	292	94	93
547	294	97	93
547	294	97	91
546	292	96	91
546	292	95	91
548	292	93	90
550	290	94	93
549	290	93	92
548	288	100	94
553	288	94	96
556	291	86	93
555	292	90	93
558	292	93	94
555	293	92	94
561	293	87	94
563	295	87	93
564	296	85	94
565	298	85	95
565	301	86	92
565	302	88	93
565	303	89	92
563	304	89	88
562	303	91	85
560	302	90	89
563	301	88	91
564	303	88	90
563	303	92	91
563	303	91	92
567	306	84	90
567	309	91	91
568	311	90	91
570	311	84	91
573	312	79	90
576	312	76	91
579	309	71	94
582	307	70	96
584	305	69	97
585	303	69	95
587	304	71	96
589	305	69	92
590	304	71	88
592	304	72	88
592	305	74	90
593	302	75	88
594	302	70	92
596	304	67	91
596	307	69	88
599	309	67	87
600	310	68	87
601	310	70	86
600	309	67	87
600	305	64	89
600	302	66	89
601	301	67	89
600	303	68	83
601	303	69	83
599	302	73	79
600	298	72	84
602	294	71	91
602	294	73	91
602	295	74	88
603	298	69	85
604	301	70	82
603	302	69	83
602	301	68	81
603	298	66	83
603	296	65	85
601	295	66	85
600	292	64	82
603	292	64	82
603	289	66	82
603	285	67	86
603	283	69	86
604	280	66	89
605	282	67	89
605	284	70	86
604	285	72	85
605	287	68	83
603	289	67	80
604	289	66	80
602	287	70	82
603	286	69	83
603	286	67	80
603	286	65	77
602	285	67	77
601	282	71	81
602	279	69	78
601	276	67	80
600	278	69	78
599	278	66	78
598	280	65	76
596	282	67	76
595	285	69	74
595	287	69	73
594	287	70	74
593	287	73	74
592	286	68	72
592	287	70	69
592	289	71	70
590	287	75	71
591	283	77	72
590	279	78	74
591	277	81	73
591	277	83	75
590	276	80	72
591	276	76	72
590	278	77	72
589	279	77	71
591	278	75	72
591	279	76	71
590	279	80	71
591	281	76	69
590	281	75	71
592	278	72	73
593	278	73	69
592	275	75	74
591	274	78	75
592	274	76	73
594	274	73	72
594	274	75	70
595	274	73	72
595	274	70	71
594	273	71	71
595	274	70	72
597	274	72	73
598	275	71	74
599	278	72	73
600	279	70	72
601	281	70	70
601	282	72	71
601	282	72	72
601	281	72	69
601	279	72	71
601	278	71	71
602	277	73	72
602	277	71	74
603	277	70	73
602	279	72	72
604	279	72	72
606	279	74	73
608	279	78	74
609	279	79	76
610	282	77	74
609	286	73	70
608	287	75	71
609	285	76	72
613	282	76	72
612	279	79	72
613	278	80	73
613	277	86	73
615	278	84	72
615	279	81	70
617	282	82	68
619	282	79	70
618	281	81	70
617	281	82	71
618	282	83	71
619	285	82	68
620	288	82	68
619	291	81	65
619	291	79	66
619	291	78	67
619	290	80	68
619	288	83	70
620	288	82	71
623	291	81	71
625	291	78	69
628	290	75	70
628	289	75	71
628	289	73	71
627	288	75	74
626	287	77	73
625	289	74	72
624	291	71	71
622	293	71	69
620	292	72	69
618	291	74	70
616	290	75	73
613	287	79	75
614	285	76	74
613	287	73	72
610	286	69	71
608	288	66	69
605	290	65	67
604	289	64	68
601	291	64	67
598	290	65	68
595	291	67	66
593	291	64	65
591	292	66	63
589	291	68	66
588	288	69	68
586	287	68	67
583	286	72	69
581	286	73	68
579	286	71	68
578	285	67	68
576	283	66	68
575	282	64	69
572	280	65	68
570	279	65	69
568	281	65	67
566	283	66	67
563	285	65	64
560	287	68	65
556	287	69	66
552	284	69	70
549	285	70	71
545	288	71	68
541	290	72	66
536	291	69	63
532	291	68	63
527	291	67	63
523	289	65	62
520	289	66	62
516	289	66	63
511	289	65	62
507	288	65	63
503	285	67	64
498	284	70	65
493	284	72	67
488	284	74	69
484	286	78	68
479	288	72	64
475	290	81	64
471	291	74	59
466	291	73	60
462	291	72	61
458	289	72	61
454	289	74	63
452	287	70	63
449	291	71	61
445	292	72	62
442	294	75	64
439	292	76	66
436	295	77	66
431	297	80	67
429	298	81	67
425	301	81	65
424	303	76	65
422	302	72	67
420	300	71	68
419	302	68	67
415	300	71	70
414	298	71	70
413	299	71	69
413	302	70	66
409	301	71	66
408	304	70	64
403	304	71	63
400	302	72	63
396	301	75	66
394	301	75	65
391	303	77	67
390	306	77	66
388	310	75	63
387	312	73	63
388	311	69	66
393	314	66	65
392	312	66	67
392	313	66	67
390	313	67	68
393	319	64	64
395	320	62	66
395	321	62	65
395	322	63	66
395	322	64	66
395	323	64	67
395	324	64	68
397	324	64	70
399	326	63	69
400	328	58	64
401	329	56	63
401	328	55	66
400	329	54	67
401	332	53	69
400	335	53	69
398	341	52	68
407	340	50	69
407	339	50	67
406	340	52	66
406	342	50	65
407	342	51	66
408	343	50	65
410	343	51	67
411	343	52	67
416	340	52	69
419	341	54	67
424	341	51	65
430	342	48	64
435	340	47	65
438	337	45	66
442	335	47	66
446	335	47	67
451	333	43	68
454	334	44	68
458	334	44	68
459	333	46	67
459	333	48	64
457	337	51	62
462	334	51	64
462	335	52	63
465	335	54	65
467	332	53	67
468	333	54	64
471	332	54	64
472	331	52	64
478	331	48	63
479	330	49	61
481	332	49	60
484	330	47	62
487	327	44	64
490	330	45	62
492	332	45	62
496	331	44	63
497	334	45	61
499	334	46	61
500	332	48	64
501	332	50	63
501	331	52	63
506	329	50	65
505	328	53	65
510	327	53	65
519	328	45	61
523	329	43	59
526	329	44	60
525	330	48	58
529	329	45	59
533	329	44	60
536	330	46	62
536	332	47	61
536	334	48	61
539	334	47	62
542	332	44	63
545	332	44	64
544	335	44	61
545	332	44	63
546	329	43	65
548	331	42	62
548	330	44	63
547	329	44	64
549	330	45	62
549	329	47	64
549	328	48	65
551	330	44	64
553	331	44	64
554	332	45	63
555	333	44	63
556	333	47	64
560	334	44	62
560	333	44	62
561	333	42	62
560	332	44	62
561	332	45	63
561	329	48	63
562	328	48	64
563	328	49	64
563	328	51	64
566	328	51	63
568	328	53	63
568	329	55	63
568	328	56	63
569	328	58	62
569	327	59	63
568	327	61	63
567	326	64	62
567	326	65	62
566	324	65	63
564	321	67	62
565	319	65	62
564	317	62	62
564	314	63	62
566	313	62	62
568	313	60	63
566	313	61	63
565	311	63	62
565	311	63	64
566	311	64	64
566	311	66	64
565	312	66	65
566	312	67	65
568	312	67	64
568	312	67	64
569	312	67	64
569	311	68	63
570	311	70	63
570	310	71	62
571	308	73	62
572	307	75	64
572	306	75	65
572	305	77	63
574	305	72	63
576	306	70	63
578	305	68	65
579	305	65	64
581	305	64	63
582	305	64	63
582	304	66	64
582	305	65	63
581	304	68	65
581	303	71	65
580	302	72	65
581	303	71	64
581	301	71	63
583	299	68	65
584	300	67	65
584	301	67	64
584	303	68	63
586	303	68	64
586	305	69	64
585	305	71	66
585	308	72	65
586	311	75	66
584	313	77	64
584	313	75	65
587	315	70	63
587	315	67	63
588	315	65	65
590	315	64	64
590	316	64	63
590	317	65	65
591	318	65	63
591	317	66	67
592	318	67	66
593	320	68	67
593	321	69	67
593	321	71	67
594	323	68	65
595	325	67	64
596	326	66	65
598	326	65	66
598	328	66	64
598	329	67	63
598	328	70	62
597	325	74	66
597	325	74	64
595	324	77	66
594	325	79	67
596	324	76	66
596	325	74	65
597	325	69	66
596	326	69	66
594	327	67	65
592	329	68	64
591	330	69	64
589	330	71	66
587	330	72	66
585	331	72	66
584	328	74	68
582	328	76	67
583	326	76	68
581	326	76	67
581	325	75	67
580	324	75	68
581	324	75	68
582	323	75	68
582	324	78	69
582	325	80	70
582	327	82	70
581	327	82	70
581	328	84	70
580	328	86	71
580	327	88	71
579	327	89	71
579	326	88	71
580	325	85	71
581	325	82	70
581	325	79	70
582	324	78	69
581	325	77	69
582	326	77	68
581	327	79	68
580	328	81	68
579	327	83	70
578	329	86	73
578	328	87	70
578	328	86	73
579	328	87	70
579	327	85	70
581	326	81	69
581	324	81	69
585	322	81	69
586	323	82	68
587	321	83	68
588	321	85	69
588	322	88	69
589	321	90	70
589	323	92	70
590	325	92	69
591	325	87	70
592	325	83	71
592	323	81	72
593	324	79	72
595	323	76	72
596	323	76	73
595	323	78	72
595	324	80	72
595	325	80	69
596	325	77	70
595	325	79	70
593	324	79	72
593	323	82	74
592	323	84	74
594	325	82	72
593	328	81	71
594	330	76	68
594	329	73	71
594	328	74	71
596	326	72	74
595	325	72	73
597	323	69	70
598	323	71	73
598	323	73	69
598	322	74	69
600	321	75	70
600	321	74	69
599	321	75	69
601	322	76	69
604	321	75	72
605	320	74	72
604	321	73	72
605	321	72	68
605	320	73	69
606	319	73	69
606	317	74	68
606	315	74	68
608	312	75	70
610	312	75	69
612	311	77	69
612	311	79	68
613	310	77	68
615	309	79	68
618	309	72	67
621	306	71	68
623	305	70	70
624	306	69	71
625	307	69	72
627	307	68	72
628	307	70	72
629	307	69	72
629	307	69	73
629	307	70	72
630	306	68	73
633	306	65	70
632	305	66	70
632	304	66	69
633	302	69	69
634	301	68	68
634	303	67	67
633	303	70	65
632	302	73	64
632	302	72	67
631	302	72	66
632	302	74	65
633	302	70	66
633	302	69	66
635	300	69	66
633	299	72	68
630	297	73	69
633	298	69	68
628	295	73	68
629	294	72	67
627	293	73	68
627	294	74	67
630	296	71	68
633	297	67	67
631	300	69	67
629	303	71	66
629	304	72	66
628	304	76	67
629	304	74	67
628	304	74	67
626	302	75	69
625	301	77	69
626	300	78	69
628	300	79	68
626	299	81	69
629	299	80	68
628	299	81	70
629	299	78	70
628	301	75	68
630	300	71	70
629	302	70	69
629	303	68	70
630	303	68	70
628	304	69	71
633	304	64	71
633	305	63	70
634	306	62	68
635	304	61	71
636	305	59	69
636	304	59	69
635	305	60	68
638	305	56	67
641	303	53	70
641	304	53	70
641	312	52	63
642	313	51	64
643	317	49	58
645	317	48	59
644	311	49	64
644	311	50	66
646	314	48	63
646	308	49	67
645	306	51	69
645	305	53	71
646	303	54	70
646	306	56	66
647	303	58	68
651	303	56	66
654	305	53	67
657	304	55	72
658	307	56	69
658	311	56	66
663	310	52	69
665	312	51	67
668	312	49	68
671	312	48	69
669	311	52	70
668	310	53	71
675	308	49	71
673	307	52	72
672	311	55	67
677	308	51	71
678	308	52	69
680	307	55	69
682	307	50	68
650	310	36	67
693	308	42	69
655	320	35	60
657	313	38	69
659	317	39	67
706	317	49	64
712	316	45	67
712	319	46	61
720	320	39	60
724	318	37	62
729	320	37	59
732	321	39	58
734	319	40	61
688	316	41	61
739	317	42	62
747	317	38	63
748	318	40	61
751	318	42	61
753	317	43	63
756	317	43	61
758	316	44	62
760	317	45	62
762	319	48	62
763	320	51	62
763	321	53	62
765	320	57	64
766	320	57	62
770	316	57	65
770	315	58	66
771	316	59	64
775	317	58	63
771	317	66	62
727	316	63	65
730	318	58	63
733	320	54	62
779	321	61	64
736	320	56	64
735	318	59	63
736	317	60	62
734	315	66	66
736	316	62	64
734	317	66	63
623	319	80	64
544	324	68	60
547	324	63	53
546	325	61	55
547	327	62	53
548	323	61	58
548	321	61	62
545	321	63	64
548	322	62	63
549	321	61	64
549	321	62	64
549	320	63	65
548	320	63	64
548	321	64	62
548	321	65	61
547	320	65	60
548	319	65	60
548	319	64	60
549	320	65	61
547	320	65	61
546	320	65	59
547	323	65	59
546	326	66	58
543	326	66	59
544	326	63	63
544	324	66	66
543	330	68	62
541	327	68	65
540	324	68	67
539	325	67	66
538	326	67	66
535	323	68	64
533	325	69	64
533	327	71	61
531	324	71	64
533	326	70	63
532	326	70	64
533	325	68	66
535	326	66	65
534	328	67	64
532	329	66	62
532	332	69	61
531	329	71	65
530	332	74	62
526	332	78	63
523	332	81	62
529	328	74	64
533	325	69	66
534	321	68	69
536	318	66	72
538	319	65	71
538	320	66	72
539	320	67	71
539	320	67	71
537	320	68	71
539	324	67	70
540	323	66	73
542	323	66	74
541	324	66	73
542	325	65	72
544	325	63	71
544	325	61	70
546	326	65	69
548	323	66	71
550	324	64	70
551	322	63	73
552	324	67	73
553	323	66	74
556	323	70	72
558	323	61	71
559	324	63	73
559	325	62	74
559	326	62	74
560	328	61	72
561	328	60	74
561	326	59	75
561	326	60	75
561	331	61	69
560	326	61	75
561	326	60	73
560	323	61	76
561	324	61	75
561	323	60	76
560	324	60	78
561	326	59	76
559	325	62	78
559	326	64	77
559	329	64	77
561	330	63	77
560	330	65	77
560	332	67	76
559	331	69	76
557	331	68	76
562	331	70	76
561	328	62	76
564	328	69	77
563	327	68	78
565	328	64	75
566	329	63	72
568	330	62	72
569	330	62	73
570	331	62	73
570	332	63	73
569	335	66	70
569	334	66	73
569	334	66	72
570	333	67	68
566	330	70	77
570	330	68	77
569	330	68	76
568	330	69	76
567	329	71	77
567	329	69	74
567	331	70	74
567	331	77	76
564	333	73	73
566	334	80	73
567	332	76	77
568	333	81	76
570	335	72	75
571	333	70	76
572	331	67	78
572	332	65	75
572	331	65	75
574	329	66	76
572	329	67	76
574	328	66	76
575	327	67	76
574	326	70	76
575	327	70	76
576	327	70	77
580	325	69	78
583	326	65	78
584	327	64	79
585	328	64	78
584	329	68	78
586	329	68	78
587	328	67	80
588	329	68	78
590	328	68	79
591	328	72	77
591	325	76	80
591	323	74	81
591	323	71	80
594	322	67	79
595	322	63	78
597	320	63	81
598	319	65	81
601	330	63	71
601	328	64	74
603	329	63	72
602	330	64	72
604	321	61	84
602	322	66	81
605	322	64	82
607	323	63	79
608	318	63	82
609	316	63	83
610	319	65	80
611	316	64	82
611	318	66	80
609	317	68	82
612	320	68	81
611	319	71	82
611	324	72	80
610	326	73	81
608	329	73	79
609	330	66	74
610	329	70	75
610	329	65	74
609	327	65	76
610	327	65	75
609	327	66	73
609	327	67	75
607	327	68	76
606	327	69	77
605	328	70	78
605	329	70	78
606	330	68	78
606	331	68	78
607	333	67	78
606	335	67	77
606	336	68	76
607	339	67	76
606	338	67	77
605	339	67	74
606	338	69	74
605	338	72	73
603	336	77	74
