0.027112
0.139522
0.143126
0.203646
0.111234
0.273939
0.102931
0.182149
0.329994
0.089278
0.204765
0.169267
0.134892
0.120653
0.133214
0.131035
0.092854
0.199284
0.112512
0.227258
0.283286
0.302599
0.302760
0.189306
0.329585
0.234204
0.092676
0.094718
0.112275
0.221344
0.278595
0.338833
0.121593
0.130733
0.100379
0.116361
0.157735
0.136824
0.195150
0.157436
0.126629
0.280350
0.283888
0.127753
0.158445
0.183575
0.274776
0.362931
0.297179
0.310577
0.228935
0.292703
0.152128
0.191960
0.113794
0.241808
0.270931
0.277116
0.096074
0.080441
0.123396
0.087269
0.138299
0.133151
0.176198
0.251159
0.118179
0.084011
0.189335
0.120110
0.141997
0.087707
0.107909
0.287441
0.160363
0.139518
0.413628
0.143895
0.152376
0.112553
0.261448
0.315815
0.190250
0.267409
0.221172
0.104936
0.184037
0.208069
0.261093
0.271604
0.175904
0.163606
0.200894
0.209650
0.276427
0.259370
0.280210
0.142134
0.260972
0.279797
0.120048
0.074974
0.075258
0.140561
0.239504
0.118180
0.115541
0.148680
0.232831
0.297187
0.243868
0.118301
0.117622
0.233202
0.298162
0.347197
0.186851
0.208942
0.199242
0.320836
0.311395
0.113825
0.124055
0.130878
0.057181
0.082387
0.070513
0.092582
0.129481
0.147806
0.172796
0.064246
0.088841
0.112230
0.076175
0.110083
0.110823
0.065149
0.073298
0.101735
0.302536
0.153027
0.158629
0.198666
0.181999
0.092805
0.122631
0.166394
0.159712
0.105193
0.243565
0.262510
0.257962
0.310649
0.113561
0.130078
0.092070
0.067211
0.071850
0.078436
0.099490
0.127212
0.158302
0.199742
0.089736
0.080151
0.103262
0.088580
0.087213
0.092642
0.121382
0.094200
0.077268
0.091849
0.113170
0.064379
0.072913
0.053757
0.065067
0.088224
0.099781
0.245443
0.326948
0.187297
0.205320
0.286434
0.283717
0.138696
0.105960
0.153201
0.185004
0.083701
0.086882
0.144818
0.078222
0.139688
0.166397
0.076792
0.142210
0.275412
0.132876
0.118583
0.160141
0.189524
0.086517
0.102419
0.112213
0.130131
0.108365
0.159364
0.102363
0.093530
0.127010
0.199425
0.329082
0.292807
0.440031
0.281214
0.097059
0.187564
0.171948
0.148867
0.146744
0.117527
0.085860
0.091439
0.100487
0.147630
0.101077
0.067424
0.093088
0.090703
0.077306
0.079168
0.091313
0.126364
0.120869
0.156715
0.280130
0.119044
0.225115
0.348005
0.366249
0.345382
0.144547
0.131871
0.065469
0.081135
0.132105
0.160887
0.097196
0.107420
0.103081
0.085471
0.107292
0.142370
0.167724
0.299689
0.278107
0.081285
0.069831
0.113291
0.069760
0.086144
0.237857
0.123659
0.072012
0.094161
0.110204
0.074872
0.072670
0.131659
0.118541
0.137706
0.146621
0.195273
0.214071
0.151932
0.257448
0.113517
0.170493
0.161955
0.150467
0.216619
0.274883
0.291737
0.274040
0.352098
0.285105
0.176957
0.105588
0.229771
0.218318
0.149569
0.176088
0.142414
0.087322
0.074646
0.051628
0.132711
0.127464
0.094991
0.095580
0.117874
0.130530
0.340698
0.259949
0.152698
0.268414
0.316544
0.268283
0.123990
0.285387
0.104652
0.136121
0.123158
0.101782
0.134050
0.269660
0.121271
0.120151
0.176219
0.247985
0.128303
0.195290
0.271796
0.074353
0.161839
0.109202
0.110837
0.089623
0.060280
0.069188
0.084829
0.103510
0.106828
0.153575
0.141253
0.088127
0.101363
0.179806
0.130227
0.085581
0.093390
0.083579
0.112379
0.101029
0.121014
0.095892
0.139154
0.174999
0.218798
0.130061
0.239183
0.222319
0.097070
0.143221
0.126051
0.124862
0.081181
0.071285
0.192110
0.110005
0.084155
0.083848
0.063301
0.083586
0.078383
0.114113
0.115269
0.177337
0.142012
0.114570
0.108466
0.071586
0.075049
0.065108
0.107058
0.080889
0.111119
0.070110
0.082409
0.101236
0.099446
0.070500
0.067338
0.086120
0.145959
0.282074
0.100286
0.103244
0.082984
0.133429
0.190548
0.295217
0.325157
0.152761
0.075920
0.142263
0.207780
0.178702
0.273028
0.335587
0.297847
0.307777
0.129048
0.119247
0.311445
0.269924
0.259199
0.208795
0.101606
0.110478
0.103841
0.074782
0.207324
0.122330
0.115319
0.105248
0.110731
0.116004
0.109928
0.066743
0.076691
0.136243
0.116269
0.096233
0.101237
0.104345
0.133606
0.166041
0.063085
0.176538
0.312130
0.252995
0.100051
0.101313
0.115920
0.117346
0.225728
0.311906
0.144221
0.163052
0.214861
0.358347
0.160195
0.158896
0.077454
0.073910
0.076394
0.078550
0.122454
0.092930
0.101081
0.154237
0.085726
0.119733
0.102843
0.097096
0.113881
0.271310
0.274154
0.120331
0.114518
0.093672
0.080159
0.071171
0.095172
0.140584
0.259032
0.280379
0.211309
0.239516
0.125129
0.098107
0.088193
0.119972
0.111748
0.104504
0.256439
0.303363
0.144546
0.208635
0.358303
0.170171
0.249062
0.386667
0.287719
0.274917
0.238806
0.207217
0.117332
0.081717
0.158623
0.176945
0.157904
0.114552
0.192498
0.335124
0.145276
0.287861
0.312624
0.305772
0.127592
0.227645
0.224974
0.120587
0.258966
0.164270
0.211476
0.136300
0.090484
0.102917
0.130667
0.140385
0.222402
0.222214
0.315801
0.176854
0.210889
0.133152
0.245471
0.348053
0.254885
0.252800
0.238277
0.321752
0.161746
0.190898
0.306036
0.146510
0.130537
0.134632
0.109978
0.124661
0.111941
0.100146
0.093886
0.106492
0.143417
0.111761
0.093281
0.179433
0.242608
0.296455
0.121815
0.158040
0.110186
0.110460
0.140190
0.193421
0.269331
0.364489
0.349203
0.249120
0.218011
0.142506
0.073105
0.110240
0.162335
0.093310
0.230889
0.282419
0.152875
0.277005
0.338006
0.128346
0.180194
0.149504
0.190018
0.321146
0.225229
0.230258
0.305112
0.102485
0.118864
0.076673
0.093363
0.152213
0.124109
0.097306
0.100018
0.118665
0.127726
0.150682
0.106059
0.143776
0.106247
0.163518
0.112090
0.101926
0.093596
0.113633
0.095655
0.070170
0.087998
0.123136
0.188281
0.322681
0.126071
0.225727
0.139707
0.123266
0.094911
0.242027
0.084992
0.128329
0.074916
0.076449
0.065819
0.104851
0.090810
0.090570
0.091403
0.101392
0.111144
0.250121
0.349427
0.226208
0.109410
0.119271
0.096373
0.094353
0.175743
0.283229
0.318752
0.273106
0.259924
0.133641
0.081387
0.155010
0.124156
0.147658
0.110744
0.131152
0.289573
0.267879
0.082876
0.110166
0.077021
0.080382
0.094235
0.252861
0.152334
0.074138
0.118948
0.118156
0.103307
0.076272
0.054904
0.099836
0.148908
0.100481
0.099832
0.168587
0.249508
0.277032
0.143728
0.235546
0.300719
0.109785
0.279627
0.237702
0.338702
0.320108
0.280241
0.283778
0.078032
0.088505
0.088596
0.139963
0.126928
0.092155
0.175454
0.301655
0.240990
0.304678
0.316037
0.131752
0.235430
0.447888
0.295049
0.094545
0.143459
0.144232
0.236662
0.081850
0.110778
0.086720
0.105150
0.104895
0.270129
0.280416
0.191875
0.346838
0.158161
0.131426
0.166626
0.352276
0.201540
0.130469
0.112804
0.123385
0.155549
0.350227
0.241464
0.164601
0.231504
0.238825
0.235793
0.311433
0.382857
0.289779
0.255933
0.336954
0.329784
0.267497
0.308296
0.156620
0.134158
0.103921
0.089298
0.122670
0.248607
0.180732
0.248503
0.293808
0.302124
0.291862
0.099956
0.290411
0.083094
0.167046
0.201896
0.146979
0.097343
0.176629
0.196748
0.240688
0.282439
0.185384
0.342214
0.101335
0.124587
0.234249
0.295111
0.090803
0.114411
0.212713
0.329754
0.234446
0.181489
0.170439
0.159107
0.124794
0.208147
0.162843
0.123707
0.126790
0.141545
0.148083
0.126846
0.291110
0.149117
0.125495
0.233648
0.257179
0.317353
0.113053
0.280956
0.245148
0.237654
0.272456
0.289127
0.155530
0.247091
0.261892
0.319871
0.162160
0.092873
0.094152
0.189132
0.211080
0.262885
0.352348
0.140077
0.131928
0.212073
0.246903
0.227006
0.298796
0.163078
0.124725
0.108799
0.109838
0.110197
0.068269
0.124984
0.156530
0.227714
0.321701
0.360135
0.350930
0.115935
0.128895
0.341507
0.413260
0.130543
0.153506
0.156610
0.063005
0.085595
0.310449
0.122241
0.114849
0.101019
0.114416
0.086899
0.065355
0.072206
0.149292
0.114653
0.174128
0.195043
0.158639
0.129382
0.208897
0.263944
0.270875
0.454088
0.302145
0.155658
0.109027
0.075587
0.130692
0.173538
0.250434
0.121676
0.114715
0.110340
0.137351
0.310212
0.092792
0.133368
0.090625
0.084663
0.147737
0.152892
0.126815
0.187366
0.331030
0.304361
0.103762
0.113144
0.085238
0.093001
0.082715
0.086599
0.106363
0.125027
0.124224
0.113148
0.078357
0.130078
0.094957
0.072955
0.059575
0.120586
0.125090
0.121270
0.127482
0.129941
0.103022
0.094555
0.205549
0.134098
0.252631
0.250932
0.115582
0.129337
0.090922
0.079391
0.077791
0.101765
0.135969
0.082031
0.089273
0.102065
0.188038
0.244545
0.314816
0.273602
0.245387
0.086669
0.189825
0.106856
0.227454
0.117276
0.277860
0.144554
0.101189
0.116098
0.092651
0.060663
0.067861
0.108588
0.082875
0.090100
0.085629
0.126762
0.102131
0.111439
0.126042
0.083950
0.063081
0.088346
0.171059
0.239189
0.214353
0.260334
0.136741
0.237799
0.259083
0.265517
0.324240
0.163085
0.269072
0.155589
0.230731
0.304337
0.342433
0.276076
0.154003
0.101562
0.114459
0.085007
0.133587
0.126019
0.080121
0.114532
0.097191
0.205675
0.204283
0.135400
0.137980
0.276228
0.214162
0.307559
0.234438
0.281798
0.090197
0.245031
0.251569
0.143913
0.234549
0.315049
0.297184
0.303117
0.332712
0.145015
0.134546
0.342391
0.305790
0.310551
0.290794
0.093921
0.164643
0.301926
0.114546
0.184676
0.244549
0.268732
0.363589
0.274502
0.285366
0.268163
0.142050
0.109997
0.327750
0.218723
0.239967
0.135721
0.164107
0.096528
0.395845
0.137549
0.112194
0.262545
0.270993
0.297774
0.182403
0.275738
0.317678
0.246180
0.121336
0.147299
0.222071
0.218584
0.371384
0.145825
0.177915
0.267947
0.290187
0.316208
0.161600
0.234673
0.161456
0.339352
0.273065
0.289903
0.144437
0.245926
0.294092
0.169008
0.278976
0.246393
0.248855
0.304349
0.279644
0.190988
0.152160
0.263034
0.153173
0.280604
0.245234
0.271004
0.338130
0.099442
0.169636
0.327593
0.256702
0.205473
0.181741
0.138772
0.114251
0.246569
0.135762
0.217398
0.254598
0.312374
0.312237
0.257211
0.223795
0.143236
0.174958
0.197509
0.094367
0.110165
0.165851
0.253233
0.366747
0.274871
0.324065
0.187648
0.104333
0.099549
0.196112
0.165366
0.158686
0.113991
0.145142
0.197187
0.096021
0.109451
0.140700
0.153539
0.302989
0.369195
0.114104
0.107783
0.074985
0.146804
0.109399
0.280770
0.291200
0.307861
0.294094
0.300199
0.300382
0.263924
0.344012
0.211015
0.102803
0.121457
0.174054
0.350163
0.322851
0.163382
0.132577
0.135903
0.182662
0.117910
0.098291
0.177357
0.214380
0.116936
0.243968
0.156975
0.149602
0.380219
0.295558
0.287777
0.357323
0.263800
0.320904
0.272567
0.290441
0.270375
0.151666
0.165806
0.241341
0.298753
0.312070
0.265969
0.322484
0.350685
0.283496
0.281058
0.340238
0.382180
0.300207
0.201998
0.115025
0.103099
0.165551
0.135499
0.208545
0.125198
0.181663
0.257369
0.323088
0.312904
0.141764
0.103124
0.098140
0.081861
0.154794
0.130093
0.122379
0.261391
0.217340
0.233451
0.201494
0.113715
0.114589
0.083370
0.100614
0.089479
0.261477
0.286606
0.292953
0.112242
0.067153
0.175156
0.222401
0.118781
0.259084
0.449033
0.370411
0.240800
0.167691
0.096816
0.103336
0.121816
0.257070
0.271254
0.256037
0.115066
0.238431
0.202317
0.120975
0.088906
0.141936
0.201195
0.163856
0.072820
0.095690
0.126580
0.129660
0.128317
0.121202
0.115082
0.193871
0.124699
0.122488
0.119778
0.080604
0.171971
0.139767
0.164481
0.191010
0.315493
0.282509
0.226207
0.268551
0.117646
0.174236
0.234086
0.236692
0.330356
0.327910
0.308289
0.111533
0.104249
0.188041
0.190197
0.357389
0.244840
0.297225
0.128879
0.143338
0.110839
0.091520
0.142615
0.250525
0.244522
0.202893
0.155496
0.155179
0.217208
0.236879
0.112153
0.098017
0.202906
0.094668
0.130887
0.091651
0.111470
0.130705
0.081347
0.137685
0.072296
0.100032
0.123963
0.106541
0.132266
0.185008
0.351924
0.180509
0.222797
0.326577
0.119925
0.164629
0.233610
0.298855
0.369437
0.142675
0.093223
0.090413
0.107822
0.091971
0.067011
0.069710
0.106290
0.196053
0.133253
0.104259
0.097332
0.140823
0.283522
0.238758
0.271804
0.098916
0.172098
0.147117
0.083321
0.265107
0.115737
0.114598
0.125393
0.069799
0.070014
0.112839
0.111727
0.131677
0.087555
0.164362
0.124078
0.111318
0.112014
0.144785
0.230617
0.291104
0.129411
0.135829
0.098176
0.098163
0.110767
0.114790
0.119616
0.157703
0.149984
0.153459
0.203054
0.120495
0.068666
0.074214
0.119025
0.082796
0.105952
0.102719
0.116662
0.186321
0.168257
0.203923
0.250857
0.091474
0.089112
0.282191
0.080535
0.079346
0.067425
0.100519
0.113606
0.127567
0.252749
0.297180
0.225657
0.312388
0.113652
0.090568
0.139102
0.085131
0.158305
0.128811
0.245469
0.288676
0.171279
0.111561
0.119824
0.133084
0.112385
0.108327
0.147005
0.148728
0.174963
0.205797
0.109572
0.142928
0.132232
0.157590
0.094883
0.164218
0.247685
0.321594
0.152299
0.105827
0.087999
0.067704
0.064021
0.101084
0.100443
0.113986
0.106981
0.180290
0.097235
0.111896
0.098709
0.120144
0.111685
0.182298
0.108572
0.241135
0.138022
0.075853
0.091295
0.114719
0.157307
0.135884
0.118327
0.085838
0.118171
0.102443
0.069372
0.230328
0.248308
0.215609
0.301022
0.316702
0.118313
0.126071
0.109319
0.128762
0.130297
0.106447
0.104531
0.086974
0.086327
0.089851
0.144260
0.135780
0.113760
0.122084
0.103859
0.083453
0.226479
0.216453
0.134931
0.108982
0.105606
0.102892
0.204516
0.240280
0.258317
0.209905
0.175693
0.113985
0.125071
0.174790
0.123567
0.105082
0.124339
0.253319
0.244006
0.292380
0.181742
0.125326
0.282902
0.318492
0.340210
0.131469
0.117333
0.108813
0.126352
0.197232
0.326239
0.126614
0.112403
0.130558
0.130754
0.123644
0.121756
0.161704
0.249310
0.177923
0.244564
0.318957
0.124395
0.121021
0.117174
0.125904
0.217346
0.252266
0.134305
0.096641
0.096506
0.096244
0.135207
0.124686
0.139145
0.251177
0.321742
0.133651
0.184241
0.163269
0.288373
0.317151
0.302907
0.268780
0.084582
0.120975
0.310562
0.219903
0.132457
0.078145
0.210660
0.082314
0.066847
0.085775
0.164584
0.075804
0.098877
0.104160
0.105622
0.142649
0.083500
0.143080
0.343633
0.290665
0.360484
0.314280
0.118749
0.124002
0.123895
0.114722
0.139793
0.147419
0.068622
0.109591
0.159942
0.156226
0.114486
0.196231
0.186773
0.083438
0.274410
0.409266
0.436503
0.107333
0.129863
0.141405
0.106695
0.132773
0.126621
0.104303
0.084519
0.083814
0.321534
0.298763
0.331444
0.324519
0.324472
0.316881
0.312530
0.136415
0.090258
0.259313
0.327048
0.317882
0.122645
0.383900
0.198324
0.176752
0.280737
0.237902
0.145182
0.096096
0.130849
0.182137
0.116187
0.106479
0.111142
0.235998
0.282114
0.246256
0.357597
0.280902
0.317984
0.126614
0.116467
0.152498
0.171054
0.149487
0.321419
0.328182
0.186501
0.127245
0.254805
0.427523
0.280468
0.243802
0.253572
0.158067
0.209749
0.185674
0.110502
0.107868
0.104666
0.243052
0.329159
0.170719
0.097367
0.116530
0.294900
0.277192
0.314318
0.247634
0.306717
0.325830
0.167736
0.157813
0.134310
0.091975
0.124501
0.096999
0.148528
0.138733
0.083806
0.099864
0.152819
0.098104
0.105028
0.174988
0.135773
0.099436
0.118751
0.114431
0.142814
0.095970
0.116050
0.151020
0.280590
0.251340
0.192770
0.180617
0.314494
0.250685
0.181803
0.167353
0.139763
0.220695
0.116618
0.143022
0.131654
0.089526
0.096569
0.098576
0.073735
0.131384
0.145951
0.099541
0.103953
0.106795
0.131779
0.100807
0.081347
0.111629
0.081376
0.060212
0.074946
0.133182
0.105549
0.103847
0.128554
0.089605
0.120408
0.111255
0.115831
0.131580
0.243677
0.327138
0.109655
0.113818
0.147275
0.218204
0.135814
0.165154
0.119237
0.079970
0.144711
0.179954
0.286292
0.156322
0.220929
0.123972
0.185405
0.122119
0.273377
0.235316
0.102216
0.105397
0.087927
0.164094
0.085346
0.141268
0.131224
0.086481
0.147701
0.190182
0.284352
0.307010
0.144702
0.148098
0.314951
0.273398
0.355679
0.276389
0.085435
0.068882
0.126672
0.073259
0.107611
0.138408
0.147441
0.189201
0.210128
0.295592
0.273537
0.266802
0.365246
0.141058
0.096164
0.119892
0.283410
0.165780
0.141557
0.237803
0.142120
0.115774
0.089540
0.133112
0.103109
0.096721
0.085057
0.092636
0.202875
0.267646
0.215170
0.107099
0.092508
0.164093
0.127978
0.105606
0.118776
0.103275
0.071468
0.140009
0.145904
0.142885
0.071958
0.169961
0.216665
0.088141
0.094522
0.156030
0.185158
0.135828
0.120220
0.115804
0.258168
0.167933
0.128274
0.090376
0.170761
0.191247
0.101562
0.150965
0.107951
0.142879
0.116957
0.150353
0.193551
0.280427
0.132340
0.122916
0.206398
0.103083
0.115918
0.175450
0.293462
0.254253
0.347539
0.368427
0.211549
0.250348
0.294360
0.325278
0.199345
0.183247
0.205817
0.282853
0.094816
0.108057
0.098620
0.116067
0.112684
0.129418
0.225070
0.275240
0.305530
0.284172
0.285626
0.294404
0.286192
0.321322
0.143702
0.120804
0.127476
0.114884
0.082387
0.127836
0.252810
0.250628
0.357426
0.314232
0.120682
0.170267
0.099423
0.104793
0.122187
0.148269
0.227298
0.223800
0.279708
0.271053
0.156297
0.193980
0.310495
0.187718
0.213604
0.281468
0.117674
0.097990
0.145646
0.112526
0.103385
0.108867
0.204817
0.287970
0.316730
0.294974
0.295797
0.119526
0.217081
0.216837
0.169365
0.148559
0.149356
0.142039
0.104429
0.153466
0.114444
0.099339
0.115785
0.153763
0.098992
0.111973
0.152776
0.093367
0.126333
0.195588
0.177923
0.144681
0.152435
0.146661
0.074311
0.112397
0.133881
0.326684
0.306693
0.113138
0.231176
0.240414
0.115815
0.119362
0.156900
0.255087
0.181959
0.118810
0.127275
0.321172
0.158033
0.119453
0.190733
0.310324
0.205281
0.125163
0.324522
0.319129
0.166611
0.226558
0.251156
0.107512
0.083179
0.070113
0.234735
0.206194
0.228711
0.394214
0.175307
0.294018
0.324093
0.353170
0.276551
0.309774
0.312851
0.100050
0.241944
0.158588
0.309562
0.288048
0.270915
0.262603
0.108257
0.168711
0.111933
0.234418
0.134962
0.241611
0.107318
0.098221
0.113848
0.238198
0.285584
0.290091
0.139920
0.111733
0.134453
0.138351
0.090740
0.196804
0.235709
0.270675
0.201045
0.222424
0.091952
0.127513
0.138449
0.124767
0.224991
0.219944
0.133045
0.128704
0.121899
0.089064
0.168735
0.248547
0.144429
0.162186
0.178926
0.170756
0.183386
0.222230
0.236212
0.160788
0.084313
0.119375
0.147842
0.147198
0.114461
0.093788
0.172388
0.129371
0.241802
0.226894
0.235806
0.269482
0.212693
0.228606
0.092409
0.122812
0.081029
0.124283
0.190194
0.199297
0.204450
0.132565
0.223845
0.096578
0.130298
0.152970
0.094318
0.132242
0.144294
0.158754
0.223808
0.163145
0.166568
0.157480
0.107196
0.189569
0.251595
0.257342
0.197791
0.205619
0.220309
0.097070
0.088964
0.116385
0.138614
0.169817
0.189744
0.205519
0.270183
0.190016
0.159803
0.217073
0.191711
0.249401
0.229292
0.299022
0.108683
0.122621
0.145463
0.087881
0.107643
0.171371
0.256616
0.249008
0.278576
0.123651
0.088138
0.123673
0.198331
0.266194
0.235443
0.292102
0.223213
0.301202
0.167894
0.249625
0.140047
0.222268
0.300383
0.148874
0.217677
0.149997
0.150758
0.219256
0.113408
0.181593
0.249618
0.334753
0.292793
0.239984
0.199073
0.296958
0.201231
0.198123
0.264807
0.322824
0.310007
0.261178
0.277204
0.298454
0.272412
0.333403
0.324593
0.247816
0.334408
0.227061
0.263645
0.252446
0.277627
0.152045
0.264455
0.250894
0.326792
0.325873
0.355829
0.299307
0.240329
0.315020
0.362827
0.270658
0.251405
0.285845
0.361089
0.213241
0.123140
0.173898
0.125278
0.120111
0.128047
0.071413
0.125378
0.121340
0.239962
0.274940
0.301544
0.252041
0.251302
0.241429
0.253267
0.213421
0.266034
0.152418
0.249974
0.167110
0.123015
0.106684
0.099565
0.137539
0.091969
0.127000
0.179650
0.242313
0.212897
0.145618
0.185302
0.229450
0.360133
0.304166
0.211906
0.239262
0.277934
0.337801
0.122953
0.164135
0.119990
0.114924
0.084225
0.127249
0.213506
0.144022
0.102933
0.175431
0.124789
0.355909
0.196924
0.163857
0.093830
0.208438
0.253458
0.116058
0.223386
0.112696
0.081730
0.068531
0.165992
0.228713
0.133854
0.238761
0.236672
0.206656
0.100876
0.148163
0.191461
0.194495
0.125069
0.100193
0.096691
0.123759
0.297596
0.154721
0.170715
0.156378
0.114358
0.100296
0.082941
0.125468
0.081244
0.106416
0.203405
0.085010
0.123385
0.089322
0.155568
0.190452
0.215545
0.198087
0.107358
0.177627
0.208600
0.244570
0.161879
0.119592
0.127859
0.137824
0.144139
0.086535
0.089306
0.176621
0.236462
0.203187
0.175362
0.111928
0.112238
0.165298
0.201336
0.242882
0.191922
0.263036
0.101446
0.185321
0.186580
0.172618
0.291263
0.159400
0.123193
0.118540
0.194366
0.140612
0.107490
0.124038
0.086851
0.153527
0.235354
0.238708
0.218376
0.275044
0.238965
0.196887
0.133418
0.134739
0.177093
0.145443
0.149442
0.131729
0.098072
0.080021
0.123132
0.165754
0.101930
0.191062
0.226296
0.264240
0.130097
0.248351
0.252186
0.232523
0.176766
0.299006
0.246455
0.109307
0.107834
0.090240
0.141174
0.122108
0.118271
0.273841
0.098498
0.241392
0.324187
0.292027
0.186089
0.131976
0.265012
0.246258
0.194332
0.241872
0.175522
0.181911
0.129410
0.255854
0.154515
0.121205
0.155218
0.287269
0.123159
0.196310
0.105589
0.270380
0.230162
0.126200
0.147461
0.207250
0.149978
0.145015
0.157446
0.308183
0.109968
0.184665
0.280643
0.129942
0.368913
0.315813
0.194309
0.235873
0.269109
0.303329
0.198865
0.208907
0.158500
0.173202
0.300325
0.321744
0.311086
0.312891
0.126256
0.284061
0.119185
0.175711
0.248734
0.140194
0.095337
0.285106
0.272127
0.316518
0.130202
0.250477
0.132732
0.253676
0.340741
0.258117
0.137362
0.146757
0.228005
0.290462
0.340851
0.214076
0.200021
0.141497
0.107428
0.128514
0.143187
0.164887
0.117670
0.244574
0.232381
0.209394
0.228252
0.179298
0.256415
0.294855
0.253035
0.163106
0.286784
0.225040
0.111840
0.209217
0.204247
0.137022
0.204398
0.247049
0.274533
0.311123
0.214870
0.183025
0.136712
0.204874
0.127472
0.229231
0.348839
0.348934
0.235852
0.289456
0.385499
0.198687
0.206196
0.148994
0.186340
0.269858
0.213921
0.206164
0.109804
0.142700
0.249311
0.205686
0.244144
0.273825
0.296057
0.198510
0.136393
0.082712
0.128728
0.157706
0.300138
0.210552
0.107341
0.252697
0.287801
0.341111
0.313057
0.235235
0.237173
0.345954
0.248602
0.233109
0.200021
0.176974
0.193432
0.280877
0.190667
0.145640
0.088812
0.149616
0.126344
0.177688
0.261178
0.276528
0.295472
0.243346
0.231114
0.157901
0.281528
0.161242
0.256495
0.189268
0.185231
0.167152
0.153643
0.162228
0.122093
0.133368
0.143160
0.166653
0.117884
0.116230
0.214050
0.318343
0.179209
0.190774
0.334041
0.237109
0.202379
0.290787
0.351943
0.115191
0.164986
0.137830
0.107621
0.133182
0.154940
0.304729
0.339726
0.233525
0.144694
0.191355
0.139725
0.235735
0.374298
0.314251
0.307296
0.249282
0.267701
0.262027
0.177424
0.226423
0.203512
0.337079
0.216439
0.321117
0.285233
0.174318
0.312255
0.290076
0.268896
0.320276
0.268780
0.166237
0.261261
0.163803
0.284202
0.274474
0.143595
0.240476
0.298537
0.131170
0.122803
0.203856
0.181779
0.208945
0.161117
0.171658
0.166521
0.254186
0.258476
0.272143
0.244958
0.136911
0.156241
0.268175
0.128763
0.128153
0.143338
0.132553
0.307782
0.316686
0.287412
0.189020
0.156914
0.260169
0.267743
0.157424
0.226354
0.207212
0.191716
0.228451
0.158595
0.279770
0.135269
0.112071
0.264741
0.323099
0.294113
0.274039
0.237233
0.364452
0.226929
0.267906
0.273277
0.231536
0.316439
0.278008
0.143787
0.121358
0.216196
0.267054
0.290885
0.258034
0.196314
0.285824
0.177278
0.175692
0.415257
0.260913
0.340928
0.328002
0.169118
0.125888
0.174392
0.219888
0.133946
0.288978
0.129711
0.294672
0.240148
0.271291
0.255758
0.233505
0.122679
0.106445
0.126962
0.363379
0.307541
0.305598
0.249833
0.135954
0.197154
0.223917
0.240873
0.245209
0.299650
0.279866
0.210082
0.293307
0.335607
0.307843
0.118809
0.155294
0.123676
0.250027
0.167632
0.128151
0.143104
0.270409
0.320831
0.137998
0.255213
0.324002
0.308209
0.220263
0.263200
0.132709
0.204981
0.165778
0.126987
0.161453
0.237067
0.279446
0.163648
0.217685
0.246030
0.312185
0.162254
0.271485
0.139585
0.149337
0.170974
0.227019
0.203835
0.117995
0.314341
0.290712
0.361272
0.279900
0.278003
0.200676
0.120785
0.205131
0.114635
0.232908
0.162570
0.138056
0.252444
0.174842
0.248766
0.235482
0.148342
0.094268
0.093887
0.183907
0.274731
0.194863
0.264524
0.384102
0.344105
0.271703
0.287004
0.279963
0.287441
0.342821
0.239056
0.304039
0.292945
0.103316
0.310445
0.302928
0.367465
0.185156
0.191548
0.144125
0.332546
0.245832
0.281406
0.256476
0.288817
0.185456
0.244757
0.303688
0.231045
0.269481
0.170073
0.122547
0.278938
0.325693
0.204713
0.331179
0.218237
0.171487
0.187604
0.115963
0.139957
0.226215
0.127394
0.294449
0.294559
0.222444
0.246476
0.142263
0.149181
0.136215
0.100362
0.261863
0.345597
0.196503
0.252305
0.142682
0.258115
0.277478
0.310309
0.232634
0.127816
0.275329
0.128320
0.113564
0.130929
0.162960
0.287913
0.286128
0.132206
0.301884
0.124563
0.265146
0.196291
0.244021
0.276226
0.309924
0.325978
0.293627
0.281017
0.427243
0.129481
0.227449
0.269102
0.285616
0.203859
0.228620
0.156751
0.168828
0.143340
0.142127
0.164645
0.230088
0.196540
0.246536
0.241481
0.306620
0.323954
0.255255
0.154550
0.197943
0.183369
0.151342
0.220672
0.338074
0.212495
0.153173
0.253259
0.230282
0.333681
0.232345
0.225562
0.246011
0.299750
0.157862
0.160987
0.252134
0.339934
0.259289
0.269894
0.275785
0.336180
0.301200
0.271575
0.202532
0.263719
0.286421
0.347126
0.208645
0.340325
0.384214
0.221492
0.146541
0.127359
0.341903
0.273159
0.240995
0.319685
0.325197
0.268724
0.295732
0.305160
0.155467
0.298893
0.129922
0.210921
0.205376
0.235316
0.210824
0.259751
0.193459
0.246718
0.368890
0.238399
0.312577
0.224664
0.268563
0.168852
0.134432
0.246340
0.099629
0.083132
0.219672
0.271597
0.191522
0.179358
0.235906
0.227201
0.228831
0.219260
0.126357
0.138508
0.288596
0.124704
0.211200
0.115078
0.119711
0.255497
0.167774
0.276546
0.206378
0.264506
0.226030
0.154657
0.174037
0.251134
0.202680
0.138007
0.309633
0.196886
0.128623
0.092238
0.215020
0.321578
0.279709
0.262698
0.268965
0.257957
0.124090
0.228339
0.170578
0.192140
0.128538
0.158967
0.184742
0.104252
0.250957
0.144214
0.197958
0.189667
0.177540
0.151241
0.126009
0.101130
0.140265
0.161426
0.181062
0.164066
0.112922
0.279065
0.283429
0.229670
0.230378
0.245146
0.239250
0.322254
0.277773
0.328979
0.307924
0.243133
0.221962
0.225075
0.278506
0.362303
0.308831
0.224481
0.246118
0.349297
0.120457
0.158090
0.171872
0.169245
0.146266
0.211494
0.300645
0.163021
0.120214
0.224073
0.223316
0.230372
0.168506
0.135960
0.143530
0.266024
0.255574
0.182887
0.231101
0.339871
0.174905
0.206684
0.227889
0.224211
0.311598
0.184400
0.160982
0.292942
0.258997
0.186488
0.342945
0.358317
0.245090
0.191896
0.290249
0.124915
0.186090
0.144217
0.227167
0.240649
0.327401
0.206900
0.256485
0.139255
0.223159
0.186836
0.247875
0.085461
0.123059
0.239177
0.104408
0.125200
0.227649
0.159873
0.190305
0.167991
0.113769
0.216338
0.124098
0.151954
0.170431
0.192570
0.219005
0.264855
0.171295
0.194600
0.148585
0.239637
0.286656
0.217804
0.229182
0.175388
0.236591
0.294810
0.280621
0.278070
0.176708
0.309299
0.221053
0.170635
0.248671
0.199385
0.205406
0.174790
0.280172
0.192789
0.145900
0.178658
0.232616
0.301029
0.315404
0.377223
0.233816
0.260727
0.272720
0.160074
0.162434
0.252568
0.128925
0.327214
0.192643
0.307532
0.300687
0.220726
0.188970
0.120435
0.116480
0.187261
0.284977
0.124418
0.167068
0.221126
0.162087
0.224711
0.238749
0.130905
0.118668
0.168579
0.230542
0.274747
0.193661
0.142228
0.139801
0.284587
0.303870
0.273040
0.260971
0.261330
0.253082
0.138088
0.147698
0.336322
0.286633
0.161847
0.221965
0.249023
0.247582
0.241047
0.142586
0.283168
0.183774
0.228937
0.214522
0.229937
0.181429
0.175433
0.242374
0.199427
0.284917
0.185206
0.299470
0.169558
0.136079
0.118745
0.157318
0.199709
0.254217
0.277685
0.234741
0.306532
0.138493
0.173959
0.280927
0.314811
0.288034
0.190160
0.311192
0.310453
0.269128
0.284948
0.166369
0.195194
0.193204
0.219000
0.293181
0.246085
0.230595
0.252441
0.280896
0.209260
0.216543
0.142238
0.233739
0.165178
0.218991
0.199286
0.252079
0.240348
0.196295
0.149318
0.197693
0.235881
0.153506
0.355332
0.288165
0.194282
0.376606
0.272570
0.246695
0.157568
0.184352
0.168268
0.186478
0.197501
0.208785
0.295119
0.158764
0.180608
0.265372
0.235594
0.275831
0.188387
0.182211
0.160012
0.206666
0.300587
0.224144
0.164393
0.276612
0.190543
0.163857
0.248827
0.125458
0.133928
0.166496
0.172693
0.247570
0.260631
0.112973
0.218109
0.340880
0.164140
0.163014
0.317756
0.313939
0.275992
0.120121
0.147691
0.136155
0.190180
0.158479
0.147351
0.114413
0.265701
0.186291
0.218903
0.142597
0.247965
0.170099
0.282463
0.173439
0.144902
0.193884
0.238941
0.221883
0.255171
0.246211
0.183272
0.254726
0.165692
0.235954
0.174920
0.247987
0.141405
0.269003
0.165056
0.317667
0.349012
0.305124
0.329401
0.239864
0.248248
0.439814
0.311403
0.175183
0.191712
0.089199
0.213679
0.310209
0.261153
0.215351
0.200977
0.330124
0.243854
0.287500
0.332278
0.112436
0.170095
0.199536
0.230994
0.304605
0.176990
0.204850
0.209377
0.256557
0.269040
0.173610
0.190103
0.262928
0.329703
0.272442
0.227879
0.292217
0.175690
0.242629
0.139294
0.223094
0.242529
0.278379
0.295805
0.156639
0.340398
0.160738
0.176124
0.240299
0.143465
0.232627
0.158402
0.238091
0.308324
0.181335
0.262615
0.247096
0.322802
0.371685
0.269395
0.222075
0.303052
0.300761
0.288669
0.325353
0.326037
0.158621
0.194665
0.351669
0.349884
0.373411
0.203225
0.206606
0.244788
0.295852
0.245386
0.226826
0.166063
0.216487
0.303399
0.289780
0.186590
0.273925
0.160729
0.253285
0.433937
0.177527
0.230286
0.147634
0.235367
0.346548
0.222126
0.188524
0.238650
0.345709
0.243234
0.186276
0.266177
0.285392
0.239583
0.299928
0.328026
0.374754
0.240153
0.331889
0.162947
0.263900
0.222373
0.204422
0.228546
0.157743
0.232500
0.277382
0.318987
0.169235
0.348551
0.177787
0.249420
0.209672
0.257411
0.322405
0.202120
0.203853
0.262427
0.249405
0.226930
0.284072
0.193727
0.269701
0.263384
0.307842
0.343041
0.233231
0.222105
0.139545
0.190883
0.207040
0.221445
0.207202
0.125306
0.303222
0.190382
0.138099
0.195517
0.120649
0.112298
0.293120
0.268402
0.269473
0.311092
0.304682
0.195620
0.304587
0.234665
0.277252
0.146338
0.251849
0.284787
0.145395
0.259488
0.298161
0.262915
0.330615
0.274952
0.297434
0.196312
0.136151
0.147635
0.191352
0.286176
0.270236
0.217789
0.151453
0.159092
0.267784
0.163592
0.190834
0.277180
0.292715
0.402036
0.199822
0.255207
0.306743
0.313608
0.273535
0.290367
0.240877
0.236246
0.326835
0.344403
0.278561
0.222533
0.203649
