0.022375
0.187175
0.284456
0.210104
0.230058
0.194041
0.244847
0.150877
0.231691
0.215911
0.197478
0.182255
0.283182
0.149717
0.203733
0.137261
0.172578
0.182342
0.304627
0.289850
0.260712
0.212422
0.130083
0.213542
0.139056
0.128865
0.250973
0.221127
0.243596
0.142854
0.073286
0.134360
0.126662
0.133421
0.193863
0.162367
0.181771
0.187998
0.177453
0.262727
0.125368
0.159743
0.155048
0.202241
0.240192
0.247137
0.292611
0.184430
0.123834
0.256215
0.209093
0.127674
0.095500
0.266314
0.193718
0.126529
0.153581
0.222552
0.319254
0.241826
0.235064
0.208344
0.311615
0.287214
0.182789
0.173324
0.192866
0.169509
0.114201
0.235089
0.194350
0.119197
0.238489
0.096507
0.125913
0.128363
0.149334
0.270849
0.153996
0.202332
0.154699
0.197713
0.124882
0.219991
0.229457
0.294610
0.158587
0.121979
0.179924
0.176685
0.135117
0.203095
0.308823
0.125282
0.121376
0.158589
0.132104
0.234595
0.122893
0.267040
0.248564
0.122070
0.263418
0.334798
0.122681
0.157086
0.146827
0.137004
0.212916
0.264882
0.248717
0.170557
0.153759
0.138286
0.155402
0.171293
0.116956
0.123848
0.138782
0.183675
0.196742
0.160170
0.224244
0.236858
0.188458
0.253495
0.217106
0.223331
0.273402
0.118949
0.227086
0.268250
0.302572
0.238152
0.186491
0.154980
0.144713
0.183653
0.192740
0.231236
0.193707
0.299587
0.116431
0.123713
0.097656
0.117699
0.149417
0.161911
0.159547
0.144318
0.170043
0.257793
0.210586
0.253458
0.231488
0.197281
0.216619
0.340544
0.227703
0.361295
0.310834
0.294994
0.141597
0.182410
0.233701
0.265466
0.289672
0.167186
0.312631
0.297610
0.199954
0.324748
0.362022
0.361165
0.142380
0.207203
0.263105
0.131253
0.224964
0.166392
0.314237
0.292583
0.353374
0.234995
0.204799
0.331853
0.320808
0.270579
0.355703
0.270047
0.224196
0.154352
0.313787
0.219800
0.186713
0.218704
0.213148
0.339923
0.296919
0.314920
0.331551
0.400388
0.326713
0.285903
0.304343
0.119295
0.275657
0.263533
0.204232
0.240650
0.174872
0.326698
0.362859
0.375781
0.206899
0.168850
0.209732
0.103863
0.269437
0.230993
0.233031
0.201683
0.170402
0.237071
0.175073
0.338518
0.340629
0.279424
0.327453
0.255612
0.246415
0.381661
0.299648
0.275870
0.264719
0.293027
0.337896
0.390056
0.365908
0.304935
0.354598
0.288905
0.210958
0.303484
0.305830
0.296558
0.393492
0.220381
0.191519
0.270942
0.130481
0.368439
0.253458
0.298723
0.339497
0.313432
0.295655
0.324079
0.351900
0.321894
0.339586
0.141501
0.251419
0.337277
0.314562
0.440957
0.337590
0.349147
0.326878
0.269075
0.244691
0.229905
0.238360
0.246699
0.326964
0.309498
0.244728
0.322350
0.205192
0.296079
0.296605
0.238287
0.277999
0.270247
0.161010
0.248550
0.209275
0.235644
0.281810
0.134983
0.148988
0.155470
0.183729
0.197892
0.152344
0.182990
0.156396
0.203633
0.244379
0.209314
0.226632
0.276629
0.170949
0.191611
0.166804
0.227311
0.241640
0.211746
0.189507
0.193684
0.204490
0.135823
0.236609
0.160064
0.180053
0.153522
0.177917
0.129642
0.182180
0.247726
0.148388
0.229267
0.317907
0.268600
0.146772
0.152962
0.197578
0.202709
0.094662
0.158311
0.149430
0.208185
0.163801
0.210242
0.180423
0.106148
0.117980
0.186971
0.181687
0.243930
0.248644
0.230228
0.225789
0.193210
0.165863
0.245382
0.281181
0.209894
0.169378
0.181962
0.218395
0.189236
0.217754
0.292594
0.224374
0.213409
0.291935
0.255377
0.189329
0.114909
0.225857
0.188231
0.178330
0.214212
0.196049
0.173814
0.227492
0.360215
0.178029
0.193765
0.150674
0.367867
0.266867
0.231997
0.218705
0.164101
0.186630
0.221610
0.198265
0.200128
0.294135
0.136377
0.292463
0.283144
0.377776
0.302072
0.158116
0.252530
0.271842
0.385677
0.314596
0.276587
0.272594
0.297404
0.222381
0.376838
0.344620
0.304076
0.169242
0.280630
0.270302
0.233572
0.232559
0.214013
0.185424
0.286655
0.205644
0.357881
0.405388
0.335642
0.298031
0.278964
0.243950
0.378588
0.288155
0.235392
0.315044
0.263111
0.316946
0.319862
0.281757
0.234485
0.312809
0.295129
0.281538
0.202472
0.218550
0.394670
0.424423
0.391726
0.433419
0.403690
0.297310
0.348504
0.230883
0.149984
0.197076
0.235260
0.264631
0.147063
0.178837
0.169585
0.271457
0.256083
0.255843
0.167452
0.168595
0.258861
0.321432
0.332221
0.303410
0.302048
0.269017
0.267811
0.356441
0.253849
0.338073
0.252064
0.269094
0.377017
0.248141
0.336666
0.217921
0.202938
0.304009
0.324609
0.329714
0.354578
0.292220
0.228490
0.326799
0.205767
0.183318
0.169094
0.365932
0.335260
0.292618
0.251242
0.298121
0.345548
0.354537
0.202524
0.194195
0.352945
0.219797
0.332270
0.434568
0.249717
0.210397
0.271440
0.281635
0.401416
0.260048
0.354108
0.221452
0.294792
0.250305
0.166746
0.308633
0.188429
0.190952
0.159557
0.175938
0.209511
0.339565
0.150923
0.291969
0.312063
0.273841
0.177516
0.348032
0.279557
0.252959
0.316683
0.313419
0.228330
0.332105
0.224850
0.285205
0.300339
0.336759
0.357564
0.392553
0.334722
0.350503
0.343177
0.169937
0.235091
0.324069
0.178507
0.125468
0.295606
0.311680
0.296380
0.242194
0.152264
0.259115
0.169614
0.136511
0.100082
0.139500
0.218873
0.207681
0.283575
0.227809
0.198900
0.170925
0.227507
0.257629
0.135101
0.180299
0.289830
0.199518
0.272122
0.189037
0.209537
0.281404
0.138901
0.202853
0.182555
0.124972
0.255685
0.249374
0.249563
0.224349
0.380427
0.231590
0.292655
0.225138
0.284402
0.242757
0.341464
0.135635
0.343082
0.310125
0.279689
0.300315
0.254966
0.319366
0.336848
0.292574
0.262023
0.334119
0.363301
0.375682
0.266242
0.324536
0.334267
0.141861
0.230491
0.250407
0.251703
0.178569
0.265186
0.261772
0.193100
0.247011
0.244877
0.300298
0.328010
0.302679
0.282717
0.168598
0.194115
0.155011
0.141715
0.192821
0.145480
0.154168
0.332259
0.314257
0.385243
0.209031
0.339921
0.394704
0.353992
0.258535
0.312718
0.206513
0.199644
0.236266
0.461555
0.188783
0.195615
0.219948
0.184331
0.109821
0.132058
0.144668
0.125170
0.131664
0.152558
0.228274
0.192547
0.189649
0.145127
0.173813
0.247324
0.162268
0.235825
0.243739
0.443613
0.315143
0.197541
0.099375
0.292271
0.197932
0.224760
0.191667
0.286599
0.198319
0.246496
0.374695
0.161599
0.232960
0.258770
0.170822
0.182583
0.273280
0.194695
0.278215
0.313778
0.221613
0.308890
0.333751
0.201369
0.293737
0.183396
0.167662
0.311285
0.382500
0.282846
0.317087
0.241208
0.339862
0.327444
0.240177
0.292299
0.293855
0.367453
0.344582
0.306345
0.220965
0.231982
0.380445
0.302163
0.309330
0.285167
0.192103
0.240337
0.305948
0.305522
0.391479
0.305906
0.288176
0.141373
0.291471
0.358338
0.288421
0.209844
0.289376
0.409065
0.257349
0.275819
0.262489
0.237357
0.215453
0.140380
0.123749
0.253495
0.260424
0.230218
0.193208
0.256754
0.322123
0.200527
0.302325
0.337943
0.355901
0.354303
0.315775
0.192019
0.120556
0.123551
0.326310
0.258404
0.253232
0.152032
0.259089
0.257129
0.184524
0.206173
0.182817
0.283004
0.235997
0.254603
0.204812
0.319176
0.156865
0.247797
0.261247
0.389597
0.298481
0.238142
0.227221
0.299152
0.322799
0.345480
0.429956
0.388341
0.293799
0.238631
0.222165
0.223995
0.237993
0.204177
0.206009
0.219436
0.289869
0.193766
0.131252
0.233780
0.294021
0.344308
0.295040
0.250717
0.208929
0.226925
0.157912
0.120049
0.225126
0.135526
0.186616
0.281953
0.343678
0.271800
0.138978
0.193182
0.203549
0.219778
0.105933
0.159396
0.188818
0.177015
0.241983
0.133466
0.121955
0.169047
0.197295
0.241928
0.216626
0.263621
0.216845
0.257869
0.230650
0.289831
0.268294
0.197345
0.276046
0.244791
0.236772
0.246841
0.161100
0.146312
0.102540
0.236091
0.278979
0.226756
0.288381
0.266847
0.156641
0.154154
0.319578
0.228626
0.254990
0.205618
0.228798
0.190894
0.302404
0.243428
0.189447
0.213042
0.147748
0.189752
0.184553
0.308363
0.228492
0.248011
0.305764
0.211352
0.344777
0.411720
0.225067
0.185698
0.289517
0.384489
0.328516
0.259853
0.204937
0.241728
0.164536
0.255090
0.147159
0.244127
0.279808
0.297080
0.333503
0.344447
0.263186
0.206608
0.255827
0.278795
0.264294
0.331360
0.358345
0.271566
0.334082
0.182934
0.288033
0.225361
0.165001
0.152066
0.316287
0.328591
0.231619
0.196476
0.230474
0.272927
0.154036
0.245145
0.160992
0.352131
0.400994
0.185703
0.142792
0.300998
0.147381
0.194238
0.303627
0.167152
0.258528
0.206782
0.143719
0.176104
0.324691
0.144820
0.355184
0.210360
0.202885
0.181389
0.185853
0.251776
0.218361
0.270599
0.165168
0.350592
0.279392
0.263245
0.209127
0.228009
0.165915
0.202593
0.200967
0.332415
0.200146
0.290566
0.219320
0.292186
0.276191
0.141517
0.110770
0.110377
0.153598
0.255604
0.222229
0.145958
0.223469
0.284678
0.310397
0.231160
0.192209
0.253915
0.248122
0.309212
0.216259
0.254999
0.220511
0.268651
0.177147
0.324286
0.257015
0.293545
0.224150
0.248257
0.260993
0.230133
0.324773
0.295814
0.225892
0.208212
0.209684
0.273689
0.282710
0.177040
0.208140
0.157012
0.315590
0.225085
0.180946
0.139543
0.262275
0.282871
0.339416
0.253259
0.217901
0.242743
0.195737
0.320486
0.179175
0.210422
0.347863
0.323010
0.329814
0.216591
0.271584
0.377928
0.353251
0.236526
0.253511
0.187330
0.137391
0.200689
0.259801
0.155651
0.190395
0.153486
0.251990
0.398532
0.178695
0.187990
0.274078
0.186333
0.114885
0.172831
0.319500
0.198796
0.233895
0.319919
0.349375
0.314517
0.261892
0.228395
0.324772
0.182534
0.275589
0.233048
0.237144
0.144517
0.217127
0.304525
0.220541
0.371297
0.295934
0.218387
0.195320
0.258644
0.348432
0.189633
0.261507
0.341120
0.270041
0.309280
0.144369
0.160349
0.187848
0.291974
0.328000
0.279530
0.337052
0.331616
0.309350
0.229731
0.188375
0.265285
0.202118
0.166059
0.229903
0.178332
0.301617
0.255502
0.323859
0.176594
0.125082
0.223427
0.225252
0.245924
0.169021
0.269172
0.279478
0.279657
0.220233
0.281128
0.265952
0.235454
0.161248
0.185585
0.300900
0.238765
0.227978
0.234707
0.325734
0.287169
0.267943
0.316856
0.282266
0.327668
0.210655
0.189875
0.322952
0.159299
0.278305
0.270193
0.268211
0.351489
0.269557
0.325329
0.385312
0.281341
0.220373
0.354674
0.260287
0.191829
0.195151
0.106045
0.170587
0.200903
0.347419
0.211549
0.274042
0.286045
0.284828
0.283957
0.188832
0.140800
0.130266
0.148449
0.183372
0.121263
0.187247
0.333693
0.380496
0.172019
0.357565
0.166187
0.172241
0.224668
0.175953
0.184906
0.386449
0.175144
0.197044
0.180272
0.129300
0.310981
0.231458
0.287163
0.266071
0.160706
0.244677
0.152292
0.332087
0.273300
0.287403
0.144981
0.411489
0.252983
0.187971
0.291848
0.299613
0.149455
0.141548
0.283564
0.233363
0.197016
0.211546
0.212378
0.171432
0.168029
0.288762
0.267638
0.142611
0.125700
0.243197
0.110875
0.283992
0.249444
0.270046
0.261144
0.140195
0.167320
0.108161
0.118995
0.196963
0.208223
0.246622
0.305302
0.232162
0.265687
0.180339
0.170196
