791	201	129	187
789	201	131	184
788	196	132	186
788	191	131	186
787	185	132	186
787	180	132	186
786	182	132	185
787	175	131	186
785	171	131	186
785	166	131	185
784	163	130	184
783	164	130	183
782	161	129	182
779	159	128	181
776	157	127	180
774	156	127	179
773	156	126	178
769	153	126	178
765	153	125	176
761	152	124	175
756	150	123	174
756	151	122	173
750	150	122	172
742	150	121	171
735	150	120	169
727	149	119	168
727	149	118	168
719	149	118	167
709	149	117	166
701	148	117	165
692	150	116	163
694	150	115	163
685	152	115	163
677	154	114	160
669	157	113	159
662	159	111	157
663	160	110	157
653	161	111	155
645	164	109	153
638	166	107	152
630	168	107	150
630	168	106	150
622	171	105	148
615	174	104	146
606	176	102	144
599	179	101	142
599	179	101	142
592	181	100	140
586	183	98	138
579	186	96	136
573	189	95	134
573	188	95	133
567	190	94	132
562	191	94	130
556	193	93	129
551	195	91	127
551	194	91	128
545	195	91	127
540	196	89	125
536	196	88	124
530	197	88	123
530	196	88	123
525	196	87	123
519	197	87	121
514	196	86	121
509	196	86	120
509	196	86	119
503	196	86	119
499	194	85	119
494	194	85	119
490	193	84	118
490	193	84	119
487	192	84	118
483	189	84	118
482	186	84	118
480	183	84	118
480	183	83	117
479	180	83	117
478	177	83	117
476	176	83	116
476	174	82	116
475	174	82	116
475	173	82	115
474	171	82	114
472	170	81	114
471	170	81	114
472	170	81	114
470	168	81	114
469	166	81	114
468	165	81	114
466	164	81	113
466	164	81	113
465	163	80	113
464	160	81	114
462	161	81	113
462	159	81	114
461	159	81	113
461	158	81	113
460	157	81	113
460	157	81	113
459	156	81	114
460	156	81	113
459	155	81	114
459	156	81	113
459	156	81	113
458	155	81	114
458	155	81	114
459	156	81	113
458	155	81	114
457	155	81	113
457	155	82	114
457	156	81	113
457	155	81	114
456	155	81	113
456	154	81	114
455	153	81	114
454	154	81	113
453	154	81	113
453	153	81	113
453	153	81	113
452	152	81	113
451	152	81	113
451	151	81	113
450	151	82	114
450	151	81	113
450	150	81	113
450	151	81	113
449	151	82	113
450	151	81	114
449	152	81	113
449	151	81	114
450	151	81	113
450	152	81	113
450	151	81	113
451	151	81	113
450	151	81	113
450	151	82	113
450	151	81	113
450	151	81	114
450	152	81	113
450	151	81	114
451	151	82	115
450	152	82	114
450	152	81	114
451	152	81	114
450	151	81	114
450	151	82	114
450	151	82	114
449	151	82	114
449	152	82	114
449	151	81	114
450	151	81	114
449	152	82	114
450	151	81	114
450	151	82	114
450	151	81	114
451	151	81	114
449	151	81	114
449	151	82	114
450	152	81	114
449	151	82	114
449	151	82	114
450	152	82	114
449	151	81	114
449	151	82	114
450	151	81	114
449	151	82	114
450	151	82	114
449	152	82	114
449	152	82	114
449	152	81	114
450	151	81	114
449	151	81	113
449	151	81	114
449	151	81	114
450	151	81	114
449	150	81	114
450	151	81	114
449	151	82	114
449	151	81	114
449	151	81	114
449	151	82	114
451	151	80	114
450	150	81	114
450	150	81	114
450	150	81	114
449	150	81	114
449	151	81	114
449	151	81	114
450	151	81	114
450	150	80	114
450	151	81	114
450	151	80	114
450	150	80	114
451	150	80	114
450	150	80	115
450	150	80	114
449	150	80	114
450	149	80	115
450	150	80	115
451	150	80	115
451	150	79	115
450	150	80	115
450	151	80	115
451	150	80	115
451	150	80	115
451	150	80	115
450	151	81	115
450	151	80	114
450	150	80	115
449	151	80	114
450	150	80	115
450	151	80	115
449	151	81	115
450	151	80	115
450	151	80	114
449	150	80	114
449	151	80	114
450	150	80	115
449	151	81	114
448	151	81	114
449	150	80	115
449	150	81	114
449	150	81	114
450	150	81	115
450	150	81	114
449	150	81	115
449	150	81	115
449	150	81	114
449	151	81	115
449	150	82	115
448	150	82	114
450	151	81	114
449	150	81	115
449	150	81	114
450	150	81	114
449	150	81	115
449	150	81	114
450	150	80	115
449	151	81	114
449	151	81	114
449	151	80	114
449	150	80	114
448	150	81	115
447	150	81	115
448	150	81	115
448	150	80	115
448	150	81	114
447	149	81	114
447	150	81	114
447	149	81	114
446	149	80	114
445	149	81	114
445	148	81	115
445	148	80	114
444	148	80	114
443	147	81	114
442	148	81	113
441	147	80	114
440	148	80	113
440	147	80	114
438	147	80	113
438	147	80	113
436	147	81	113
435	146	80	113
434	146	80	113
434	147	80	112
431	147	79	113
431	146	79	112
429	146	80	112
429	146	80	112
429	145	79	112
428	144	79	112
427	144	79	112
426	144	79	112
426	143	79	111
425	143	79	112
424	142	80	112
423	142	80	112
423	141	79	112
422	140	79	112
420	139	81	113
419	139	81	113
417	138	81	112
416	138	81	112
417	138	80	112
416	137	80	112
414	137	81	112
415	137	80	111
414	137	80	111
413	137	81	111
412	136	81	111
411	136	81	111
410	135	80	111
410	134	80	111
410	135	80	111
408	134	81	111
408	134	80	111
407	133	80	111
406	132	80	111
406	132	80	111
404	132	80	111
404	131	80	111
403	131	79	111
402	131	79	111
402	131	79	111
400	129	80	111
400	130	79	111
399	129	79	111
399	128	80	111
398	128	79	111
397	128	80	111
396	127	80	110
396	127	79	110
395	127	79	110
396	126	79	110
394	127	80	110
395	127	79	110
395	127	80	110
395	127	79	110
395	127	80	110
396	127	79	110
396	127	79	109
396	128	79	110
396	128	80	110
397	127	80	110
397	129	80	110
398	128	80	110
398	129	79	110
397	129	80	111
397	129	80	110
398	129	78	110
399	129	78	110
399	130	78	109
399	130	78	110
399	130	78	109
400	130	78	109
400	131	78	109
400	131	79	110
400	131	79	110
400	130	79	110
399	131	79	110
399	131	79	110
400	132	79	110
401	131	79	110
401	131	79	109
401	132	79	109
401	132	79	109
400	132	79	110
401	132	79	109
401	132	79	109
402	133	79	109
401	133	79	109
402	133	79	109
402	133	79	109
402	133	79	109
402	133	78	109
402	133	79	109
402	133	78	109
402	134	79	109
401	134	79	109
402	134	78	109
401	134	79	110
402	135	79	110
401	135	79	109
401	135	79	109
401	135	79	110
401	135	78	110
401	135	79	109
400	135	78	109
401	136	78	109
401	135	78	109
401	135	78	109
401	135	78	110
401	136	78	109
401	135	78	109
400	135	78	109
401	135	78	109
400	135	78	109
400	136	78	109
401	135	78	109
400	136	78	109
401	135	78	109
400	136	79	109
400	136	78	109
401	135	78	109
400	135	79	109
400	136	78	109
401	135	78	109
400	135	78	109
401	135	78	109
401	135	78	109
400	136	78	109
401	135	78	109
401	136	79	109
401	135	78	109
401	136	79	109
402	135	78	109
400	136	78	109
400	136	78	109
401	135	78	109
401	136	78	109
401	135	78	109
400	135	78	109
401	135	78	109
401	135	78	109
400	136	78	109
401	136	78	109
401	136	78	109
401	136	78	109
402	135	78	109
401	136	78	109
401	135	78	109
402	136	78	109
402	136	78	109
402	136	78	109
402	136	78	109
401	136	78	109
401	136	78	109
401	136	78	108
401	136	78	109
402	135	78	109
401	136	78	109
402	135	78	109
401	136	78	109
402	136	78	109
401	136	78	109
401	136	78	108
401	136	78	109
401	135	78	109
401	136	78	109
401	136	78	109
401	136	79	109
400	136	79	109
401	136	78	109
401	136	79	109
400	136	79	109
400	136	78	109
401	136	78	109
401	136	79	109
401	136	78	109
401	136	78	109
401	136	78	109
401	137	79	109
401	137	79	109
401	136	78	109
402	136	79	109
401	136	78	109
401	136	79	109
401	136	78	109
401	136	78	109
402	136	78	109
401	136	78	109
402	136	78	109
402	136	78	109
402	136	78	108
402	136	78	109
401	136	78	109
402	136	78	108
402	137	78	109
402	136	78	109
401	137	79	109
402	137	78	108
402	136	78	109
402	136	78	109
402	136	78	109
401	136	78	109
402	136	79	109
402	136	78	109
402	136	78	109
401	136	79	109
402	136	78	109
402	136	78	109
401	137	79	109
402	136	78	109
402	136	78	109
402	136	78	109
400	136	79	109
401	136	79	109
401	137	79	109
401	136	79	109
401	137	79	109
402	137	78	109
402	137	79	110
402	136	79	109
402	137	79	110
402	137	79	109
403	136	78	109
402	137	78	109
403	137	78	109
403	137	78	109
403	137	79	110
403	137	79	110
403	137	79	110
403	137	79	110
404	137	79	110
404	138	78	110
404	137	78	110
404	137	78	109
405	137	78	110
404	138	78	110
404	138	78	109
404	138	79	110
404	138	79	110
405	138	79	110
404	137	79	110
405	138	79	110
405	138	78	110
404	139	79	110
404	138	79	110
404	138	79	110
404	138	79	110
404	138	79	110
404	138	79	110
404	139	79	110
404	139	78	110
404	139	79	111
404	139	79	110
405	140	79	110
405	138	79	111
405	139	79	110
405	139	79	110
405	140	79	111
405	139	79	111
405	140	79	110
404	140	79	111
404	140	79	111
405	140	79	110
405	140	79	110
405	140	79	110
405	140	79	110
405	141	79	110
405	141	79	111
405	141	80	111
406	141	80	111
406	141	79	111
406	142	79	111
406	142	80	111
407	143	80	111
407	142	80	111
408	143	79	111
408	143	80	111
409	143	80	111
408	144	79	111
408	144	79	111
410	144	80	111
409	145	80	111
411	146	79	111
411	147	79	111
412	146	79	111
412	147	79	110
414	148	79	111
415	149	79	110
415	149	79	111
415	150	79	110
417	150	79	111
418	151	79	110
419	151	79	110
420	153	80	111
420	152	79	110
422	153	79	111
424	154	79	111
425	154	79	111
427	156	80	111
427	155	80	110
429	157	79	111
431	157	79	111
433	158	79	111
435	159	79	111
435	159	79	111
437	161	80	111
439	161	79	111
441	162	79	111
442	163	80	111
443	162	80	111
445	163	79	111
448	165	79	111
450	165	79	111
452	165	79	111
452	165	79	111
454	166	79	111
457	166	79	111
459	167	80	111
462	167	80	111
461	166	80	111
465	167	79	111
466	168	80	111
470	168	79	111
472	168	80	112
471	167	80	111
474	168	79	111
477	169	80	112
479	168	80	112
481	168	80	112
482	168	80	112
484	169	80	112
486	169	81	112
489	169	81	113
491	169	81	113
491	168	82	113
494	169	81	113
497	169	81	114
499	168	82	114
502	169	81	115
502	169	82	115
505	168	82	115
507	169	82	115
510	168	83	116
512	168	83	116
513	168	83	116
514	168	83	117
515	168	84	117
517	168	85	118
518	168	85	118
518	168	85	118
520	169	85	119
522	169	86	119
522	169	86	120
524	170	86	119
524	171	86	119
526	172	87	120
527	172	87	121
529	173	87	121
530	174	88	122
530	174	88	122
532	174	88	123
534	176	88	123
536	177	89	123
538	177	89	124
538	177	89	124
540	177	90	125
543	178	89	125
544	178	91	126
547	178	91	127
547	178	91	127
549	178	92	128
552	178	92	128
554	178	93	129
559	179	93	130
558	179	93	130
560	179	93	130
564	179	94	131
566	179	94	131
569	179	95	132
569	179	95	132
572	179	95	132
576	180	95	134
579	180	95	133
582	181	96	134
582	181	95	134
585	181	97	134
589	181	97	135
592	181	97	135
595	181	98	136
595	182	97	136
598	182	99	136
602	182	99	137
605	182	99	138
608	183	99	139
608	183	100	139
612	183	100	139
614	184	100	139
616	184	101	140
620	185	101	140
620	186	101	141
623	186	101	141
626	187	101	141
629	188	102	142
631	189	103	143
632	189	102	143
635	190	103	143
637	191	104	144
641	193	105	145
643	195	105	145
644	195	105	146
647	197	106	146
649	197	106	148
651	198	107	148
654	199	107	149
655	200	107	149
657	201	108	150
659	201	108	150
661	202	110	151
663	202	110	152
663	202	110	152
665	203	111	153
667	203	111	154
670	202	111	156
672	203	113	157
672	203	112	156
673	202	114	158
677	203	113	158
679	203	115	160
681	204	115	160
681	203	115	160
684	203	116	162
686	204	117	163
689	204	116	163
689	204	117	163
690	205	119	164
694	205	118	165
696	205	120	168
698	206	120	170
698	205	120	170
700	205	122	172
703	207	122	173
705	207	124	173
708	208	123	174
708	208	124	174
709	209	125	174
712	210	125	175
713	210	126	177
716	212	126	177
716	212	126	177
717	213	127	177
719	213	127	179
721	215	127	179
722	216	127	179
723	215	128	181
723	217	128	180
725	218	129	181
726	218	130	182
727	217	131	184
728	218	130	183
729	217	130	185
730	218	131	184
732	217	131	186
733	217	132	186
732	219	132	186
734	217	132	186
735	217	133	187
736	218	133	187
738	217	133	189
737	217	133	189
738	218	134	189
739	219	134	188
740	220	133	189
741	221	134	190
741	220	134	189
742	221	134	190
743	222	134	189
743	222	134	190
743	223	134	189
743	223	135	189
744	224	134	189
744	224	134	190
745	224	134	189
746	223	134	188
745	224	134	188
746	223	133	188
745	224	134	189
745	224	134	189
746	223	133	189
746	224	134	189
746	224	134	188
745	223	133	188
745	224	134	188
744	224	134	189
744	223	134	189
744	224	133	188
744	223	134	189
744	223	133	188
743	223	133	188
743	223	133	188
743	223	134	188
743	224	133	187
742	223	133	188
742	222	133	188
742	223	134	188
741	222	133	189
742	223	134	188
741	222	134	189
741	222	135	188
741	221	135	189
740	222	134	188
740	222	134	189
740	222	135	188
740	221	135	188
739	222	135	188
739	222	135	188
740	221	134	189
740	222	134	187
740	222	134	188
740	222	134	187
740	222	134	189
740	222	134	188
740	222	134	188
740	221	134	189
740	221	135	188
740	222	134	187
740	221	134	189
740	221	134	188
740	221	134	188
739	222	134	188
740	222	134	188
740	221	134	188
740	221	134	189
740	221	134	188
740	222	134	188
741	222	134	188
740	221	134	188
741	222	134	188
740	221	134	189
741	221	134	189
741	221	134	188
741	222	134	188
741	222	134	188
741	221	134	189
741	221	134	188
741	221	134	189
741	222	133	188
742	221	133	189
741	221	134	188
740	222	134	188
740	222	134	188
741	221	134	189
740	222	134	188
741	220	134	189
740	222	134	188
741	221	134	189
740	221	134	189
740	222	134	187
741	221	134	189
740	221	134	189
741	222	134	188
740	222	135	189
741	222	134	188
740	222	135	188
740	221	134	189
740	222	134	188
740	221	135	189
740	222	134	188
740	221	135	189
740	221	134	188
740	221	134	189
739	222	134	188
740	221	134	189
740	221	134	189
740	221	134	188
740	222	134	188
740	221	134	189
740	221	133	187
740	221	134	188
740	221	134	188
740	221	133	188
740	221	134	188
741	221	133	188
740	221	134	188
740	221	134	188
740	221	134	188
741	221	133	188
740	220	134	189
741	221	133	187
740	221	134	188
741	222	133	187
740	221	134	189
740	221	133	188
740	222	133	188
740	221	134	189
740	221	133	188
740	222	134	187
740	221	134	189
741	222	133	187
741	221	133	189
741	222	133	187
741	221	133	189
741	221	133	188
741	222	133	187
741	221	133	188
740	221	133	188
740	221	133	187
741	221	133	187
740	221	133	188
741	222	133	186
740	221	134	188
740	221	133	187
740	221	134	187
740	222	133	187
740	222	133	187
741	221	134	188
740	222	133	187
739	222	134	187
740	222	134	188
740	221	134	188
740	221	134	188
739	220	134	188
739	222	134	187
738	221	134	188
739	222	134	188
739	222	134	188
739	221	135	189
738	221	135	189
739	222	134	188
739	221	135	189
739	221	134	188
738	222	135	188
738	222	135	189
738	221	135	188
738	222	135	188
738	221	135	189
737	222	135	188
738	221	136	189
738	222	135	188
738	221	135	190
737	222	136	189
738	221	135	189
738	223	134	188
738	221	135	189
738	223	134	188
738	221	135	189
738	222	135	189
737	220	136	190
736	222	136	189
737	220	137	190
737	222	136	189
736	221	137	189
736	222	136	189
736	221	137	189
736	221	136	189
737	222	136	189
736	221	137	189
737	221	137	189
737	222	136	189
736	221	136	189
737	222	136	188
737	222	136	189
737	221	136	189
738	222	135	188
738	221	135	189
738	222	135	189
738	222	135	189
738	220	135	189
739	222	134	188
738	220	135	190
739	222	134	188
738	221	135	190
739	222	134	188
739	221	135	190
738	222	135	188
738	222	135	189
739	222	134	188
739	222	135	189
739	222	135	188
738	221	135	189
738	221	135	188
739	222	135	188
738	221	135	189
738	222	134	188
738	222	135	189
739	222	135	189
739	221	135	189
739	222	134	188
739	221	134	189
739	220	135	189
739	222	134	188
739	220	134	190
740	222	134	188
738	220	135	190
739	222	134	188
739	221	134	190
739	221	134	188
739	221	134	189
739	222	135	188
739	222	134	189
739	221	134	189
739	222	135	188
738	221	135	189
739	221	134	189
739	221	135	189
739	222	134	188
739	221	134	190
738	221	135	189
739	222	134	188
739	221	134	190
739	222	134	189
738	221	135	189
739	222	134	189
739	220	134	188
739	222	134	188
739	222	134	188
739	221	134	190
741	223	132	187
742	221	132	189
741	222	132	188
741	221	132	189
742	221	132	188
741	221	132	188
742	221	132	189
741	222	132	187
742	221	132	189
742	221	132	188
741	221	132	188
742	221	132	188
742	222	132	188
741	221	133	188
741	221	132	189
742	221	133	188
742	221	132	188
741	221	133	188
741	221	132	189
741	223	132	187
742	221	133	189
741	222	132	188
741	221	133	189
741	222	132	188
742	221	133	189
741	222	132	188
741	221	133	189
741	222	133	188
742	222	133	189
742	221	133	189
741	221	133	189
741	221	133	189
741	222	132	187
742	221	132	189
741	221	132	188
742	221	132	188
742	222	132	187
742	221	132	188
742	221	132	188
742	222	132	188
742	221	132	188
742	222	132	188
742	222	132	188
742	221	132	188
742	222	132	187
742	221	132	189
742	221	132	188
742	221	132	188
742	221	132	188
742	221	132	188
742	221	132	188
742	222	132	188
742	221	132	188
742	222	132	188
742	221	132	188
742	221	132	188
742	221	132	188
742	222	132	188
741	221	133	189
741	221	133	189
741	221	133	189
741	222	132	187
741	221	132	189
741	222	132	187
741	221	132	189
741	221	133	189
741	222	133	187
741	221	133	188
742	220	133	189
741	222	133	187
741	221	133	188
741	221	133	188
741	222	133	187
741	221	133	188
741	222	133	188
740	221	133	188
740	221	133	187
740	222	133	187
740	222	133	188
741	221	133	188
741	222	133	187
740	221	133	188
740	222	133	187
741	221	133	188
740	222	133	187
740	221	133	188
741	221	133	188
740	221	133	187
740	221	133	188
740	222	133	187
741	222	133	188
741	221	133	188
741	222	133	187
740	221	133	187
740	221	133	188
740	223	133	187
740	221	133	188
741	222	133	187
740	222	133	188
740	221	133	188
740	221	133	187
740	221	133	188
740	222	133	187
740	222	133	188
740	222	134	187
740	221	134	189
740	222	133	187
740	221	134	189
740	222	133	187
739	221	134	189
740	221	133	188
740	222	134	188
738	221	135	189
739	222	134	188
739	221	134	189
739	222	134	189
739	220	134	189
738	222	134	188
738	221	134	188
738	221	135	189
738	222	134	188
738	221	135	189
738	222	134	188
738	222	135	189
738	221	135	188
739	222	134	188
738	221	135	190
737	223	135	188
738	222	135	189
737	222	135	189
737	221	136	189
736	222	136	189
736	222	136	189
737	221	136	189
737	222	136	189
736	222	136	189
737	221	136	189
737	222	136	189
737	222	136	189
737	222	136	189
737	222	136	189
737	221	137	189
737	222	136	189
737	222	136	189
737	221	136	189
738	222	135	188
737	221	135	189
737	222	136	189
738	221	136	189
738	222	135	188
739	221	135	189
738	222	135	189
739	221	134	189
739	221	134	189
739	222	134	188
739	222	134	189
739	221	134	188
739	222	134	188
739	221	133	189
739	223	133	188
740	222	133	188
740	221	133	188
739	222	134	188
740	221	133	188
739	222	133	188
740	222	133	188
740	221	133	188
740	221	133	188
740	222	133	187
739	222	134	188
740	222	133	189
740	221	133	189
739	222	134	188
740	222	133	188
740	221	133	189
739	222	134	188
740	221	133	188
739	222	134	188
740	222	133	189
739	221	133	189
738	222	134	188
740	221	133	188
739	221	133	188
738	222	134	188
740	221	132	188
738	222	134	187
739	221	134	188
739	222	134	187
740	222	133	187
739	222	133	186
739	222	134	187
739	223	133	186
740	222	133	186
739	221	134	187
738	223	134	186
740	221	133	187
739	221	134	187
739	222	133	185
739	222	134	186
739	222	133	186
739	222	134	187
739	223	133	186
740	222	133	186
738	222	135	186
739	221	134	187
738	222	134	187
739	223	134	185
740	221	133	187
738	221	134	187
739	221	134	187
738	222	134	185
739	221	134	186
739	222	133	185
739	221	133	186
739	222	133	185
738	221	134	186
738	222	134	185
739	222	134	185
738	222	134	185
738	222	134	186
738	222	135	186
738	222	134	185
739	222	134	186
738	222	134	186
739	222	134	186
739	222	134	186
739	221	133	187
738	222	134	186
739	221	134	187
738	222	134	187
738	221	134	188
738	221	134	187
738	222	134	187
738	221	135	188
737	222	135	187
738	221	135	189
737	222	135	188
737	222	136	188
736	221	137	188
738	222	135	188
737	221	136	188
737	222	135	188
737	221	136	189
737	222	135	187
737	220	136	189
737	222	135	188
737	222	136	188
737	222	136	188
737	221	136	188
738	221	135	187
738	221	135	187
739	222	134	186
739	221	135	187
740	222	133	186
740	222	134	187
740	221	134	187
741	222	133	185
742	222	133	186
742	221	133	186
743	222	133	185
742	221	133	187
743	221	133	186
743	221	133	187
742	222	133	186
744	221	132	187
743	222	133	186
743	222	133	187
743	221	133	187
743	221	133	187
743	221	133	187
742	221	133	188
742	222	133	186
742	221	133	187
742	221	133	186
742	222	133	186
743	222	133	187
742	221	133	187
743	221	133	186
743	221	133	187
743	222	133	186
741	221	133	187
741	222	133	185
742	221	133	186
741	221	133	186
742	222	133	186
742	221	133	188
741	222	133	187
741	222	134	186
741	222	134	187
741	221	134	187
740	222	134	186
740	222	134	186
741	221	134	188
741	222	133	185
740	221	134	187
741	222	134	185
740	221	134	187
740	222	134	186
739	222	135	187
739	222	135	187
739	221	135	188
739	222	134	187
739	221	135	188
740	222	134	187
738	220	135	188
739	222	134	187
739	221	135	188
738	221	135	188
738	222	135	187
738	221	135	188
738	221	135	187
738	221	135	187
738	222	135	187
738	222	135	187
737	222	135	188
737	222	135	188
737	222	137	188
737	222	136	188
737	221	136	188
737	221	136	188
737	222	135	188
737	221	136	188
737	222	135	188
737	221	135	188
737	221	135	187
737	222	135	188
737	221	136	188
737	222	136	188
737	222	135	187
737	220	136	188
737	222	135	188
737	221	136	188
737	222	135	188
737	221	136	188
737	222	135	187
737	221	137	188
738	222	134	187
737	221	136	188
738	222	135	188
737	222	135	188
737	222	135	188
737	221	136	188
737	222	135	187
737	222	135	188
737	222	136	188
738	221	135	187
737	221	135	188
738	221	135	188
738	220	136	188
738	222	134	188
737	221	136	189
737	222	135	188
736	220	138	189
737	221	136	188
736	221	136	188
736	221	137	189
736	221	136	188
736	221	137	188
736	221	136	188
736	221	137	188
737	221	137	188
737	222	136	188
736	221	137	188
736	222	137	188
736	221	137	188
737	222	137	189
736	221	137	188
736	221	136	188
736	222	137	188
736	221	137	188
737	222	136	188
736	221	136	188
737	221	137	188
738	222	135	188
737	221	136	189
737	221	136	188
737	222	135	188
737	222	136	189
737	222	136	188
737	221	135	189
737	222	135	188
737	221	136	190
737	221	137	188
737	222	135	188
736	222	136	189
736	222	137	188
736	222	136	188
736	221	137	189
736	222	136	189
737	221	136	189
736	222	135	188
737	220	137	190
737	222	136	189
737	221	136	189
737	223	136	188
737	221	136	189
737	223	136	188
736	221	137	189
736	222	136	187
736	221	136	188
737	222	136	187
736	221	136	188
737	222	136	188
736	222	136	187
737	221	136	188
737	222	135	187
737	221	136	189
737	223	134	187
737	221	136	189
737	221	136	187
737	223	135	186
737	221	135	188
737	222	135	188
736	222	136	187
737	222	136	188
737	222	135	187
738	221	134	188
737	222	134	187
737	221	135	189
737	222	136	187
737	221	135	188
736	222	136	187
736	222	136	187
736	222	136	188
736	221	136	188
736	222	136	187
737	222	135	188
736	222	136	187
737	221	136	189
737	222	135	187
736	222	136	188
736	223	136	187
736	221	136	189
737	222	136	188
736	222	135	188
736	221	136	189
737	222	136	187
737	222	135	187
737	221	136	189
737	222	135	187
737	222	136	188
737	223	136	187
736	222	136	188
737	222	136	188
737	222	135	187
737	221	136	188
737	222	136	187
737	222	136	188
736	222	136	187
737	221	136	188
737	222	135	187
736	222	135	188
736	222	136	187
737	222	136	188
736	222	135	188
736	221	136	189
736	223	135	187
737	222	136	189
736	223	135	188
736	221	136	189
737	222	136	188
736	222	136	188
736	222	136	188
736	221	136	188
736	222	136	188
736	222	136	187
737	222	136	188
736	222	136	187
736	221	136	189
737	222	135	187
736	222	136	188
736	221	136	188
736	222	136	187
736	221	136	188
736	223	135	187
736	222	136	188
736	222	136	187
736	221	136	188
736	222	136	187
736	221	136	189
736	223	135	187
736	221	136	188
736	222	136	187
736	221	136	188
736	223	135	187
736	222	137	188
736	222	136	188
736	223	136	187
735	222	136	188
736	222	136	188
736	222	135	188
736	222	135	188
737	221	135	189
737	222	134	187
737	221	134	188
737	221	134	188
737	221	135	188
737	222	134	188
738	221	134	189
737	223	134	187
738	222	134	188
737	222	134	188
737	222	135	189
737	222	134	187
737	221	134	188
737	222	135	188
737	221	135	188
737	220	135	189
737	221	134	188
736	220	135	189
736	220	135	188
737	220	135	189
737	220	135	189
737	221	134	188
738	220	134	189
737	221	134	189
737	220	135	189
737	220	135	188
737	220	135	188
737	222	134	187
738	220	135	189
737	220	135	188
737	221	134	187
737	221	135	187
737	221	135	188
737	220	135	188
737	221	134	187
737	219	135	188
738	221	134	187
738	220	134	188
738	221	134	186
739	220	133	188
739	221	134	187
739	220	134	187
739	221	134	187
739	221	134	187
739	220	134	188
739	220	134	189
739	221	134	187
739	221	133	187
740	220	133	188
739	220	133	188
740	221	133	188
739	221	134	188
740	220	133	188
739	221	134	188
740	220	133	188
740	221	133	187
738	221	134	188
740	220	134	188
739	221	134	188
740	220	133	188
738	221	135	188
739	221	134	188
740	220	134	188
739	220	134	188
739	221	134	187
740	220	133	188
740	220	133	189
740	220	133	188
741	220	132	188
740	221	134	186
741	220	133	187
739	220	135	187
741	220	134	187
740	220	135	188
740	221	135	188
741	221	133	188
740	221	134	188
740	221	134	188
741	220	133	188
739	220	134	188
740	220	133	189
740	220	133	188
739	220	134	189
740	220	134	188
740	221	134	188
741	220	133	188
741	219	134	188
740	220	135	188
739	220	136	188
741	219	134	188
740	219	135	189
740	218	135	189
740	219	135	188
741	218	135	189
740	218	135	189
741	217	134	188
741	217	134	189
739	218	135	188
740	218	135	189
741	217	134	188
739	217	135	189
740	216	135	189
740	217	135	188
740	216	135	189
740	216	136	189
739	215	136	189
740	215	135	189
739	215	135	189
740	214	134	189
739	213	134	189
740	212	133	189
740	211	134	189
740	213	133	188
741	211	133	189
740	210	133	188
741	209	133	188
741	208	133	189
740	209	134	187
741	208	133	188
741	206	133	188
740	205	133	188
741	204	133	188
740	204	134	187
740	203	133	187
739	201	134	187
739	199	134	187
739	198	134	188
738	200	134	187
740	197	133	188
739	196	133	187
739	196	133	187
738	194	134	186
738	195	133	186
738	194	133	186
738	193	132	186
737	193	132	184
737	192	132	185
737	192	133	184
735	193	132	183
735	193	131	184
736	192	129	183
733	192	131	182
734	192	130	182
733	193	129	181
732	193	129	181
733	192	128	181
732	193	129	179
732	192	128	179
731	193	128	178
730	191	127	178
729	192	127	177
730	190	126	178
729	190	126	178
728	190	125	177
727	188	125	176
726	188	125	176
724	186	125	176
725	187	125	175
725	185	124	175
723	184	123	174
722	183	123	173
720	182	122	173
719	183	123	172
718	180	123	172
717	180	122	172
715	179	121	171
714	178	121	170
713	178	121	170
711	177	120	170
712	177	118	169
709	174	118	170
707	175	116	168
706	175	118	168
703	173	117	168
693	172	124	168
693	173	120	165
692	178	115	159
691	171	116	165
699	203	103	134
696	217	100	118
699	223	93	108
701	228	87	102
700	230	87	100
698	233	83	93
701	251	77	74
704	255	69	68
710	269	56	52
709	267	58	54
713	269	49	48
721	271	38	44
730	271	24	43
732	275	19	41
733	275	20	41
739	274	20	43
745	272	22	64
749	260	53	98
710	217	209	145
613	140	99	62
611	137	108	51
605	136	111	59
600	133	109	68
595	132	107	79
594	131	109	83
589	130	108	90
582	127	110	104
576	125	111	133
572	124	109	145
571	123	110	138
565	121	110	151
560	119	112	154
554	116	114	154
549	114	112	155
551	114	111	154
544	112	111	155
538	109	111	156
534	107	110	155
527	104	111	157
528	105	110	156
523	103	110	156
517	101	110	155
512	99	109	154
507	97	110	154
506	98	110	154
501	95	110	154
496	94	109	153
493	92	109	153
492	92	109	153
487	90	109	152
483	88	109	152
482	87	108	151
478	84	108	152
479	85	107	151
476	82	109	151
475	81	107	150
473	80	107	150
472	79	107	151
472	79	106	150
472	78	106	149
470	77	107	149
471	77	105	148
472	76	104	148
471	77	105	147
472	75	105	148
473	74	104	148
474	73	104	148
474	72	105	147
475	72	104	147
476	71	103	147
477	70	105	147
478	67	104	147
480	66	103	146
479	67	104	146
480	65	104	146
481	64	103	146
482	65	104	145
484	64	104	146
483	63	104	146
485	65	103	146
486	64	104	146
487	66	104	143
487	65	104	142
488	66	103	141
488	66	104	141
488	66	105	140
490	66	105	133
490	67	105	120
489	67	106	124
491	66	105	105
493	68	105	133
493	65	106	142
493	65	106	145
493	65	105	145
493	65	106	146
494	65	105	145
493	65	105	144
494	67	105	143
494	67	105	143
495	68	104	143
496	68	104	145
498	69	102	144
499	71	103	144
499	69	102	145
500	71	103	144
501	70	103	145
503	71	103	144
506	71	102	145
506	71	102	144
510	71	101	145
513	71	102	145
517	71	101	144
522	72	101	145
522	72	101	145
525	71	101	145
530	72	102	145
534	73	101	145
537	73	101	145
537	72	101	145
540	73	102	145
544	74	102	145
549	74	102	145
553	74	101	145
554	74	101	145
557	74	101	145
560	74	101	145
564	75	102	144
567	74	102	144
568	75	101	145
571	75	101	145
575	74	101	145
579	75	101	144
583	74	102	144
582	74	101	144
586	74	102	144
590	74	102	144
592	74	101	145
596	74	100	145
596	75	101	145
599	75	100	144
601	75	100	144
603	74	101	145
605	75	101	144
606	75	100	144
608	74	102	144
610	74	102	143
611	75	102	141
612	76	102	140
612	76	102	139
615	75	102	141
617	75	102	143
618	75	102	142
619	76	102	142
619	75	102	143
619	76	102	142
621	75	102	141
621	76	103	141
623	76	103	142
622	76	103	142
623	76	103	143
624	76	102	142
625	76	102	143
625	76	102	144
625	76	103	143
627	76	102	144
627	75	102	146
628	75	102	146
628	75	103	147
628	75	103	146
629	75	102	146
628	76	103	147
630	77	102	147
630	75	103	148
630	76	102	147
632	76	102	148
632	76	103	147
633	76	102	147
633	76	102	147
634	77	102	147
634	76	103	146
635	76	102	145
636	76	102	145
638	76	102	147
637	76	103	147
638	77	103	146
639	77	101	145
641	77	101	146
641	77	101	147
641	78	101	147
642	76	101	148
644	77	100	146
645	77	100	147
646	78	102	146
645	78	102	146
646	77	101	146
647	77	102	147
649	77	101	146
650	77	101	146
650	77	101	146
651	76	102	146
652	77	102	146
653	76	103	145
655	77	103	145
655	77	102	145
656	77	103	145
658	76	102	146
660	76	103	146
661	76	103	145
661	76	103	146
662	77	103	145
664	76	103	145
666	76	102	145
666	76	102	145
666	76	102	145
667	76	102	146
668	76	102	145
669	77	102	145
671	76	102	145
670	76	103	145
671	76	102	145
671	75	103	146
672	75	103	146
673	75	103	146
673	75	103	145
674	75	103	145
674	76	103	145
675	75	102	146
675	76	102	145
675	75	103	146
676	75	103	146
676	75	102	146
676	75	102	145
678	75	103	145
677	75	103	145
677	75	103	145
678	75	102	145
678	75	103	145
679	75	103	146
678	75	103	146
679	76	103	145
680	76	103	145
679	75	104	145
679	75	104	145
679	76	104	145
680	75	103	145
679	76	104	145
681	76	104	145
680	76	104	146
680	75	104	146
681	75	103	145
681	75	104	146
680	76	104	146
681	74	104	146
681	74	104	146
682	74	104	146
682	74	104	146
683	73	104	147
684	73	104	146
683	74	104	146
685	72	104	148
684	72	105	148
686	71	105	149
687	70	104	148
686	70	105	147
688	70	105	148
687	70	106	148
688	70	106	148
689	69	105	149
688	69	106	149
690	69	106	148
689	69	106	149
691	68	105	149
691	68	106	149
691	68	106	149
690	67	106	149
692	67	106	150
692	67	106	149
693	66	106	150
692	66	107	150
693	66	107	150
692	66	107	150
693	66	106	150
694	65	106	151
693	65	108	151
694	66	107	150
694	65	108	151
695	65	106	150
695	65	107	151
695	65	107	151
696	65	107	150
696	65	107	150
695	65	107	150
697	64	107	151
697	64	108	151
697	65	107	151
698	64	107	151
699	64	107	151
699	63	108	152
699	63	108	152
700	63	107	152
699	61	109	153
701	61	108	153
700	62	109	153
701	60	109	154
702	61	109	153
703	60	108	154
702	59	110	154
704	59	109	154
705	58	109	154
705	58	109	154
705	57	109	155
707	57	109	156
706	56	109	156
707	56	109	156
708	55	109	156
708	55	109	156
708	55	109	156
709	55	109	156
709	55	110	156
709	54	110	156
710	54	109	156
711	54	110	156
710	54	110	157
711	53	110	157
710	54	110	156
711	54	110	156
712	54	110	156
712	53	110	157
713	53	111	157
713	53	111	157
713	52	111	157
715	52	111	157
714	51	111	157
715	51	111	158
715	50	112	158
717	50	112	159
718	49	111	159
718	49	111	159
717	48	112	160
719	47	112	160
719	46	113	161
720	46	113	160
721	47	113	160
721	45	113	161
723	45	113	161
724	44	113	162
725	43	114	162
725	44	113	161
727	42	113	163
728	42	113	163
729	42	113	163
730	41	114	163
730	41	114	163
731	40	115	164
732	39	114	163
734	38	115	164
735	38	114	164
735	37	115	164
736	36	115	165
737	35	115	165
738	33	116	166
740	33	115	166
740	33	115	165
741	32	116	166
742	31	117	167
743	29	118	168
745	28	118	168
744	29	118	168
746	27	118	169
748	26	118	169
749	25	119	169
751	24	119	170
751	24	119	169
753	23	119	170
755	22	119	170
757	21	119	171
758	20	121	172
757	21	121	171
760	19	120	173
762	18	122	173
764	17	122	174
766	17	122	173
765	17	122	173
767	15	123	174
769	14	123	175
771	13	123	175
772	12	124	176
772	12	124	176
773	11	125	177
775	10	124	177
776	10	125	177
778	9	125	177
778	8	124	177
779	8	125	177
780	8	125	177
780	6	127	179
782	5	126	179
781	6	127	179
782	4	127	179
782	4	127	179
784	2	128	181
783	2	128	180
784	2	128	180
785	1	128	181
786	0	129	182
787	0	129	181
788	0	129	180
787	0	129	180
788	0	130	180
789	0	129	179
789	0	131	179
790	0	130	179
789	0	131	179
791	0	130	178
791	0	131	177
792	0	131	176
793	2	130	173
792	0	131	176
792	0	130	175
793	2	130	173
