649	29	548	667
644	26	550	672
645	27	550	671
645	27	549	673
644	26	550	673
644	27	550	672
644	27	550	672
644	26	550	673
644	26	550	672
644	26	550	673
645	26	551	672
645	26	549	673
645	25	550	673
644	26	550	672
645	26	549	673
644	25	549	673
644	27	550	672
644	25	550	673
645	26	550	672
645	26	550	672
645	26	549	673
645	26	551	672
645	26	549	672
645	27	550	672
645	26	549	673
645	26	550	672
645	26	549	673
645	26	550	672
645	27	549	672
645	25	550	673
645	26	549	673
644	25	550	673
645	27	551	671
645	26	550	673
645	25	550	673
644	26	550	673
645	26	551	672
645	26	549	673
645	26	549	673
645	27	551	672
645	25	550	674
645	25	550	673
645	25	550	673
645	26	550	674
643	25	551	674
643	27	551	672
643	25	553	673
644	25	551	673
644	25	551	672
644	25	551	668
644	26	552	667
645	26	551	667
645	26	552	667
644	26	552	667
645	26	551	667
645	25	551	667
645	25	552	668
644	25	552	668
644	25	552	668
644	25	553	668
644	26	553	668
644	26	553	667
644	26	552	667
644	25	552	667
643	25	553	667
643	25	553	668
643	24	554	669
643	25	554	668
644	24	554	669
643	24	554	669
644	23	554	669
642	21	555	673
641	22	555	672
641	21	555	673
641	22	555	673
641	22	555	673
641	22	555	673
641	20	555	673
641	21	556	674
641	20	557	675
641	18	556	676
641	19	557	676
641	19	557	677
641	17	557	678
641	17	558	678
641	20	557	675
640	15	558	680
640	17	558	677
640	16	560	678
640	14	560	679
640	13	561	681
640	12	563	682
641	10	564	685
641	3	565	691
639	4	567	689
639	3	571	690
637	0	573	694
636	0	570	693
634	0	573	691
635	0	567	691
634	0	555	690
638	1	551	696
634	0	577	701
635	0	574	699
634	0	350	666
628	0	295	647
632	0	514	711
636	26	538	681
576	32	595	675
497	0	691	712
405	2	771	702
325	0	847	705
268	0	926	706
237	4	966	700
205	3	1004	707
197	0	1010	712
187	0	1019	713
189	17	1020	702
185	26	1019	690
194	34	1008	685
195	34	1004	683
195	32	1002	686
196	33	1001	686
195	34	1003	685
196	36	1000	683
197	38	1001	681
197	40	1002	677
199	40	1000	676
197	39	1000	676
196	30	997	684
199	17	995	697
197	0	1003	720
195	50	1019	669
194	9	1013	710
194	0	1004	719
192	0	1019	720
193	0	868	720
181	1	1019	712
195	10	1022	709
196	41	1015	676
198	0	1049	719
197	12	1054	707
206	1	1002	718
199	0	967	720
195	2	963	716
200	29	958	690
198	33	961	686
199	32	957	687
200	30	953	689
199	30	959	689
200	29	955	690
200	28	988	691
204	32	983	682
206	31	984	688
205	33	987	679
204	34	988	685
207	32	987	680
202	35	993	684
207	36	991	678
206	35	990	675
202	33	994	686
206	38	991	675
205	34	990	678
204	34	989	685
205	27	988	688
203	22	993	697
208	18	986	695
203	16	992	702
203	17	990	702
205	18	983	701
204	15	982	704
204	0	980	720
200	0	998	720
199	0	997	720
199	0	999	720
199	0	997	720
198	0	1003	720
198	0	1000	720
200	0	998	720
201	8	995	711
202	25	991	694
204	6	1017	711
195	7	1020	712
191	0	1023	712
187	6	975	712
189	16	974	703
189	34	977	685
191	35	971	679
194	35	962	684
194	35	964	684
192	34	963	685
192	35	970	684
191	33	969	676
194	36	973	678
198	36	964	677
196	36	976	673
204	36	964	671
198	36	976	670
203	35	968	671
202	35	974	673
200	35	968	676
201	36	975	683
205	35	965	672
202	35	956	678
207	35	957	684
204	36	953	682
204	39	971	680
201	35	981	674
200	34	1017	685
199	34	1003	685
199	31	1015	686
201	32	999	686
193	31	1011	688
197	33	1006	686
198	33	1005	686
197	33	1006	686
197	34	1005	685
195	34	1007	685
197	34	1005	685
196	34	1008	685
196	34	1006	685
194	34	1008	685
197	34	1006	685
197	34	1007	685
197	34	1007	685
197	34	1006	685
196	34	1005	685
196	34	1005	685
198	35	1004	684
195	32	1006	687
197	34	1004	685
196	34	1005	685
196	34	1005	685
196	33	1004	686
198	35	1004	684
197	30	1005	689
198	34	1004	684
196	30	1006	689
198	34	1004	683
196	34	1007	685
196	33	1005	686
197	35	1003	684
195	33	1007	686
199	35	1002	683
195	30	1007	689
198	34	1002	683
193	32	1008	687
198	35	1002	684
195	30	1006	689
198	34	1005	683
194	32	1009	687
198	34	1005	683
195	31	1008	688
198	32	1004	685
195	30	1007	689
198	34	1004	683
196	29	1007	690
197	30	1005	688
197	27	1005	691
198	29	1001	687
197	27	1004	689
198	29	1004	686
198	27	1005	687
198	24	1002	689
195	25	1009	694
196	26	1003	691
197	27	1002	689
194	26	1007	689
190	26	1006	689
190	32	1004	683
189	27	1000	687
187	34	1003	677
180	31	1005	682
181	34	1005	678
182	30	1003	682
182	34	1005	678
183	31	1004	681
182	35	1004	678
181	31	1005	681
181	33	1006	679
180	32	1007	681
181	33	1008	682
182	31	1008	686
182	32	1007	684
181	31	1008	685
182	33	1007	683
181	30	1007	687
182	35	1007	682
183	32	1007	686
183	31	1006	688
182	32	1007	687
182	31	1007	687
182	33	1007	685
183	30	1006	688
181	34	1008	683
182	31	1006	687
182	32	1006	685
182	30	1007	687
182	33	1007	683
183	31	1005	687
182	29	1007	688
183	33	1007	684
183	30	1006	688
182	33	1007	685
182	30	1007	689
181	33	1008	686
182	31	1007	688
182	30	1007	689
182	33	1008	686
182	31	1007	688
180	30	1009	689
181	34	1008	685
181	31	1008	688
181	32	1008	687
181	31	1008	688
181	30	1008	689
181	32	1009	687
182	30	1007	689
181	34	1008	685
182	32	1008	687
181	31	1008	688
181	32	1008	687
182	30	1007	689
182	31	1007	688
182	30	1007	689
182	32	1008	687
183	30	1007	689
182	33	1007	686
182	30	1007	689
182	33	1007	686
183	30	1006	689
182	32	1007	686
182	31	1006	688
182	32	1006	685
182	30	1005	688
182	34	1005	684
183	31	1005	688
182	32	1006	687
183	31	1005	688
182	32	1006	687
183	31	1005	687
183	30	1004	688
182	33	1005	685
182	31	1005	687
182	30	1004	687
182	32	1005	685
183	31	1004	687
182	32	1003	686
182	31	1004	687
181	32	1005	686
180	30	1006	687
180	28	1009	689
180	31	1008	686
181	29	1007	688
181	31	1007	685
181	27	1007	689
183	32	1006	685
182	28	1006	689
182	31	1008	686
182	29	1008	688
182	30	1007	686
183	30	1005	687
183	30	1005	687
182	28	1006	688
183	31	1006	686
183	30	1005	688
182	30	1006	686
182	30	1005	687
182	29	1005	687
183	31	1005	686
182	30	1006	688
182	29	1006	687
182	31	1006	686
182	28	1006	689
182	30	1007	686
182	31	1006	687
182	29	1007	688
182	30	1007	686
182	30	1007	687
182	31	1007	687
181	30	1008	687
182	31	1008	686
181	28	1008	688
182	31	1009	687
181	28	1009	690
180	30	1011	687
181	31	1009	687
181	28	1009	689
181	32	1010	685
181	31	1009	687
180	29	1009	688
181	31	1008	686
181	30	1008	687
181	30	1008	687
181	31	1007	686
181	28	1008	689
182	32	1008	686
181	31	1008	687
181	29	1009	688
180	30	1009	686
182	31	1008	687
181	29	1009	689
180	29	1010	687
180	30	1010	686
181	30	1009	686
180	30	1009	687
181	30	1009	687
181	30	1009	687
181	28	1009	689
181	31	1009	687
180	30	1010	688
180	29	1010	687
181	31	1009	686
181	29	1009	688
181	31	1010	686
180	30	1010	687
180	30	1009	687
180	29	1009	687
181	30	1008	686
181	31	1008	687
180	30	1010	687
181	34	1011	684
182	31	1010	688
181	32	1011	687
180	31	1012	688
180	32	1012	687
181	32	1011	687
181	33	1011	686
180	32	1012	687
180	33	1011	686
181	31	1011	688
181	33	1011	686
181	30	1010	689
181	33	1010	686
182	30	1010	689
182	34	1010	685
181	30	1010	689
181	33	1011	686
181	30	1011	689
181	33	1011	686
180	30	1012	689
181	33	1011	686
181	32	1011	687
181	33	1011	686
181	32	1011	687
181	33	1011	686
181	31	1010	688
180	32	1011	687
181	31	1011	688
180	33	1011	686
181	31	1011	688
180	32	1012	687
180	31	1011	688
180	32	1011	687
181	32	1011	687
181	33	1010	686
180	30	1011	689
180	32	1011	687
180	32	1010	687
181	32	1010	687
180	31	1011	688
180	33	1012	686
180	32	1011	687
180	31	1011	688
179	33	1012	686
180	32	1012	687
180	33	1011	686
180	31	1011	688
179	33	1012	686
180	33	1012	686
181	31	1011	688
180	33	1012	686
180	32	1011	687
181	32	1012	687
181	33	1011	686
181	30	1011	689
181	34	1011	685
180	30	1011	689
180	32	1011	687
180	32	1011	687
181	32	1011	687
181	33	1011	686
181	30	1011	689
180	32	1011	687
181	33	1011	686
180	32	1011	687
181	31	1011	688
182	33	1011	686
181	30	1010	689
181	33	1011	686
181	31	1010	688
180	30	1010	689
179	31	1011	687
179	31	1011	687
178	31	1012	687
179	31	1011	687
179	31	1010	687
179	31	1011	687
178	31	1011	687
179	30	1011	687
178	30	1011	687
179	30	1011	687
179	31	1010	686
180	31	1010	686
179	30	1010	687
179	31	1010	686
179	31	1010	686
179	31	1010	687
179	30	1010	687
179	31	1010	686
179	30	1010	687
180	31	1009	686
180	31	1009	687
179	30	1010	687
179	31	1010	686
180	31	1010	686
181	32	1008	686
180	29	1010	688
180	32	1009	685
180	29	1010	687
180	32	1009	685
180	29	1009	688
180	32	1009	686
179	31	1010	687
179	30	1009	687
180	32	1008	686
180	31	1009	687
180	30	1009	688
180	31	1009	686
180	30	1008	687
180	31	1008	686
180	30	1009	687
180	31	1008	686
180	29	1008	687
181	33	1008	684
180	29	1008	688
180	32	1009	685
180	30	1010	687
180	32	1009	686
180	30	1009	688
180	32	1008	686
179	30	1009	687
180	32	1009	685
180	30	1009	687
180	30	1009	687
180	32	1008	686
179	30	1009	687
180	32	1009	685
180	30	1009	688
180	31	1009	687
180	31	1009	686
180	30	1009	687
180	32	1008	686
180	31	1009	687
179	31	1010	687
179	31	1010	687
180	32	1009	686
179	30	1010	688
179	30	1011	687
180	32	1010	685
179	30	1010	688
179	33	1013	685
179	31	1012	688
178	31	1013	688
177	32	1015	687
176	31	1015	688
175	32	1016	687
176	33	1015	686
175	33	1015	686
176	32	1014	687
177	32	1014	687
176	32	1015	687
175	31	1016	688
177	32	1013	687
176	32	1014	687
176	32	1015	687
176	32	1014	687
177	32	1013	687
176	32	1014	687
175	32	1015	687
176	33	1014	686
177	32	1013	687
177	33	1014	686
176	33	1014	686
176	32	1013	687
177	32	1013	687
176	33	1014	686
177	33	1013	686
177	32	1013	687
176	32	1014	687
176	32	1014	687
176	32	1014	687
176	33	1013	686
176	32	1014	687
176	33	1013	686
177	33	1013	686
176	32	1013	687
177	32	1013	687
177	33	1013	686
177	34	1012	685
178	33	1013	686
178	32	1013	687
179	32	1013	687
178	31	1013	688
179	33	1013	686
178	31	1014	688
178	33	1014	686
178	32	1014	687
177	32	1015	687
176	32	1015	687
176	32	1015	687
177	32	1014	687
177	33	1015	686
177	32	1014	687
176	32	1015	687
176	33	1014	686
175	32	1015	687
176	33	1013	686
176	32	1014	687
176	33	1014	686
177	32	1013	687
176	33	1014	686
175	32	1015	687
178	33	1012	686
178	32	1012	687
177	32	1014	687
176	33	1014	686
176	33	1014	686
175	33	1014	686
176	32	1013	687
176	33	1014	686
173	31	1018	688
176	32	1018	687
175	31	1019	688
175	30	1019	689
174	31	1019	688
175	32	1019	687
175	31	1018	688
175	30	1019	689
176	31	1018	688
175	31	1018	688
175	30	1018	689
174	31	1019	688
174	31	1019	688
174	31	1019	688
175	31	1019	688
176	31	1018	688
175	31	1018	688
176	30	1018	689
175	31	1018	688
175	32	1019	687
174	31	1019	688
176	32	1018	687
176	31	1018	688
176	32	1019	687
175	31	1019	688
176	32	1018	687
174	30	1019	689
175	33	1019	686
175	31	1018	688
175	32	1018	687
174	31	1019	688
175	32	1018	687
175	31	1019	688
175	32	1019	687
175	33	1018	686
174	31	1018	688
176	34	1015	685
174	32	1017	687
177	33	1014	686
175	30	1017	689
175	33	1018	686
175	33	1018	686
175	32	1018	687
175	32	1018	687
175	32	1018	687
175	32	1018	687
175	33	1018	686
175	32	1017	687
175	31	1017	688
175	32	1017	687
176	32	1016	687
175	31	1017	688
175	33	1017	686
174	31	1018	688
174	32	1017	687
174	32	1017	687
174	32	1017	687
174	32	1017	687
176	31	1015	688
176	32	1016	687
174	31	1018	688
176	33	1016	686
175	32	1017	687
176	31	1015	688
175	31	1017	688
174	31	1017	688
175	33	1016	686
175	31	1015	688
176	31	1014	688
175	32	1016	687
175	29	1015	690
174	33	1016	686
174	29	1014	690
173	32	1016	687
174	31	1015	688
175	31	1014	688
174	30	1014	689
174	29	1016	690
173	31	1016	688
174	30	1015	689
174	30	1016	689
174	30	1015	689
174	30	1015	689
174	30	1015	689
173	31	1016	688
173	31	1016	688
173	30	1016	689
173	31	1015	688
173	31	1016	688
173	31	1017	688
172	31	1018	688
173	32	1016	687
173	30	1019	689
172	32	1020	687
174	31	1021	688
175	29	1024	690
175	29	1029	690
175	28	1027	691
175	28	1028	691
174	28	1030	691
173	28	1030	691
175	28	1028	691
174	29	1028	690
174	29	1028	690
173	30	1029	689
172	28	1031	691
174	29	1029	690
174	29	1027	690
173	30	1020	689
173	31	1015	688
173	31	1017	688
173	32	1014	687
173	32	1017	687
174	32	1016	687
174	31	1015	688
174	31	1016	688
174	30	1015	689
173	30	1017	689
172	29	1017	690
172	30	1017	689
172	30	1018	689
173	30	1018	689
173	30	1015	689
173	31	1018	688
173	30	1016	689
172	31	1015	688
173	32	1015	687
173	23	1018	696
171	14	1022	705
172	0	1025	718
168	5	1029	712
170	0	1030	715
167	7	1034	712
171	0	1025	718
168	3	1030	713
168	0	1028	715
166	1	1035	718
170	1	1026	716
168	0	1029	714
167	3	1032	716
171	3	1028	714
171	1	1028	714
167	5	1033	714
170	6	1034	711
172	10	1035	708
170	16	1036	702
171	19	1036	700
170	18	1034	701
173	16	1028	703
171	15	1028	704
172	11	1030	708
171	4	1031	714
172	0	1031	718
170	1	1037	716
171	2	1034	715
171	2	1037	715
171	1	1031	717
170	1	1032	717
169	0	1031	719
168	0	1024	716
166	1	1026	718
169	0	1018	718
165	4	1023	715
168	0	1014	719
167	0	1022	720
165	0	1050	718
165	3	1036	716
170	0	1016	719
168	15	1033	703
172	18	1018	701
168	11	1035	708
167	13	1018	706
167	52	1019	666
169	51	1015	668
174	50	1017	669
173	50	1052	669
173	45	1018	673
174	50	1025	669
170	50	991	669
166	48	991	671
168	49	990	670
167	49	1001	670
165	48	998	671
165	45	1002	674
166	45	1004	674
169	44	1006	675
167	45	1008	674
168	47	1014	672
170	48	1019	671
172	48	1025	671
174	48	1029	671
171	47	1030	672
174	48	1039	671
172	48	1035	669
169	47	1029	672
171	45	1049	674
173	46	1016	673
172	44	1011	675
168	42	1018	677
169	44	1021	675
168	45	1027	674
169	43	1023	676
167	44	1023	675
168	45	1025	674
168	43	1024	676
167	45	1023	674
168	44	1024	675
168	44	1024	675
166	43	1025	676
167	43	1024	676
165	45	1025	674
169	43	1025	676
170	45	1021	674
171	44	1020	675
170	44	1020	675
169	44	1022	675
166	44	1024	675
168	45	1023	674
166	44	1025	675
166	44	1025	675
167	44	1025	675
167	44	1024	675
167	45	1024	674
167	46	1023	673
166	44	1025	675
169	45	1021	674
167	43	1024	676
167	44	1024	675
166	44	1025	675
167	44	1025	675
167	44	1025	675
167	45	1024	674
168	44	1024	675
167	44	1025	675
167	44	1025	675
169	44	1023	675
171	44	1020	675
173	44	1018	675
173	44	1019	675
172	44	1020	675
172	44	1020	675
172	44	1020	675
172	44	1020	675
172	43	1019	676
172	44	1019	675
173	43	1018	676
172	44	1019	675
172	43	1019	676
172	44	1019	675
172	43	1019	676
173	44	1018	675
172	43	1019	676
173	44	1019	675
172	44	1019	675
173	43	1019	676
173	43	1020	676
173	43	1020	676
173	43	1020	676
173	44	1020	675
173	44	1020	675
172	44	1020	675
172	44	1020	675
172	44	1020	675
173	43	1019	676
172	43	1020	676
171	44	1020	675
173	44	1019	675
172	43	1020	676
173	44	1019	675
173	44	1019	675
173	43	1019	676
173	43	1019	676
173	43	1019	676
172	44	1019	675
173	43	1019	676
173	44	1019	675
173	44	1019	675
172	43	1020	676
173	44	1019	675
172	44	1020	675
171	42	1018	677
169	44	1019	675
168	42	1023	677
170	44	1020	675
167	43	1022	676
169	43	1020	676
166	43	1022	676
169	44	1020	675
168	43	1023	676
166	43	1022	676
170	43	1020	676
167	43	1022	676
170	44	1019	675
168	42	1021	677
170	44	1020	675
167	43	1023	676
168	43	1021	676
167	44	1022	675
169	42	1020	677
167	43	1022	676
167	44	1022	675
169	43	1020	676
166	43	1023	676
169	43	1020	676
167	44	1023	675
170	43	1020	676
166	42	1024	677
169	43	1020	676
166	43	1023	676
169	43	1019	676
166	43	1023	676
169	44	1020	675
166	43	1023	676
169	44	1020	675
167	42	1021	677
169	44	1020	675
166	43	1023	676
169	44	1019	675
168	43	1021	676
168	43	1021	676
167	44	1022	675
169	43	1020	676
166	44	1023	675
169	43	1020	676
166	44	1023	675
169	44	1019	675
166	43	1023	676
169	44	1020	675
165	43	1023	676
169	44	1019	675
166	43	1021	676
169	43	1021	676
167	42	1022	677
169	43	1019	676
166	43	1022	676
169	43	1018	676
166	44	1022	675
169	42	1021	677
167	43	1021	676
170	42	1020	677
167	43	1021	676
169	43	1019	676
166	44	1022	675
169	43	1020	676
166	43	1022	676
169	43	1020	676
166	43	1022	676
169	43	1021	676
166	43	1022	676
169	43	1019	676
169	41	1021	678
167	42	1021	677
169	42	1020	677
168	42	1021	677
168	42	1020	677
170	43	1019	676
167	42	1021	677
170	42	1018	677
167	42	1021	677
170	43	1019	676
167	42	1021	677
170	42	1018	677
167	43	1021	676
170	42	1018	677
167	43	1021	676
170	42	1018	677
169	43	1020	676
168	43	1020	676
169	42	1019	677
167	43	1022	676
169	42	1019	677
170	43	1019	676
168	42	1021	677
170	42	1019	677
167	42	1020	677
169	42	1018	677
169	43	1020	676
167	42	1021	677
170	42	1019	677
167	43	1021	676
170	42	1018	677
169	43	1020	676
168	43	1020	676
170	42	1018	677
168	43	1020	676
168	43	1019	676
169	42	1020	677
168	43	1021	676
170	43	1018	676
168	42	1021	677
170	43	1019	676
167	42	1021	677
169	43	1019	676
167	42	1021	677
170	42	1019	677
167	43	1021	676
170	41	1020	678
167	43	1021	676
168	42	1020	677
169	43	1019	676
168	43	1021	676
169	42	1019	677
168	42	1020	677
170	43	1019	676
168	43	1021	676
169	42	1019	677
168	43	1020	676
169	42	1019	677
168	42	1020	677
169	43	1019	676
167	42	1021	677
170	42	1019	677
167	42	1021	677
170	42	1018	677
167	43	1021	676
170	43	1018	676
167	41	1021	678
170	44	1019	675
168	41	1020	678
170	43	1019	676
166	43	1022	676
168	43	1020	676
168	44	1020	675
168	42	1022	677
166	43	1021	676
168	42	1020	677
168	43	1021	676
167	43	1021	676
167	44	1020	675
168	41	1022	678
166	44	1021	675
167	42	1022	677
168	43	1020	676
166	43	1021	676
166	42	1023	677
167	43	1021	676
167	44	1020	675
168	42	1022	677
165	44	1022	675
167	42	1022	677
168	43	1021	676
166	43	1022	676
167	43	1022	676
167	43	1021	676
167	43	1021	676
168	42	1022	677
166	43	1022	676
167	43	1021	676
167	42	1022	677
166	43	1022	676
166	42	1023	677
167	44	1021	675
167	42	1024	677
166	43	1022	676
166	42	1024	677
167	44	1021	675
167	44	1021	675
167	41	1023	678
167	44	1022	675
168	43	1020	676
167	43	1020	676
167	43	1022	676
167	43	1021	676
168	42	1022	677
166	43	1022	676
166	43	1023	676
167	44	1021	675
167	43	1021	676
167	43	1023	676
166	43	1022	676
166	43	1023	676
167	43	1021	676
167	42	1022	677
167	44	1021	675
168	42	1023	677
166	43	1022	676
167	42	1024	677
166	43	1022	676
166	42	1024	677
167	43	1021	676
167	44	1021	675
167	42	1023	677
166	43	1021	676
166	42	1024	677
167	43	1021	676
167	43	1023	676
168	43	1020	676
167	43	1021	676
168	42	1023	677
165	44	1022	675
168	41	1021	678
169	43	1018	676
168	41	1021	678
169	42	1017	677
170	41	1020	678
167	42	1019	677
169	42	1019	677
169	43	1018	676
168	41	1020	678
170	42	1017	677
168	42	1018	677
170	41	1019	678
167	42	1019	677
169	41	1018	678
169	42	1017	677
169	41	1020	678
170	43	1017	676
167	42	1019	677
169	40	1019	679
169	42	1017	677
171	41	1018	678
168	43	1018	676
170	40	1019	679
167	43	1019	676
170	41	1019	678
169	43	1017	676
169	41	1020	678
168	42	1018	677
170	41	1019	678
170	43	1017	676
168	42	1018	677
170	42	1019	677
168	42	1018	677
170	42	1017	677
169	41	1019	678
168	43	1018	676
169	41	1019	678
169	43	1017	676
167	41	1021	678
169	42	1018	677
170	41	1019	678
169	43	1017	676
169	41	1020	678
169	43	1018	676
170	40	1019	679
168	44	1019	675
168	40	1020	679
169	43	1017	676
167	41	1021	678
169	42	1018	677
168	43	1018	676
169	41	1020	678
170	42	1017	677
169	43	1018	676
169	41	1020	678
169	43	1018	676
167	42	1021	677
169	42	1017	677
168	43	1017	676
169	41	1019	678
170	42	1017	677
167	42	1019	677
170	42	1018	677
170	43	1017	676
168	41	1021	678
170	43	1017	676
168	43	1018	676
169	41	1019	678
167	42	1018	677
170	41	1018	678
169	44	1014	675
170	43	1015	676
169	42	1015	677
170	43	1014	676
170	43	1014	676
170	43	1014	676
168	42	1015	677
168	43	1016	676
169	42	1014	677
170	42	1014	677
169	43	1015	676
170	42	1015	677
167	43	1017	676
169	43	1016	676
170	42	1015	677
169	43	1015	676
170	43	1014	676
170	42	1015	677
168	43	1017	676
169	43	1016	676
170	42	1015	677
169	42	1016	677
170	42	1015	677
168	43	1017	676
169	42	1015	677
168	43	1016	676
169	42	1015	677
168	42	1016	677
169	42	1015	677
169	42	1016	677
169	42	1015	677
169	42	1015	677
169	43	1015	676
169	42	1015	677
168	42	1016	677
169	42	1015	677
169	42	1015	677
169	42	1015	677
169	42	1015	677
168	43	1016	676
169	42	1016	677
168	43	1016	676
169	42	1016	677
169	42	1016	677
169	42	1015	677
169	42	1015	677
169	42	1016	677
168	43	1016	676
168	42	1017	677
169	42	1015	677
168	42	1017	677
168	42	1016	677
168	42	1016	677
168	41	1017	678
167	42	1017	677
167	42	1017	677
167	42	1017	677
167	42	1017	677
167	42	1017	677
168	42	1016	677
168	43	1017	676
168	42	1016	677
168	42	1017	677
167	42	1017	677
167	42	1017	677
167	42	1017	677
167	42	1017	677
167	42	1017	677
167	42	1017	677
167	42	1017	677
168	40	1017	679
168	41	1017	678
168	40	1017	679
169	40	1016	679
168	41	1017	678
170	41	1016	678
170	40	1015	679
169	41	1016	678
169	41	1016	678
169	41	1016	678
170	41	1016	678
169	41	1017	678
169	42	1017	677
170	41	1016	678
170	41	1016	678
169	42	1017	677
169	41	1016	678
170	41	1016	678
169	41	1017	678
170	41	1016	678
170	42	1017	677
168	42	1016	677
169	41	1016	678
169	41	1016	678
170	40	1016	679
169	43	1015	676
170	41	1016	678
169	41	1017	678
169	41	1016	678
169	41	1017	678
169	42	1015	677
169	40	1016	679
169	42	1017	677
169	41	1017	678
169	41	1017	678
169	41	1017	678
169	41	1017	678
169	42	1016	677
170	40	1015	679
169	41	1016	678
169	41	1016	678
169	40	1016	679
169	41	1015	678
170	40	1015	679
169	41	1016	678
169	41	1017	678
169	41	1017	678
169	42	1016	677
170	40	1015	679
168	41	1018	678
169	41	1016	678
169	40	1017	679
168	42	1016	677
168	40	1017	679
168	43	1016	676
169	41	1016	678
169	41	1017	678
169	41	1017	678
169	41	1017	678
169	42	1017	677
169	41	1017	678
170	41	1016	678
170	41	1016	678
167	42	1018	677
168	40	1018	679
168	42	1016	677
168	40	1017	679
168	42	1016	677
170	40	1016	679
170	41	1017	678
169	40	1015	679
168	39	1016	680
168	40	1017	679
167	39	1017	680
167	40	1018	679
167	40	1018	679
168	39	1018	680
167	40	1018	679
168	39	1017	680
167	40	1017	679
168	40	1017	679
168	39	1017	680
167	40	1018	679
168	40	1017	679
168	39	1017	680
168	40	1017	679
168	40	1017	679
168	39	1017	680
167	41	1016	678
168	39	1016	680
167	40	1017	679
168	39	1017	680
167	40	1018	679
168	39	1017	680
167	42	1017	677
168	39	1017	680
168	40	1017	679
168	39	1017	680
168	40	1017	679
168	39	1017	680
167	40	1018	679
167	40	1017	679
167	40	1018	679
166	40	1018	679
166	40	1018	679
167	40	1018	679
167	40	1017	679
167	39	1017	680
167	40	1017	679
168	39	1017	680
167	40	1017	679
168	39	1017	680
167	42	1017	677
167	39	1017	680
166	39	1019	680
166	40	1019	679
166	39	1018	680
166	40	1019	679
167	38	1018	681
166	42	1018	677
167	39	1017	680
167	39	1018	680
166	40	1019	679
167	40	1018	679
167	40	1018	679
168	39	1017	680
167	42	1017	677
168	39	1017	680
167	40	1018	679
168	39	1017	680
168	40	1017	679
168	40	1017	679
167	40	1017	679
167	39	1017	680
167	40	1017	679
167	39	1017	680
167	40	1018	679
167	39	1017	680
167	40	1018	679
167	39	1017	680
167	40	1017	679
168	39	1017	680
168	40	1016	679
168	39	1016	680
167	39	1017	680
167	39	1017	680
168	39	1017	680
168	39	1017	680
168	40	1016	679
168	39	1016	680
167	39	1017	680
167	39	1017	680
167	40	1018	679
167	39	1017	680
166	40	1017	679
167	38	1016	681
167	41	1017	678
167	38	1016	681
167	41	1017	678
167	38	1017	681
166	39	1019	680
166	39	1018	680
167	39	1018	680
166	40	1018	679
167	38	1016	681
167	41	1017	678
168	39	1016	680
167	39	1017	680
167	40	1018	679
167	40	1017	679
168	39	1017	680
168	39	1017	680
167	40	1017	679
168	39	1016	680
167	41	1016	678
168	38	1015	681
167	40	1017	679
167	39	1017	680
168	40	1017	679
168	39	1016	680
167	40	1017	679
167	40	1017	679
167	40	1016	679
167	40	1016	679
167	38	1016	681
166	40	1017	679
167	40	1016	679
167	38	1016	681
167	40	1017	679
167	38	1016	681
167	41	1017	678
168	38	1016	681
167	40	1017	679
167	40	1017	679
167	38	1016	681
167	40	1017	679
167	39	1016	680
167	39	1017	680
167	40	1017	679
167	40	1016	679
168	38	1016	681
167	39	1017	680
167	39	1016	680
167	40	1017	679
167	39	1016	680
167	39	1016	680
167	40	1017	679
168	40	1016	679
167	40	1016	679
167	39	1016	680
166	39	1018	680
166	39	1017	680
166	38	1017	681
167	39	1016	680
167	39	1018	680
167	38	1017	681
167	39	1017	680
167	39	1018	680
167	38	1017	681
167	41	1017	678
167	38	1016	681
166	40	1017	679
167	37	1017	682
167	41	1017	678
167	37	1017	682
166	43	1017	676
167	37	1017	682
167	43	1017	676
168	37	1017	682
167	43	1017	676
168	38	1017	681
167	39	1018	680
166	39	1017	680
167	39	1017	680
166	39	1018	680
167	39	1017	680
166	39	1018	680
168	39	1017	680
167	39	1018	680
167	39	1018	680
166	40	1018	679
167	37	1017	682
166	43	1017	676
168	38	1017	681
167	42	1017	677
168	38	1017	681
167	39	1018	680
166	40	1018	679
166	38	1018	681
167	42	1018	677
168	38	1017	681
167	39	1018	680
166	40	1018	679
167	38	1018	681
167	42	1018	677
168	38	1017	681
167	41	1017	678
167	38	1017	681
166	40	1018	679
167	38	1017	681
167	41	1018	678
167	38	1016	681
166	40	1018	679
167	38	1017	681
166	41	1018	678
167	38	1017	681
166	41	1018	678
167	38	1017	681
166	41	1018	678
167	38	1016	681
167	41	1017	678
167	38	1016	681
166	40	1017	679
167	37	1016	682
167	43	1016	676
169	38	1015	681
167	40	1016	679
167	37	1016	682
166	40	1017	679
167	39	1016	680
166	37	1016	682
167	41	1016	678
168	36	1016	683
167	42	1014	677
168	37	1015	682
166	38	1017	681
168	39	1016	680
167	37	1017	682
166	41	1015	678
167	37	1016	682
167	41	1016	678
167	36	1016	683
167	41	1016	678
167	36	1016	683
167	42	1016	677
168	36	1016	683
166	42	1015	677
168	36	1015	683
166	40	1017	679
166	36	1017	683
169	41	1015	678
169	36	1014	683
168	41	1014	678
168	37	1016	682
167	41	1017	678
167	36	1016	683
168	41	1016	678
168	36	1015	683
167	41	1016	678
167	36	1016	683
168	41	1016	678
168	36	1015	683
167	42	1017	677
167	37	1017	682
167	40	1017	679
167	36	1016	683
167	42	1016	677
168	37	1015	682
166	41	1017	678
167	36	1016	683
169	42	1015	677
169	37	1015	682
168	39	1016	680
167	37	1017	682
167	40	1017	679
167	37	1016	682
166	40	1017	679
167	37	1016	682
168	42	1016	677
169	37	1016	682
167	42	1015	677
168	37	1016	682
166	39	1016	680
168	37	1016	682
167	39	1017	680
166	36	1017	683
167	42	1016	677
167	37	1015	682
166	39	1017	680
166	36	1017	683
168	41	1016	678
168	36	1015	683
167	42	1016	677
168	36	1016	683
166	41	1016	678
167	36	1017	683
167	41	1015	678
168	36	1015	683
166	41	1017	678
167	36	1016	683
167	41	1015	678
167	36	1015	683
167	41	1016	678
167	36	1016	683
167	41	1015	678
167	36	1015	683
167	41	1016	678
168	36	1016	683
168	41	1015	678
167	36	1015	683
