860	282	84	64
858	281	85	63
859	273	84	64
859	255	84	64
869	247	86	62
870	249	86	63
877	238	89	66
878	238	88	65
885	235	85	65
883	239	85	64
894	226	86	63
894	227	85	66
886	244	86	65
888	244	84	65
889	253	85	64
884	261	87	64
876	263	87	63
874	262	89	64
856	272	88	65
857	273	87	64
850	274	87	64
841	280	89	64
831	279	85	63
828	275	84	63
823	274	86	64
823	274	86	63
814	273	87	64
815	278	85	63
821	268	86	64
820	265	85	63
824	253	86	65
825	253	85	65
825	248	87	65
821	258	87	65
828	254	86	64
825	257	87	65
824	256	86	64
824	256	86	64
838	249	87	64
823	259	89	66
817	267	87	64
827	265	86	65
815	285	87	65
814	285	87	66
813	285	86	64
817	283	86	65
808	289	87	65
809	284	85	65
810	282	86	65
810	282	86	64
808	270	86	65
810	266	87	65
806	267	88	65
810	264	88	65
815	261	90	64
815	261	89	65
817	257	88	64
812	255	88	65
811	259	87	67
807	272	87	65
808	274	87	65
808	274	87	65
810	272	89	65
808	273	88	65
811	279	90	66
816	290	87	67
823	294	91	65
823	295	90	64
835	293	91	65
848	301	88	66
843	312	89	65
843	309	88	65
838	307	89	65
839	307	88	65
836	300	88	66
832	291	89	65
831	288	88	66
833	275	90	66
839	266	89	66
840	266	88	66
841	262	90	65
839	262	90	66
849	262	93	66
846	264	92	66
832	269	90	66
832	269	90	65
832	273	91	66
823	276	91	66
820	279	91	66
825	281	89	65
826	284	90	65
826	284	90	65
829	287	90	64
831	289	89	66
831	294	91	66
837	298	90	66
836	301	90	66
837	302	90	66
844	301	92	65
843	302	90	66
836	306	91	66
834	301	91	66
829	299	91	66
829	299	90	66
830	287	90	67
826	281	91	66
822	282	92	66
821	289	89	68
827	293	92	67
826	292	91	67
829	296	91	68
826	303	91	68
827	309	91	67
828	312	91	67
834	308	91	67
835	309	90	67
832	309	92	67
833	308	91	67
833	304	92	67
832	305	92	67
841	300	92	67
841	301	91	66
844	299	91	67
849	289	90	69
851	286	89	67
848	288	85	67
844	288	81	67
843	288	81	67
845	284	74	67
851	278	71	67
854	278	66	67
856	278	63	68
857	280	58	69
857	279	57	69
851	282	58	70
847	283	55	72
844	288	37	70
841	291	26	68
841	280	97	89
841	281	126	91
826	278	130	92
815	274	131	96
801	273	140	97
782	277	139	98
770	276	144	101
770	276	144	101
723	274	184	104
635	243	269	148
534	258	206	119
531	258	216	118
532	258	199	118
530	258	224	118
474	202	215	212
534	247	176	122
493	200	158	244
532	252	145	123
496	222	254	156
373	108	298	319
529	247	303	137
822	262	96	74
818	263	96	68
807	267	96	68
807	266	95	68
807	266	95	68
803	263	96	69
799	255	95	69
799	249	96	69
791	246	97	69
791	241	96	69
792	240	95	68
785	242	96	71
780	254	96	69
781	254	95	68
781	254	96	69
787	253	97	69
786	253	97	69
793	255	96	69
793	262	96	70
801	266	96	69
804	268	96	69
801	269	97	69
800	269	97	69
796	269	98	70
803	266	98	69
800	268	97	70
796	269	97	70
799	269	98	69
799	268	98	69
790	268	98	70
790	270	97	70
790	268	97	70
789	268	97	70
788	269	97	70
788	268	97	70
785	268	99	70
785	267	98	70
784	264	99	71
782	263	99	71
784	261	98	71
784	261	98	71
783	260	98	71
782	259	98	71
781	259	99	72
781	259	98	72
786	260	100	71
786	260	99	71
783	263	100	72
777	266	100	72
784	267	100	72
770	281	100	73
769	286	100	71
769	286	99	71
762	287	103	72
744	288	102	71
745	267	99	74
747	248	98	73
739	240	101	73
739	240	101	72
736	230	99	74
728	225	102	74
710	235	102	76
696	247	101	72
698	237	101	74
698	237	100	73
691	242	102	74
687	246	101	73
689	247	100	75
678	263	101	74
682	262	102	73
682	262	101	73
679	266	102	74
678	263	102	74
684	257	102	75
677	269	102	74
679	262	102	75
680	262	102	75
675	252	104	75
676	239	103	76
679	226	104	76
682	225	105	76
688	225	105	75
687	226	104	76
685	233	105	77
683	244	106	75
687	233	106	75
684	234	107	77
680	255	109	76
680	255	107	76
686	257	110	76
687	269	109	77
684	274	110	75
684	271	111	75
685	268	111	76
684	268	111	75
681	271	112	76
686	256	111	78
689	250	112	77
688	253	113	76
692	243	111	78
693	244	111	78
691	236	114	77
678	241	114	77
678	230	109	79
671	230	112	77
660	237	106	77
660	237	107	77
665	237	102	76
674	235	97	77
678	239	92	78
681	245	86	78
683	246	81	79
683	245	81	79
686	251	75	80
685	262	67	79
687	262	60	80
689	271	57	81
687	269	48	81
688	269	44	80
688	264	39	82
689	259	29	79
686	247	21	80
682	244	16	75
675	221	86	111
673	219	147	112
661	212	153	112
648	211	162	114
635	211	173	117
622	208	185	106
681	214	127	92
677	215	129	91
701	221	107	85
741	223	65	76
739	227	66	75
666	237	134	81
722	240	78	80
726	239	73	81
712	245	82	81
698	242	92	82
683	237	106	84
659	245	122	83
649	239	129	84
651	239	128	84
645	238	132	85
640	240	131	84
638	222	131	85
637	214	130	85
635	200	131	85
635	201	131	85
635	193	132	87
635	199	133	86
633	199	133	87
631	201	134	87
628	203	133	86
629	203	133	86
625	199	134	87
619	207	134	86
617	212	133	87
616	219	133	87
614	228	132	88
615	228	133	88
614	238	132	88
613	252	132	89
611	267	132	89
610	280	131	90
608	295	131	89
608	296	131	89
606	299	132	89
605	300	132	89
603	292	131	90
604	275	132	89
604	273	132	89
604	274	132	89
603	270	129	90
602	269	130	90
601	278	129	90
602	271	126	91
608	267	128	90
608	267	127	90
610	264	125	90
609	262	121	90
607	263	115	91
609	265	109	91
611	277	107	94
611	277	103	94
628	281	97	91
621	282	95	94
614	280	80	92
617	266	73	93
616	259	72	92
617	259	71	92
617	255	70	95
616	256	54	94
607	263	49	94
607	257	41	69
607	260	28	22
607	260	23	18
604	254	22	15
596	260	16	13
575	262	23	13
581	251	40	27
640	223	26	25
642	222	22	26
628	225	22	26
612	223	28	29
594	223	35	28
572	217	24	30
535	209	35	31
537	209	34	32
507	214	34	34
488	215	37	34
463	207	42	42
441	191	43	40
399	190	52	39
399	190	52	36
367	186	41	36
333	180	46	33
310	179	41	32
282	167	50	37
255	166	48	45
256	166	48	44
223	157	43	44
191	158	46	49
156	146	39	34
104	151	59	38
61	134	58	42
62	135	55	39
24	129	47	38
0	94	71	101
2	197	59	33
2	199	50	25
1	205	35	16
1	206	35	16
1	201	39	45
41	219	37	31
37	197	64	36
1	192	66	39
6	202	80	51
1	197	69	36
1	205	46	24
10	209	31	19
4	212	63	59
2	221	126	143
0	220	74	154
0	219	76	156
0	215	31	128
0	215	20	55
0	220	11	48
8	216	41	53
13	216	105	121
21	289	252	127
231	219	272	167
514	259	155	105
498	256	175	107
489	257	182	106
492	255	182	110
491	255	183	110
490	256	183	112
489	257	185	111
491	260	186	111
498	265	186	112
500	270	187	110
500	271	188	110
504	275	189	109
502	277	189	110
510	280	190	111
517	283	192	111
526	283	190	111
526	281	191	112
536	283	192	112
550	283	191	114
555	284	193	112
561	285	194	113
568	285	195	113
568	285	194	113
571	287	196	113
575	288	195	114
576	290	195	114
576	291	197	115
575	296	198	115
575	296	198	115
572	297	199	115
568	300	199	116
571	301	201	116
574	302	201	117
570	312	202	116
571	312	201	117
575	310	204	118
585	317	203	120
587	324	205	118
591	328	205	118
599	328	208	119
599	329	207	119
610	329	209	119
615	331	208	120
623	318	206	120
628	304	211	121
631	302	210	121
631	302	209	121
635	289	211	122
639	290	211	122
643	289	212	122
650	286	213	124
660	292	214	123
660	292	215	123
667	292	216	125
677	297	216	124
685	298	218	123
696	289	215	122
701	285	218	125
701	287	217	124
710	292	219	124
722	281	218	123
718	269	220	126
725	265	221	126
728	252	221	127
728	252	221	125
721	242	222	126
720	233	223	127
716	227	225	127
714	223	225	128
711	220	224	128
710	221	226	128
705	223	226	127
704	213	226	129
696	223	227	129
691	229	228	127
689	228	229	128
689	228	229	128
686	226	230	128
682	225	231	129
679	222	231	130
675	221	231	127
673	221	231	128
674	220	231	128
669	223	231	129
664	228	234	130
659	232	233	129
654	230	235	131
651	243	234	130
651	242	235	129
647	238	236	131
644	242	235	131
639	244	237	131
634	246	238	131
630	253	238	132
631	254	239	131
627	256	239	131
627	251	241	133
624	247	242	133
622	246	242	133
620	247	243	132
621	247	243	133
618	254	242	135
615	258	244	133
617	264	243	135
614	277	244	136
622	288	245	136
622	288	246	136
627	300	247	133
629	302	249	136
630	302	248	134
634	297	249	136
632	301	251	135
632	302	252	134
642	301	251	134
641	296	254	137
637	306	252	136
643	293	253	136
647	281	254	138
648	281	254	137
640	282	254	137
639	275	257	138
640	268	260	140
638	269	258	138
635	270	261	139
634	271	260	138
642	270	260	140
639	278	259	140
637	282	261	139
635	275	264	140
634	280	264	140
634	280	264	139
632	287	265	140
630	294	265	140
630	301	264	141
628	310	266	142
629	314	267	142
629	314	268	142
634	319	268	142
641	314	269	143
646	315	271	143
647	324	270	144
647	327	272	143
647	328	273	142
651	329	272	145
649	341	275	148
649	347	276	146
656	352	277	148
643	368	274	145
642	367	276	147
645	362	275	146
661	338	280	148
673	320	279	148
682	310	280	145
698	305	285	147
699	305	283	147
704	301	285	148
706	305	286	148
712	310	285	150
708	317	288	149
703	323	288	151
703	323	288	151
696	330	291	150
704	328	292	151
715	328	293	152
725	331	297	152
736	331	295	152
735	331	295	152
735	341	296	152
753	337	299	147
770	316	298	152
767	316	299	152
765	306	300	155
764	307	301	153
774	309	301	153
781	298	299	153
786	296	301	155
794	304	306	154
809	303	305	157
810	303	305	157
811	308	306	158
810	312	307	155
791	298	312	155
775	310	306	158
791	309	314	158
791	309	315	157
795	312	311	158
793	314	313	158
799	301	313	158
776	304	318	162
742	306	315	157
742	305	315	157
726	296	313	160
710	304	311	157
711	304	311	159
710	303	314	158
710	291	314	158
709	292	315	158
697	285	316	161
702	284	316	159
708	282	314	162
699	293	316	161
702	293	319	159
701	293	317	159
722	275	320	160
723	279	317	164
720	289	319	162
728	297	322	169
732	317	323	162
731	317	324	163
721	300	325	162
714	286	323	162
725	266	331	165
738	272	327	163
733	259	327	165
733	259	328	164
724	260	326	166
711	265	326	165
707	246	329	167
699	249	329	167
693	253	330	165
691	253	330	164
689	231	330	167
684	228	332	167
678	243	329	177
667	265	332	167
674	263	335	167
673	263	336	168
657	272	338	165
632	268	335	166
630	270	336	168
622	283	337	168
607	283	342	168
607	284	341	167
591	285	348	172
589	274	360	175
596	242	379	187
583	237	389	191
564	242	386	191
562	241	388	192
557	239	392	192
558	230	406	200
552	218	411	201
538	205	418	206
538	189	421	210
538	190	424	210
545	164	434	209
538	166	439	213
528	174	440	215
531	179	440	216
541	184	441	215
540	184	444	217
552	189	427	217
552	199	408	218
559	210	412	218
563	212	375	220
551	222	341	223
550	222	355	224
546	223	309	221
555	208	326	223
556	202	335	222
557	197	247	221
566	192	405	224
563	192	302	224
580	201	317	226
674	210	271	194
808	214	247	184
734	223	326	197
662	213	397	210
684	214	377	205
637	195	427	211
600	168	469	215
776	165	291	230
739	159	329	231
712	137	376	233
725	138	359	231
658	150	428	233
650	155	437	229
667	162	404	228
668	167	386	225
667	168	338	231
667	165	344	235
669	169	306	235
670	178	262	236
680	195	213	236
690	201	164	236
696	204	108	230
696	205	111	226
700	208	75	124
654	181	234	243
903	188	346	202
959	195	235	217
914	182	283	214
915	182	283	217
869	166	330	229
898	167	303	229
860	142	363	237
791	125	441	236
733	115	491	237
733	116	494	238
739	112	505	237
742	118	499	241
736	131	502	243
740	143	499	243
718	170	505	248
716	174	505	241
689	197	505	243
675	188	504	239
674	186	499	239
654	176	502	238
635	173	500	241
635	174	499	240
615	159	503	240
581	154	503	240
574	149	503	241
577	150	498	246
560	169	505	243
561	169	502	241
551	167	505	242
545	169	504	242
529	177	505	242
515	186	506	244
504	199	501	248
503	199	503	248
486	222	504	245
475	226	506	242
489	226	508	242
485	220	511	235
474	200	506	239
473	203	506	238
472	185	504	232
465	160	505	236
456	132	504	236
454	102	508	243
446	84	508	241
448	85	505	242
451	67	515	245
455	62	516	247
449	68	514	247
437	78	514	250
434	81	516	246
434	81	517	247
435	82	518	250
426	96	517	246
429	94	518	247
409	93	520	246
401	90	518	246
400	90	520	246
409	91	522	249
398	105	519	249
387	107	522	248
399	96	522	243
394	88	524	248
393	88	524	248
381	92	526	249
384	91	524	249
364	89	529	250
335	99	523	250
329	94	524	243
329	91	522	249
323	87	521	254
311	104	528	250
321	110	535	250
317	126	524	249
297	139	529	249
297	138	529	252
290	144	530	247
294	131	530	250
272	127	532	251
244	131	529	250
235	116	530	251
234	117	531	249
229	114	533	253
214	115	533	254
194	110	536	256
180	105	538	252
161	85	543	254
163	87	541	252
142	82	538	256
145	64	538	256
133	65	543	259
122	58	542	256
121	40	545	261
121	41	543	259
103	48	546	258
88	43	549	260
84	37	547	264
69	55	548	261
53	50	551	264
54	52	547	261
44	50	549	264
29	62	549	263
15	69	550	262
9	72	553	264
5	80	548	264
4	79	550	264
3	82	553	265
6	82	555	265
7	77	555	267
19	67	562	265
23	56	569	263
33	56	562	263
30	64	554	265
20	75	556	264
27	71	565	264
27	72	561	262
8	71	563	265
8	73	562	262
7	71	557	268
3	83	554	265
3	82	556	265
7	74	568	267
9	72	564	267
10	74	563	264
15	74	563	269
19	81	566	265
11	89	564	267
5	92	561	266
7	94	564	266
5	93	564	267
10	96	565	264
13	92	569	266
26	93	570	264
27	92	566	265
20	99	568	267
18	99	570	267
17	108	574	262
9	104	572	267
4	105	563	269
1	102	561	269
0	101	552	268
0	100	549	273
0	94	539	272
1	91	539	277
0	89	537	276
0	88	535	279
0	96	539	275
0	94	537	278
0	93	538	278
0	94	541	276
0	90	550	275
0	88	545	272
0	80	548	273
0	78	550	275
0	77	563	274
0	73	566	276
1	75	563	276
2	77	572	275
0	82	575	275
0	81	575	276
4	95	576	277
5	102	588	273
8	105	588	273
13	107	590	275
25	105	591	276
26	106	588	275
32	108	593	272
59	107	587	271
76	92	590	271
86	87	592	272
101	73	592	273
101	74	591	271
116	67	590	272
128	64	594	275
137	70	590	276
166	72	598	273
189	79	590	277
191	80	591	274
199	81	593	272
225	91	594	275
246	106	590	269
246	97	588	269
242	87	591	272
241	89	594	270
243	83	591	271
234	64	593	271
240	58	596	276
258	57	594	274
263	42	589	275
259	42	594	275
269	40	595	274
283	27	597	271
290	34	592	275
287	47	594	276
284	58	593	275
283	61	592	272
286	55	598	276
300	62	596	276
299	66	592	272
319	51	602	273
335	45	597	276
333	47	594	274
340	39	607	275
346	34	609	277
361	39	603	282
337	71	600	286
311	84	603	277
313	85	598	278
304	75	603	276
303	73	601	277
308	75	603	278
314	85	588	274
327	98	562	261
330	98	562	263
330	106	552	255
335	101	554	257
342	109	536	252
347	109	541	252
345	113	564	248
342	114	519	248
342	119	534	244
350	120	494	239
360	128	486	235
362	135	476	230
371	137	438	232
370	139	476	227
380	142	521	230
372	138	507	216
364	146	507	211
448	144	417	208
405	139	460	219
398	137	467	220
410	143	448	226
398	144	461	226
425	144	441	222
393	145	472	217
387	147	470	214
385	148	471	213
391	148	466	211
392	149	462	210
395	149	462	209
400	150	460	207
397	151	459	206
398	150	458	207
396	150	458	206
400	150	459	205
403	153	450	202
402	157	449	203
408	167	445	197
409	167	445	198
412	171	435	196
411	176	433	195
411	180	419	192
412	183	408	189
409	184	381	186
409	183	384	186
410	184	338	185
411	184	299	183
415	185	265	182
413	185	237	181
417	183	194	176
416	183	189	177
419	183	149	171
420	185	109	169
381	185	150	169
211	145	450	239
543	204	260	135
663	204	131	135
611	201	185	142
578	194	217	150
545	188	251	157
545	184	250	160
519	181	276	163
519	182	276	162
443	180	352	162
439	183	356	161
442	193	351	156
442	193	350	157
441	194	353	156
441	193	352	157
439	193	352	157
441	196	349	157
437	193	350	159
436	194	351	159
434	192	353	160
432	194	356	158
430	194	353	158
432	190	353	161
432	192	352	159
430	192	357	159
434	193	351	161
434	192	350	162
433	187	350	162
434	175	355	162
435	176	354	163
433	170	354	162
434	166	357	164
435	167	356	163
435	168	358	163
438	167	360	162
441	171	361	163
442	175	359	164
448	182	359	164
449	181	358	164
454	191	362	163
454	193	361	164
456	201	365	164
464	202	366	163
471	206	369	164
470	208	364	164
468	209	367	164
469	207	364	166
472	202	363	166
474	196	362	165
479	186	360	166
480	187	362	165
474	177	366	167
478	173	366	168
479	175	367	168
481	176	367	167
483	176	366	167
484	175	365	168
484	177	369	167
482	176	370	168
480	178	372	170
468	191	370	169
462	195	369	170
463	196	370	169
470	192	368	168
465	194	369	170
451	200	373	168
444	198	376	170
444	203	371	171
445	202	371	171
442	206	375	171
437	203	378	171
436	195	380	171
433	188	378	172
433	178	379	173
433	179	377	172
428	174	378	174
429	170	379	172
430	168	379	172
419	169	380	171
405	166	383	173
405	168	379	170
390	172	386	170
374	175	384	171
360	170	386	174
342	177	385	171
329	179	388	172
328	175	387	175
320	177	390	175
317	177	389	173
303	172	392	177
295	174	392	176
292	171	397	175
292	171	395	175
284	169	393	177
276	163	395	178
272	160	396	180
262	156	397	181
249	152	400	180
249	153	401	180
230	152	402	181
217	150	402	182
205	150	405	183
191	151	409	183
188	151	412	181
188	150	413	182
187	147	408	182
189	142	411	181
192	146	412	183
204	151	413	183
214	157	411	184
216	159	410	182
216	165	412	182
213	172	412	182
205	175	413	182
198	176	415	181
179	178	419	182
180	178	417	182
171	176	417	182
160	170	422	182
147	170	424	182
143	169	425	183
142	168	425	184
142	168	424	184
135	167	426	184
139	156	427	186
137	152	431	185
136	147	431	187
132	145	431	188
134	146	430	187
121	152	435	189
114	152	435	188
114	151	439	187
111	150	439	188
106	152	441	189
107	151	439	189
112	152	441	190
119	160	440	190
118	166	442	189
124	168	438	188
119	166	442	189
120	166	441	189
114	168	445	190
120	166	442	190
114	165	444	189
105	162	442	191
98	160	441	189
99	159	439	189
86	156	431	193
72	162	403	190
64	160	357	191
63	156	325	189
57	155	267	190
57	156	272	189
52	153	208	189
50	156	211	188
53	165	373	200
64	157	485	225
3	133	517	268
6	128	514	274
271	185	245	148
407	192	120	156
378	190	148	155
309	180	215	167
241	169	284	182
242	168	280	185
155	159	366	194
68	157	455	197
53	156	470	198
49	159	472	198
50	160	473	194
51	161	472	195
48	156	476	197
47	155	474	197
54	155	476	198
53	163	476	197
57	168	476	197
55	166	477	197
56	171	475	196
53	175	477	197
50	178	479	190
48	177	479	200
51	181	477	199
53	181	478	199
49	180	479	198
49	180	479	198
59	183	475	199
53	180	476	199
56	181	480	199
55	181	480	199
63	176	480	198
58	172	482	199
59	172	480	201
64	176	482	201
56	181	485	203
57	181	482	202
51	189	488	201
57	192	482	201
49	194	483	198
49	196	485	201
49	198	485	202
50	200	483	200
43	199	487	202
41	200	478	200
47	194	469	201
41	187	470	200
40	187	457	201
41	187	447	201
49	183	404	199
38	177	386	200
28	174	340	197
20	174	320	199
12	174	218	197
13	174	218	195
9	179	502	190
2	184	510	176
293	195	212	171
257	193	252	172
195	187	315	186
184	183	327	193
110	176	400	201
80	172	436	200
3	168	515	208
20	170	501	201
17	169	499	203
17	170	503	202
16	168	501	201
16	164	506	200
13	156	505	203
10	150	504	203
7	145	508	204
8	145	507	204
4	140	505	204
3	137	505	204
0	136	505	208
0	143	504	207
0	147	502	207
0	147	499	205
0	150	496	209
0	158	496	208
2	165	498	209
0	167	500	205
0	164	504	205
0	164	503	205
0	160	503	204
1	155	505	205
5	150	504	205
4	147	507	207
3	143	508	206
4	143	508	207
5	141	507	208
6	142	506	208
8	143	509	210
13	150	507	209
14	156	506	207
13	155	507	209
6	159	508	210
2	166	509	209
3	172	505	206
1	176	499	206
0	178	499	208
1	178	497	209
1	185	499	207
0	185	499	208
1	185	497	209
4	185	502	206
4	184	503	205
4	183	503	205
5	182	503	204
9	179	504	204
19	180	499	202
18	186	500	205
22	193	496	204
20	193	496	206
19	201	497	204
15	205	497	204
8	207	502	204
8	210	504	203
7	212	500	202
9	212	500	202
9	217	501	201
10	220	503	200
9	221	501	204
13	227	498	200
17	232	497	201
18	229	492	203
20	231	496	202
19	235	492	198
19	240	497	197
23	237	492	202
22	240	488	201
23	239	491	201
21	241	491	200
23	239	492	198
25	238	493	197
30	241	487	193
30	240	486	177
32	241	486	180
33	241	486	190
33	245	484	193
33	246	484	201
34	247	482	203
31	249	484	204
32	250	483	204
31	252	483	202
31	252	484	202
31	244	486	200
34	233	486	201
37	225	489	200
37	226	490	199
41	217	484	200
43	219	480	202
43	222	480	198
42	217	480	198
28	212	481	199
28	213	483	199
20	204	485	200
12	204	488	199
10	199	485	197
13	204	484	200
29	208	481	203
27	207	483	204
44	221	476	202
46	240	481	202
59	257	476	202
67	268	474	197
68	266	473	197
68	266	472	197
70	273	471	194
82	272	463	197
86	273	466	196
88	262	469	196
89	258	470	195
90	259	467	197
98	257	466	197
97	247	469	195
99	244	467	197
100	256	466	200
106	274	466	197
106	274	468	198
109	274	466	199
106	281	464	198
98	289	466	199
104	290	463	199
103	286	463	201
102	287	462	199
78	298	466	197
74	301	463	194
74	308	461	197
63	321	463	198
71	317	461	194
70	318	462	194
79	312	459	196
80	311	459	196
83	306	460	194
98	293	454	195
99	297	457	195
100	297	456	195
107	292	459	193
117	275	458	197
126	260	451	197
129	249	449	194
131	228	445	200
131	229	447	199
123	229	447	204
111	241	445	206
100	244	448	207
95	249	447	204
87	252	448	204
88	253	445	201
86	257	446	201
97	267	446	203
105	272	445	200
110	279	441	196
120	280	441	192
121	280	441	193
134	277	437	195
133	272	433	193
130	263	434	193
134	255	432	195
138	242	431	194
137	241	431	194
140	238	425	192
137	232	427	190
139	225	427	193
139	230	429	203
146	218	427	201
148	218	424	201
154	217	425	213
168	243	428	206
176	248	423	200
187	258	421	200
196	256	420	193
198	257	418	191
196	259	416	187
187	251	415	184
191	233	415	184
206	236	412	185
200	237	411	182
200	237	412	182
194	234	411	181
200	230	410	181
195	228	410	178
187	216	410	179
183	208	411	180
184	208	411	180
176	212	411	180
177	220	410	180
182	230	409	180
183	236	408	179
188	250	411	180
186	249	413	181
210	241	406	177
206	238	398	180
201	252	404	177
203	248	402	176
210	247	402	177
211	248	399	176
215	257	405	177
219	259	406	176
223	257	404	174
224	272	399	163
213	300	404	168
215	300	403	164
207	305	401	171
204	315	405	170
209	310	402	183
218	301	403	185
205	300	404	185
207	301	401	182
199	301	402	183
197	301	408	188
193	303	408	191
207	302	404	193
211	306	398	202
210	308	398	198
204	323	400	195
200	338	402	189
208	340	396	185
202	355	395	192
217	366	406	189
218	364	402	188
239	355	401	189
241	359	399	189
245	361	393	181
241	356	390	182
230	364	381	179
231	363	377	179
220	370	386	178
230	361	370	179
223	364	358	188
231	355	341	183
235	342	345	188
235	339	354	191
229	344	322	193
217	347	300	184
221	343	274	177
223	349	251	187
227	347	215	185
228	348	217	181
225	346	195	179
214	349	172	175
209	343	130	168
201	351	88	109
204	359	53	91
202	361	53	83
189	394	151	155
241	370	205	216
371	318	224	146
510	335	95	119
533	331	73	130
533	332	73	135
511	337	100	135
482	335	131	141
447	335	163	151
419	346	195	168
393	340	233	171
393	340	235	170
352	331	278	173
319	323	314	178
278	321	358	179
273	315	365	177
265	311	365	177
266	310	364	178
263	319	367	175
271	308	362	176
269	309	360	179
269	311	358	177
263	302	357	176
263	302	358	177
261	304	355	177
254	313	356	179
256	310	356	179
252	314	355	184
252	316	354	181
252	317	354	180
257	314	353	180
266	314	352	183
272	317	350	179
280	313	352	176
285	319	353	173
285	318	353	174
286	320	347	171
287	318	343	168
293	310	341	166
295	302	338	167
299	293	340	167
301	292	338	170
304	295	339	172
307	292	337	168
308	287	336	169
309	287	334	172
310	294	333	173
309	295	333	170
308	299	331	169
308	295	330	165
306	292	328	167
305	283	326	167
305	278	327	167
305	279	327	166
306	281	326	167
307	279	325	168
308	283	324	169
305	293	322	164
304	290	322	161
304	289	321	160
306	286	321	160
303	287	319	158
300	281	318	157
300	265	317	159
304	266	316	160
304	266	315	160
305	262	315	156
306	257	315	156
308	258	313	155
311	261	312	154
312	266	309	154
313	267	308	154
315	272	309	155
316	274	309	153
318	269	307	152
321	276	304	155
321	279	305	151
321	279	304	151
322	277	305	153
325	279	303	151
328	288	304	150
330	295	301	149
333	297	299	151
333	297	299	150
334	305	299	149
336	292	297	152
330	297	297	154
309	312	300	148
302	312	297	147
302	313	298	146
311	302	297	147
310	300	297	145
321	289	293	146
317	276	295	149
311	275	294	148
312	275	293	148
301	277	290	152
313	289	296	151
321	295	291	155
311	311	288	151
314	322	286	153
314	323	286	152
320	335	285	159
326	349	284	156
328	362	284	158
327	367	284	149
326	356	283	147
326	358	283	145
335	338	280	147
334	320	281	146
327	319	282	144
331	309	280	143
318	293	281	143
317	294	283	140
319	275	277	143
324	263	279	148
323	271	276	147
320	272	277	147
319	274	277	148
320	274	276	147
326	280	274	149
329	292	273	147
332	297	274	143
332	301	270	143
323	316	270	141
324	317	270	140
318	311	269	138
323	309	269	133
323	303	268	134
319	300	266	134
321	292	266	132
322	292	264	132
324	282	266	134
323	276	264	134
317	255	262	136
318	238	260	134
313	229	263	135
314	230	263	133
321	221	261	134
323	220	261	133
327	227	260	134
328	231	258	135
327	239	258	134
327	240	259	132
328	240	257	131
323	244	257	130
332	239	256	130
340	237	255	131
341	245	253	130
340	245	255	130
342	238	253	125
350	234	253	129
355	234	250	127
360	232	249	128
365	243	247	129
365	244	248	129
370	253	248	129
374	252	247	126
364	239	246	125
354	228	246	126
346	236	245	126
346	236	246	126
354	241	243	128
354	266	241	129
349	279	242	126
343	285	241	127
345	310	237	132
345	312	238	128
344	328	241	126
351	330	242	124
350	322	239	122
352	313	238	122
351	296	238	122
352	297	237	122
344	294	237	125
337	295	239	123
335	289	238	123
338	295	235	123
332	303	233	123
332	304	234	121
328	292	231	121
330	283	231	120
331	267	231	121
325	254	232	120
328	252	231	120
329	252	231	119
346	254	230	119
356	263	229	120
362	271	226	121
363	286	224	120
356	289	226	119
357	289	225	119
352	297	223	119
344	306	223	118
349	306	224	117
351	310	223	117
351	308	223	116
350	308	223	116
348	303	223	119
359	302	220	115
368	289	221	116
366	297	218	116
370	296	217	115
371	296	216	115
376	287	216	116
375	294	216	115
381	300	216	116
388	303	215	116
390	313	214	114
390	313	214	116
391	320	213	114
384	318	213	114
386	313	214	114
379	312	212	113
385	305	210	112
384	305	210	111
400	297	211	112
403	300	209	112
411	299	210	111
418	299	207	112
414	300	207	111
414	301	207	111
415	294	206	112
411	293	206	111
411	287	205	111
413	284	204	112
416	289	203	109
416	289	205	110
420	285	204	111
420	288	201	111
424	304	199	111
432	306	200	110
434	315	197	110
434	315	198	110
430	330	197	111
433	330	197	108
447	321	197	107
457	326	195	109
453	333	194	107
453	334	195	107
447	334	194	107
449	335	193	106
456	324	193	106
456	322	191	107
457	330	191	105
457	331	192	106
463	332	190	106
472	333	191	106
471	340	190	104
478	334	187	104
483	325	189	105
484	325	190	105
479	330	188	104
484	320	187	104
488	309	187	103
481	314	185	104
479	308	184	103
479	307	184	104
471	300	185	103
466	307	186	103
466	304	184	103
465	302	185	102
461	305	183	103
462	305	183	103
460	305	183	103
460	304	182	101
459	302	182	103
465	307	181	101
470	302	181	101
470	301	181	101
468	305	181	100
469	305	179	99
472	298	178	99
464	300	178	100
464	296	177	99
465	295	178	99
469	286	178	99
467	290	174	100
464	302	175	99
461	299	174	99
450	306	173	101
449	306	175	100
444	318	172	100
450	316	173	99
442	323	171	99
439	338	170	99
447	339	170	98
446	339	171	98
449	347	167	100
446	362	168	99
451	363	168	96
458	362	168	97
456	373	167	96
456	372	168	96
459	370	167	95
462	368	167	95
454	374	165	96
458	361	164	97
460	351	164	95
460	351	164	95
453	355	164	95
454	352	165	95
454	352	164	95
455	362	164	95
462	365	163	94
462	366	162	94
463	366	162	94
464	372	160	94
472	379	161	93
484	379	159	93
487	392	158	95
487	393	157	93
496	392	158	91
500	391	158	92
503	395	157	91
506	385	156	92
509	378	156	92
509	378	155	92
511	377	156	92
517	383	156	92
520	382	155	91
516	380	155	90
518	368	152	91
517	368	153	90
521	361	153	89
522	363	152	90
521	366	152	90
522	365	152	90
523	365	152	89
523	365	151	89
520	365	150	88
520	360	151	89
522	363	149	89
525	365	149	88
528	358	149	88
527	358	149	89
525	355	147	88
531	343	149	88
542	340	147	88
542	341	147	87
544	336	147	87
545	337	146	87
546	335	145	87
541	335	144	86
541	338	144	86
552	345	142	86
549	348	143	85
550	348	142	86
553	344	143	86
562	333	141	85
577	331	142	85
577	334	141	84
571	337	141	85
571	336	141	85
582	342	138	84
588	340	139	84
591	348	138	83
596	351	139	83
607	339	136	82
606	339	137	83
605	351	135	85
606	352	136	81
615	341	136	81
621	341	136	81
627	329	135	82
627	329	135	83
630	307	133	85
626	303	134	84
629	301	134	82
635	299	134	83
637	307	132	80
637	307	133	81
636	298	132	81
641	296	132	81
651	290	131	81
656	287	131	80
661	284	131	80
660	284	131	82
663	279	131	81
661	285	130	79
665	286	131	80
655	286	130	79
656	279	129	80
655	278	130	80
662	278	128	79
661	286	129	79
663	283	128	79
665	280	132	82
671	264	141	88
669	264	141	88
678	246	152	95
680	238	163	101
667	242	171	105
660	244	173	108
661	243	175	109
660	242	174	109
657	230	175	109
653	223	175	111
646	230	179	110
635	223	179	111
632	225	180	112
632	224	180	112
632	217	182	113
628	217	182	114
627	223	182	113
632	219	182	113
630	219	183	115
631	219	184	115
631	219	185	116
631	214	186	118
624	202	190	120
623	208	190	121
624	213	192	121
624	213	192	121
623	208	191	122
613	202	193	121
610	205	192	121
606	193	194	122
603	199	193	122
603	198	193	124
599	200	194	123
599	189	199	127
601	182	202	128
600	191	201	131
597	200	203	129
596	200	205	131
593	195	207	133
591	194	212	136
596	195	214	136
585	187	216	138
582	200	214	137
581	200	215	138
568	190	213	137
568	182	215	137
562	179	215	135
547	166	213	135
522	149	213	135
522	149	214	136
514	143	211	135
505	138	211	134
494	136	212	136
468	156	209	141
456	176	210	131
455	177	210	132
449	161	207	133
451	154	209	134
447	160	207	132
450	151	206	132
451	150	207	132
451	151	206	132
454	170	205	132
452	159	204	133
453	158	204	132
455	154	203	130
464	139	203	128
464	141	204	127
467	124	203	131
465	115	205	133
458	103	208	134
462	85	211	137
461	98	211	139
461	99	213	138
454	113	214	136
455	112	214	137
459	118	215	137
464	111	213	137
468	103	215	138
467	103	214	137
474	104	214	136
482	103	212	137
492	105	213	136
503	112	211	136
512	116	210	134
512	117	210	134
513	111	208	136
514	117	210	135
510	136	207	139
507	142	205	131
504	120	206	134
503	121	206	132
508	107	205	132
508	85	207	134
511	84	205	135
514	95	203	134
516	110	203	135
514	111	205	133
521	117	204	133
527	142	202	135
537	139	206	131
552	145	201	131
555	151	203	130
554	150	205	131
564	156	199	130
573	169	202	131
582	162	202	131
576	178	200	132
592	156	197	135
590	156	198	135
599	146	201	132
598	150	202	131
