0.075237
0.230357
0.239701
0.121735
0.246336
0.139116
0.177225
0.149470
0.239322
0.273480
0.208728
0.255649
0.142370
0.252639
0.252226
0.274275
0.215379
0.320585
0.184561
0.214219
0.190995
0.168494
0.220633
0.165604
0.221697
0.267291
0.167109
0.241270
0.149906
0.200087
0.247111
0.269585
0.236407
0.297899
0.289456
0.233844
0.226838
0.157293
0.308821
0.258071
0.340921
0.232811
0.239636
0.195777
0.213266
0.261821
0.265013
0.200036
0.251616
0.191965
0.227316
0.240083
0.305734
0.206220
0.238737
0.200105
0.175278
0.161813
0.251933
0.308220
0.161641
0.215298
0.239901
0.203571
0.133200
0.236091
0.256813
0.236588
0.137843
0.188158
0.348671
0.216231
0.239919
0.206705
0.148727
0.202436
0.235224
0.174158
0.211551
0.190984
0.204185
0.219667
0.223862
0.205120
0.146307
0.166672
0.137214
0.287879
0.182970
0.264686
0.277659
0.152974
0.108099
0.144419
0.173933
0.214352
0.133619
0.231835
0.162117
0.420492
0.288781
0.286283
0.292831
0.145149
0.163208
0.209885
0.235197
0.271739
0.217215
0.229376
0.334178
0.376325
0.148076
0.207839
0.257690
0.222983
0.283410
0.132964
0.298582
0.242962
0.238512
0.142062
0.206706
0.239320
0.227489
0.261018
0.298467
0.291477
0.270790
0.141197
0.190580
0.233548
0.145114
0.281370
0.359773
0.294223
0.208987
0.206466
0.307576
0.268000
0.234645
0.287458
0.261101
0.301591
0.213633
0.229003
0.243878
0.223315
0.165028
0.221164
0.177924
0.206878
0.238785
0.167387
0.249816
0.303251
0.148723
0.289618
0.352701
0.192765
0.274637
0.263650
0.356674
0.318383
0.279855
0.259091
0.291931
0.390301
0.391809
0.334419
0.364884
0.370849
0.262898
0.285912
0.334409
0.389779
0.328054
0.457608
0.368928
0.259467
0.293701
0.262460
0.373847
0.378416
0.350330
0.231079
0.293022
0.286667
0.297031
0.437511
0.319256
0.387253
0.390293
0.364527
0.258099
0.254794
0.359334
0.402144
0.222889
0.337118
0.363749
0.308339
0.267679
0.369694
0.235348
0.329937
0.285913
0.289557
0.253650
0.355966
0.446980
0.292760
0.305171
0.219015
0.351003
0.350455
0.267381
0.236398
0.444418
0.379858
0.289974
0.325717
0.341338
0.324402
0.288823
0.341343
0.324403
0.233717
0.473610
0.390443
0.285265
0.324091
0.199493
0.249312
0.312737
0.227242
0.255685
0.219695
0.260902
0.230985
0.270852
0.281357
0.293559
0.225190
0.276981
0.387237
0.395651
0.314029
0.242631
0.299310
0.262898
0.355718
0.343135
0.215932
0.413378
0.283956
0.322270
0.303460
0.282875
0.226452
0.453648
0.192822
0.230011
0.257537
0.261904
0.246992
0.259422
0.257351
0.205067
0.296900
0.200049
0.260205
0.194504
0.196493
0.203114
0.338167
0.226507
0.271430
0.194883
0.229002
0.204023
0.193995
0.306719
0.277871
0.241092
0.244749
0.278325
0.236769
0.178945
0.307008
0.213767
0.202713
0.216899
0.198094
0.215115
0.231739
0.271688
0.271255
0.185798
0.201076
0.286639
0.166394
0.226009
0.200992
0.238545
0.243241
0.296810
0.196843
0.216572
0.296806
0.227990
0.199938
0.220317
0.221734
0.358269
0.224873
0.246320
0.231783
0.247426
0.241781
0.288501
0.171406
0.293227
0.246868
0.191859
0.228160
0.232346
0.261375
0.220596
0.326005
0.214836
0.217657
0.269223
0.252159
0.347776
0.222971
0.335693
0.255246
0.246772
0.244615
0.291067
0.315058
0.331257
0.333878
0.253021
0.347507
0.301747
0.367270
0.378922
0.313780
0.319636
0.228618
0.373333
0.336296
0.275789
0.313148
0.407008
0.267834
0.354836
0.240094
0.328765
0.294196
0.365933
0.261525
0.264599
0.338357
0.352204
0.486231
0.310832
0.284451
0.307187
0.395629
0.239212
0.263724
0.292981
0.360805
0.325388
0.295358
0.399845
0.206626
0.324329
0.298307
0.334418
0.379422
0.343691
0.452758
0.339511
0.320308
0.254795
0.385593
0.209410
0.305865
0.351001
0.373830
0.220695
0.237149
0.297057
0.281667
0.368164
0.364573
0.259747
0.436703
0.422215
0.247218
0.355806
0.281535
0.274298
0.237246
0.327572
0.242772
0.262426
0.256257
0.222083
0.139321
0.178487
0.189992
0.208134
0.196672
0.161305
0.249536
0.213515
0.187446
0.291140
0.214303
0.413903
0.253588
0.212282
0.273707
0.337558
0.421666
0.276582
0.280912
0.297080
0.268668
0.384286
0.248698
0.285468
0.364779
0.363776
0.352994
0.281336
0.201143
0.220536
0.198222
0.287543
0.248115
0.224663
0.182213
0.211965
0.205009
0.235733
0.247885
0.373460
0.214526
0.216285
0.191222
0.159947
0.194601
0.212060
0.252331
0.221436
0.181063
0.226691
0.218230
0.250760
0.269436
0.205890
0.197931
0.230170
0.304382
0.166955
0.241907
0.206399
0.262058
0.236773
0.232826
0.240257
0.211820
0.285263
0.210458
0.213626
0.307381
0.261811
0.283955
0.281965
0.227212
0.251917
0.267076
0.218949
0.162205
0.200253
0.264797
0.286147
0.259086
0.225730
0.214986
0.257915
0.198126
0.295701
0.203993
0.237240
0.208888
0.227437
0.198175
0.173166
0.290938
0.229182
0.242396
0.344815
0.235160
0.265637
0.306670
0.277153
0.333424
0.300212
0.405571
0.434101
0.297196
0.250829
0.305574
0.305652
0.230166
0.299452
0.299726
0.206772
0.293076
0.346059
0.346378
0.335680
0.381374
0.244166
0.353325
0.350151
0.285201
0.363419
0.391222
0.317149
0.346818
0.215806
0.297614
0.257355
0.321382
0.205040
0.331201
0.341541
0.396298
0.327267
0.389671
0.367799
0.335497
0.420411
0.291439
0.366056
0.194105
0.239695
0.367342
0.344429
0.292383
0.384312
0.354956
0.400379
0.256528
0.342723
0.321845
0.336635
0.280513
0.351385
0.326382
0.409483
0.380488
0.352430
0.304677
0.219471
0.306878
0.220150
0.445146
0.307071
0.327672
0.311140
0.287194
0.251174
0.299927
0.302196
0.229316
0.238195
0.312358
0.298594
0.249464
0.313245
0.298277
0.305354
0.345334
0.290790
0.293566
0.307383
0.285141
0.305128
0.235670
0.368684
0.242514
0.190720
0.257042
0.384357
0.265222
0.321718
0.249621
0.244275
0.283349
0.485593
0.233298
0.253453
0.296098
0.305523
0.179742
0.384983
0.258756
0.296158
0.258526
0.354095
0.386143
0.280362
0.352493
0.219079
0.234631
0.215471
0.234370
0.191960
0.218779
0.248115
0.183171
0.348256
0.253646
0.247918
0.153443
0.195639
0.228973
0.199988
0.247689
0.151167
0.244662
0.168466
0.322946
0.170160
0.207355
0.246769
0.230782
0.284535
0.152400
0.315746
0.230594
0.198075
0.249815
0.241441
0.302335
0.184489
0.296029
0.204252
0.181935
0.213759
0.187586
0.221660
0.167145
0.262104
0.266683
0.219416
0.230629
0.179722
0.293354
0.243452
0.261203
0.269494
0.192353
0.174597
0.305096
0.215111
0.272830
0.220098
0.201715
0.194336
0.337773
0.215329
0.228799
0.196476
0.211182
0.223112
0.211670
0.229780
0.204817
0.220938
0.217421
0.202917
0.205761
0.189137
0.220554
0.284833
0.238124
0.246429
0.210848
0.181128
0.234609
0.221134
0.182747
0.209948
0.188212
0.258691
0.250462
0.253906
0.163687
0.168843
0.232702
0.186221
0.186411
0.188538
0.184576
0.196933
0.214528
0.285326
0.192598
0.180446
0.212260
0.219778
0.332553
0.235372
0.211002
0.260316
0.195125
0.427349
0.326976
0.442065
0.236145
0.290717
0.364541
0.398103
0.446183
0.440715
0.373737
0.299637
0.260545
0.365300
0.334008
0.378269
0.361018
0.319168
0.232373
0.279642
0.340145
0.352768
0.301184
0.246274
0.248446
0.234581
0.383063
0.342853
0.409758
0.285675
0.348751
0.256580
0.234869
0.271643
0.327038
0.355038
0.369561
0.281130
0.380496
0.262721
0.308685
0.338860
0.344756
0.461325
0.278975
0.247432
0.197198
0.401595
0.303446
0.385138
0.304792
0.341803
0.400622
0.326078
0.391166
0.263768
0.385130
0.339731
0.315568
0.361501
0.312202
0.317322
0.375573
0.336420
0.288748
0.196696
0.246040
0.216579
0.196532
0.264260
0.201647
0.327339
0.293427
0.315292
0.259062
0.221730
0.265505
0.359924
0.206060
0.302161
0.373972
0.277711
0.318454
0.271573
0.280747
0.378752
0.367061
0.239586
0.239086
0.318540
0.215611
0.423127
0.300503
0.234283
0.297558
0.287071
0.286817
0.210155
0.192911
0.213001
0.276103
0.191408
0.277066
0.228020
0.309839
0.235753
0.226709
0.252914
0.187911
0.284607
0.221276
0.248207
0.210829
0.216835
0.197043
0.238095
0.180321
0.184138
0.300238
0.209424
0.175454
0.191853
0.231657
0.275039
0.287566
0.174736
0.205262
0.248473
0.287103
0.302893
0.211892
0.219999
0.336709
0.194893
0.225710
0.238770
0.233289
0.214336
0.276212
0.292813
0.236406
0.278759
0.343974
0.270751
0.315937
0.223191
0.251566
0.174418
0.273450
0.190258
0.267938
0.224384
0.192353
0.388101
0.188279
0.234034
0.213434
0.247657
0.207969
0.224014
0.164531
0.259614
0.253769
0.226243
0.238448
0.250777
0.239486
0.262662
0.224430
0.272061
0.175469
0.255742
0.254077
0.216689
0.171440
0.227809
0.232511
0.353184
0.318846
0.261475
0.305470
0.327099
0.214288
0.237030
0.271439
0.302912
0.248245
0.231034
0.277894
0.337948
0.220134
0.196975
0.160965
0.195478
0.160922
0.181114
0.236769
0.233626
0.181718
0.281820
0.280334
0.225686
0.176359
0.226195
0.254350
0.250812
0.300239
0.251404
0.245321
0.202270
0.229472
0.241005
0.254438
0.224496
0.204437
0.382062
0.220934
0.226006
0.280734
0.287002
0.256928
0.264235
0.274547
0.192664
0.171950
0.196911
0.225523
0.233084
0.287597
0.257289
0.234276
0.216632
0.311330
0.347782
0.213220
0.290997
0.290351
0.351351
0.283648
0.305954
0.254010
0.283964
0.306346
0.240551
0.238857
0.334149
0.244941
0.356060
0.257340
0.277529
0.324616
0.242410
0.304066
0.319004
0.230200
0.297149
0.277128
0.310301
0.332016
0.248128
0.200419
0.301055
0.260749
0.280838
0.168631
0.289005
0.283222
0.266735
0.182421
0.325166
0.355852
0.309180
0.269509
0.368342
0.269174
0.217484
0.298097
0.224246
0.314147
0.250024
0.221278
0.343240
0.259458
0.260147
0.249066
0.339627
0.277143
0.251653
0.208986
0.216615
0.214101
0.242496
0.268484
0.323326
0.309877
0.221315
0.251917
0.275564
0.243856
0.256692
0.296169
0.385394
0.292267
0.274326
0.359649
0.193166
0.305950
0.250763
0.231599
0.193317
0.177327
0.226811
0.244304
0.257757
0.203172
0.154842
0.199237
0.199584
0.188558
0.277169
0.276978
0.209846
0.197162
0.269412
0.339009
0.371143
0.267765
0.285540
0.325757
0.307659
0.397048
0.377733
0.363292
0.261834
0.305605
0.311495
0.281743
0.283770
0.417097
0.367279
0.329360
0.247984
0.391253
0.288455
0.270448
0.309510
0.295670
0.306547
0.252069
0.357238
0.242773
0.269430
0.404492
0.258259
0.251449
0.287649
0.243707
0.448658
0.305795
0.374640
0.281882
0.331423
0.303932
0.311068
0.232774
0.247565
0.269401
0.328779
0.286461
0.217323
0.365052
0.370696
0.357964
0.258142
0.360502
0.299325
0.260105
0.264395
0.333744
0.228204
0.300184
0.206820
0.384467
0.303388
0.329779
0.317876
0.276005
0.285982
0.242496
0.236374
0.391121
0.312974
0.313990
0.335655
0.404783
0.314291
0.275671
0.339518
0.237973
0.436844
0.274184
0.317390
0.361174
0.302716
0.299559
0.141078
0.224266
0.201002
0.309991
0.285781
0.317667
0.268100
0.401767
0.410492
0.324656
0.264327
0.311943
0.303531
0.287997
0.279383
0.218741
0.345008
0.357695
0.336170
0.412817
0.346444
0.297792
0.341880
0.238527
0.213211
0.246806
0.206129
0.317302
0.191184
0.195171
0.182468
0.217035
0.202093
0.330419
0.252891
0.329002
0.278002
0.294392
0.248768
0.447842
0.215765
0.335968
0.254475
0.323795
0.340826
0.323127
0.319864
0.279129
0.278536
0.476049
0.247962
0.440574
0.401082
0.343936
0.301565
0.284850
0.305645
0.338307
0.377168
0.287290
0.390844
0.366627
0.265868
0.289328
0.250057
0.372683
0.281764
0.247107
0.382236
0.430955
0.315217
0.439224
0.380097
0.204975
0.262477
0.246546
0.283451
0.365702
0.258146
0.288182
0.240184
0.225978
0.250897
0.303364
0.298911
0.246240
0.271208
0.199099
0.322088
0.271025
0.213260
0.215949
0.355712
0.232347
0.316537
0.255308
0.276684
0.249594
0.264114
0.248657
0.364060
0.246515
0.260564
0.393592
0.198947
0.330493
0.294411
0.206525
0.280158
0.175730
0.214606
0.306867
0.353719
0.193095
0.292971
0.291481
0.176327
0.385606
0.211799
0.327625
0.327931
0.265198
0.249455
0.333773
0.381747
0.237695
0.299039
0.333665
0.374037
0.304270
0.354924
0.270012
0.450964
0.261808
0.342693
0.359474
0.388605
0.240474
0.276376
0.314555
0.256516
0.202190
0.234768
0.330550
0.279676
0.236858
0.234856
0.280558
0.271965
0.282301
0.363542
0.263608
0.194627
0.171672
0.203212
0.278987
0.238703
0.202057
0.250270
0.185807
0.331661
0.232303
0.260204
0.195950
0.206611
0.188422
0.275948
0.199120
0.276169
0.236107
0.261158
0.250374
0.226309
0.227406
0.241807
0.273250
0.221615
0.211893
0.269724
0.245748
0.236204
0.217069
0.197759
0.208157
0.242301
0.318821
0.244147
0.274478
0.325251
0.256345
0.225952
0.323708
0.237211
0.272174
0.219161
0.262556
0.281103
0.218101
0.201645
0.253110
0.249510
0.198276
0.246828
0.222847
0.243791
0.223557
0.215377
0.230117
0.259166
0.250005
0.203968
0.206138
0.190089
0.211328
0.271593
0.236829
0.182155
0.264894
0.221671
0.270415
0.201802
0.252781
0.273169
0.238035
0.282412
0.286872
0.305410
0.227117
0.313617
0.244384
0.260141
0.269323
0.268662
0.204402
0.201306
0.257561
0.237962
0.238611
0.225786
0.275448
0.265521
0.229655
0.242038
0.192500
0.197983
0.269507
0.205981
0.184028
0.261351
0.247148
0.199683
0.307457
0.224554
0.339426
0.170084
0.206023
0.167076
0.229225
0.241118
0.279475
0.202673
0.214624
0.179416
0.201486
0.241794
0.229027
0.299010
0.308988
0.224029
0.361937
0.217606
0.251180
0.234253
0.311062
0.356869
0.262047
0.340984
0.398239
0.279839
0.354304
0.353713
0.299802
0.359900
0.241731
0.234848
0.274287
0.295492
0.215992
0.411469
0.238881
0.233689
0.294188
0.332775
0.228760
0.231710
0.241066
0.284842
0.255517
0.309802
0.310999
0.329740
0.309246
0.245128
0.282350
0.264656
0.212985
0.252204
0.225423
0.313855
0.214661
0.367338
0.261936
0.344772
0.298029
0.241954
0.316548
0.200640
0.287434
0.285994
0.326940
0.249079
0.273122
0.368672
0.294819
0.329392
0.166757
0.294144
0.221348
0.276067
0.231773
0.362223
0.454143
0.215670
0.391552
0.249837
0.261415
0.214957
0.216382
0.244359
0.232351
0.213255
0.207946
0.248941
0.207714
0.263902
0.279519
0.398864
0.310270
0.277454
0.328304
0.206877
0.248538
0.229718
0.310465
0.227652
0.233942
0.338420
0.212130
0.342992
0.293577
0.237844
0.262216
0.208990
0.231494
0.415811
0.284157
0.185210
0.314645
0.282331
0.218018
0.220644
0.186942
0.205722
0.207122
0.223731
0.238207
0.327634
0.252125
0.330296
0.269765
0.241946
0.252087
0.236987
0.242025
0.346236
0.483851
0.217580
0.247696
0.414918
0.295559
0.204509
0.319715
0.280138
0.389430
0.224462
0.255777
0.283082
0.281322
0.259442
0.311588
0.304191
0.285676
0.259790
0.282238
0.258917
0.357586
0.179754
0.300218
0.364362
0.316598
0.221076
0.376648
0.401882
0.255939
0.337333
0.281530
0.294988
0.290677
0.236124
0.280536
0.265779
0.171271
0.397885
0.328028
0.299746
0.272822
0.338345
0.235342
0.282989
0.242749
0.319438
0.218231
0.283696
0.229461
0.283111
0.227073
0.217074
0.273121
0.263086
0.253775
0.331415
0.308783
0.242281
0.250763
0.292535
0.245675
0.303539
0.363730
0.246020
0.150424
0.312998
0.205444
0.202026
0.231666
0.213350
0.175057
0.238450
0.189833
0.162605
0.270334
0.299178
0.375392
0.235330
0.236408
0.255378
0.207732
0.380708
0.246195
0.304390
0.196612
0.256154
0.201912
0.296689
0.269107
0.355305
0.259205
0.300883
0.323299
0.200769
0.217470
0.190917
0.227279
0.245829
0.288378
0.231063
0.244752
0.235519
0.277020
0.207304
0.267709
0.245464
0.290109
0.197035
0.273122
0.214370
0.262507
0.241100
0.303385
0.213518
0.243131
0.200465
0.238757
0.324309
0.234280
0.238076
0.315478
0.242576
0.212718
0.198835
0.226954
0.177851
0.279423
0.241542
0.244666
0.197886
0.274389
0.245685
0.265159
0.285157
0.300381
0.234840
0.233643
0.227068
0.219628
0.252630
0.278645
0.191910
0.175957
0.195345
0.262942
0.259912
0.311135
0.218287
0.215081
0.207102
0.267812
0.189237
0.284655
0.342626
0.232356
0.197565
0.188790
0.314144
0.230927
0.252354
0.168641
0.221088
0.249110
0.249878
0.197648
0.219563
0.170388
0.222997
0.230150
0.268641
0.255026
0.219731
0.328221
0.256221
0.271799
0.227074
0.264864
0.220897
0.256847
0.294055
0.260596
0.294517
0.249490
0.246789
0.220272
0.195176
0.266196
0.244262
0.286256
0.178904
0.220233
0.225312
0.235200
0.272871
0.231461
0.207458
0.279941
0.194009
0.237788
0.265208
0.185456
0.303525
0.208775
0.203890
0.274219
0.214815
0.289715
0.278327
0.300663
0.319760
0.236939
0.264130
0.223243
0.200160
0.233056
0.281014
0.226020
0.183959
0.190447
0.182374
0.374523
0.270204
0.220257
0.229374
0.263660
0.246758
0.289767
0.228127
0.302406
0.256215
0.295031
0.236802
0.250652
0.268176
0.209142
0.275590
0.367830
0.253513
0.218576
0.256594
0.290485
0.190763
0.250369
0.180247
0.198121
0.220473
0.261679
0.232458
0.210227
0.226563
0.194894
0.183674
0.275983
0.222825
0.238904
0.227432
0.213073
0.207816
0.243572
0.321689
0.270645
0.174858
0.188842
0.193665
0.217232
0.221029
0.228385
0.202502
0.169565
0.215610
0.312732
0.235595
0.222597
0.222856
0.243362
0.214353
0.272397
0.253185
0.236425
0.310596
0.257198
0.205635
0.183778
0.271109
0.228157
0.240140
0.185117
0.209263
0.276981
0.190585
0.234982
0.263882
0.218323
0.214134
0.234842
0.220650
0.253260
0.224158
0.226994
0.250477
0.225492
0.296912
0.239216
0.164125
0.311805
0.356844
0.392342
0.217936
0.262517
0.309326
0.285051
0.306316
0.247685
0.266347
0.179718
0.326201
0.297480
0.274357
0.256590
0.350300
0.251569
0.269358
0.343244
0.283618
0.316336
0.211366
0.326363
0.258072
0.310561
0.242566
0.303054
0.243014
0.341544
0.274612
0.288035
0.210488
0.260877
0.318726
0.370024
0.256331
0.212272
0.282580
0.392784
0.288960
0.279160
0.229870
0.286711
0.374975
0.235758
0.332747
0.273495
0.288102
0.359002
0.220303
0.206622
0.233543
0.306204
0.231780
0.246239
0.264881
0.242761
0.301838
0.308863
0.230334
0.371555
0.260449
0.321551
0.187295
0.303555
0.328507
0.267009
0.275605
0.264178
0.253795
0.284922
0.213462
0.191808
0.314480
0.244920
0.250832
0.260212
0.272211
0.204782
0.238096
0.277445
0.295872
0.207048
0.207571
0.223351
0.219056
0.276265
0.197207
0.208838
0.224290
0.347619
0.255826
0.243897
0.324924
0.251021
0.256515
0.260535
0.340746
0.319986
0.272613
0.277094
0.192544
0.349626
0.220526
0.198728
0.347098
0.319297
0.308004
0.205030
0.264008
0.227989
0.296551
0.320790
0.230604
0.200633
0.188586
0.213661
0.197351
0.209024
0.240114
0.227125
0.217529
0.231509
0.243380
0.236784
0.322176
0.225642
0.287207
0.272941
0.178162
0.211942
0.278558
0.188901
0.235262
0.236804
0.249622
0.252528
0.228371
0.185452
0.246218
0.285966
0.218708
0.259984
0.167535
0.274072
0.232366
0.233894
0.217894
0.293906
0.253892
0.208916
0.218406
0.212080
0.226684
0.210945
0.189169
0.229004
0.222421
0.257785
0.155314
0.270403
0.232552
0.254357
0.250889
0.209793
0.219088
0.305715
0.233208
0.211712
0.215333
0.202039
0.188847
0.185121
0.186175
0.177794
0.237793
0.174527
0.191250
0.205200
0.198741
0.198351
0.224851
0.137695
0.164176
0.214101
0.251497
0.207202
0.204507
0.313436
0.310189
0.207192
0.244118
0.246504
0.167390
0.193910
0.275791
0.219346
0.230393
0.207164
0.222911
0.253366
0.156251
0.202233
0.254211
0.231966
0.247151
0.199116
0.293546
0.288674
0.249244
0.233021
0.264467
0.292796
0.226482
0.293185
0.454609
0.274197
0.276764
0.339343
0.230091
0.294562
0.185901
0.351986
0.300063
0.239866
0.304812
0.246227
0.258954
0.256629
0.322084
0.302908
0.237642
0.349144
0.327157
0.282530
0.329971
0.291649
0.272079
0.337877
0.322605
0.231999
0.135771
0.253083
0.152363
0.188381
0.211161
0.202954
0.288761
0.196164
0.348590
0.343259
0.209955
0.146225
0.223011
0.230098
0.369457
0.155552
0.212254
0.244227
0.362657
0.302124
0.333689
0.240312
0.193119
0.328122
0.236233
0.180257
0.141173
0.256670
0.161646
0.233876
0.268766
0.290311
0.192680
0.467743
0.384194
0.294861
0.279018
0.262942
0.394404
0.265384
0.244873
0.376306
0.261775
0.354555
0.427959
0.251744
0.363434
0.239985
0.261293
0.346914
0.197132
0.300158
0.175871
0.226437
0.210472
0.274846
0.292721
0.177027
0.271969
0.175659
0.283024
0.258901
0.237344
0.177766
0.428925
0.355494
0.289164
0.400792
0.250554
0.363373
0.305805
0.353916
0.203718
0.179846
0.294890
0.171095
0.276464
0.220458
0.353220
0.256459
0.250268
0.301420
0.286490
0.303721
0.326426
0.307268
0.493340
0.435530
0.236248
0.407702
0.298801
0.329088
0.232026
0.319910
0.274063
0.223400
0.272171
0.229696
0.370637
0.320910
0.303839
0.394189
0.251426
0.351029
0.376829
0.330702
0.371582
0.191187
0.307219
0.304668
0.415493
0.353494
0.220734
0.251917
0.294185
0.245955
0.239402
0.221682
0.293987
0.218444
0.414165
0.284579
0.369085
0.353325
0.351241
0.333651
0.405560
0.155304
0.218344
0.251344
0.234356
0.159721
0.145987
0.176091
0.178027
0.194949
0.218065
0.335518
0.323694
0.297175
0.283548
0.246542
0.271719
0.201443
0.346009
0.340164
0.331793
0.280202
0.287238
0.346108
0.282329
0.439537
0.391462
0.406452
0.232635
0.352903
0.290265
0.277542
0.378826
0.259464
0.218266
0.362242
0.215117
0.289160
0.185545
0.210306
0.302638
0.200065
0.225677
0.206015
0.245820
0.305310
0.239947
0.244707
0.232251
0.208224
0.357228
0.279742
0.192497
0.267607
0.205492
0.186091
0.224268
0.335288
0.269201
0.358826
0.275538
0.166398
0.210307
0.178621
0.232372
