0.047458
0.160733
0.131152
0.116623
0.134295
0.107370
0.140946
0.152839
0.142560
0.161973
0.168614
0.125086
0.160595
0.148453
0.102051
0.125948
0.115651
0.112265
0.134294
0.105844
0.118038
0.116855
0.144116
0.125088
0.174492
0.146584
0.163578
0.170275
0.116560
0.110750
0.153749
0.105758
0.143204
0.103211
0.147353
0.114986
0.152683
0.114304
0.167598
0.114105
0.154669
0.159046
0.127605
0.116808
0.142401
0.134726
0.146035
0.191356
0.139062
0.139864
0.151202
0.178235
0.130734
0.107310
0.118080
0.106095
0.104501
0.141194
0.100095
0.170656
0.123036
0.140290
0.119088
0.106005
0.149379
0.108845
0.135926
0.143762
0.106838
0.120070
0.113821
0.091631
0.081542
0.078034
0.129760
0.089791
0.085982
0.089509
0.117978
0.095852
0.095244
0.097988
0.083415
0.092339
0.099823
0.119264
0.124783
0.107178
0.110361
0.107089
0.134534
0.138750
0.115308
0.112832
0.099350
0.134103
0.139932
0.154545
0.144148
0.143680
0.118664
0.082394
0.125834
0.107326
0.147053
0.096127
0.127375
0.107075
0.123282
0.115790
0.107062
0.145793
0.153191
0.148405
0.129460
0.112097
0.081813
0.117502
0.080132
0.105784
0.127021
0.090004
0.138575
0.123489
0.164412
0.103173
0.138345
0.110077
0.101474
0.093719
0.092609
0.082454
0.097259
0.084540
0.078579
0.080587
0.081661
0.095448
0.095674
0.086150
0.091798
0.074393
0.089876
0.124799
0.116249
0.110102
0.093721
0.098258
0.113684
0.090631
0.123600
0.090976
0.085752
0.113116
0.100657
0.088752
0.077601
0.084847
0.092568
0.068560
0.107881
0.100139
0.112190
0.087265
0.088698
0.083236
0.105591
0.079211
0.097433
0.105690
0.088745
0.096285
0.120246
0.135371
0.080832
0.086051
0.075026
0.095396
0.103028
0.101767
0.077510
0.081716
0.108920
0.091141
0.118333
0.084086
0.097359
0.082919
0.093593
0.106814
0.088242
0.087658
0.088737
0.080824
0.105167
0.072846
0.084659
0.097377
0.097943
0.083192
0.087733
0.099888
0.091008
0.102317
0.101680
0.099625
0.094724
0.095824
0.110646
0.115351
0.116656
0.100402
0.123401
0.111326
0.095317
0.084889
0.084002
0.082995
0.104392
0.093725
0.081339
0.115566
0.083166
0.067580
0.082578
0.096508
0.090985
0.100005
0.086036
0.104540
0.096764
0.096647
0.066424
0.105531
0.127486
0.088213
0.088366
0.075950
0.092852
0.096168
0.087233
0.106172
0.094893
0.076770
0.110942
0.102948
0.110639
0.095620
0.119259
0.098898
0.097353
0.091035
0.101152
0.098092
0.125394
0.112334
0.124839
0.085594
0.105087
0.108016
0.095735
0.096782
0.084642
0.083254
0.115701
0.091312
0.092291
0.070873
0.090605
0.076950
0.097854
0.076672
0.121533
0.103291
0.114859
0.107356
0.101752
0.123298
0.107179
0.091379
0.079750
0.088850
0.082003
0.084061
0.114273
0.090360
0.092886
0.095306
0.085308
0.085928
0.082482
0.076857
0.094865
0.090321
0.085038
0.067663
0.081835
0.091605
0.085777
0.083361
0.110445
0.103880
0.097761
0.081891
0.095644
0.112515
0.117342
0.088707
0.082908
0.078150
0.079569
0.110020
0.097854
0.112408
0.111483
0.104428
0.101943
0.114831
0.082716
0.088708
0.101596
0.085988
0.090672
0.082077
0.107347
0.101708
0.089113
0.084463
0.098500
0.091667
0.077802
0.085506
0.086345
0.077524
0.087463
0.093363
0.070491
0.086826
0.090506
0.080676
0.090381
0.077598
0.095283
0.084274
0.089151
0.124144
0.094548
0.094977
0.074385
0.085858
0.105834
0.102698
0.105691
0.084517
0.081968
0.116885
0.110129
0.117501
0.111892
0.105578
0.109121
0.136427
0.126768
0.096929
0.082211
0.097533
0.084334
0.110284
0.083781
0.083967
0.080704
0.097521
0.131238
0.137733
0.145734
0.112606
0.143730
0.118125
0.140033
0.108809
0.083124
0.100003
0.080354
0.092728
0.086999
0.103452
0.072371
0.100600
0.108084
0.105498
0.121209
0.086490
0.097037
0.083192
0.087905
0.092679
0.090571
0.087967
0.096769
0.107037
0.088598
0.072819
0.100977
0.111756
0.089406
0.124276
0.102564
0.122319
0.103730
0.161109
0.104250
0.094033
0.113816
0.108510
0.111070
0.099613
0.100835
0.103014
0.100153
0.115864
0.105906
0.097877
0.143698
0.098360
0.093365
0.127547
0.108096
0.107228
0.126626
0.110238
0.103184
0.079188
0.119550
0.092406
0.113983
0.095562
0.103705
0.104984
0.099149
0.114467
0.107778
0.091542
0.114882
0.097891
0.101635
0.116173
0.107343
0.114314
0.106384
0.115149
0.101250
0.130231
0.080410
0.109352
0.107400
0.117459
0.117910
0.124312
0.102738
0.105340
0.085100
0.113943
0.101869
0.116094
0.100744
0.115501
0.120692
0.110246
0.094929
0.096079
0.125281
0.086383
0.093592
0.113591
0.096846
0.121648
0.083071
0.108552
0.112894
0.108714
0.102114
0.082484
0.119817
0.078981
0.099721
0.121779
0.112183
0.114427
0.111981
0.093966
0.091294
0.111497
0.116264
0.089517
0.113861
0.126242
0.114193
0.110216
0.111844
0.107236
0.118781
0.107481
0.122039
0.098832
0.108168
0.134603
0.116421
0.087557
0.121359
0.112221
0.132533
0.135721
0.096994
0.151970
0.098335
0.106543
0.150425
0.108519
0.097564
0.108266
0.097921
0.111197
0.122365
0.082412
0.101269
0.082593
0.097848
0.098698
0.097638
0.099338
0.118369
0.123500
0.118316
0.092168
0.082067
0.118415
0.117026
0.109026
0.143001
0.119203
0.108642
0.080727
0.074737
0.082064
0.102477
0.094528
0.080350
0.095974
0.089200
0.087512
0.106596
0.087437
0.108416
0.076525
0.142369
0.107798
0.114321
0.102258
0.128005
0.097245
0.102274
0.114856
0.146251
0.086868
0.111659
0.121458
0.142945
0.119886
0.130919
0.106014
0.092466
0.108585
0.113761
0.120749
0.103296
0.110216
0.090418
0.094784
0.086333
0.094253
0.091599
0.107563
0.102579
0.108956
0.103160
0.125247
0.109258
0.130879
0.127430
0.086873
0.131608
0.116132
0.098594
0.081635
0.108511
0.102899
0.107770
0.100434
0.100758
0.102030
0.104663
0.106595
0.110858
0.170857
0.112736
0.123154
0.100106
0.088368
0.088213
0.125993
0.140756
0.127805
0.115434
0.152311
0.119051
0.101186
0.120031
0.149514
0.128536
0.122051
0.109101
0.111524
0.134917
0.113020
0.149738
0.132087
0.112206
0.115871
0.134816
0.127356
0.142340
0.111312
0.102115
0.109617
0.112351
0.109109
0.126423
0.127890
0.102113
0.134425
0.104181
0.111187
0.087965
0.114387
0.117239
0.098750
0.128206
0.133922
0.158936
0.125505
0.132692
0.122580
0.108759
0.156348
0.160856
0.113443
0.125664
0.101392
0.110278
0.113335
0.099853
0.098565
0.110896
0.108871
0.071016
0.133706
0.120331
0.152736
0.117922
0.128986
0.099432
0.139341
0.112841
0.127947
0.151901
0.120053
0.157882
0.126881
0.164930
0.166702
0.200342
0.168521
0.142205
0.158343
0.153086
0.153667
0.132097
0.160133
0.137492
0.169955
0.207980
0.144779
0.176827
0.152146
0.152331
0.120582
0.138500
0.163860
0.218070
0.136702
0.177087
0.149493
0.162675
0.171414
0.119979
0.168447
0.219095
0.206289
0.137430
0.145933
0.146392
0.185899
0.177994
0.157256
0.165759
0.141351
0.137885
0.137130
0.126215
0.103286
0.128995
0.126786
0.117172
0.115711
0.113084
0.087278
0.144919
0.136871
0.109670
0.126104
0.138386
0.149980
0.092449
0.088197
0.075599
0.079493
0.062479
0.095607
0.105008
0.114592
0.108981
0.112052
0.087574
0.099797
0.086080
0.156775
0.110359
0.129269
0.119592
0.158320
0.122504
0.136551
0.128686
0.131158
0.114497
0.078700
0.091538
0.133533
0.124425
0.140837
0.115063
0.116672
0.152436
0.102660
0.084484
0.136595
0.115160
0.111212
0.089961
0.106641
0.121474
0.110714
0.142282
0.094417
0.111488
0.118669
0.142752
0.112218
0.128733
0.099477
0.081747
0.112939
0.115281
0.066378
0.110220
0.103102
0.084571
0.126934
0.163580
0.153503
0.147449
0.202138
0.208765
0.153079
0.167252
0.148525
0.124722
0.169159
0.135919
0.177428
0.147470
0.153247
0.134245
0.110216
0.171091
0.180284
0.124684
0.118104
0.178705
0.134909
0.153651
0.151094
0.138268
0.116534
0.209876
0.117700
0.157060
0.129777
0.104172
0.119275
0.129574
0.149019
0.145652
0.100734
0.096847
0.090141
0.129315
0.149528
0.154194
0.130001
0.132244
0.193296
0.159109
0.174864
0.127877
0.123452
0.113775
0.078619
0.098985
0.097639
0.096239
0.077155
0.084700
0.102684
0.087456
0.102344
0.108203
0.104341
0.134944
0.120007
0.120539
0.110393
0.132218
0.134777
0.156953
0.141199
0.115056
0.174842
0.153938
0.121281
0.102230
0.144512
0.124422
0.104632
0.099919
0.114595
0.104134
0.091527
0.114229
0.112149
0.108357
0.105324
0.120330
0.116570
0.132338
0.128121
0.102720
0.135461
0.105259
0.112171
0.142406
0.109050
0.099838
0.114148
0.104386
0.101865
0.099172
0.134801
0.123149
0.119362
0.139232
0.105850
0.109377
0.106792
0.108902
0.134060
0.098517
0.101008
0.125479
0.123647
0.112846
0.123290
0.112957
0.122714
0.130074
0.107235
0.134987
0.130682
0.094494
0.109379
0.106073
0.102779
0.099394
0.149084
0.099411
0.132931
0.114234
0.114595
0.101248
0.097687
0.131877
0.112526
0.118502
0.080548
0.091362
0.103323
0.110086
0.104575
0.117611
0.154468
0.132883
0.103513
0.104707
0.120804
0.096427
0.112561
0.123699
0.113935
0.127620
0.089566
0.092625
0.092808
0.089823
0.109304
0.089398
0.104570
0.108413
0.099317
0.106176
0.108186
0.117918
0.119150
0.138224
0.098591
0.096018
0.125929
0.104305
0.129206
0.098956
0.096680
0.130336
0.108319
0.101632
0.105052
0.110337
0.110879
0.128459
0.114080
0.135722
0.105549
0.107741
0.097557
0.122999
0.075718
0.095431
0.078148
0.105049
0.110263
0.092311
0.105625
0.102950
0.111884
0.128515
0.077789
0.118339
0.107218
0.089101
0.090461
0.119763
0.106630
0.103525
0.102183
0.100889
0.092219
0.134176
0.120246
0.147870
0.092648
0.092087
0.107611
0.097596
0.115911
0.118014
0.093358
0.097548
0.100305
0.122990
0.125877
0.099999
0.112516
0.088420
0.107171
0.107913
0.115453
0.122096
0.108881
0.117288
0.143831
0.103319
0.125249
0.134262
0.110058
0.126486
0.124163
0.146644
0.133121
0.119168
0.113248
0.123769
0.086923
0.104757
0.106374
0.112468
0.101876
0.090234
0.094223
0.104478
0.102593
0.124683
0.104651
0.109749
0.105176
0.091007
0.067733
0.101596
0.084475
0.085685
0.121541
0.103972
0.088262
0.091165
0.102454
0.100576
0.095748
0.120912
0.110080
0.115983
0.127313
0.108800
0.116724
0.120383
0.121139
0.127600
0.097095
0.093275
0.078392
0.117713
0.103963
0.115903
0.120460
0.128895
0.116335
0.092131
0.108526
0.107496
0.101654
0.089991
0.114727
0.099805
0.125791
0.106631
0.099477
0.103123
0.101861
0.108513
0.084462
0.096924
0.113857
0.145871
0.098822
0.103179
0.104059
0.118052
0.112463
0.100693
0.100043
0.136749
0.125293
0.089448
0.111519
0.106697
0.093588
0.097049
0.098421
0.109181
0.103147
0.113627
0.104424
0.109503
0.114038
0.109257
0.110699
0.123597
0.106142
0.098912
0.101130
0.099577
0.116457
0.113538
0.110405
0.101361
0.108622
0.132079
0.102432
0.121379
0.094550
0.100283
0.099976
0.116396
0.115038
0.116074
0.095189
0.087273
0.098657
0.111952
0.110812
0.112788
0.110679
0.092727
0.102954
0.093265
0.099657
0.127779
0.099228
0.086364
0.117500
0.139482
0.111811
0.084759
0.097761
0.116927
0.113587
0.108008
0.109327
0.103118
0.120936
0.107518
0.131663
0.128381
0.107447
0.108765
0.096476
0.116865
0.125448
0.099351
0.095613
0.117459
0.097131
0.095366
0.103069
0.108315
0.120311
0.114344
0.112599
0.141662
0.117404
0.116640
0.085338
0.104698
0.115126
0.115148
0.117807
0.115798
0.095409
0.105736
0.113484
0.111030
0.123726
0.115948
0.130435
0.114781
0.096539
0.107103
0.126086
0.117372
0.103677
0.098406
0.091564
0.130072
0.106644
0.111402
0.118357
0.113074
0.130035
0.110823
0.113960
0.130619
0.103599
0.112803
0.127161
0.117935
0.107461
0.113636
0.128665
0.111212
0.111470
0.133576
0.120403
0.110052
0.115105
0.114419
0.117415
0.100420
0.105356
0.128338
0.142873
0.104760
0.086599
0.096607
0.096119
0.096618
0.113333
0.109247
0.090943
0.111920
0.111233
0.105206
0.082567
0.102904
0.094409
0.094641
0.113922
0.097204
0.116096
0.111091
0.099253
0.089922
0.118186
0.095026
0.103506
0.100438
0.102652
0.093359
0.105939
0.092070
0.091604
0.118942
0.138460
0.122189
0.112123
0.100251
0.127243
0.098527
0.094457
0.126504
0.107584
0.089978
0.099826
0.081276
0.098399
0.098731
0.108254
0.104934
0.109171
0.133989
0.161917
0.125308
0.127325
0.117936
0.105999
0.130981
0.090266
0.105182
0.108620
0.110340
0.101167
0.110764
0.097355
0.081458
0.115986
0.091485
0.107565
0.109442
0.142125
0.109384
0.112770
0.095760
0.083011
0.096672
0.094453
0.090817
0.112103
0.129797
0.095396
0.094456
0.105045
0.118410
0.098588
0.115363
0.096166
0.095775
0.097623
0.115950
0.106231
0.117743
0.129081
0.107440
0.100263
0.124316
0.146192
0.101418
0.105400
0.088224
0.089571
0.112985
0.107879
0.129567
0.113431
0.083157
0.112108
0.118695
0.107520
0.113911
0.116164
0.100906
0.130162
0.124232
0.111652
0.100059
0.112445
0.115435
0.116978
0.128632
0.094457
0.083889
0.093252
0.099269
0.078619
0.102620
0.107839
0.111654
0.107805
0.123163
0.115755
0.104785
0.087316
0.109620
0.080783
0.107044
0.107034
0.110638
0.104281
0.104958
0.119390
0.119652
0.106372
0.095601
0.095459
0.132412
0.156766
0.149968
0.150795
0.117607
0.126373
0.125400
0.144620
0.121279
0.113315
0.105857
0.133540
0.108504
0.103238
0.121731
0.109753
0.119022
0.105352
0.089433
0.097692
0.106127
0.115495
0.096573
0.119313
0.117775
0.109077
0.095613
0.087191
0.125383
0.111429
0.111709
0.137392
0.108008
0.131494
0.101073
0.122930
0.122274
0.121595
0.087306
0.121414
0.118511
0.127498
0.111786
0.109940
0.124449
0.134690
0.105590
0.117503
0.124929
0.097278
0.114972
0.123188
0.126464
0.112890
0.127189
0.081517
0.077724
0.103029
0.124757
0.133287
0.106902
0.114557
0.139383
0.097617
0.111438
0.099383
0.098227
0.109635
0.096670
0.150768
0.103904
0.100639
0.081723
0.092402
0.130911
0.090675
0.100178
0.105905
0.100016
0.117082
0.124707
0.116755
0.108437
0.119413
0.099025
0.108139
0.118961
0.089567
0.107246
0.112237
0.120479
0.118323
0.123714
0.126117
0.095724
0.115300
0.099557
0.105773
0.114492
0.139536
0.127807
0.106975
0.115106
0.122818
0.100424
0.090836
0.109249
0.107801
0.104764
0.124734
0.112743
0.151287
0.110212
0.096774
0.107398
0.110813
0.101367
0.098088
0.112321
0.094683
0.109807
0.131157
0.111565
0.120628
0.102479
0.104361
0.111554
0.106167
0.116090
0.133861
0.106717
0.100279
0.113997
0.103748
0.095904
0.100115
0.121588
0.114483
0.105466
0.147151
0.130120
0.119715
0.104362
0.114348
0.114497
0.094611
0.092427
0.103182
0.094722
0.130700
0.081821
0.115123
0.120529
0.121894
0.099965
0.113622
0.105094
0.109742
0.090782
0.101505
0.103504
0.082446
0.111377
0.136896
0.097495
0.092539
0.101607
0.124642
0.137388
0.134255
0.121143
0.113171
0.079295
0.121173
0.116647
0.104691
0.101282
0.095653
0.121651
0.099578
0.116900
0.091922
0.113125
0.084545
0.121509
0.096324
0.095405
0.108391
0.114913
0.130164
0.145785
0.103245
0.128671
0.119462
0.124696
0.153462
0.136170
0.120450
0.119171
0.114116
0.134589
0.120899
0.127143
0.086672
0.113944
0.113724
0.117410
0.116995
0.155676
0.123151
0.113250
0.079147
0.087825
0.093297
0.102186
0.128572
0.102388
0.100073
0.081997
0.119667
0.118188
0.145079
0.087552
0.104306
0.114598
0.098896
0.092682
0.132830
0.098392
0.106859
0.100012
0.107790
0.109070
0.117178
0.099775
0.084350
0.077355
0.119351
0.106576
0.093796
0.093328
0.109230
0.103150
0.149265
0.081730
0.100985
0.111481
0.112208
0.117919
0.078307
0.103957
0.103348
0.108066
0.104182
0.103253
0.108475
0.103953
0.132767
0.107751
0.105155
0.126841
0.114042
0.123081
0.099152
0.106614
0.110595
0.111083
0.084124
0.137342
0.106252
0.117074
0.110247
0.103822
0.093651
0.095427
0.118438
0.099381
0.098461
0.114250
0.109042
0.079717
0.096689
0.109219
0.106742
0.110557
0.085327
0.084581
0.114766
0.101224
0.097232
0.122815
0.089307
0.087992
0.106187
0.117847
0.101681
0.114728
0.087141
0.115840
0.116936
0.103838
0.112146
0.119812
0.106797
0.116868
0.104106
0.093849
0.128796
0.096124
0.092046
0.083815
0.088212
0.109009
0.086963
0.094762
0.092342
0.111111
0.094714
0.129154
0.129618
0.122565
0.100515
0.097862
0.107019
0.107662
0.122751
0.084439
0.105384
0.105891
0.127910
0.113940
0.121083
0.102479
0.115942
0.097093
0.088287
0.101106
0.106606
0.100199
0.109277
0.131625
0.125189
0.118395
0.123321
0.133785
0.106231
0.112899
0.111190
0.107530
0.107733
0.093832
0.102188
0.096092
0.092819
0.090095
0.112386
0.129878
0.125684
0.103769
0.138662
