0.011197
0.057190
0.117877
0.106791
0.112720
0.100028
0.086202
0.079896
0.081513
0.080860
0.085546
0.104010
0.072246
0.068442
0.065708
0.065889
0.065176
0.066375
0.077395
0.068380
0.078489
0.071121
0.070419
0.063874
0.065173
0.067775
0.066476
0.065854
0.067275
0.069422
0.071764
0.048395
0.051383
0.070050
0.084545
0.078168
0.071183
0.048897
0.051855
0.052732
0.048837
0.051875
0.054626
0.070103
0.070640
0.071104
0.066709
0.065744
0.064740
0.072957
0.072697
0.071014
0.080156
0.067373
0.066084
0.066094
0.067707
0.068276
0.071633
0.071008
0.071699
0.071423
0.074075
0.070601
0.069246
0.068348
0.066037
0.066339
0.066710
0.085925
0.100162
0.093454
0.108705
0.084937
0.065762
0.068291
0.063715
0.065189
0.066702
0.065702
0.071796
0.074247
0.072191
0.070824
0.065361
0.070170
0.063391
0.078274
0.080608
0.069932
0.071024
0.066287
0.066229
0.068085
0.068870
0.066844
0.090073
0.082258
0.075246
0.078595
0.076805
0.067400
0.067890
0.066017
0.065739
0.066749
0.067554
0.070854
0.066386
0.073556
0.083878
0.072434
0.072527
0.070635
0.066275
0.065583
0.066248
0.069948
0.070876
0.072290
0.073450
0.074907
0.071024
0.067677
0.068896
0.079503
0.077122
0.098541
0.065877
0.064497
0.064366
0.065012
0.066118
0.078655
0.074417
0.083925
0.075987
0.070685
0.076599
0.070365
0.071327
0.073551
0.069262
0.068012
0.068519
0.068057
0.067452
0.064156
0.062214
0.064376
0.058658
0.052248
0.063613
0.081079
0.097823
0.070139
0.065893
0.067573
0.066674
0.067759
0.073421
0.069237
0.071685
0.071117
0.070910
0.067559
0.081673
0.092287
0.075271
0.071616
0.064844
0.065677
0.066834
0.091368
0.067291
0.067020
0.069904
0.088230
0.075371
0.071611
0.073925
0.073568
0.073726
0.073888
0.094430
0.067909
0.068075
0.067717
0.065542
0.065481
0.067256
0.066039
0.065992
0.068971
0.071105
0.073236
0.061222
0.058428
0.064610
0.083270
0.065288
0.068394
0.071500
0.086746
0.076649
0.083032
0.071558
0.069204
0.063819
0.065883
0.065308
0.070893
0.066902
0.082707
0.066334
0.065496
0.066309
0.054156
0.053044
0.067899
0.064870
0.053384
0.058492
0.065094
0.080027
0.073448
0.073152
0.081255
0.081831
0.076809
0.090571
0.071037
0.069770
0.068730
0.085784
0.065160
0.075400
0.067480
0.068712
0.079834
0.075576
0.068552
0.070105
0.071461
0.072556
0.068958
0.125394
0.067618
0.072602
0.067563
0.072541
0.072016
0.071206
0.068007
0.070701
0.096415
0.072940
0.069386
0.066637
0.068455
0.066559
0.075511
0.067465
0.066534
0.066287
0.068340
0.071493
0.067981
0.072095
0.066054
0.067535
0.066964
0.072957
0.067176
0.065842
0.071953
0.065697
0.064481
0.070904
0.066336
0.068806
0.068220
0.068789
0.066250
0.067934
0.066333
0.073381
0.093903
0.052798
0.060338
0.047467
0.051277
0.063103
0.066328
0.064345
0.064753
0.063991
0.065330
0.065691
0.074628
0.075505
0.069866
0.071799
0.069739
0.071406
0.059577
0.049089
0.069436
0.051174
0.063529
0.074446
0.070183
0.074790
0.068408
0.068137
0.067972
0.078161
0.066791
0.066392
0.066606
0.101951
0.057798
0.048880
0.062618
0.074634
0.085045
0.072304
0.070985
0.066762
0.065911
0.071955
0.069891
0.067086
0.071606
0.072598
0.066370
0.072838
0.054902
0.054722
0.053940
0.056750
0.082136
0.066281
0.065439
0.065486
0.066855
0.067548
0.066940
0.067580
0.064054
0.062818
0.049260
0.050702
0.064618
0.065100
0.058573
0.050541
0.059474
0.053653
0.049397
0.055994
0.059718
0.075996
0.066010
0.048433
0.061495
0.057126
0.088946
0.052171
0.059825
0.053862
0.053519
0.056043
0.060686
0.063303
0.063614
0.074604
0.066251
0.083211
0.075222
0.056771
0.064516
0.064971
0.065550
0.066544
0.066227
0.064543
0.064767
0.065327
0.067978
0.066191
0.051430
0.051728
0.054855
0.075654
0.072855
0.067327
0.068872
0.068131
0.067023
0.067915
0.067993
0.067341
0.068364
0.067895
0.066820
0.068145
0.049631
0.084356
0.054137
0.049335
0.055651
0.065079
0.068465
0.075655
0.069142
0.069674
0.080815
0.072387
0.077793
0.064761
0.066290
0.067166
0.068033
0.067881
0.071643
0.063732
0.069393
0.064649
0.069303
0.102424
0.065218
0.066169
0.092483
0.095687
0.070709
0.068699
0.073116
0.070388
0.066929
0.049047
0.052192
0.054733
0.058813
0.056253
0.059793
0.063686
0.068192
0.066480
0.072148
0.065078
0.078887
0.048984
0.052396
0.055787
0.068744
0.065989
0.054860
0.060528
0.060156
0.066972
0.064598
0.067554
0.070671
0.070285
0.067760
0.059448
0.056035
0.055052
0.068159
0.054997
0.053076
0.055041
0.059248
0.064078
0.064732
0.066383
0.067125
0.064813
0.065412
0.065579
0.067232
0.065780
0.070232
0.069004
0.062954
0.070935
0.072132
0.069659
0.068659
0.066147
0.067313
0.068269
0.070573
0.066667
0.067330
0.066220
0.068443
0.073186
0.073719
0.072211
0.074373
0.079529
0.068220
0.075444
0.072751
0.073653
0.065624
0.080372
0.065655
0.067655
0.064122
0.079385
0.088900
0.066924
0.067883
0.067525
0.067781
0.068300
0.069213
0.066664
0.093939
0.096348
0.071203
0.066962
0.066734
0.066587
0.068209
0.067384
0.067661
0.067248
0.069037
0.068272
0.055120
0.061702
0.065219
0.066839
0.066565
0.066728
0.067176
0.093024
0.071386
0.066228
0.065905
0.066586
0.067076
0.066257
0.066609
0.095655
0.066650
0.062951
0.072284
0.055340
0.071330
0.067489
0.068235
0.068470
0.073832
0.068851
0.069846
0.068744
0.069408
0.069080
0.069392
0.070583
0.056328
0.054908
0.067320
0.052846
0.055114
0.069065
0.077143
0.079060
0.077034
0.054173
0.063760
0.064799
0.067413
0.066681
0.066612
0.068121
0.067342
0.068074
0.068081
0.069374
0.067435
0.066670
0.071069
0.077872
0.073395
0.064417
0.076526
0.065500
0.076088
0.066504
0.066763
0.065603
0.070177
0.071808
0.073132
0.078798
0.079340
0.067343
0.053656
0.063858
0.063802
0.054440
0.053442
0.057526
0.070429
0.073027
0.069371
0.069016
0.071263
0.068256
0.098586
0.068484
0.102111
0.109376
0.071976
0.097798
0.108181
0.069949
0.065675
0.066054
0.066760
0.067424
0.067760
0.066778
0.071479
0.086730
0.069684
0.068602
0.070102
0.075807
0.073004
0.069397
0.065216
0.070106
0.067033
0.068479
0.067948
0.067471
0.067639
0.072114
0.059269
0.051803
0.053534
0.051986
0.051819
0.054507
0.048851
0.051896
0.053277
0.047505
0.053147
0.056567
0.079779
0.066138
0.066533
0.066319
0.066791
0.063976
0.071361
0.067365
0.066846
0.067029
0.065073
0.064314
0.101993
0.063613
0.085021
0.066468
0.068359
0.067318
0.065927
0.066168
0.066118
0.068487
0.065916
0.074312
0.067735
0.067110
0.070070
0.075673
0.071689
0.085083
0.065644
0.069337
0.071839
0.066675
0.077607
0.084707
0.067995
0.067087
0.066096
0.078651
0.067081
0.066481
0.063157
0.102470
0.105138
0.100173
0.065782
0.066701
0.073551
0.066417
0.085067
0.097081
0.097409
0.073141
0.063052
0.074662
0.084193
0.073540
0.072271
0.097575
0.104307
0.076469
0.097218
0.071441
0.066302
0.067400
0.067558
0.068602
0.070678
0.065157
0.051497
0.052947
0.049525
0.052048
0.056133
0.060577
0.052880
0.054611
0.052171
0.050037
0.060076
0.059779
0.051191
0.071231
0.070030
0.077553
0.070125
0.067953
0.065356
0.065707
0.063133
0.064184
0.066465
0.066753
0.066681
0.066696
0.074719
0.083516
0.108516
0.068772
0.068405
0.069038
0.070248
0.065754
0.070514
0.066221
0.067042
0.066716
0.068015
0.065236
0.053242
0.050715
0.054330
0.058307
0.058856
0.050081
0.051741
0.062431
0.051901
0.072494
0.059876
0.046124
0.051831
0.057293
0.065736
0.066395
0.066329
0.066390
0.066787
0.077707
0.066973
0.070621
0.077547
0.068054
0.063602
0.069254
0.066168
0.066413
0.067372
0.066724
0.066585
0.068954
0.056183
0.054738
0.054120
0.053342
0.049278
0.051886
0.059914
0.058401
0.103233
0.098865
0.079082
0.079091
0.101893
0.097530
0.086741
0.064933
0.060894
0.058219
0.048513
0.063906
0.063997
0.063842
0.048255
0.058366
0.053285
0.059835
0.069387
0.070805
0.068245
0.067904
0.075398
0.057636
0.056957
0.062029
0.063464
0.063320
0.065065
0.066066
0.066558
0.065596
0.069875
0.069941
0.073069
0.064718
0.051782
0.049234
0.046879
0.048656
0.070626
0.060355
0.056556
0.072180
0.069829
0.069028
0.072882
0.066028
0.079243
0.064284
0.066562
0.066574
0.066895
0.067154
0.066500
0.070077
0.072117
0.068488
0.067231
0.049900
0.060620
0.053876
0.056237
0.050012
0.057141
0.048129
0.052327
0.059405
0.047849
0.052485
0.053714
0.054338
0.069797
0.065768
0.064683
0.065114
0.066553
0.066119
0.065043
0.078026
0.067820
0.069763
0.072849
0.066539
0.078145
0.075315
0.072510
0.067191
0.067683
0.068875
0.068575
0.071023
0.067867
0.065323
0.067862
0.064976
0.055481
0.059514
0.057985
0.054607
0.053528
0.062891
0.061037
0.057836
0.056457
0.051800
0.062126
0.083895
0.067800
0.064831
0.065316
0.066307
0.065337
0.071567
0.074775
0.070243
0.071801
0.067310
0.068267
0.071977
0.066355
0.065253
0.066715
0.065810
0.065610
0.066592
0.062623
0.095688
0.100735
0.074008
0.066376
0.066555
0.066793
0.064430
0.067011
0.065195
0.067535
0.071590
0.067432
0.065247
0.052439
0.053491
0.049185
0.051752
0.059190
0.050086
0.060431
0.067035
0.054458
0.048218
0.051707
0.049085
0.051264
0.064825
0.047656
0.049114
0.059937
0.066353
0.065032
0.065074
0.065552
0.066293
0.066320
0.065587
0.065183
0.066499
0.076012
0.073997
0.066221
0.065841
0.066205
0.067006
0.066135
0.073241
0.058697
0.062202
0.101738
0.094640
0.109987
0.066115
0.065212
0.065967
0.064911
0.064125
0.070372
0.049460
0.052497
0.059935
0.048408
0.055935
0.049556
0.058482
0.067518
0.066325
0.066163
0.068302
0.062354
0.072020
0.064280
0.066524
0.066184
0.070035
0.062781
0.065569
0.054334
0.052140
0.057856
0.063006
0.064762
0.063952
0.076007
0.074552
0.068777
0.064939
0.065917
0.067749
0.071077
0.067811
0.066625
0.064764
0.067464
0.066313
0.063385
0.055445
0.072089
0.064811
0.064537
0.067275
0.066750
0.074386
0.067709
0.066303
0.065391
0.064713
0.074899
0.064208
0.064649
0.067267
0.071612
0.068033
0.075047
0.083362
0.065770
0.065434
0.064670
0.054253
0.055319
0.083146
0.083066
0.082305
0.072066
0.067669
0.066462
0.073717
0.072051
0.074321
0.070950
0.063107
0.070815
0.070688
0.066618
0.086741
0.075770
0.070758
0.063561
0.064852
0.066757
0.055398
0.065583
0.050262
0.055527
0.072069
0.064555
0.063610
0.064842
0.063747
0.076087
0.083314
0.067891
0.063167
0.069063
0.063303
0.064335
0.063183
0.065698
0.065395
0.064410
0.062961
0.062057
0.052151
0.053342
0.063172
0.064445
0.067492
0.065918
0.066852
0.064894
0.063435
0.073815
0.063624
0.072303
0.069168
0.065629
0.067124
0.067910
0.064133
0.066081
0.065918
0.070540
0.062947
0.064515
0.057830
0.059179
0.063643
0.065251
0.065838
0.065149
0.066147
0.066479
0.075551
0.064004
0.065559
0.066219
0.066599
0.067356
0.067454
0.073761
0.077988
0.077630
0.067379
0.071687
0.065022
0.072114
0.067383
0.066659
0.067456
0.067144
0.081127
0.063578
0.078984
0.069719
0.070670
0.064244
0.072552
0.068932
0.070884
0.068430
0.064701
0.053095
0.053346
0.055401
0.051916
0.058738
0.059234
0.060665
0.056157
0.066818
0.064349
0.065513
0.064475
0.070757
0.065123
0.064660
0.067528
0.063672
0.064102
0.056156
0.053850
0.058582
0.083472
0.068900
0.064137
0.064220
0.064225
0.064160
0.065540
0.065696
0.064313
0.065463
0.062791
0.061399
0.050350
0.052354
0.050859
0.062835
0.080520
0.063287
0.069577
0.065760
0.065503
0.064819
0.064753
0.067559
0.068594
0.067960
0.069049
0.051206
0.058103
0.054300
0.059174
0.062324
0.053182
0.049458
0.048868
0.049406
0.070447
0.061471
0.050000
0.057057
0.062419
0.046907
0.051705
0.050565
0.055184
0.052097
0.057070
0.076201
0.068484
0.069022
0.073934
0.068003
0.067006
0.065928
0.080165
0.073249
0.073345
0.071953
0.071271
0.066689
0.067047
0.068311
0.066409
0.067116
0.066930
0.068779
0.075469
0.073992
0.076295
0.065488
0.068805
0.065846
0.069220
0.068475
0.065012
0.064816
0.065158
0.066348
0.064458
0.060339
0.054847
0.074230
0.065595
0.065434
0.062679
0.066587
0.066076
0.072896
0.072322
0.066449
0.071528
0.062953
0.065671
0.065558
0.067109
0.068121
0.067302
0.066662
0.069903
0.079052
0.077844
0.058824
0.060848
0.052100
0.056476
0.050748
0.055541
0.050469
0.059422
0.054246
0.057575
0.083804
0.075606
0.066471
0.098241
0.073705
0.076843
0.079866
0.066800
0.067278
0.068227
0.070157
0.068342
0.069932
0.070851
0.061934
0.068200
0.051765
0.056748
0.060106
0.090081
0.084800
0.078919
0.106696
0.086154
0.069850
0.066540
0.070699
0.076344
0.075448
0.066704
0.056162
0.074024
0.065078
0.064556
0.053981
0.056036
0.055971
0.079478
0.067387
0.067554
0.068570
0.067273
0.097169
0.089843
0.095393
0.070891
0.052710
0.049957
0.060058
0.074104
0.071456
0.075186
0.071286
0.069936
0.069081
0.064922
0.066664
0.066931
0.069811
0.066712
0.067477
0.070431
0.070852
0.063318
0.051288
0.052052
0.058927
0.080276
0.089540
0.075766
0.064373
0.065703
0.067629
0.064358
0.078323
0.069780
0.065899
0.067120
0.065811
0.065300
0.064966
0.056203
0.083034
0.066102
0.066211
0.077241
0.067419
0.076304
0.074410
0.065078
0.069949
0.064851
0.066746
0.070461
0.065951
0.069844
0.066752
0.097833
0.074960
0.074872
0.065079
0.070825
0.066927
0.065244
0.063997
0.064852
0.065525
0.067247
0.066985
0.065703
0.048551
0.051404
0.061020
0.045658
0.052661
0.059190
0.066039
0.068550
0.065808
0.078893
0.071924
0.065764
0.068329
0.069306
0.066849
0.064657
0.047950
0.053653
0.049212
0.056821
0.062372
0.060815
0.064129
0.061554
0.061698
0.062010
0.062718
0.062226
0.061607
0.061615
0.061554
0.060869
0.046915
0.046886
0.046917
0.046764
0.047797
0.047642
0.047170
0.047162
0.047522
0.048634
0.049142
0.048592
0.048897
0.049569
0.048685
0.048553
0.048400
0.048305
0.048020
0.048051
0.048559
0.048080
0.048228
0.048154
0.048176
0.060860
0.069077
0.062252
0.071612
0.062323
0.062444
0.063154
0.068854
0.062299
0.062797
0.071085
0.061715
0.078785
0.062600
0.078405
0.062613
0.072326
0.063485
0.062631
0.062477
0.062474
0.063097
0.062591
0.062440
0.062126
0.061883
0.061729
0.074568
0.073977
0.071629
0.072904
0.064061
0.060325
0.062626
0.053967
0.053541
0.067350
0.061409
0.060562
0.047877
0.043105
0.043802
0.053835
0.051793
0.043793
0.043307
0.043381
0.044257
0.044134
0.045783
0.045880
0.045233
0.045220
0.044888
0.044371
0.044697
0.044515
0.044115
0.044557
0.045693
0.046088
0.045815
0.045666
0.045879
0.046929
0.046755
0.046701
0.046193
0.046546
0.046903
0.068916
0.060439
0.046290
0.045602
0.047103
0.046624
0.047975
0.046663
0.044551
0.048052
0.044363
0.048058
0.045887
0.045599
0.049981
0.044086
0.048632
0.043839
0.047485
0.048721
0.050709
0.048088
0.047166
0.048589
0.049598
0.044470
0.048246
0.050677
0.044733
0.049408
0.048714
0.051641
0.066331
0.061730
0.061435
0.067069
0.062647
0.061631
0.062463
0.065187
0.063711
0.057966
0.048621
0.052035
0.055272
0.046268
0.047329
0.047305
0.049921
0.045300
0.046777
0.048301
0.049627
0.047185
0.049587
0.047534
0.049284
0.047751
0.047797
0.047655
0.049258
0.048165
0.048121
0.047340
0.046895
0.046977
0.046851
0.046764
0.047053
0.049278
0.047034
0.046450
0.047684
0.045946
0.046030
0.047933
0.047578
0.048063
0.047726
0.048012
0.047461
0.047825
0.048138
0.048223
0.055116
0.061522
0.065918
0.062263
0.062155
0.062275
0.061940
0.062419
0.063157
0.063031
0.054771
0.048841
0.055615
0.062786
0.061204
0.061423
0.067132
0.061720
0.061908
0.065958
0.060995
0.060721
0.061622
0.061573
0.046700
0.046248
0.055053
0.045593
0.047302
0.047784
0.057106
0.062101
0.061612
0.061446
0.060647
0.060514
0.061746
0.061458
0.061944
0.061763
0.061781
0.061721
0.048546
0.050040
0.055845
0.063380
0.061053
0.076737
0.062088
0.060558
0.073323
0.061790
0.061907
0.093041
0.094018
0.095479
0.077084
0.064907
0.063459
0.062869
0.059767
0.049395
0.048297
0.045772
0.048189
0.048673
0.047934
0.049651
0.049485
0.048778
0.048655
0.048395
0.048769
0.047885
0.047351
0.047859
0.048519
0.050370
0.048213
0.047176
0.048383
0.048538
0.048332
0.048146
0.048603
0.049603
0.048723
0.048383
0.048673
0.047927
0.048143
0.047961
0.048823
0.047921
0.048467
0.047903
0.047734
0.047952
0.047873
0.048950
0.047869
0.047288
0.048242
0.051452
0.049674
0.060290
0.049686
0.050090
0.049220
0.048598
0.048410
0.048527
0.048755
0.048455
0.048276
0.048251
0.048190
0.048586
0.048126
0.044799
0.046497
0.048832
0.051990
0.048670
0.047506
0.047042
0.044711
0.048729
0.048837
0.051748
0.044748
0.047366
0.048642
0.051702
0.044835
0.047194
0.048570
0.050314
0.045458
0.047430
0.048371
0.048192
0.048834
0.048213
0.048566
0.048584
0.048628
0.047637
0.047169
0.047096
0.049007
0.050441
0.047773
0.049154
0.047712
0.049053
0.048053
0.050302
0.047690
