540	366	151	53
535	361	152	55
528	356	151	55
515	364	154	55
517	370	152	55
515	370	151	54
516	370	151	54
513	369	152	54
510	368	152	55
509	368	152	55
512	366	153	55
510	365	154	54
510	365	152	54
505	360	155	54
503	353	154	53
497	345	155	53
494	337	153	53
487	329	155	53
488	330	155	54
483	326	155	55
480	325	154	54
477	325	155	54
476	325	154	54
474	323	154	53
476	324	152	53
476	319	153	53
478	316	153	53
480	314	154	54
484	313	156	54
487	313	157	53
488	314	155	53
491	314	155	53
496	315	157	54
500	317	155	53
505	318	156	54
507	319	156	53
507	319	154	53
508	320	158	53
509	321	155	53
508	322	157	55
509	321	154	55
509	323	158	54
509	323	156	55
508	325	158	54
509	327	158	54
508	327	158	55
508	329	160	55
509	331	161	55
509	331	159	55
510	333	160	55
511	334	160	55
511	334	161	55
511	333	162	56
511	333	164	55
512	333	163	56
512	332	164	55
511	331	164	56
510	329	164	56
510	328	163	56
508	329	165	56
509	328	166	57
506	329	165	57
506	332	166	57
505	333	166	58
505	337	167	57
504	342	166	57
503	341	167	58
502	348	169	58
502	356	168	58
506	363	171	59
511	371	171	59
513	371	168	61
516	378	171	61
520	385	172	62
524	391	172	62
528	395	173	62
528	396	172	63
529	396	172	62
529	396	172	62
527	394	176	63
526	392	179	62
526	389	182	62
526	386	188	62
529	385	185	62
530	382	189	62
534	380	191	62
538	380	195	64
542	383	196	65
546	389	200	67
546	389	199	67
549	397	207	68
554	408	209	68
558	420	210	69
561	429	215	69
561	439	217	67
559	439	218	68
546	443	219	67
539	446	223	68
530	448	226	69
524	452	227	69
514	453	228	71
518	454	225	71
506	453	230	73
496	451	236	74
492	451	235	74
487	452	238	75
482	454	242	74
484	452	239	73
477	451	245	73
477	446	246	75
477	442	249	75
479	440	253	74
485	433	255	76
486	435	257	76
494	432	258	78
503	430	261	77
510	424	263	79
515	420	268	79
525	420	269	79
523	418	271	82
529	413	275	83
532	411	279	82
532	407	285	82
532	403	290	83
527	396	297	85
530	397	296	85
528	392	299	86
523	388	301	88
512	385	303	88
507	384	304	85
510	382	299	83
508	383	301	83
505	379	299	82
496	376	298	81
492	372	295	79
488	368	293	76
489	367	285	72
490	367	285	73
488	362	283	71
489	358	276	68
489	355	272	70
488	351	269	69
491	349	250	69
492	349	247	68
493	349	209	66
494	350	170	65
495	351	191	64
491	352	251	62
490	357	248	59
492	356	246	59
495	360	241	56
571	364	166	52
542	368	196	47
517	361	227	55
519	361	228	54
519	362	226	53
525	362	223	52
530	363	225	51
540	366	218	49
546	368	216	47
554	369	213	46
554	370	211	45
559	369	213	47
564	369	218	49
568	371	206	49
570	371	172	50
570	372	237	50
569	370	234	53
570	372	242	53
567	387	250	40
647	396	176	31
584	386	240	43
565	374	262	55
565	374	260	57
561	374	246	55
558	373	190	54
546	374	152	55
537	373	270	56
526	381	304	51
527	379	305	52
591	384	238	48
536	381	293	49
509	373	320	56
495	370	333	57
482	369	341	56
480	369	343	56
472	368	354	57
469	371	351	58
458	378	369	59
453	382	376	60
452	385	379	61
450	385	381	62
448	385	385	63
442	384	392	67
432	383	397	68
423	382	404	69
416	378	411	71
422	378	404	68
418	376	408	71
413	373	412	70
409	367	423	71
412	360	425	75
416	357	421	76
416	357	421	74
422	356	411	75
423	360	418	72
430	363	415	74
445	365	409	74
458	369	400	77
454	369	405	76
463	374	403	75
477	382	396	74
490	387	393	72
496	393	386	71
499	396	382	72
500	397	377	71
507	400	374	71
508	404	372	70
515	405	358	70
525	401	350	71
537	396	335	70
530	396	346	70
540	391	329	71
546	387	315	67
549	384	312	66
558	381	294	64
551	382	295	61
552	383	296	61
548	382	284	61
546	383	274	59
542	383	264	58
537	382	246	56
523	381	247	54
524	381	243	53
510	377	238	52
492	376	227	51
487	374	202	51
476	373	201	50
467	372	191	50
463	372	195	49
458	371	188	50
462	369	181	50
464	367	177	50
463	361	183	51
470	356	174	52
474	354	170	52
470	350	166	52
456	342	168	53
454	334	156	55
445	328	154	57
435	323	147	54
433	322	149	55
427	321	143	56
429	323	137	52
430	329	134	50
431	332	128	51
442	335	123	48
441	335	125	50
450	336	123	48
462	335	120	47
470	336	117	46
479	335	112	44
488	335	109	43
488	335	110	43
492	336	107	40
497	334	105	39
502	334	102	38
506	335	99	37
512	342	95	35
511	342	95	36
514	350	97	34
521	357	91	33
522	365	92	33
529	371	88	33
529	371	88	34
534	378	85	32
535	384	88	32
543	389	80	31
543	396	81	31
543	400	83	32
544	400	82	32
544	407	84	32
545	414	85	32
545	420	88	34
551	425	86	35
557	432	87	36
557	431	88	37
562	437	87	37
567	442	88	39
571	446	89	41
576	450	88	42
578	453	92	43
578	453	93	44
580	454	93	43
584	453	94	45
584	454	95	47
583	455	97	49
583	454	99	51
583	455	100	51
583	454	101	53
580	454	105	54
583	453	105	55
583	456	110	57
584	455	109	59
584	454	108	59
584	455	112	62
584	455	113	65
583	455	119	67
582	454	119	68
582	454	121	69
581	454	122	70
580	452	121	71
578	449	122	73
578	444	123	75
572	439	129	79
577	437	119	74
577	437	121	74
577	431	116	73
576	425	115	74
577	419	113	76
575	415	111	75
575	412	108	75
575	411	107	75
573	409	106	76
571	409	104	76
567	410	104	76
561	410	100	73
553	404	98	74
552	404	101	74
545	399	98	74
535	396	95	74
528	395	94	74
520	396	94	73
513	397	94	74
514	397	93	73
512	396	90	72
507	397	94	74
507	398	91	73
509	402	90	72
511	407	87	71
511	406	88	72
511	409	86	70
511	414	85	71
512	415	83	69
515	413	84	68
514	411	85	68
511	411	86	69
514	405	85	67
514	400	85	68
516	393	83	67
520	388	81	67
524	386	81	65
524	385	82	66
529	383	79	63
534	378	81	64
538	377	79	62
543	375	77	61
545	374	78	62
544	373	77	61
546	374	77	61
548	374	74	60
552	374	72	61
554	374	75	62
560	375	71	62
560	374	73	63
560	376	74	65
562	375	75	64
563	377	77	65
567	375	78	67
569	377	80	67
568	376	81	67
571	374	82	69
578	372	83	71
587	367	84	72
592	372	86	73
600	375	85	71
600	374	88	71
606	378	87	70
610	384	88	71
609	388	89	69
604	391	90	67
600	391	90	66
601	390	88	66
594	390	91	65
591	386	90	64
586	384	91	63
582	383	89	62
580	381	90	62
581	380	89	62
580	378	90	62
584	377	88	61
585	378	89	61
586	383	89	60
584	387	88	60
585	387	89	60
583	393	88	59
582	400	88	58
580	406	89	58
579	412	88	58
577	419	87	58
577	419	87	58
577	421	88	57
574	420	87	58
574	416	87	57
572	412	87	56
575	403	87	56
574	402	88	56
576	394	88	54
583	381	87	56
589	370	87	56
598	359	87	54
605	353	87	55
605	353	85	54
615	347	88	54
625	346	86	54
633	347	85	55
642	354	88	55
650	360	86	55
650	359	86	55
650	367	85	53
642	371	86	54
630	374	86	53
621	375	84	52
608	372	87	52
608	371	86	52
596	368	87	51
585	364	86	50
578	360	85	50
571	360	84	51
567	361	84	50
567	362	84	50
563	365	84	49
567	373	86	49
571	384	85	46
580	398	84	47
591	408	84	47
591	408	85	48
601	417	86	47
610	426	85	47
617	433	84	46
623	441	86	46
626	446	85	46
627	447	84	46
632	453	85	46
635	460	86	46
637	466	84	46
637	467	82	45
637	466	83	45
636	466	83	45
635	465	83	45
631	458	85	44
631	452	85	44
632	447	84	43
640	438	85	44
641	437	83	44
650	431	82	44
657	426	83	46
667	426	82	46
672	429	81	47
675	433	81	47
675	433	81	46
674	435	81	47
672	438	80	47
663	437	79	47
652	432	81	47
640	425	80	48
640	425	81	48
631	421	79	48
618	419	81	48
609	415	79	47
602	412	81	47
601	412	82	48
599	411	80	48
598	409	81	48
600	410	82	50
602	414	84	48
607	419	80	49
606	419	81	49
608	426	80	48
609	432	80	48
609	437	81	48
608	440	80	48
605	441	80	46
605	441	81	47
601	440	82	46
598	435	81	45
594	431	83	46
594	429	82	46
597	429	83	46
597	430	84	47
603	427	82	46
610	425	79	46
617	426	81	46
623	427	79	46
628	433	80	47
628	434	80	46
633	440	80	46
635	448	80	45
634	455	80	45
633	460	79	46
631	460	79	45
632	460	79	45
628	455	79	46
626	449	81	44
627	444	82	44
632	440	82	44
636	439	83	44
637	439	82	43
644	438	81	43
649	442	84	43
657	447	83	44
661	453	85	43
658	459	84	43
657	459	84	42
649	463	84	42
633	464	85	42
616	461	84	40
601	456	85	40
585	450	85	40
587	450	83	40
572	447	87	40
569	441	81	40
561	436	83	40
559	430	86	38
561	423	87	39
562	422	86	39
568	417	86	40
575	412	85	39
582	410	83	38
586	406	85	38
589	401	86	39
589	401	86	39
591	394	86	38
589	389	87	38
586	383	85	38
583	379	84	37
576	373	87	38
576	373	87	39
570	372	85	40
565	368	88	38
561	366	86	38
557	361	90	38
559	360	89	40
559	361	89	40
567	363	88	40
576	368	88	40
585	372	89	40
592	380	90	40
593	389	89	39
594	389	89	40
589	400	89	39
586	414	86	38
574	424	89	40
563	432	90	39
555	438	90	39
554	437	91	38
552	439	90	39
551	439	88	39
551	438	88	38
555	434	90	38
561	430	90	38
559	430	93	39
566	425	91	38
571	420	92	38
578	418	93	38
584	412	93	38
586	408	93	37
586	407	94	37
585	399	96	38
580	390	93	37
571	377	94	39
562	367	92	39
551	359	94	39
550	359	95	38
541	351	93	39
529	345	95	39
519	340	94	39
510	334	92	37
502	332	96	38
502	333	95	38
496	331	94	38
488	329	95	38
479	328	95	38
472	326	96	38
470	322	92	39
470	322	91	38
470	323	95	38
469	330	98	38
471	334	96	38
473	342	98	39
480	347	95	39
480	347	95	38
486	351	95	38
495	351	94	40
504	353	95	39
511	351	94	38
519	347	95	38
518	348	96	37
526	343	96	37
534	336	97	37
541	327	95	38
543	321	95	37
549	314	94	36
549	315	95	36
553	309	94	35
559	306	93	35
567	302	94	34
573	302	93	34
579	308	92	34
578	309	94	34
584	317	96	34
592	327	93	33
601	337	94	34
608	346	94	34
623	355	91	33
623	355	91	34
633	363	94	33
646	371	97	33
657	380	94	32
670	389	93	31
681	394	94	32
681	396	93	31
693	403	94	31
700	409	96	31
703	415	96	31
704	415	94	31
704	416	95	31
704	416	95	31
703	417	94	31
702	419	94	30
696	422	95	30
693	422	95	30
694	419	94	30
694	419	93	30
693	417	92	30
692	413	93	29
689	413	93	29
689	415	93	29
685	415	94	29
683	415	94	28
680	416	94	29
675	418	92	28
670	419	92	28
663	425	95	27
656	429	94	27
658	428	92	27
649	433	93	27
641	436	94	27
634	439	93	26
625	440	94	25
616	439	95	24
616	439	94	24
609	438	94	24
607	439	94	24
606	439	94	23
607	440	95	23
607	439	96	24
607	438	95	24
606	435	96	24
605	431	94	24
605	431	95	23
604	431	95	23
602	431	98	23
604	432	96	23
603	433	96	23
603	433	97	23
603	431	94	22
601	428	94	23
598	424	94	23
597	425	97	23
591	422	95	23
585	416	96	22
582	412	95	22
583	409	93	23
584	409	95	22
581	409	95	23
582	408	94	23
584	407	94	24
586	409	94	24
590	411	95	25
592	411	95	25
600	416	94	25
613	421	90	26
620	425	91	27
630	433	93	26
637	437	93	27
638	437	92	28
639	441	95	29
646	444	92	29
648	447	94	28
650	446	94	27
648	440	94	27
648	440	94	29
646	432	95	27
648	421	91	27
648	406	94	27
654	393	90	28
656	374	94	28
657	374	94	28
659	360	92	27
661	348	90	29
659	341	92	27
662	337	91	27
661	336	91	28
661	336	91	27
660	337	91	29
657	337	92	27
654	336	96	28
651	336	93	28
647	337	92	28
646	337	93	27
642	341	92	27
637	350	90	26
632	357	93	26
630	363	93	26
624	368	94	26
625	368	95	26
619	371	93	27
612	375	91	26
605	379	91	27
592	383	95	28
585	384	94	28
586	384	94	26
578	383	94	27
570	381	94	27
566	378	92	27
558	378	95	26
557	375	94	26
556	375	95	26
555	372	93	25
555	371	96	25
555	370	97	26
555	369	94	26
553	370	95	26
552	369	97	26
551	369	95	26
546	371	95	26
538	374	94	26
530	379	94	24
519	381	96	25
521	381	95	23
511	384	95	24
503	387	95	24
495	390	95	24
489	393	94	24
484	394	93	22
485	394	94	23
485	391	94	23
487	385	94	22
491	377	94	23
500	370	95	22
509	366	94	23
505	365	98	22
518	360	94	23
527	355	95	22
534	347	94	22
543	339	92	22
546	335	93	22
545	334	93	22
552	332	94	22
559	331	95	22
564	329	93	23
569	331	93	22
571	334	93	22
571	334	93	22
571	337	93	22
572	343	94	22
572	346	92	22
574	349	91	22
571	348	96	23
573	349	94	22
569	350	96	22
570	348	96	22
570	347	94	22
571	345	93	22
574	345	93	22
573	345	94	22
578	347	93	22
578	351	92	21
584	353	92	22
587	357	92	22
590	362	92	21
590	362	92	21
592	371	93	21
594	377	93	20
592	387	95	20
592	394	94	19
592	398	95	18
592	398	95	19
589	399	94	18
590	398	93	17
587	396	94	18
584	394	95	17
581	393	94	17
581	394	94	18
579	391	95	17
576	392	94	17
574	395	94	17
574	397	93	17
574	401	92	16
574	401	92	16
571	405	93	17
572	406	92	16
572	406	94	17
574	403	91	17
575	400	93	17
575	400	93	18
575	396	93	18
574	397	93	17
575	398	92	18
574	403	90	18
573	407	91	19
573	407	91	19
569	415	92	18
569	424	93	18
568	431	93	18
568	439	92	18
567	443	93	18
567	443	93	18
568	443	90	19
568	443	91	19
569	440	89	19
572	435	92	19
574	431	91	18
574	431	90	19
576	423	90	19
580	417	89	19
584	412	88	19
585	408	90	18
590	407	88	18
589	407	88	18
590	404	87	18
587	399	89	18
584	396	88	19
581	393	87	18
576	392	88	19
575	392	88	19
569	393	85	20
560	395	86	19
544	399	87	18
533	401	85	19
518	405	86	19
518	406	86	18
503	409	88	19
492	412	88	19
486	418	86	19
487	420	87	19
488	427	85	18
488	427	84	19
496	434	86	18
504	439	85	18
512	443	87	18
521	442	86	19
526	438	87	18
527	439	86	18
529	432	85	18
526	427	88	18
527	420	85	17
519	414	84	18
506	409	85	18
508	409	83	18
497	405	84	17
492	403	83	17
488	402	84	18
487	400	83	17
492	399	83	17
492	399	83	17
502	399	84	17
518	399	82	17
531	398	83	17
542	395	84	16
544	395	84	17
557	389	81	17
566	384	81	17
574	380	81	17
580	376	80	17
582	375	80	16
581	375	81	16
580	372	77	16
574	372	78	16
566	370	78	16
559	367	78	16
553	365	77	16
554	364	78	16
549	362	79	16
548	361	79	16
550	358	77	16
552	357	77	16
556	356	78	16
555	356	78	16
562	356	76	16
571	357	77	16
581	360	75	16
588	362	76	15
594	361	77	15
594	361	78	15
600	361	78	15
606	359	76	15
606	357	76	15
605	356	76	14
602	354	77	14
602	354	76	14
601	354	77	14
601	357	76	14
605	360	74	14
606	364	76	14
610	367	76	14
610	368	76	14
614	370	75	14
614	371	73	14
616	370	76	14
621	368	74	15
627	368	75	15
626	368	76	15
635	367	74	16
642	368	75	15
647	365	76	15
651	367	74	15
655	367	74	16
655	367	75	15
656	368	73	15
658	366	73	16
654	365	72	16
649	357	75	16
641	353	71	16
641	354	72	16
631	353	72	16
626	355	73	16
616	359	73	16
613	363	72	16
610	372	73	16
610	372	72	16
613	377	73	16
617	382	70	16
614	384	71	15
612	387	70	15
609	387	72	16
609	388	72	16
608	388	71	17
605	387	71	16
601	384	71	16
596	381	72	16
591	378	70	16
590	378	71	15
583	373	71	16
575	374	71	16
565	375	71	17
558	379	67	17
550	383	68	16
552	383	68	16
545	386	68	17
539	388	68	18
536	392	66	17
535	393	67	16
529	397	69	17
531	397	68	17
529	399	70	16
528	402	69	17
526	406	70	16
524	408	68	16
524	410	71	16
525	409	70	16
524	411	70	16
526	414	70	16
530	417	71	15
536	419	72	14
543	422	70	15
543	421	70	15
548	422	69	15
555	423	69	14
559	425	70	14
564	426	71	14
568	426	71	14
567	425	71	15
573	423	67	15
578	423	69	15
584	419	70	15
591	418	70	15
600	416	68	15
601	415	69	15
603	412	69	15
605	413	67	15
610	414	69	15
613	414	69	14
615	416	67	15
615	416	68	15
617	417	68	14
616	418	69	14
617	419	69	14
617	425	69	14
618	430	69	14
619	430	68	14
617	433	69	14
619	433	68	14
617	433	67	14
614	430	67	14
612	427	67	14
612	427	67	14
610	428	67	14
610	422	67	14
614	421	66	14
614	417	66	15
616	411	68	15
615	411	69	15
611	408	70	16
606	403	71	16
603	400	69	17
596	398	75	17
592	395	78	17
591	396	80	18
586	394	76	18
583	394	77	18
575	394	76	19
567	390	77	18
558	385	78	19
559	386	79	19
554	382	77	18
553	378	77	18
553	375	75	18
551	374	72	18
552	371	72	18
552	371	72	19
549	370	73	18
549	370	73	19
549	368	72	19
548	369	72	19
549	371	73	19
549	372	72	19
550	374	72	18
551	379	72	18
557	383	71	18
562	385	73	18
567	384	71	18
568	385	71	18
575	384	70	17
582	383	70	17
587	380	72	17
594	378	71	18
594	376	72	16
594	375	71	17
594	374	70	16
593	371	70	16
591	369	70	16
587	374	69	15
582	377	70	15
583	377	69	15
578	380	69	15
574	384	69	15
570	386	68	14
566	385	67	14
560	384	68	14
561	384	68	14
558	379	66	14
557	373	67	14
557	371	67	15
559	373	69	15
567	373	67	15
565	373	67	16
571	374	68	15
571	373	68	16
573	371	67	16
573	370	67	17
572	370	67	17
572	366	67	16
572	363	67	17
569	358	67	18
570	358	67	18
567	351	68	17
567	342	68	18
566	336	68	20
560	332	70	19
561	332	69	19
561	328	70	19
560	326	71	21
559	326	70	21
559	329	72	23
558	332	69	22
558	334	69	21
554	337	70	22
550	344	70	23
545	351	70	22
541	359	71	23
539	370	68	23
540	370	68	23
536	381	71	22
535	393	70	21
531	399	70	23
529	404	69	23
522	409	70	23
524	408	68	23
520	408	69	23
517	413	69	23
513	416	70	22
512	417	70	23
511	420	68	23
511	420	68	22
504	424	70	22
503	428	68	24
499	436	68	22
497	444	69	22
498	455	68	21
497	455	69	21
497	464	69	22
494	472	69	22
494	479	69	21
491	480	69	23
487	480	69	22
486	480	69	22
483	478	69	21
479	472	70	21
472	469	70	20
468	462	71	20
466	456	70	20
465	457	71	20
462	451	70	21
456	448	71	20
448	448	70	21
441	448	69	21
431	447	70	21
431	447	71	21
424	449	75	21
418	450	72	22
414	454	72	23
414	455	71	23
412	455	71	23
412	455	72	23
411	455	73	23
412	457	72	23
415	459	72	23
419	462	72	23
423	468	73	23
423	469	70	24
430	476	72	23
431	484	71	22
434	490	73	23
438	496	74	23
439	501	71	23
440	500	71	23
441	508	71	23
440	515	71	23
440	524	72	23
439	530	75	23
438	536	73	23
439	536	72	23
438	543	72	22
440	543	71	23
443	547	73	22
449	546	70	23
455	550	72	23
455	549	71	22
462	552	71	23
468	555	72	21
471	559	72	21
478	562	71	22
484	566	71	21
484	565	71	22
485	568	71	21
486	569	72	21
483	568	71	21
476	568	71	22
469	569	71	21
469	568	71	21
459	571	72	21
450	572	71	20
438	570	71	20
423	561	72	21
408	554	71	21
408	554	71	20
391	547	72	20
379	535	71	21
367	531	71	21
358	526	73	19
354	520	72	20
355	520	72	20
351	515	73	21
353	509	73	20
355	507	72	20
359	505	71	20
363	503	71	20
363	503	71	20
367	499	71	20
375	495	71	20
377	489	73	20
383	481	71	20
388	473	71	20
388	472	71	21
389	465	72	21
393	460	73	19
398	460	70	20
397	463	68	19
396	468	71	19
398	468	70	20
396	474	71	21
397	481	71	21
398	486	70	20
399	489	69	20
401	491	70	20
401	491	70	20
399	494	69	20
396	497	68	20
392	504	71	20
393	510	70	19
395	519	69	19
395	518	68	20
397	525	68	20
398	530	69	20
398	535	71	20
400	538	70	20
404	541	67	19
406	542	66	19
413	542	67	19
423	540	66	19
430	535	68	19
438	529	69	19
443	525	68	19
443	525	68	20
446	522	69	19
445	520	70	19
446	521	67	20
444	524	67	19
441	529	68	20
442	528	69	20
440	534	70	19
441	537	69	19
439	539	67	19
437	543	69	18
436	545	68	19
436	546	68	19
434	549	69	19
435	550	68	18
437	551	68	18
437	548	68	18
434	542	69	18
435	543	68	18
430	537	69	19
428	531	68	18
427	522	68	19
421	515	67	19
420	508	69	19
420	508	67	19
416	503	70	19
412	506	67	19
411	511	69	18
411	518	69	18
412	522	68	19
412	522	67	19
411	527	69	18
407	531	68	19
407	539	65	19
406	544	68	19
407	547	67	19
407	546	66	19
410	547	65	20
415	545	64	19
420	543	64	19
427	537	65	19
434	531	64	19
434	531	63	20
444	526	64	18
456	523	62	17
468	519	60	17
479	518	58	17
487	517	57	17
486	518	56	18
494	513	56	17
502	510	54	16
506	507	54	15
513	504	51	15
516	501	51	15
516	501	52	16
519	498	49	15
519	493	48	14
516	489	49	15
522	488	48	15
521	488	48	15
527	488	48	16
528	484	49	15
533	478	49	16
533	473	47	15
535	468	48	15
535	468	48	14
536	463	48	15
539	458	49	15
542	454	47	15
544	450	48	15
551	449	48	14
551	448	47	14
560	446	48	13
571	444	45	14
579	440	48	14
588	436	47	15
599	433	47	14
598	433	48	14
607	432	47	14
615	434	49	14
619	443	48	14
620	448	47	14
616	457	47	14
616	457	46	14
610	466	46	14
604	473	45	15
596	479	45	18
586	487	45	18
575	490	48	18
575	490	47	18
566	492	46	18
557	491	47	17
547	489	48	16
538	485	46	17
529	480	45	19
529	480	46	19
523	478	45	17
517	477	44	17
511	477	45	18
509	480	45	19
508	484	45	18
509	483	44	18
509	486	44	18
509	483	44	18
508	484	45	18
510	485	43	18
511	487	43	18
510	487	43	18
511	488	43	18
512	492	44	18
513	493	44	17
516	492	43	16
517	491	42	17
517	490	43	18
517	489	42	17
517	488	43	17
515	487	43	18
513	486	42	18
510	486	41	18
510	485	40	18
503	484	41	18
497	481	42	17
488	479	42	17
480	476	41	18
471	476	41	20
472	475	41	20
463	475	40	19
454	477	41	19
446	477	40	20
440	475	41	20
437	476	40	21
437	475	40	21
432	473	40	22
430	471	40	22
430	469	40	21
430	466	41	22
430	464	41	22
430	463	40	22
430	463	41	22
431	463	41	23
431	465	41	23
432	471	41	23
436	474	40	23
435	474	40	23
438	477	39	24
440	479	41	22
443	476	39	24
444	473	39	25
447	471	39	24
447	472	39	25
451	470	39	24
457	466	38	25
462	461	38	25
465	454	38	26
471	446	38	26
472	446	37	26
477	440	36	24
484	430	36	24
487	424	37	22
493	416	34	20
494	401	35	26
494	407	35	21
497	394	36	27
500	391	35	27
502	387	33	28
505	388	38	27
511	390	32	26
511	392	33	25
516	393	33	24
521	394	32	26
526	395	32	26
530	397	34	26
536	400	31	26
536	402	32	24
542	407	31	21
543	408	31	23
544	410	30	22
543	414	30	21
543	415	30	22
542	415	30	21
539	416	29	21
539	417	29	21
538	415	29	22
536	417	28	21
534	416	28	23
535	416	28	22
535	422	25	20
538	428	25	20
543	431	25	20
545	437	24	19
546	438	24	20
547	439	24	20
548	445	22	18
554	442	22	25
561	448	23	24
568	448	24	25
574	450	21	27
574	452	21	25
577	455	22	24
582	451	22	26
585	447	21	26
591	447	20	25
593	448	18	25
593	448	20	25
591	449	19	26
591	452	19	26
588	452	19	26
583	457	20	27
573	459	19	27
573	458	19	27
562	462	21	26
553	462	22	26
544	462	21	26
539	463	20	26
532	456	21	26
532	457	21	25
528	451	22	26
524	443	21	27
522	439	22	26
521	433	24	26
520	431	23	26
521	432	23	25
519	430	24	24
518	426	24	23
516	422	25	24
514	417	26	26
513	413	25	26
513	414	25	25
512	407	25	25
512	403	25	26
511	401	25	27
510	402	25	26
508	398	23	24
508	398	24	24
502	395	25	24
501	391	24	24
497	389	24	22
495	384	26	24
497	381	24	23
497	381	25	22
495	375	24	24
490	372	23	23
489	370	25	24
488	368	26	25
489	368	27	24
489	368	27	23
487	367	29	25
483	365	26	21
479	361	27	24
473	358	30	23
471	353	29	24
471	352	30	25
470	350	27	23
464	347	30	24
463	347	31	27
464	351	32	25
464	350	31	23
467	356	34	25
473	362	30	26
476	377	32	23
483	390	32	23
488	406	31	21
487	406	32	22
496	418	31	23
503	431	32	22
511	441	32	22
519	448	32	23
527	454	33	18
526	454	33	18
534	452	33	21
543	454	32	21
552	457	32	22
555	463	36	21
560	467	38	21
560	467	37	21
567	471	31	22
577	474	31	20
584	473	31	18
588	470	32	18
593	465	30	18
593	466	30	18
596	461	31	17
597	451	31	17
594	440	30	17
591	431	30	16
584	416	31	16
584	416	31	17
575	404	31	17
567	392	31	18
556	383	30	17
547	375	29	17
536	366	30	18
536	366	31	18
524	361	31	18
514	351	32	20
510	344	32	19
506	338	32	17
503	333	31	15
503	333	32	16
502	327	33	17
500	327	30	14
500	325	30	13
498	319	33	17
502	319	32	16
502	319	31	15
505	319	30	15
507	318	36	16
513	324	38	18
527	334	31	17
538	354	30	18
539	354	29	18
556	363	28	18
567	369	30	18
578	375	34	19
587	381	31	17
596	383	34	17
595	383	35	17
604	384	30	17
611	387	35	17
620	392	28	18
628	398	33	17
635	407	29	16
636	407	28	16
639	412	28	17
638	414	29	16
635	414	28	16
631	407	29	17
629	402	29	18
628	401	31	19
625	398	30	17
622	394	29	18
620	390	31	18
618	391	31	18
619	393	31	19
619	393	31	19
622	394	31	19
623	397	31	18
621	401	31	19
623	406	34	17
631	406	31	19
631	407	31	19
635	411	33	19
639	411	36	20
639	412	33	20
642	410	32	19
640	407	33	19
639	407	34	19
635	400	35	19
632	395	33	19
630	391	32	20
625	391	35	18
623	389	34	19
623	389	34	19
625	384	34	20
622	380	34	19
617	377	34	20
613	375	35	20
605	373	41	21
604	374	44	20
602	374	44	19
600	373	38	19
592	375	43	20
592	376	40	21
594	380	38	20
595	381	37	20
596	387	38	21
598	391	38	22
597	395	39	21
595	402	43	21
593	407	45	22
595	407	43	22
600	414	39	20
601	418	47	22
608	420	39	22
612	422	42	21
615	422	44	20
615	423	46	20
620	420	44	22
626	419	42	22
630	419	43	22
632	417	46	23
633	416	46	23
632	415	47	23
634	410	46	24
634	406	46	23
632	399	47	23
630	391	49	24
625	391	52	23
627	391	48	23
626	391	49	24
626	399	51	24
626	412	52	24
624	422	55	24
630	433	50	25
631	433	49	25
628	445	57	25
627	454	61	25
631	459	55	25
631	463	60	26
630	470	59	24
628	471	62	24
628	471	61	25
626	470	64	25
627	470	65	25
627	467	67	26
632	464	64	27
631	464	64	28
636	464	66	27
636	466	68	27
641	468	68	27
646	471	69	27
651	471	67	28
649	470	69	28
653	471	71	28
655	476	71	28
656	481	72	30
655	487	73	28
653	487	74	28
652	486	74	29
649	484	75	28
648	480	73	28
653	478	73	27
656	474	72	28
660	471	74	28
659	471	74	28
667	470	71	26
673	466	70	27
680	466	69	26
687	464	67	25
693	462	65	24
692	463	65	25
695	463	64	24
695	460	63	23
692	462	62	23
691	459	60	22
688	459	58	23
688	459	58	22
688	456	55	22
684	453	54	21
680	450	55	21
676	445	50	20
677	440	51	21
676	440	53	22
677	437	50	21
678	432	50	21
682	426	48	22
681	420	52	22
687	415	48	22
685	414	50	23
687	407	51	23
689	402	54	22
696	395	51	23
701	391	52	23
704	389	54	24
705	388	54	24
712	388	54	25
718	390	56	24
726	395	53	24
725	399	55	24
726	400	55	25
720	406	58	25
713	416	58	25
705	430	60	26
698	441	63	27
689	453	63	27
694	453	59	27
681	463	61	26
667	470	63	26
648	476	64	27
632	480	65	28
616	482	67	28
616	483	67	28
600	483	71	29
596	484	69	28
595	486	67	29
592	485	70	28
591	484	72	28
591	484	72	29
594	484	73	29
596	482	74	28
600	479	71	28
597	476	72	27
593	471	71	26
593	471	71	27
588	467	71	27
584	464	66	25
571	460	68	26
560	459	68	26
553	459	65	25
553	459	66	25
545	458	64	24
537	457	65	24
529	455	64	23
525	453	62	23
525	453	59	22
525	453	59	22
526	455	57	22
522	458	61	22
523	463	61	22
529	465	59	21
536	467	56	21
536	468	56	21
538	469	59	20
546	470	55	20
551	470	55	20
553	471	56	20
552	469	57	18
553	469	57	19
551	468	57	19
551	465	56	18
545	462	57	18
538	459	59	18
535	455	56	17
536	455	56	18
533	451	56	18
529	449	56	17
526	445	57	17
520	443	58	18
517	441	59	18
516	441	59	19
512	439	62	19
505	439	65	19
501	440	68	20
497	442	72	20
493	444	76	20
492	445	77	20
492	446	81	21
495	447	81	22
495	448	85	23
494	448	89	23
492	447	95	23
491	446	95	23
489	446	100	24
488	447	104	24
487	449	112	25
484	452	118	25
482	454	125	25
482	454	124	25
480	457	130	26
475	460	138	26
470	462	146	27
466	465	155	28
463	465	162	29
462	466	163	29
455	468	170	30
447	469	180	31
444	471	189	31
440	472	197	33
437	473	207	33
437	472	205	34
434	469	210	36
428	466	217	37
422	460	223	38
417	457	229	39
415	454	236	40
416	454	235	40
418	451	238	42
424	444	236	43
434	432	238	44
449	427	235	46
465	418	228	46
464	419	233	45
482	410	226	47
510	403	216	47
528	398	213	47
553	396	204	48
577	400	195	46
574	401	196	46
588	406	188	45
601	412	180	44
617	416	170	42
628	420	163	42
637	424	154	40
638	423	153	41
646	427	146	40
653	430	136	39
656	432	129	39
657	435	123	38
658	437	116	36
658	436	117	36
661	437	109	35
663	438	103	34
661	436	101	33
662	432	94	32
662	429	92	30
663	429	91	31
664	428	87	31
665	428	85	29
667	428	79	28
672	429	75	29
672	430	76	28
688	433	69	27
690	438	67	26
698	440	63	26
698	440	64	26
703	441	61	26
704	443	58	25
703	442	57	24
705	440	55	23
707	439	53	23
706	439	53	24
705	438	52	23
704	438	48	23
703	438	48	21
702	437	48	21
700	435	47	21
701	435	46	21
698	434	48	20
698	433	45	20
698	432	45	20
699	431	43	19
700	430	45	18
699	431	45	18
701	430	44	18
701	428	45	19
701	427	46	19
704	429	46	19
711	430	43	18
710	430	43	18
716	432	42	19
719	433	44	19
721	435	46	20
725	437	45	20
731	439	45	20
729	439	46	20
735	440	47	21
741	443	48	21
747	446	51	21
756	453	49	21
761	460	50	22
761	460	51	22
763	468	54	22
770	474	54	22
777	480	56	23
777	486	59	23
777	487	56	24
776	486	57	25
775	489	56	23
774	490	54	23
767	489	56	22
763	488	53	23
753	486	55	21
754	487	54	21
748	486	51	21
742	487	49	22
736	488	49	20
728	488	49	21
726	490	48	21
725	491	49	21
721	493	48	20
719	494	47	19
715	496	50	21
716	498	49	21
714	499	51	21
714	499	51	21
716	497	50	22
720	495	48	20
720	492	47	20
721	491	47	21
720	490	47	21
723	489	45	23
727	486	44	19
729	480	45	21
732	474	42	22
734	468	41	23
734	468	40	24
735	464	41	24
735	463	42	25
738	463	42	25
742	465	41	25
744	465	39	24
745	465	39	24
746	466	38	24
747	465	41	25
750	463	38	24
751	459	37	23
747	455	38	23
747	455	38	24
745	451	39	24
745	450	38	23
743	447	37	24
741	446	36	22
740	444	36	21
740	444	35	22
736	441	36	22
735	438	36	22
734	436	34	22
734	432	33	22
734	431	33	22
733	431	34	22
733	428	34	20
735	425	33	21
737	420	33	22
738	416	35	21
742	412	32	21
743	412	32	21
744	410	32	21
747	407	33	23
751	407	30	21
752	406	31	22
756	406	28	22
757	406	28	22
759	407	27	21
761	405	28	22
766	405	27	22
769	406	28	22
774	406	26	23
774	406	26	23
779	406	27	24
788	403	27	24
796	399	27	25
803	392	31	25
811	388	31	27
811	388	31	27
816	384	32	28
823	379	32	28
827	376	35	31
831	374	32	29
834	374	36	29
834	374	36	29
830	374	36	31
825	376	37	32
825	377	39	32
824	379	39	36
826	381	39	36
826	380	40	36
831	384	38	38
830	387	39	38
830	388	39	39
831	385	37	40
832	383	37	40
832	383	37	40
834	377	37	40
837	373	36	40
839	368	36	41
839	364	36	41
840	357	37	41
839	356	37	41
839	346	38	42
835	336	37	42
836	336	36	42
832	327	39	40
832	321	38	42
832	320	38	41
831	320	38	41
830	320	38	41
831	321	37	41
830	320	37	41
829	319	37	41
830	317	37	41
831	318	38	40
833	320	39	41
831	320	39	40
834	324	39	41
838	330	38	41
840	336	39	40
842	339	39	40
846	339	39	40
845	338	39	40
846	337	39	40
846	333	39	39
847	328	40	40
846	322	41	40
844	318	41	40
844	319	41	40
840	312	43	40
838	308	42	39
834	302	43	39
831	295	43	38
827	288	44	39
827	288	44	40
824	282	44	38
822	274	43	38
822	266	44	37
821	261	44	37
823	258	44	38
823	258	45	38
830	256	45	37
834	255	47	39
840	257	47	37
848	257	47	37
855	259	47	37
856	259	47	37
862	263	47	36
867	268	48	36
874	271	47	34
878	272	49	35
881	272	51	34
881	272	49	35
881	271	50	34
878	267	49	35
870	263	50	35
860	262	52	34
853	259	51	36
852	259	51	36
842	260	52	35
830	259	53	34
820	259	53	35
810	260	53	35
800	261	53	35
799	261	53	35
791	262	54	34
785	265	54	35
780	266	51	35
776	266	53	36
773	264	53	35
773	264	53	35
772	262	52	34
770	257	54	34
772	255	54	33
772	251	57	33
775	247	54	33
774	247	54	33
775	240	55	34
775	238	56	32
771	235	56	32
765	232	55	34
754	233	60	34
754	233	60	34
745	234	60	33
736	236	60	33
730	236	60	32
723	237	58	32
719	234	57	31
719	234	58	32
714	231	58	31
711	226	58	31
710	224	56	31
710	223	58	31
712	223	61	31
712	223	62	31
713	224	63	31
720	226	59	30
726	231	58	31
729	235	62	31
735	239	60	31
735	239	60	31
738	241	61	31
741	245	61	31
743	247	63	31
745	251	63	31
746	255	63	30
748	254	60	30
749	256	62	30
747	255	62	30
746	254	63	31
746	255	64	31
745	255	63	31
745	255	63	31
743	254	64	30
744	251	63	29
741	249	65	31
740	249	65	30
736	248	64	31
736	248	64	31
734	249	65	30
731	252	66	31
727	256	65	32
724	259	66	30
725	259	66	30
726	263	64	31
728	268	64	30
734	273	64	30
737	279	64	30
743	284	69	29
745	283	66	30
750	286	65	29
758	287	65	30
766	286	64	30
773	283	62	29
779	280	65	30
778	281	64	30
786	278	63	27
791	275	64	29
797	275	63	28
801	276	66	29
803	277	65	28
802	277	66	28
802	276	64	28
798	274	65	29
795	272	66	28
793	270	66	27
786	266	66	27
785	266	67	28
774	263	65	27
764	257	67	28
754	253	65	27
743	251	65	28
736	251	66	28
736	251	67	28
729	251	68	29
723	249	66	28
719	248	67	28
720	245	66	27
719	244	66	28
719	240	66	27
719	234	67	27
722	230	65	26
721	230	66	28
721	228	66	28
724	226	65	27
720	226	68	28
718	227	65	28
713	229	64	27
713	229	64	26
705	234	65	27
698	238	67	26
691	242	66	27
685	244	65	28
677	245	64	26
677	245	64	26
667	246	65	26
660	245	64	27
650	244	64	26
642	240	64	27
636	239	64	26
637	239	62	26
630	237	64	26
626	234	64	26
625	231	65	26
624	227	65	26
628	224	62	26
627	223	63	27
629	219	63	27
630	216	63	26
633	215	64	27
638	215	63	27
639	215	63	27
640	216	63	28
641	218	63	28
642	223	63	27
641	228	63	25
644	235	62	25
645	243	62	25
644	243	63	28
648	252	62	27
649	262	62	28
647	274	63	28
646	287	60	27
640	301	63	28
640	301	62	27
636	314	61	29
630	327	60	29
622	340	61	25
615	351	60	24
607	361	60	24
606	360	62	24
599	367	60	25
592	374	61	25
584	379	60	24
576	383	61	23
569	384	63	23
568	384	62	21
565	386	63	22
560	387	64	22
555	386	66	22
550	384	67	23
546	382	68	22
546	382	68	23
543	378	70	22
537	373	73	23
536	370	77	24
530	369	79	25
526	368	80	25
527	368	82	25
523	372	84	27
520	376	87	27
518	385	88	28
518	391	89	27
516	400	92	30
517	400	91	30
526	410	96	30
539	419	101	30
553	428	106	30
571	437	104	29
583	439	105	31
583	438	106	30
593	437	108	31
599	437	111	30
609	437	107	30
612	436	109	29
614	435	108	30
615	435	105	30
612	434	108	30
607	436	110	29
599	440	111	29
593	446	112	28
590	450	110	29
590	449	110	29
585	454	113	28
583	454	110	28
581	453	113	29
586	452	112	29
592	449	112	29
593	449	110	28
600	447	110	29
608	441	111	29
618	437	110	30
629	434	115	29
642	433	116	30
642	433	115	30
655	431	117	30
671	427	115	29
677	424	115	31
680	422	118	30
677	424	117	31
679	423	117	30
673	425	118	30
670	427	117	31
663	431	119	29
657	431	120	30
654	430	119	31
655	430	119	30
651	429	122	30
653	425	121	30
650	420	121	30
647	411	121	30
643	404	123	29
642	403	123	30
639	397	122	29
631	394	122	30
621	393	122	30
613	396	122	29
600	398	125	30
600	397	126	30
588	400	125	30
575	405	127	29
565	410	128	30
563	418	127	29
566	423	127	29
566	423	127	29
569	427	126	29
576	426	126	31
583	423	127	30
592	422	130	30
603	426	130	30
603	425	131	30
616	428	132	29
632	432	129	28
645	435	131	28
659	439	132	28
661	439	132	29
660	440	132	29
654	436	131	28
639	430	131	28
624	423	134	28
609	417	134	29
598	418	135	28
599	417	134	28
587	417	134	28
575	415	136	29
561	412	135	29
551	408	134	28
541	405	138	28
543	405	136	28
542	400	135	29
543	399	136	28
545	398	137	28
545	398	137	28
546	399	137	27
548	405	137	27
552	414	139	27
552	413	139	27
556	420	138	27
559	428	138	27
561	432	140	27
565	432	141	27
565	428	142	27
566	429	142	26
563	422	139	27
557	413	139	27
551	402	140	27
542	393	140	27
535	388	141	27
535	388	140	28
527	386	141	29
520	386	143	28
517	385	141	28
517	389	140	27
521	397	142	27
519	397	143	28
527	406	143	28
535	415	144	27
543	419	145	29
553	422	145	28
564	424	144	29
562	424	146	29
574	427	144	28
583	428	144	28
587	430	144	27
588	429	144	29
586	427	145	29
586	427	145	29
583	427	144	29
575	424	144	29
570	421	143	28
562	420	147	28
557	416	145	29
558	416	143	29
552	413	145	28
544	409	146	28
537	403	145	28
532	402	146	28
525	401	145	28
525	401	144	28
523	402	144	28
521	404	145	28
518	405	147	28
518	407	144	28
517	408	144	29
517	408	145	29
521	407	145	28
525	404	145	28
531	400	145	28
537	392	144	28
544	385	144	28
544	384	145	29
550	379	145	28
551	375	147	28
553	375	143	28
550	375	146	28
547	377	145	28
548	377	142	28
543	377	144	28
541	378	142	28
535	377	145	28
536	376	143	29
538	374	142	29
538	375	142	29
540	373	141	29
544	371	140	28
545	368	142	29
547	368	141	29
554	368	142	28
553	368	143	29
561	372	141	28
567	376	140	29
569	379	140	29
575	383	141	29
577	384	140	29
576	385	140	29
578	391	138	29
580	393	138	29
580	394	137	29
584	396	135	29
583	395	134	29
582	395	136	29
575	398	141	29
575	396	136	29
568	397	138	29
560	399	135	28
552	399	136	29
552	398	134	28
544	398	135	29
536	400	136	28
531	401	135	29
524	402	136	29
525	401	133	29
525	401	136	29
525	399	134	28
527	398	134	29
526	394	132	29
527	395	133	30
529	400	133	29
528	400	132	30
531	406	131	29
532	410	131	29
535	415	131	30
535	418	133	30
536	422	132	30
537	422	130	30
542	423	127	30
548	425	128	30
553	423	127	29
559	417	126	30
567	410	128	30
567	410	126	30
573	404	126	30
579	394	124	30
584	386	125	29
586	379	125	29
583	373	126	29
582	374	125	31
579	371	124	29
576	375	125	29
575	376	125	30
574	378	121	30
574	377	120	29
572	377	121	29
573	375	120	28
572	370	120	28
575	366	118	28
575	361	119	28
580	355	118	28
579	355	119	28
583	349	118	28
586	343	118	27
586	341	116	27
582	337	117	27
575	335	114	27
576	336	114	27
567	335	114	27
560	334	115	26
548	334	115	25
541	332	113	26
530	331	113	26
530	331	113	26
523	336	116	25
521	341	112	25
521	349	111	23
522	355	110	24
528	360	109	23
527	361	110	23
532	365	107	23
540	367	109	23
550	369	110	23
560	369	107	23
567	366	106	23
566	366	107	23
575	363	104	23
576	361	107	24
583	362	105	23
584	363	106	24
585	363	105	24
586	362	106	23
589	362	105	23
586	361	102	24
585	361	102	23
585	361	102	24
586	361	102	23
586	360	102	23
586	359	101	23
584	355	102	23
588	354	100	23
589	351	99	23
593	350	100	24
593	351	99	23
594	347	99	23
597	345	98	23
596	344	98	23
598	344	99	23
598	342	98	22
597	342	98	23
599	342	97	23
601	342	97	23
602	345	96	22
604	346	97	23
607	346	96	23
606	346	96	23
612	346	95	23
616	345	95	23
623	342	94	23
628	338	93	23
631	336	93	23
632	336	94	24
632	334	92	23
630	332	95	23
625	329	93	23
620	331	92	23
618	332	93	23
612	336	92	23
608	342	90	24
599	346	91	23
592	351	90	22
586	351	90	23
585	352	90	23
579	355	90	23
576	357	90	23
571	358	89	23
571	361	89	23
569	364	89	23
569	364	89	23
568	366	88	23
569	370	88	23
570	373	87	23
573	377	88	23
580	382	88	23
580	382	87	24
588	383	87	24
601	385	85	24
610	385	86	24
618	382	86	24
628	379	85	24
628	378	85	25
632	377	86	25
636	376	85	24
641	375	86	25
640	375	86	25
640	378	82	24
640	378	82	24
634	380	84	25
627	379	84	25
623	379	82	25
618	380	83	24
616	383	81	24
616	382	82	25
616	383	81	25
613	383	81	25
613	383	82	25
611	379	81	24
610	376	82	25
610	377	82	24
608	372	81	24
603	368	81	25
596	367	81	24
587	364	81	24
576	366	79	24
576	366	79	24
570	371	79	24
563	372	78	24
556	371	79	24
549	371	79	23
547	373	77	23
547	374	77	22
551	374	78	22
555	371	78	21
564	363	76	20
572	358	78	20
587	355	78	21
588	355	77	21
602	353	78	22
619	356	80	22
639	360	80	22
656	361	81	23
674	365	82	23
674	365	82	23
687	371	82	23
695	378	85	23
704	385	87	23
714	391	86	24
712	398	88	24
712	398	87	24
709	400	89	24
709	403	87	25
708	402	88	25
708	401	87	25
711	397	88	24
711	398	88	25
711	394	87	24
714	390	86	24
718	386	87	23
720	379	87	24
723	373	87	23
724	373	88	23
725	362	89	22
726	351	88	23
723	342	89	24
723	340	88	23
716	339	88	23
716	339	88	23
713	343	88	23
709	345	89	24
699	349	90	24
694	351	89	23
687	350	87	24
687	350	88	24
680	344	88	24
667	334	91	24
659	325	90	24
655	320	88	25
647	318	87	25
647	318	87	25
639	318	88	25
631	319	87	25
624	315	89	26
616	315	89	25
610	310	90	26
610	310	90	25
602	308	91	25
596	302	91	25
588	299	91	27
580	293	91	26
572	291	90	27
573	290	90	27
563	290	90	27
560	289	88	28
551	291	91	26
547	290	89	29
541	294	89	27
541	293	89	28
535	298	90	28
532	302	91	28
530	307	91	29
525	314	93	28
523	320	92	28
524	319	91	29
521	328	93	28
515	335	92	29
515	343	93	28
515	350	92	28
516	357	93	28
517	356	91	28
519	363	93	29
522	367	92	28
528	371	93	28
536	370	93	29
543	373	94	28
542	373	93	29
553	370	93	28
561	366	92	28
566	361	94	27
574	357	92	28
577	354	94	28
576	354	94	28
581	351	94	28
583	349	94	28
584	346	94	28
584	341	95	28
583	337	94	29
583	337	95	29
585	333	95	28
587	329	95	29
591	326	95	29
591	325	95	29
591	328	95	29
592	328	95	30
593	334	95	30
593	339	96	30
596	345	97	31
599	351	98	31
600	353	96	31
601	353	96	31
603	353	94	31
602	354	96	31
602	354	96	33
604	358	95	33
603	366	99	33
604	365	97	33
603	371	98	34
601	381	97	34
602	388	99	35
602	399	97	35
600	410	96	36
600	410	97	36
599	422	96	36
598	432	96	36
590	442	98	36
583	450	100	37
578	454	100	38
579	455	99	37
577	460	99	38
576	459	98	37
575	455	98	37
574	455	98	38
575	455	97	38
576	456	97	38
577	456	101	39
586	460	100	38
591	458	96	38
594	458	99	38
594	459	98	39
594	458	98	38
596	461	98	38
594	462	98	39
585	463	100	38
576	462	98	37
576	461	98	37
561	460	100	37
551	458	98	38
539	461	100	37
528	461	99	38
516	460	98	37
517	460	99	37
501	459	98	37
491	462	99	38
481	465	99	38
473	469	99	38
467	470	98	39
467	470	98	39
463	472	97	38
460	473	98	38
461	474	97	38
462	475	97	38
464	478	98	38
464	478	97	37
470	477	96	37
470	480	98	38
472	479	96	37
472	478	96	36
470	475	95	36
469	475	95	37
466	469	96	35
464	463	94	35
462	459	93	35
460	456	94	35
460	452	94	36
459	451	96	36
457	447	94	34
457	441	93	35
456	434	91	35
455	430	94	34
456	429	92	36
456	429	93	36
454	432	96	36
450	435	92	35
446	440	95	36
440	443	92	35
432	442	93	35
432	442	91	34
425	443	90	33
416	447	92	32
411	453	93	33
410	457	91	34
409	463	91	33
410	463	92	32
411	466	91	33
410	470	91	32
414	473	89	29
415	472	88	30
422	467	88	33
423	465	87	36
432	459	88	36
447	455	83	33
454	442	86	34
466	431	88	34
477	416	86	36
475	416	89	36
485	407	88	34
487	400	88	34
490	399	86	33
493	397	87	34
494	398	88	33
495	398	87	33
495	398	87	33
496	396	86	32
501	390	83	31
503	388	84	32
509	383	81	32
508	383	82	33
515	381	82	31
527	379	80	32
537	380	83	31
549	379	81	31
557	381	82	30
557	381	82	30
563	382	82	31
569	388	82	30
575	395	80	30
578	398	78	30
582	405	79	29
582	405	79	30
586	412	81	29
586	420	80	28
587	430	78	28
591	439	78	28
595	448	77	28
594	447	77	29
602	456	79	27
604	459	78	28
612	461	76	28
616	462	77	28
621	463	76	28
620	463	76	28
629	464	80	29
634	465	77	28
640	466	78	28
640	464	77	28
632	461	77	26
632	461	77	28
623	458	73	26
611	454	76	26
598	453	74	28
583	448	74	27
567	443	78	27
567	442	77	29
554	437	75	27
544	430	75	27
543	422	76	28
543	415	75	28
543	404	76	30
543	404	75	29
546	397	77	28
553	389	73	29
559	383	75	30
566	379	74	29
571	377	74	31
570	377	75	31
577	373	74	30
583	370	72	31
586	369	71	33
591	368	70	32
592	366	70	32
591	367	72	33
594	364	72	32
600	360	70	32
607	355	67	33
610	353	68	36
614	351	66	34
615	351	66	35
619	348	68	34
623	344	66	34
625	340	68	36
624	336	64	38
623	331	62	38
622	330	63	39
614	328	63	38
601	327	63	40
589	334	62	38
582	343	59	38
575	352	58	39
574	351	59	41
568	362	58	41
565	367	57	43
565	373	56	42
567	374	55	42
569	375	54	43
570	376	55	43
574	375	52	43
578	375	53	43
584	376	53	43
590	376	50	43
598	377	51	44
598	378	50	44
599	373	49	44
594	374	49	44
586	368	50	46
579	366	50	45
572	367	48	45
573	367	48	45
564	367	49	47
558	371	47	46
552	373	46	45
546	376	47	46
543	380	45	45
543	379	45	46
540	384	46	46
541	386	45	45
543	386	45	45
548	385	44	45
551	381	42	47
550	381	42	46
556	382	43	45
559	382	42	45
560	384	43	44
562	385	42	45
566	388	41	45
565	387	41	46
567	387	40	45
574	391	40	42
576	393	40	42
579	398	39	41
581	406	40	40
581	406	39	38
578	412	43	40
574	416	40	38
568	419	41	38
562	419	42	38
554	422	42	37
553	423	42	36
545	422	42	35
540	423	43	35
534	422	40	33
525	423	41	33
516	428	41	32
517	428	40	32
519	430	43	34
522	436	42	33
528	436	42	34
530	441	44	32
531	441	42	32
538	442	40	32
545	445	38	28
556	448	34	26
563	447	34	24
565	443	37	27
564	442	42	29
565	438	34	25
566	439	33	24
560	433	37	25
553	430	40	23
547	428	40	21
546	427	40	23
540	422	33	20
525	413	39	20
519	407	33	20
516	407	36	19
513	408	35	17
513	407	35	18
510	408	34	18
508	412	36	17
510	415	35	16
509	419	35	15
512	419	36	15
512	419	36	14
517	420	36	15
520	423	38	14
522	420	43	14
530	417	38	14
535	410	46	16
534	411	46	16
537	406	44	14
539	394	44	18
539	387	47	13
539	375	50	18
535	366	50	23
534	368	50	22
528	359	48	23
528	359	51	21
529	358	51	21
530	353	52	23
529	351	54	24
529	351	53	24
528	351	54	24
530	350	53	22
534	346	51	24
538	343	52	23
543	343	54	23
543	343	54	23
552	345	53	24
561	347	57	26
577	356	55	24
602	366	53	22
621	371	56	25
620	370	58	25
632	375	61	24
644	376	58	25
648	376	61	25
646	369	61	23
640	362	57	19
640	360	58	21
629	347	58	22
621	336	58	22
603	326	60	18
592	320	59	18
575	311	63	21
576	311	62	21
564	309	62	19
554	305	62	20
548	305	65	19
549	309	66	21
555	313	69	21
556	313	67	22
563	314	65	23
566	320	66	22
569	321	66	21
573	324	67	23
579	326	67	23
577	327	67	23
582	329	70	24
585	331	69	23
588	334	71	23
591	337	69	24
595	340	69	23
596	341	69	23
597	341	69	23
591	336	71	24
586	331	71	24
583	320	70	25
579	305	72	24
580	305	71	24
574	290	73	24
567	281	72	26
556	278	74	24
545	278	74	25
540	279	72	26
541	279	73	25
