266	202	27	62
267	200	26	63
269	199	27	63
271	200	27	63
274	199	27	63
273	199	28	63
276	197	28	63
277	195	28	63
279	193	29	63
280	190	29	63
279	187	31	63
279	187	31	64
279	185	30	64
280	184	30	64
279	183	29	63
280	182	28	64
280	182	28	63
280	181	28	64
281	181	27	63
281	181	27	64
281	181	27	64
281	181	26	64
280	182	26	63
280	181	26	63
280	180	26	63
281	179	26	63
282	178	26	63
283	176	26	64
283	176	26	64
283	176	26	64
284	175	27	64
286	174	27	64
287	173	27	64
288	172	28	65
288	171	28	65
288	171	28	65
289	169	28	65
289	168	29	66
289	167	29	66
290	166	30	66
289	165	30	66
289	165	30	66
290	164	29	66
291	163	29	66
291	162	28	66
290	162	28	65
290	161	28	65
290	162	28	65
290	161	27	65
290	161	27	65
290	160	26	65
290	159	27	65
290	158	27	65
290	159	27	65
290	158	27	65
289	156	27	65
289	155	27	65
289	155	27	66
288	154	28	66
287	154	28	66
288	153	28	66
289	152	28	66
288	152	29	67
289	153	30	66
289	153	31	66
288	153	31	66
289	152	31	66
290	151	31	66
291	151	30	66
292	152	29	66
291	152	29	66
291	152	30	66
291	152	29	66
291	151	29	66
290	152	29	66
290	153	28	67
289	153	28	66
290	153	28	67
289	153	28	66
288	153	28	67
288	153	28	67
287	153	29	67
287	152	29	67
286	152	29	67
287	151	29	67
287	150	29	68
287	149	30	68
287	151	30	68
288	152	29	68
288	151	30	68
289	152	29	68
289	152	29	69
290	152	29	69
290	152	29	69
289	152	31	69
290	152	30	69
290	153	30	69
291	153	30	69
290	154	29	69
290	155	29	69
291	154	30	69
291	154	30	69
291	154	30	69
290	155	29	68
291	155	29	68
291	155	29	68
290	155	29	68
290	156	29	68
290	156	29	68
289	157	29	68
289	160	29	67
289	160	29	68
289	160	29	69
289	160	29	69
288	160	30	69
288	161	30	69
289	162	30	69
289	163	29	69
289	163	30	69
289	162	30	70
291	164	29	69
291	164	29	69
290	163	29	70
289	164	30	70
289	163	30	71
289	164	30	71
290	165	30	71
289	164	30	70
289	164	31	70
288	163	31	70
288	163	31	69
288	163	31	69
287	164	31	70
287	163	31	71
286	163	30	71
285	164	30	70
285	164	31	71
285	164	31	71
284	163	31	71
284	164	31	71
283	164	31	70
283	163	31	71
281	162	31	70
282	163	30	70
281	162	31	71
281	163	29	71
279	162	30	71
278	161	29	71
277	160	29	70
277	161	28	71
276	161	29	71
274	160	29	70
272	160	29	67
270	159	30	66
269	158	29	62
269	158	30	62
266	158	29	61
262	158	31	59
259	158	33	57
256	157	34	58
253	157	33	58
254	157	32	59
252	156	33	59
249	155	33	58
248	155	31	58
247	155	31	59
247	154	31	59
247	154	30	59
246	154	30	59
246	154	29	59
246	154	29	59
245	154	29	60
244	154	29	60
244	154	29	59
243	153	29	61
243	153	29	61
242	152	29	61
241	152	29	62
241	152	30	61
240	152	29	61
239	152	30	61
238	152	31	60
235	152	31	58
234	152	31	56
233	151	31	57
234	151	30	56
233	151	31	56
232	151	31	58
231	150	31	59
230	149	31	59
229	150	32	60
229	149	31	61
228	149	31	60
228	150	31	60
228	150	31	61
227	151	32	60
228	151	32	57
227	151	32	57
227	151	32	57
227	150	32	54
227	150	33	55
226	150	32	55
226	149	32	57
226	149	33	57
227	148	32	59
226	149	31	57
227	149	30	56
226	150	30	57
225	149	31	57
225	150	31	57
224	151	31	56
224	151	32	58
223	150	32	59
223	150	32	59
224	150	31	59
224	150	31	60
224	149	31	60
224	150	31	62
224	150	31	63
225	150	30	61
226	151	30	61
226	151	30	59
226	151	30	60
226	151	30	60
227	151	30	60
227	151	30	60
226	153	30	61
226	153	30	61
226	152	31	60
227	152	31	60
226	151	31	59
226	151	31	60
228	151	30	60
227	151	30	58
229	151	31	60
230	152	31	59
230	151	32	58
229	150	33	59
230	150	32	60
230	150	32	60
229	149	32	59
230	149	32	60
230	149	32	60
230	149	32	60
231	148	31	64
232	149	31	59
233	149	31	62
233	149	31	64
234	148	31	65
234	147	31	66
235	147	31	68
236	147	31	69
235	146	32	71
236	146	32	71
235	146	32	71
235	146	32	71
235	145	32	71
235	146	32	71
234	147	32	71
233	146	32	70
232	147	32	68
232	147	32	68
232	146	32	68
231	147	32	68
232	145	32	69
231	146	32	70
231	145	31	74
231	145	31	76
232	147	31	77
231	146	31	77
232	147	33	77
232	147	32	79
232	148	34	79
231	147	36	79
231	148	36	79
232	148	36	79
232	148	35	80
232	150	36	80
233	151	36	80
232	151	35	80
232	150	35	80
232	151	34	80
232	150	34	79
232	150	34	81
232	151	33	80
233	151	33	81
233	151	33	81
233	151	33	80
234	151	33	80
234	151	33	81
234	151	33	81
234	150	33	81
234	151	34	81
235	151	33	81
234	152	34	81
235	154	36	81
235	156	37	82
237	157	37	83
237	157	40	82
237	157	40	82
237	157	39	82
238	158	39	83
226	160	51	82
237	160	43	82
239	160	37	84
238	161	37	83
240	161	35	83
241	161	34	83
240	161	33	82
240	163	32	83
240	163	32	83
240	163	32	83
232	165	38	87
240	166	31	83
215	171	52	92
221	166	48	86
235	164	32	81
235	164	32	81
233	163	33	82
233	164	31	81
230	163	33	81
228	165	34	80
227	165	33	81
226	165	34	81
225	165	33	82
223	165	34	83
222	165	33	83
222	165	34	83
222	164	33	83
223	164	32	83
222	165	32	83
221	164	32	84
221	164	32	84
221	164	31	84
220	165	31	84
220	165	31	85
220	165	31	84
218	166	32	83
212	167	37	84
213	167	34	89
199	167	48	96
204	165	44	91
206	164	41	110
194	166	53	111
191	167	50	111
210	166	35	86
214	164	32	85
212	166	34	82
212	164	36	82
207	167	42	83
213	165	35	86
220	166	29	86
222	165	27	85
221	165	28	85
221	165	29	84
221	164	31	85
222	164	30	86
223	164	30	86
223	165	30	86
223	164	31	86
225	164	30	85
226	164	29	86
228	165	28	87
226	164	29	88
225	165	31	86
225	166	31	86
224	165	32	88
223	164	34	89
223	163	34	87
224	164	33	84
225	164	33	85
225	164	32	85
227	164	33	85
230	164	33	84
230	165	33	86
234	165	31	88
235	165	30	88
235	165	30	89
236	165	29	88
238	164	30	89
238	164	30	89
239	164	30	89
240	164	31	89
239	165	31	88
239	166	32	88
239	165	31	88
239	165	31	89
239	166	32	90
240	165	32	90
240	167	31	89
240	167	32	89
240	166	32	90
240	167	33	89
241	166	34	90
241	167	33	90
242	166	34	89
241	166	34	90
242	167	34	90
242	167	37	90
244	166	38	91
243	166	38	92
243	166	38	93
244	167	38	93
243	165	40	93
243	165	42	94
244	164	41	95
245	163	41	95
243	164	43	95
245	162	41	96
246	162	41	96
245	162	43	96
247	162	41	96
247	161	41	96
247	162	41	95
248	161	40	96
247	163	40	96
247	162	40	97
249	163	38	97
249	163	38	97
249	163	38	96
249	164	38	96
249	162	39	97
249	163	38	97
249	163	39	96
250	163	39	97
250	163	39	96
250	163	40	96
251	163	42	97
251	164	43	97
252	163	43	98
252	164	43	98
253	164	43	97
254	164	43	97
256	164	42	98
256	163	42	98
258	165	42	98
258	164	42	98
259	164	42	98
259	164	42	98
260	165	41	97
261	165	41	96
261	166	41	97
261	166	40	97
261	166	40	97
261	167	40	97
262	167	40	97
262	166	40	98
263	166	40	99
262	167	40	98
263	166	40	99
263	166	41	99
263	166	41	99
263	167	40	99
264	167	42	99
265	168	42	100
265	167	42	100
266	168	42	101
267	169	42	101
268	169	42	102
269	171	42	101
270	171	42	102
270	170	42	102
271	170	42	102
271	170	42	102
272	171	43	102
273	171	43	102
273	172	43	102
272	172	43	102
273	172	43	102
273	173	43	102
272	174	42	102
272	175	42	101
272	176	41	101
272	176	41	101
271	176	42	101
270	176	42	101
269	176	43	101
269	176	43	101
268	176	44	101
268	175	44	102
268	176	43	102
269	176	44	102
269	176	44	102
269	176	44	102
269	177	43	101
269	177	44	102
270	176	43	102
270	177	43	103
270	176	43	103
271	177	43	102
271	177	44	103
272	177	43	103
272	176	44	103
273	176	43	104
273	174	43	103
273	174	44	103
273	173	44	103
274	174	44	103
273	175	45	103
273	176	45	103
273	176	44	102
274	175	44	103
274	174	43	104
273	175	43	103
274	174	42	103
273	173	43	103
273	172	43	103
272	172	43	103
272	171	44	104
272	172	44	104
271	170	44	103
272	168	45	104
272	168	45	105
272	168	45	105
273	167	45	106
273	167	45	105
274	169	44	106
274	169	45	106
274	167	45	106
274	167	46	108
274	165	45	107
264	162	54	111
230	166	86	106
275	165	46	106
276	166	46	107
276	168	46	107
277	169	45	106
276	169	45	106
276	169	45	106
276	170	45	106
276	170	45	106
276	171	43	105
276	171	43	105
276	172	43	105
275	171	44	105
275	171	44	106
274	170	44	106
274	170	45	107
274	169	45	107
274	170	45	107
275	169	46	108
275	169	46	108
276	169	45	109
276	169	45	110
278	169	46	110
277	169	46	110
277	170	46	110
277	170	47	110
278	169	48	110
278	169	48	110
280	169	48	110
280	169	47	110
280	169	47	110
281	169	47	110
281	169	48	110
281	170	47	108
282	171	47	109
281	170	47	109
281	171	47	109
282	171	46	110
282	172	45	110
281	171	45	109
282	171	45	109
281	171	45	110
281	171	45	110
281	171	46	110
280	170	46	111
280	171	46	112
280	170	47	112
280	171	47	112
280	170	48	113
280	170	48	113
281	171	48	113
282	170	49	113
283	171	49	114
283	171	50	114
283	170	49	114
284	170	50	115
285	169	51	116
285	170	51	116
287	169	50	115
285	170	50	116
286	169	49	116
287	169	49	116
288	169	48	116
288	170	47	115
288	169	47	118
288	169	47	118
288	170	47	118
289	168	46	119
289	167	47	121
289	167	46	120
289	166	47	121
290	166	46	121
290	164	47	124
291	166	46	121
291	165	46	121
291	166	46	121
292	166	48	122
292	166	47	121
293	166	52	122
294	166	50	123
295	167	50	122
296	167	50	122
297	168	51	123
297	167	50	123
297	167	52	123
299	166	51	124
300	167	51	124
301	167	51	124
301	167	50	124
302	167	50	123
302	167	50	123
302	168	49	123
301	169	49	124
301	169	49	124
300	170	48	124
300	171	49	124
300	171	48	124
299	172	47	124
298	172	48	124
297	174	47	123
296	173	48	124
296	173	48	123
296	174	49	124
295	173	49	124
295	174	49	122
294	172	50	126
295	175	49	122
295	175	49	122
295	175	50	123
294	175	53	123
293	176	54	124
293	177	54	124
293	177	55	123
293	177	54	124
293	177	55	123
291	178	57	123
292	178	57	122
292	179	56	122
293	179	56	121
293	178	56	121
294	179	56	121
294	179	56	121
294	179	56	121
296	178	54	120
297	178	53	121
297	179	53	121
297	179	52	120
297	178	52	120
297	178	52	121
297	179	52	120
296	178	52	120
296	178	52	120
296	177	52	121
296	177	52	121
297	177	52	121
296	178	52	120
297	177	52	120
296	177	51	120
297	177	52	120
297	176	51	120
297	175	51	120
297	175	51	120
296	175	51	121
296	172	51	126
296	174	51	122
293	170	54	130
294	173	51	122
294	172	51	123
292	170	52	124
292	171	52	125
292	172	51	123
291	173	52	121
291	173	51	120
290	174	51	119
290	174	50	119
290	174	50	119
289	173	50	118
288	173	50	118
287	172	50	118
287	173	50	118
286	173	50	118
286	173	50	117
285	172	50	118
284	172	50	117
283	172	50	117
283	173	50	118
282	171	50	117
282	172	50	117
282	172	50	118
281	171	50	118
280	171	50	118
280	170	50	119
278	171	51	119
278	170	50	119
278	170	50	120
277	169	50	119
276	169	51	120
277	168	50	120
276	169	50	120
276	168	50	121
276	168	49	120
275	169	49	120
275	170	49	120
275	171	49	118
275	172	50	118
275	173	50	118
275	172	51	117
275	175	53	116
275	175	51	115
275	176	50	115
275	175	50	116
276	175	50	116
276	175	50	116
275	174	50	116
275	176	51	115
276	175	52	116
276	175	52	117
275	175	52	117
276	175	51	117
276	176	50	116
277	175	50	117
277	175	50	117
276	176	55	117
276	176	57	116
276	176	51	117
276	175	51	119
275	176	51	118
277	176	50	118
277	173	49	120
277	173	49	120
277	173	49	120
276	175	50	119
276	177	50	117
275	178	50	116
275	179	50	116
276	178	50	116
275	180	50	116
275	178	50	117
275	179	50	116
273	179	51	117
274	179	50	117
274	179	50	117
274	179	50	117
274	180	50	117
273	179	50	118
273	180	50	118
273	180	49	118
273	179	50	118
272	180	50	118
272	180	50	118
272	179	50	119
272	180	50	119
271	181	50	118
272	180	50	119
270	181	50	118
271	181	50	119
270	181	50	119
271	180	49	120
270	180	50	120
270	180	49	120
270	180	49	121
269	180	50	121
270	179	50	121
268	181	50	120
269	180	49	121
268	180	49	121
268	181	50	121
268	181	49	121
267	182	49	121
267	182	50	121
267	183	50	120
266	182	49	120
266	182	50	120
266	183	49	120
264	183	50	120
263	183	50	120
262	183	50	121
262	183	49	121
260	183	49	121
258	183	49	121
255	183	50	122
251	183	50	123
245	182	50	124
246	181	51	124
240	182	50	125
234	182	50	125
228	182	50	126
221	186	50	124
214	187	50	124
213	186	51	125
208	189	50	124
201	190	50	124
195	192	50	123
188	191	50	123
180	191	50	124
180	191	50	124
173	192	50	123
165	192	50	123
157	194	50	123
151	192	50	124
144	193	50	124
143	192	51	124
137	192	50	124
132	192	50	124
126	192	49	124
120	192	50	124
114	192	51	125
113	192	51	125
108	193	51	125
102	193	51	125
96	194	50	125
90	194	51	126
85	195	51	125
85	195	51	125
80	196	51	126
75	197	51	125
70	198	51	126
65	198	51	126
60	200	50	125
59	200	51	125
54	201	51	125
49	203	51	125
44	205	51	124
39	206	52	124
33	206	52	124
33	206	52	124
28	207	53	125
23	207	54	125
20	208	53	125
15	209	53	125
11	210	52	125
12	210	52	125
7	211	53	125
4	211	53	125
0	211	52	125
1	210	51	124
0	211	52	124
0	211	51	125
1	210	51	125
1	211	52	125
2	211	53	126
4	210	53	127
5	210	55	128
4	210	56	128
4	210	57	129
10	209	54	130
8	211	56	129
12	210	54	129
13	210	55	129
12	210	56	129
15	210	54	130
16	211	56	130
17	210	55	130
18	210	56	130
22	209	53	130
19	209	57	129
25	208	53	129
24	207	56	129
30	206	53	129
32	206	54	129
35	205	54	129
33	206	56	128
40	204	52	128
41	204	54	128
45	204	52	128
47	203	53	128
51	203	51	128
48	203	55	127
53	203	51	128
54	204	53	127
57	204	51	127
60	202	51	127
62	201	51	126
61	201	53	126
66	200	50	127
66	201	52	126
69	201	51	126
70	202	51	126
72	202	51	127
73	201	51	126
74	200	51	126
74	198	52	127
75	196	52	127
77	196	52	127
79	195	52	127
78	194	53	127
80	194	52	127
81	194	52	127
82	194	52	127
83	193	52	127
82	192	52	127
82	192	52	127
84	191	52	127
84	191	52	126
84	191	52	126
88	189	50	127
88	190	51	126
88	191	51	126
89	189	50	126
90	189	50	125
90	189	50	125
92	188	50	125
93	188	50	125
93	188	50	125
95	187	50	125
96	186	50	125
97	185	50	125
99	184	50	125
101	183	50	125
102	183	50	125
104	181	50	126
105	182	50	126
107	182	50	126
109	183	50	126
111	183	51	126
111	183	50	126
112	183	51	126
114	183	51	126
115	184	51	126
116	184	51	126
117	183	51	126
118	183	50	126
118	184	50	125
119	184	50	125
120	182	51	126
122	182	50	125
123	182	51	125
124	183	50	125
126	181	50	126
129	181	50	126
131	181	50	126
133	181	50	125
135	181	50	125
135	181	50	126
137	181	50	125
139	181	51	125
141	182	51	125
142	182	51	124
143	181	52	125
144	181	53	125
145	181	54	125
147	182	54	125
149	181	54	125
150	181	56	125
152	181	56	124
152	181	57	124
154	181	57	124
157	181	57	124
159	180	58	125
161	181	58	124
163	180	59	125
163	180	58	125
165	180	59	125
168	180	58	124
170	179	58	124
171	180	59	123
174	179	58	123
174	180	58	123
177	179	58	122
179	180	57	122
182	180	58	121
185	176	58	121
188	174	57	120
188	175	59	120
190	172	58	120
192	172	60	120
194	171	60	120
196	170	60	120
198	169	60	120
198	168	60	119
200	166	61	120
201	165	61	120
203	163	62	120
204	161	62	120
206	159	62	120
206	159	61	119
208	157	62	120
210	156	62	119
211	155	63	119
213	154	61	118
215	153	61	118
215	153	62	118
217	153	62	119
219	152	61	118
222	152	61	118
224	150	60	118
226	149	60	118
226	148	60	118
228	145	60	119
230	143	60	120
231	139	60	120
234	137	60	121
236	135	61	122
236	135	62	122
238	133	62	124
240	131	65	124
242	130	67	126
244	127	68	126
247	124	70	126
248	124	67	126
249	122	69	126
251	120	69	127
254	119	69	126
257	120	68	126
259	120	68	126
259	119	67	126
262	120	67	126
264	119	67	126
267	119	66	126
269	118	67	126
271	117	67	126
272	116	66	126
273	115	67	127
275	114	66	126
277	114	67	126
279	113	66	126
280	112	66	125
280	112	66	126
279	111	65	125
280	111	65	125
278	110	64	125
278	112	63	124
276	115	63	123
276	115	63	124
276	118	62	123
276	119	62	123
276	122	62	123
277	124	62	123
278	124	63	124
277	124	63	124
277	125	64	124
276	125	64	124
275	123	64	125
272	123	65	125
271	122	66	126
271	122	66	126
268	122	67	126
267	123	67	126
266	126	68	126
264	127	68	127
263	130	68	125
263	129	68	126
262	131	68	125
261	133	66	125
260	134	66	125
260	137	65	124
258	139	62	123
259	138	64	124
259	142	61	122
257	144	61	122
256	146	60	121
254	147	60	121
252	149	59	120
252	149	59	121
249	151	60	121
247	154	59	120
246	155	60	121
244	156	59	122
243	158	60	122
243	158	60	122
242	159	59	122
241	161	59	122
241	163	60	122
241	165	60	122
241	166	60	121
241	166	61	121
240	170	60	120
239	170	60	122
238	170	59	122
238	172	60	122
237	173	59	122
237	172	59	123
236	174	60	123
237	175	60	123
237	175	62	124
235	175	63	124
235	175	64	124
234	175	65	124
235	176	63	125
234	178	64	125
233	179	64	124
234	181	63	124
232	181	64	123
232	182	63	124
231	181	63	124
231	184	60	122
230	184	60	122
230	186	59	121
229	187	58	120
229	187	59	120
228	189	58	119
228	190	59	120
227	190	59	120
226	191	58	120
226	191	58	120
226	191	59	120
225	192	58	120
225	193	57	120
224	193	58	121
224	193	57	121
224	193	57	122
223	194	57	122
224	193	58	122
223	194	59	122
223	193	59	122
222	192	58	122
222	192	58	122
223	192	59	122
222	193	59	122
222	194	58	121
221	193	57	121
222	193	56	120
222	192	54	120
222	192	53	120
221	192	55	120
222	192	54	120
221	192	54	121
221	192	54	120
221	193	53	121
221	193	54	121
222	191	54	120
222	191	54	121
222	189	54	122
222	189	54	123
223	188	53	123
223	188	53	124
224	188	52	124
225	187	52	125
227	186	53	125
229	185	52	126
231	185	53	125
231	184	53	125
233	187	52	124
235	188	53	123
236	189	51	123
238	191	51	122
238	192	51	121
238	192	51	122
239	192	51	121
240	192	51	121
241	191	53	121
242	192	50	121
241	193	51	120
242	192	52	121
242	194	53	121
243	194	52	122
242	194	53	122
243	194	53	122
243	193	54	123
242	193	53	124
243	192	53	123
244	191	52	124
244	192	51	123
244	192	51	123
244	195	50	121
244	195	50	121
244	194	50	121
244	195	50	121
245	195	50	121
245	195	51	122
245	195	51	122
244	196	51	122
245	196	51	122
246	196	50	122
246	196	50	122
246	195	50	122
246	194	50	122
247	195	50	122
246	195	49	122
246	195	50	122
247	196	49	123
247	196	49	124
247	195	49	124
247	195	49	124
247	194	49	124
247	193	49	124
247	193	49	124
247	193	49	124
247	194	49	124
248	193	49	124
247	194	50	123
248	195	50	123
248	194	50	123
247	194	50	123
248	193	50	123
247	193	50	123
248	191	50	123
248	190	51	124
248	190	50	124
248	191	52	124
248	190	53	124
248	190	53	124
248	189	52	124
248	188	54	124
248	187	66	124
248	185	52	126
246	186	65	124
247	186	52	126
247	186	63	124
247	185	62	125
246	184	62	124
247	184	61	124
245	184	58	124
246	184	60	122
246	184	60	123
245	184	59	123
245	185	58	123
245	186	58	123
244	185	57	123
244	185	59	123
244	184	57	124
243	183	56	124
244	181	56	123
244	180	53	123
244	180	53	124
243	180	53	124
240	181	56	123
239	180	57	123
239	180	57	123
241	180	55	123
241	179	56	124
241	180	56	123
242	180	55	123
242	180	56	123
244	181	54	122
246	183	52	122
246	182	53	122
247	181	52	122
247	182	52	123
247	183	52	123
248	182	52	123
248	183	53	123
247	183	52	123
245	182	55	123
248	182	52	123
247	182	53	123
248	183	52	123
249	184	52	122
250	185	50	121
250	184	50	121
251	185	50	120
251	185	49	119
251	186	50	119
250	187	49	118
250	188	50	118
250	187	50	118
251	188	50	118
251	188	50	118
249	187	51	118
249	188	51	118
250	187	51	119
249	188	51	119
248	188	53	118
249	188	52	118
249	189	52	118
248	189	53	117
247	189	54	117
249	189	52	117
247	190	54	118
247	189	54	118
247	189	54	119
247	188	53	119
248	187	53	120
247	188	54	120
249	187	53	121
248	187	53	121
249	186	53	122
249	186	53	122
250	185	53	122
249	185	53	122
250	185	54	123
250	184	54	122
250	183	53	122
252	181	53	122
252	181	53	122
252	180	53	122
251	180	54	122
253	180	53	123
253	180	53	122
253	179	53	122
254	179	53	122
253	179	53	122
254	178	52	122
255	177	52	122
255	176	52	121
256	175	51	122
256	175	51	122
256	175	51	122
257	174	51	122
258	173	50	122
258	170	51	122
258	170	50	122
259	169	50	123
259	169	51	122
259	168	51	123
259	168	51	123
260	168	51	124
261	168	51	124
261	168	51	124
261	168	51	124
262	169	51	123
262	168	51	124
263	168	51	123
261	168	53	123
261	168	53	122
260	168	54	122
262	167	54	121
262	167	54	121
264	167	53	120
264	167	53	120
265	167	53	120
266	167	52	120
265	168	53	120
267	167	52	120
266	166	54	120
268	165	53	120
268	163	54	120
269	163	53	120
270	161	53	120
271	160	53	121
272	158	53	121
272	159	54	121
274	159	54	122
274	160	55	121
274	161	54	121
276	162	53	120
274	163	56	119
277	164	53	118
279	166	52	116
279	166	53	116
280	166	53	115
280	167	52	114
280	167	53	113
281	167	53	113
282	167	53	113
281	168	54	112
282	167	54	112
282	166	54	113
283	167	53	112
283	167	54	112
284	166	54	112
283	167	54	112
284	167	54	112
285	166	55	112
285	166	55	112
286	168	54	108
286	169	54	108
286	169	54	108
287	167	54	109
287	166	54	110
287	166	55	109
288	165	55	110
288	165	55	109
288	166	55	109
289	165	54	109
288	166	54	108
289	164	54	109
288	165	54	108
289	165	54	109
288	165	54	109
288	165	54	108
288	164	54	107
287	164	55	107
287	164	55	107
283	163	61	108
280	165	64	107
209	164	53	112
208	161	67	113
285	159	58	106
284	159	58	105
280	156	60	106
280	158	60	106
279	158	60	105
277	160	62	104
275	159	63	106
272	159	64	105
271	158	64	106
271	159	64	104
271	157	64	106
269	156	64	106
268	155	63	107
268	154	63	107
266	152	63	110
266	152	63	109
266	151	63	110
264	150	64	111
264	149	63	112
263	148	63	112
263	148	62	112
263	147	62	113
263	146	61	113
263	146	61	114
263	145	61	114
262	145	61	114
263	143	60	115
262	144	61	114
262	143	60	116
264	142	58	116
266	141	56	117
267	141	55	117
268	139	54	118
267	139	53	117
267	139	53	117
267	139	53	117
267	139	53	118
266	138	53	117
266	138	53	118
266	138	54	118
266	138	53	118
265	139	53	117
265	139	53	118
265	139	53	117
264	140	53	117
265	140	53	118
264	141	53	117
264	142	53	117
263	143	53	118
263	144	53	117
263	145	52	117
263	146	53	116
262	146	53	116
262	146	53	116
261	146	52	116
261	147	52	117
261	148	52	117
261	148	53	117
260	150	53	117
260	151	52	117
259	152	52	117
259	153	52	116
258	153	52	116
259	154	52	116
258	154	52	117
258	155	52	117
256	154	53	116
257	156	52	117
256	155	52	117
256	156	52	117
256	157	52	116
254	159	52	116
254	158	52	116
255	159	52	116
254	160	52	115
255	160	52	115
254	161	53	115
254	162	54	115
253	164	55	114
253	165	54	113
253	166	53	112
253	166	53	111
253	166	52	112
253	166	53	111
253	166	53	111
251	167	54	111
252	168	53	110
252	167	53	110
252	167	53	111
252	167	52	111
252	166	52	111
252	168	51	110
253	167	51	110
251	168	52	110
252	167	51	110
252	168	51	110
251	169	52	109
252	169	53	109
252	170	55	109
251	170	55	109
251	170	55	109
252	170	54	108
252	171	55	108
252	172	56	107
251	172	57	107
253	171	57	108
252	173	59	107
251	172	60	107
251	173	61	107
251	173	62	107
251	173	63	107
251	172	63	108
251	174	62	106
252	174	62	107
251	174	62	106
251	174	63	107
252	174	63	107
252	173	63	107
252	173	63	107
252	173	63	107
252	172	63	108
251	172	62	108
252	173	61	108
252	172	61	109
252	172	61	109
252	171	60	109
252	172	59	109
252	172	59	109
252	171	58	110
252	172	58	109
252	171	57	110
251	171	56	110
251	171	56	110
252	171	55	110
251	171	55	111
251	171	56	111
251	171	54	111
251	170	54	111
251	171	54	111
251	170	55	112
251	169	53	112
251	170	51	112
251	169	50	113
251	168	50	113
251	169	50	113
251	168	50	114
252	169	50	114
251	169	50	113
251	168	50	114
251	167	50	114
251	168	50	114
252	168	50	114
252	167	50	114
252	169	50	114
252	168	50	115
252	168	50	115
251	167	50	115
251	167	50	115
251	167	50	115
252	167	50	115
251	167	51	116
252	166	50	116
251	167	50	115
251	167	51	116
251	167	50	115
252	167	51	116
251	166	50	116
252	167	51	116
252	168	51	116
252	167	50	117
252	168	50	116
252	167	50	117
251	167	51	117
251	166	51	117
251	167	51	117
252	167	51	117
251	168	51	116
251	167	51	117
252	168	52	116
252	167	51	116
252	167	52	116
252	167	52	117
252	167	52	116
252	167	52	116
252	167	52	117
252	165	52	117
252	166	52	118
252	164	51	118
253	163	51	119
253	164	51	119
253	162	51	120
253	161	51	120
253	159	52	121
254	160	51	121
255	161	51	121
255	161	50	121
255	161	51	120
255	163	52	119
256	164	52	118
256	164	56	117
256	163	62	118
256	164	63	118
256	162	66	118
257	162	65	120
259	161	65	120
260	160	64	120
261	160	62	121
261	160	62	121
263	159	60	121
264	158	55	122
265	158	55	120
268	157	52	123
268	157	52	125
267	157	53	127
226	153	87	128
267	156	56	129
160	159	67	126
166	158	67	129
166	157	65	129
167	157	64	128
167	157	64	128
164	158	65	127
161	157	70	131
62	163	218	120
278	157	57	127
281	157	53	126
282	158	55	126
282	156	54	128
279	149	59	138
267	150	71	134
286	155	54	128
279	149	60	136
282	151	60	135
287	156	53	126
286	149	55	135
288	155	53	127
288	153	53	133
289	156	52	126
269	150	73	140
284	156	59	130
289	157	52	128
292	159	51	127
292	158	50	126
292	158	51	126
293	158	51	126
293	158	51	126
293	157	51	127
293	157	52	128
293	158	51	128
293	158	52	128
293	158	52	128
293	158	52	128
294	160	52	129
296	160	51	129
296	161	52	128
296	161	51	128
295	161	53	128
296	161	53	128
296	161	53	129
296	161	54	129
297	160	54	129
297	161	54	129
297	161	54	129
297	161	54	129
297	160	54	130
297	161	55	130
296	162	54	130
297	161	54	130
295	163	54	129
295	162	54	129
294	163	53	129
290	162	57	129
287	161	59	131
287	161	59	130
286	161	61	131
285	160	60	131
286	161	59	131
285	161	59	132
285	161	59	132
284	160	59	132
283	161	60	132
285	160	57	132
284	162	58	131
287	161	53	132
288	162	53	132
285	161	55	132
286	161	55	133
287	163	53	132
287	164	54	131
288	163	53	132
288	164	52	132
288	164	53	131
286	163	53	132
287	163	53	132
286	162	54	134
285	163	54	133
285	163	55	133
285	162	55	134
283	162	55	134
283	162	55	135
281	163	56	134
281	164	56	135
279	163	56	136
280	163	56	136
276	164	58	135
276	165	55	136
274	165	57	135
269	164	60	136
268	164	61	137
269	164	60	136
266	164	62	137
262	163	64	138
261	164	64	137
264	163	60	139
263	164	59	138
262	163	60	138
265	163	56	139
266	165	55	137
265	167	55	136
266	168	55	138
266	169	54	137
266	168	54	138
265	171	54	136
266	172	53	136
266	172	53	136
266	172	53	136
265	172	53	136
266	172	53	136
265	172	53	137
265	172	54	137
264	172	54	138
263	173	55	137
261	174	56	137
260	174	56	137
259	176	58	137
256	175	58	137
256	177	59	138
255	177	59	139
254	177	58	139
255	177	58	138
253	176	59	139
252	176	59	139
252	176	58	139
250	176	59	139
249	176	60	140
249	176	60	140
250	176	59	141
250	177	59	141
251	177	57	140
252	176	58	141
251	178	58	142
252	177	58	144
252	176	60	144
253	178	62	144
252	177	64	145
252	176	66	145
252	176	66	145
253	177	66	145
253	177	65	145
254	176	64	144
255	176	63	144
254	175	62	144
255	176	62	144
255	175	62	144
255	176	61	144
256	177	60	144
256	177	60	146
254	176	61	147
257	177	59	146
254	175	62	147
253	175	62	148
253	172	62	149
253	173	62	150
255	173	60	149
255	174	60	148
255	174	61	149
255	174	61	149
257	173	60	149
248	171	68	150
252	171	66	151
257	173	63	151
232	165	73	141
258	171	61	152
249	169	71	153
245	166	75	154
260	176	63	148
259	175	65	147
244	167	79	153
257	174	69	150
260	175	65	149
258	173	68	150
261	174	66	150
256	172	69	151
261	174	65	150
260	175	66	149
257	174	68	149
256	174	68	151
252	172	70	152
248	171	72	151
257	176	66	148
238	165	57	137
239	164	46	140
240	164	45	136
242	164	59	145
246	168	74	152
253	170	66	153
244	163	52	142
244	165	70	152
257	173	63	153
254	173	66	152
253	171	73	154
255	175	70	153
254	171	72	156
257	178	69	151
255	173	74	149
256	182	76	145
259	177	81	143
256	178	79	152
255	178	83	149
259	181	81	150
234	187	102	132
257	176	82	153
240	185	87	129
255	172	85	154
229	181	112	137
249	181	99	151
249	180	79	137
244	170	77	152
257	171	76	160
215	187	155	150
208	182	103	133
152	171	68	141
254	169	47	145
256	169	54	151
255	170	59	152
256	169	55	152
255	170	48	146
256	172	47	142
258	172	47	142
260	173	46	141
262	173	48	142
261	174	53	142
263	173	51	142
262	173	63	147
264	174	75	155
272	183	70	153
264	166	75	165
265	182	77	147
272	179	67	153
262	160	75	166
253	179	83	138
264	170	81	158
242	168	92	151
222	173	115	143
260	164	78	160
199	164	127	151
247	161	87	159
201	165	157	158
134	158	87	147
127	167	186	131
139	151	161	157
256	154	69	164
241	155	79	158
252	157	71	164
223	157	96	158
209	163	98	151
67	124	54	109
57	141	135	95
61	138	101	107
0	100	153	135
64	115	52	116
58	124	105	110
0	109	153	156
89	177	319	116
244	145	70	170
245	154	68	158
244	156	69	157
244	156	69	158
243	155	69	158
241	155	69	159
240	155	69	159
239	156	69	159
238	156	68	159
237	156	70	159
239	155	67	159
238	154	66	160
238	155	67	160
236	154	69	160
236	153	69	160
234	153	71	162
232	149	73	165
145	147	65	149
144	139	103	163
231	139	84	175
197	143	103	170
227	137	81	175
231	138	79	174
230	144	72	169
226	147	73	166
230	143	71	172
223	151	72	165
229	142	75	173
207	153	86	162
224	152	71	164
226	156	69	158
211	156	83	160
225	141	81	177
197	141	94	165
223	160	67	157
214	152	87	161
185	144	98	170
221	159	68	159
186	157	103	157
202	156	87	152
208	151	78	169
198	150	88	170
182	151	105	167
159	147	71	155
163	145	77	160
162	143	71	160
163	142	70	161
165	141	68	161
167	141	68	162
169	141	68	162
171	142	70	161
170	141	69	163
173	143	68	162
176	144	65	160
179	147	65	156
179	149	65	157
180	147	62	165
180	146	61	166
177	144	66	170
182	155	63	155
168	150	77	158
183	154	62	155
182	153	60	156
182	153	60	157
183	153	61	154
183	151	63	158
172	151	80	154
184	151	59	156
186	148	73	167
184	151	61	156
181	149	71	161
186	151	58	156
174	154	74	150
186	151	56	156
187	152	58	154
186	151	58	155
187	152	56	154
187	151	55	154
187	153	54	154
187	154	53	154
187	153	53	155
187	153	53	155
187	152	51	155
186	153	51	155
186	154	51	156
185	155	50	156
183	156	52	158
183	156	51	156
181	158	51	157
178	159	52	157
177	160	51	157
175	162	51	158
171	163	52	158
171	163	51	157
169	165	52	158
168	167	51	159
165	169	52	159
163	170	51	157
162	170	52	158
161	171	52	158
160	170	53	158
159	170	53	159
158	171	54	160
156	171	56	160
155	171	57	160
156	171	57	160
153	170	58	161
153	169	56	159
150	171	56	158
151	172	55	160
149	173	55	160
149	173	56	161
147	175	56	159
147	176	54	160
145	178	54	160
143	179	54	159
142	179	53	160
142	179	53	162
140	180	54	162
139	182	54	162
137	184	53	162
137	186	52	164
135	188	52	164
134	189	50	162
133	190	48	164
132	191	48	162
130	192	50	162
129	191	49	162
128	193	54	164
128	193	52	162
127	193	51	162
125	194	50	160
123	192	50	162
122	192	48	161
121	193	50	161
121	192	49	161
121	193	52	164
119	193	50	160
118	191	50	159
117	190	50	160
116	186	50	158
116	186	51	160
115	182	51	159
114	178	51	159
113	174	52	161
114	171	51	160
113	170	51	161
114	169	52	161
114	168	51	161
115	165	50	160
116	164	50	158
117	162	50	158
117	160	50	159
116	160	52	161
117	158	51	159
119	158	51	162
119	156	50	160
121	153	49	159
121	149	51	158
122	149	52	161
121	144	55	160
120	142	54	160
120	141	54	159
120	140	54	160
118	141	55	161
120	140	53	160
118	139	55	162
116	138	58	160
118	137	55	161
117	136	55	161
118	136	53	161
118	137	53	163
117	136	54	162
117	136	53	162
116	135	54	162
118	133	53	162
118	132	53	164
118	133	54	164
118	131	54	166
117	129	55	168
117	128	56	165
117	128	55	167
116	129	55	167
116	129	56	167
116	131	55	164
117	130	53	163
116	130	54	163
113	130	57	163
112	131	58	162
111	131	58	162
108	131	63	163
108	131	63	160
113	128	113	171
107	127	63	162
166	129	59	167
106	128	92	166
107	128	111	171
104	127	64	167
103	129	72	165
99	127	75	166
169	134	64	166
163	136	66	162
143	135	82	165
108	130	75	169
112	131	67	167
119	131	89	169
149	136	83	168
160	137	66	167
107	130	114	174
171	139	61	167
119	134	63	166
169	141	69	163
118	137	63	166
131	137	115	172
117	136	74	170
116	137	76	170
114	139	79	167
110	141	81	164
110	143	81	163
107	142	85	164
108	142	92	166
110	141	131	169
108	144	83	163
112	141	101	169
109	140	78	170
110	140	80	169
109	139	82	169
112	137	127	172
149	137	106	174
102	137	89	173
175	137	80	175
103	139	87	172
109	139	109	174
192	135	69	174
164	138	92	163
191	134	69	175
183	132	76	170
153	131	101	170
194	133	69	177
175	135	82	165
181	134	86	177
194	133	69	177
164	133	94	171
196	132	69	176
170	134	95	175
114	132	142	175
193	130	74	176
189	131	78	177
197	132	69	175
162	133	105	176
197	130	70	178
184	129	85	179
196	130	71	178
196	130	71	176
191	129	78	178
201	131	65	176
133	128	132	177
202	128	67	178
181	129	85	175
201	128	69	178
185	127	85	182
202	128	67	179
198	126	72	182
201	129	68	176
201	128	70	176
200	127	72	180
203	128	69	176
195	125	78	184
205	128	65	177
204	129	70	175
203	127	72	179
203	126	72	179
204	126	70	178
205	126	70	177
206	126	70	178
206	125	70	178
207	125	70	178
207	124	71	178
207	124	72	179
207	125	71	179
208	124	72	180
209	124	72	179
210	124	72	179
211	126	71	178
211	125	72	180
212	126	72	179
213	126	73	179
213	126	74	179
214	125	75	180
215	124	76	180
217	124	75	181
216	125	75	181
217	125	76	181
218	125	75	181
219	125	78	181
220	124	76	182
221	123	79	183
221	123	77	184
222	123	78	184
223	123	79	183
225	123	79	184
225	124	79	183
225	126	78	182
226	125	79	183
226	127	78	181
227	128	78	181
229	128	77	181
230	128	76	180
231	128	77	179
232	129	76	180
233	127	76	180
235	129	75	179
236	129	77	179
237	130	75	180
238	129	78	181
238	131	76	179
239	131	76	180
240	131	76	180
242	131	76	179
243	132	76	179
245	132	77	178
246	132	75	179
247	132	77	178
249	133	77	178
251	132	75	178
252	132	77	178
254	132	77	178
255	133	76	178
257	132	75	178
259	134	76	177
260	134	75	177
261	133	74	177
262	134	77	177
263	135	75	177
265	135	73	176
266	135	74	176
267	135	74	176
268	135	73	176
269	136	74	176
270	135	72	177
270	136	74	175
271	136	73	176
272	137	73	175
273	137	75	176
274	137	74	176
274	138	74	176
275	137	74	177
275	138	73	176
273	141	75	175
274	141	73	176
273	142	74	176
274	142	72	176
272	142	74	176
273	143	73	176
271	142	73	176
272	141	73	175
270	144	74	175
269	142	75	176
270	146	73	176
270	151	73	176
270	156	72	174
270	161	71	174
271	165	70	173
270	165	70	174
270	168	70	173
270	170	71	173
272	170	70	173
271	170	71	173
270	170	72	173
271	170	71	174
270	169	72	173
271	168	72	173
270	169	73	174
270	169	73	174
271	170	72	173
270	170	73	173
271	170	73	173
271	170	73	174
271	170	74	173
273	170	71	172
271	171	70	172
271	171	70	172
272	172	70	172
273	171	69	171
273	170	69	170
273	169	69	170
272	166	69	170
272	166	69	170
271	164	69	170
271	162	68	171
270	159	70	171
270	154	69	171
270	152	69	171
270	151	70	171
270	148	69	171
271	146	69	171
270	144	69	171
271	143	70	170
271	141	69	170
271	141	70	170
271	139	69	170
271	138	70	170
270	138	70	170
265	138	71	170
265	137	69	170
265	138	69	169
262	137	70	170
260	136	69	170
259	135	68	169
256	134	69	169
255	133	68	169
254	134	69	169
252	134	68	170
250	133	68	170
248	134	69	170
247	135	69	169
247	134	70	170
247	136	71	170
246	134	71	171
246	132	72	172
246	135	72	170
246	135	72	170
245	134	72	170
245	134	72	170
246	135	72	170
245	136	74	170
244	138	74	170
245	138	72	170
244	138	73	170
245	138	73	170
245	138	73	170
244	138	73	170
242	139	73	170
242	141	74	171
242	143	74	170
242	144	73	170
243	144	72	170
242	144	73	169
242	142	72	169
242	140	73	169
241	140	73	170
242	139	73	170
242	140	74	170
241	139	74	170
240	139	76	170
241	139	75	169
240	140	75	170
241	139	76	170
241	139	74	170
240	139	71	170
240	140	70	169
240	140	70	169
238	140	70	169
239	140	69	168
238	141	69	168
238	141	69	168
238	141	69	168
237	141	69	168
237	142	69	168
237	142	69	168
237	143	69	167
236	144	69	167
236	144	69	167
236	145	69	167
236	143	68	166
234	141	70	172
235	142	69	167
235	142	68	167
235	142	69	167
235	143	69	167
235	144	69	168
236	143	69	168
236	145	70	168
236	145	69	168
232	144	72	171
234	147	74	171
236	151	70	168
237	152	69	168
237	153	69	167
236	154	69	167
237	154	71	168
237	154	72	169
238	154	71	169
238	154	72	170
238	155	69	169
238	157	69	168
238	156	69	168
238	155	69	169
238	154	70	169
238	154	70	169
238	152	69	169
238	153	71	168
238	151	70	169
238	152	70	169
238	154	70	168
238	154	70	168
240	152	69	169
239	153	70	169
239	154	70	168
240	153	69	168
239	151	70	170
240	152	70	170
240	154	69	169
241	154	70	168
243	150	70	172
243	150	70	173
244	150	70	172
244	150	69	173
244	150	69	173
245	154	70	170
246	155	68	168
245	154	69	168
246	154	69	168
246	155	69	168
247	154	69	168
247	151	69	168
248	150	69	167
248	148	69	167
248	148	69	168
248	147	69	168
249	147	70	167
249	147	69	167
249	146	70	168
250	146	69	166
251	143	70	166
250	143	69	167
250	141	70	166
250	139	69	166
250	137	70	167
251	137	70	167
251	137	69	167
251	137	69	167
252	139	70	167
253	140	70	167
256	140	71	167
260	140	70	167
264	138	69	167
264	139	70	167
266	136	70	167
270	134	71	168
273	132	71	167
276	131	70	168
279	131	70	168
279	132	70	168
280	130	71	168
282	129	70	168
283	128	70	167
284	126	71	167
285	121	71	170
285	124	70	168
287	122	71	168
287	119	72	170
286	114	74	173
289	117	72	169
284	109	77	172
290	113	71	170
284	107	78	170
291	107	71	170
293	102	72	171
294	99	71	171
295	99	71	172
295	98	71	173
296	100	71	171
296	103	71	171
295	103	71	170
294	104	70	170
292	102	70	169
292	102	71	169
291	101	71	170
289	100	70	170
287	100	70	169
285	99	70	168
283	98	71	168
283	97	71	169
282	98	71	169
283	97	70	168
283	96	71	169
282	95	71	169
281	95	71	169
282	96	71	169
281	94	71	169
281	93	71	169
280	92	71	170
281	91	71	170
280	93	71	170
280	92	71	170
280	97	71	169
280	100	72	169
281	104	71	168
281	105	72	169
281	104	72	170
279	103	74	171
281	103	71	169
281	103	71	170
281	103	73	170
273	98	80	168
281	102	71	169
281	102	72	169
282	102	71	170
282	103	71	169
281	102	71	168
281	103	71	167
265	101	85	159
280	106	70	165
256	103	90	160
278	110	66	156
274	110	64	153
271	119	60	139
273	128	52	123
272	129	52	123
243	129	78	114
269	136	44	105
267	138	43	101
267	139	42	100
267	137	43	101
267	138	43	100
267	139	42	99
267	139	43	100
267	141	42	99
268	141	42	99
268	142	42	100
268	142	42	99
268	143	43	100
269	144	42	99
268	145	42	98
269	145	42	98
269	146	41	98
268	145	42	98
267	147	42	98
266	148	42	98
265	149	42	98
264	149	42	98
263	149	42	98
263	149	42	98
263	150	42	98
262	150	41	98
262	149	42	98
262	150	42	98
262	150	42	98
262	151	42	98
261	153	43	98
261	154	42	98
262	155	42	98
261	156	42	98
261	156	42	98
261	156	42	98
260	157	42	98
260	156	42	98
258	157	42	98
258	157	42	98
256	159	43	98
256	159	42	98
255	160	42	98
254	161	42	98
253	160	43	98
251	158	43	98
250	157	42	98
250	156	43	99
242	153	52	98
248	155	44	100
231	152	59	97
232	151	59	95
245	145	46	101
238	144	50	100
245	144	43	98
245	138	43	101
244	135	44	101
245	135	43	98
245	133	42	98
245	133	43	98
245	130	43	99
236	127	53	99
240	124	50	103
225	122	63	101
215	122	87	106
245	123	46	100
249	122	47	102
253	119	48	103
257	122	48	99
262	122	49	99
267	122	49	99
267	121	47	101
270	123	48	99
272	122	46	100
274	121	46	99
274	120	46	99
275	120	46	99
275	119	46	100
275	120	49	101
277	124	48	99
278	123	48	99
277	121	48	99
263	117	63	101
257	122	67	98
269	121	50	99
262	117	51	104
222	123	103	91
244	113	60	100
240	117	53	98
247	115	48	99
234	114	58	99
184	109	126	97
128	117	47	98
127	113	48	100
128	114	47	99
128	115	47	98
129	114	49	100
133	109	58	98
129	122	48	97
131	119	48	104
131	118	54	108
137	111	55	104
163	108	36	69
164	113	35	68
164	119	36	67
165	121	35	67
154	128	47	65
130	142	64	103
122	148	77	93
120	151	83	92
91	153	153	91
247	150	42	98
248	154	41	97
248	154	41	97
248	156	41	96
248	156	41	97
248	158	41	97
248	160	41	96
248	162	41	97
248	161	41	97
248	165	41	96
249	165	41	96
249	166	41	96
249	166	41	96
248	169	42	96
248	169	41	97
248	171	41	96
248	173	41	96
247	176	41	96
248	177	41	96
247	180	41	96
248	180	41	96
247	182	41	96
247	183	41	95
248	183	41	95
248	182	41	95
248	182	41	95
248	182	41	95
248	181	41	95
247	178	41	95
248	176	41	95
248	173	41	96
248	171	41	95
248	171	41	95
248	168	41	95
248	166	41	95
248	165	41	94
248	163	41	95
248	163	41	94
248	163	41	95
248	163	41	94
248	163	41	95
249	162	41	95
249	162	41	95
249	161	40	94
249	161	40	94
250	161	40	94
249	161	41	95
249	160	41	95
249	160	41	95
249	160	41	95
249	160	41	95
249	160	41	95
249	161	41	95
250	161	41	95
250	161	41	95
249	162	41	95
250	161	41	95
250	162	41	95
250	161	41	95
250	160	41	95
250	159	41	95
250	159	42	95
250	159	41	95
250	158	41	95
250	158	41	95
251	157	41	95
250	156	41	95
251	156	41	95
251	156	41	95
251	156	41	95
251	155	41	95
251	154	41	95
251	153	41	95
251	153	41	95
251	154	42	95
251	152	41	95
251	153	41	95
251	152	41	96
251	152	41	96
251	153	42	96
251	154	41	96
252	154	41	96
252	154	41	96
251	154	41	96
251	155	41	96
251	155	41	96
252	154	41	96
252	155	41	96
252	154	41	96
251	153	41	96
251	153	41	96
251	152	41	95
251	152	41	95
251	152	41	95
251	151	41	95
251	151	42	96
251	152	41	95
250	153	41	95
251	153	41	95
250	154	41	95
251	154	41	95
251	155	41	95
251	155	41	95
250	155	41	95
250	154	41	95
250	155	41	95
250	155	41	95
250	155	41	95
250	155	41	95
249	155	42	95
249	155	41	95
249	156	41	95
249	156	41	95
249	156	41	95
249	156	41	95
249	157	40	94
249	156	40	95
249	155	41	95
249	156	41	95
249	156	41	95
249	156	41	95
249	157	41	95
249	157	41	95
249	158	41	95
250	157	41	95
250	158	41	95
250	158	41	95
250	158	41	95
250	157	41	95
250	158	41	95
250	158	41	95
250	157	41	95
250	157	41	95
250	157	41	96
250	157	41	95
251	157	41	96
250	155	41	96
251	154	41	95
251	152	41	96
251	152	41	96
250	151	41	96
251	151	41	97
250	150	42	97
250	149	42	98
249	148	42	98
249	147	42	98
249	147	42	98
249	147	42	98
249	146	42	98
248	147	42	98
248	148	42	98
248	148	41	97
249	148	41	97
249	148	42	97
248	148	44	97
245	145	48	99
247	147	46	99
246	146	47	102
243	144	50	105
247	148	48	98
247	147	48	99
242	145	51	103
247	148	48	99
245	145	50	107
247	148	48	100
241	144	53	108
247	150	50	99
246	149	49	99
247	149	49	99
247	149	49	99
246	150	49	99
246	150	49	99
246	151	48	98
246	151	47	98
246	152	47	98
246	152	48	98
246	151	48	99
245	152	46	98
245	152	48	99
245	152	47	99
244	152	48	99
245	152	47	99
245	152	46	99
244	152	47	99
243	150	47	101
244	153	47	99
244	153	48	99
244	153	46	99
245	153	47	99
244	154	46	99
244	153	48	99
244	153	46	99
243	154	46	99
244	154	46	99
244	154	47	99
243	154	46	99
243	154	46	99
243	155	46	99
243	156	47	99
243	155	46	98
243	155	47	98
244	155	47	99
244	156	46	99
244	156	46	98
244	157	47	98
244	156	46	98
243	157	47	98
244	157	47	98
244	157	48	98
244	156	47	99
244	157	48	98
244	156	48	99
244	156	48	99
244	157	48	99
244	156	49	99
244	157	49	99
245	156	49	99
245	155	48	99
244	156	49	99
244	155	48	99
244	155	49	99
245	155	49	98
245	155	49	98
245	155	47	98
244	155	46	98
244	154	48	98
245	153	48	98
244	153	46	98
244	153	47	98
244	154	46	98
244	154	47	98
244	154	47	98
243	155	47	98
243	155	47	98
243	155	47	98
243	156	46	98
243	156	47	98
243	156	47	98
242	155	46	98
242	155	46	98
242	155	46	98
242	156	45	98
242	156	45	98
242	155	45	98
242	154	45	99
242	155	44	98
242	155	45	98
241	155	45	99
241	155	44	99
241	156	45	99
241	155	45	99
240	156	45	99
241	156	45	99
240	156	45	98
241	155	45	99
239	152	46	104
240	155	45	98
239	155	45	98
240	156	45	98
239	156	45	98
239	155	45	99
239	156	45	99
239	156	44	98
238	154	46	101
239	156	44	98
230	152	52	103
221	156	58	96
239	156	42	98
237	156	44	98
237	154	45	101
238	156	43	99
237	153	45	102
236	153	45	104
237	155	45	99
237	155	45	98
236	154	45	99
237	154	45	99
236	154	46	99
236	154	45	99
236	154	45	99
236	154	45	98
236	154	47	99
237	155	46	98
236	155	47	99
237	155	46	99
236	156	46	98
238	156	46	98
237	156	46	98
238	157	46	98
237	157	47	97
238	157	46	97
238	157	48	97
238	157	47	96
238	158	48	96
239	157	48	96
239	158	46	95
239	157	48	96
239	159	47	95
239	158	48	95
240	158	48	95
240	159	47	95
240	158	49	95
240	159	47	95
240	159	49	95
241	159	48	95
241	159	48	95
241	159	48	95
242	159	47	95
241	159	46	95
241	159	48	95
242	159	46	95
242	159	47	95
243	159	47	95
242	159	47	95
242	159	47	95
243	158	47	95
242	159	46	95
243	159	47	95
243	159	47	95
244	160	46	95
243	159	46	95
244	159	47	95
245	159	46	95
245	159	46	95
245	159	47	95
245	161	45	94
245	160	46	95
245	160	45	94
246	161	44	95
245	160	43	95
246	161	42	94
246	161	42	94
246	161	42	94
246	162	42	94
246	162	42	94
246	161	42	94
245	161	42	94
246	161	42	94
246	161	41	94
246	161	42	94
246	162	42	94
247	161	42	94
247	162	42	94
247	162	42	94
246	162	42	93
247	161	41	93
246	161	42	93
247	160	41	93
246	160	42	93
247	160	41	93
247	160	41	93
247	160	41	93
247	160	41	93
246	159	41	93
247	159	41	93
247	159	41	93
247	159	41	93
246	158	41	93
246	159	41	93
246	158	41	93
247	158	41	93
247	157	41	93
246	157	41	93
246	156	41	93
246	156	41	93
247	155	41	93
247	155	41	93
247	155	41	93
246	155	41	93
246	155	41	93
247	154	41	93
246	154	41	93
247	154	41	93
247	154	41	93
247	154	41	93
247	153	41	93
246	154	40	93
246	154	40	93
245	153	40	93
246	153	40	93
246	153	40	93
246	153	40	93
246	153	40	93
245	153	40	93
245	153	40	93
245	155	40	93
246	155	40	93
246	155	40	93
245	156	41	93
245	156	40	93
245	156	40	93
245	155	40	93
245	156	40	93
245	156	41	93
245	155	40	93
245	155	40	93
245	155	40	93
244	155	40	93
245	156	41	93
244	155	40	93
244	155	40	93
244	156	40	93
244	156	40	93
244	155	41	93
245	155	40	93
244	156	40	93
245	155	40	93
244	155	40	93
244	156	40	93
243	156	41	93
244	155	40	93
244	156	40	93
243	156	40	93
243	156	40	93
243	156	40	93
243	156	40	93
243	156	40	93
243	156	40	93
243	156	40	93
243	156	40	93
243	155	40	93
243	156	40	93
243	156	40	93
243	156	40	93
243	157	40	93
242	156	41	93
242	157	40	93
242	156	40	93
242	156	41	93
243	156	40	93
242	156	40	93
242	156	41	93
242	157	40	93
242	157	40	93
242	157	41	93
242	157	40	93
242	157	40	93
242	156	40	93
242	157	41	93
242	157	41	93
242	157	41	93
242	156	40	93
242	157	40	93
242	156	40	93
241	157	41	93
242	156	40	93
241	156	42	94
241	156	41	94
241	155	41	94
241	156	42	95
241	156	41	94
240	156	42	94
241	155	41	94
241	156	42	94
241	156	41	94
241	156	41	94
241	155	41	95
241	156	41	94
241	156	41	95
241	156	41	95
240	157	42	95
240	156	41	94
241	156	42	94
240	157	42	95
240	156	42	94
241	157	42	95
241	156	41	95
240	156	41	95
240	157	41	95
241	157	41	95
241	157	41	95
240	157	41	95
240	157	42	95
240	157	42	95
240	157	42	95
240	157	41	95
240	158	41	95
240	158	42	95
240	158	41	95
240	159	41	95
240	158	42	95
240	159	41	95
240	158	42	95
240	158	42	95
240	158	42	95
240	159	41	95
240	159	42	95
241	160	42	95
240	159	42	95
241	159	42	95
240	159	42	95
240	160	42	95
241	160	42	95
241	161	41	95
242	161	42	95
242	160	42	95
242	160	41	95
242	161	42	95
242	161	42	95
241	161	42	95
240	161	43	95
242	161	42	96
240	160	43	95
242	161	42	95
241	161	43	95
242	161	42	95
241	161	42	95
242	162	42	95
240	162	43	95
242	162	42	95
240	162	44	95
242	162	42	95
240	162	43	95
241	162	42	95
239	162	44	95
242	162	42	95
241	163	42	95
242	163	41	95
240	163	43	94
242	163	41	95
238	163	44	95
241	163	40	95
238	164	44	94
242	163	40	95
237	164	45	95
242	164	41	95
238	163	45	95
242	165	40	95
239	164	44	94
242	164	41	95
239	164	44	94
243	165	41	95
238	165	45	94
242	165	41	95
239	165	44	95
242	165	41	94
242	165	42	94
242	165	42	94
241	165	42	94
242	165	41	94
240	165	43	95
241	165	42	95
242	166	42	95
241	165	43	95
240	165	43	95
238	167	44	94
237	165	45	95
238	166	44	95
237	165	46	95
237	166	46	95
238	166	44	95
237	165	45	95
239	165	42	95
240	165	40	94
240	166	40	94
240	165	40	94
241	166	40	94
240	167	39	94
240	166	39	94
241	167	39	94
241	167	39	95
241	168	39	95
241	168	39	94
242	168	39	94
242	169	39	94
242	169	39	94
243	169	39	94
243	170	39	94
242	169	39	94
242	169	39	94
242	169	40	95
242	168	41	95
242	168	40	95
241	169	41	95
241	168	41	96
241	168	42	96
241	168	42	96
240	167	42	96
241	167	42	96
239	168	43	96
240	167	42	96
239	167	43	96
239	169	41	98
239	168	42	99
240	168	41	99
240	169	41	98
240	168	42	98
239	168	42	98
239	168	42	98
238	168	42	98
238	168	42	98
238	168	42	98
237	169	43	98
238	170	42	99
239	170	42	98
239	171	42	98
239	171	42	98
240	171	42	98
240	170	42	97
241	168	42	98
241	167	42	98
242	167	42	98
242	167	42	98
243	168	42	98
244	169	43	98
245	168	43	99
245	167	44	99
246	167	44	99
246	167	44	99
246	168	44	100
246	167	44	100
247	166	44	101
248	166	44	101
249	166	44	101
249	166	44	101
249	167	44	101
249	167	44	102
250	169	43	102
250	170	42	102
250	170	42	102
248	166	44	108
248	167	44	108
231	163	61	114
138	172	58	99
140	174	56	97
140	176	54	98
140	174	54	98
140	176	53	98
140	176	52	98
141	178	51	96
142	176	50	100
142	177	48	98
140	171	54	104
137	173	59	100
118	172	83	100
50	165	171	109
156	181	183	85
255	172	50	101
257	173	48	101
257	173	48	101
258	174	51	100
259	174	55	100
260	174	55	100
261	174	56	100
261	174	52	100
261	173	56	101
248	174	63	101
150	180	62	97
148	179	70	94
155	178	62	98
153	177	63	101
157	177	62	98
158	179	61	97
158	178	61	99
162	178	58	98
163	175	57	97
161	175	58	99
165	174	55	99
164	173	56	100
166	173	55	99
167	173	55	100
169	174	54	102
167	174	55	102
168	173	54	101
170	173	54	102
171	174	54	102
172	174	55	102
173	174	54	103
173	175	54	103
175	175	54	103
176	174	54	103
178	175	53	103
179	174	54	104
181	173	53	104
182	172	55	108
182	173	56	103
186	174	54	103
187	172	53	104
190	174	55	102
191	175	57	103
190	171	58	106
194	175	55	103
195	174	59	102
196	175	58	101
196	174	59	102
198	175	59	101
198	175	58	102
199	174	58	102
200	174	59	102
201	174	58	102
204	175	56	102
201	174	61	103
202	176	59	102
202	174	69	103
203	177	61	102
206	177	62	101
204	178	63	100
205	175	74	102
207	175	109	104
206	179	62	99
208	176	67	102
207	179	65	100
207	180	66	98
209	179	65	99
210	180	64	100
211	179	63	100
212	177	62	101
214	178	61	102
215	177	61	102
216	178	61	102
216	178	62	102
217	177	62	102
219	178	62	102
221	179	59	101
223	179	59	100
224	180	61	100
225	179	60	100
226	181	59	100
226	180	60	101
226	180	61	101
226	179	63	101
227	179	62	101
226	179	62	101
227	178	63	101
226	179	63	102
225	179	64	101
225	179	66	101
228	179	65	100
228	179	64	100
228	180	66	100
229	181	67	100
230	180	66	101
230	181	68	102
232	181	68	102
231	181	68	103
232	181	68	102
233	182	69	102
234	181	66	102
236	179	67	106
239	179	65	105
240	179	60	104
243	179	60	106
241	180	66	106
239	181	69	104
242	181	68	103
243	182	69	102
243	182	70	101
244	183	64	101
247	184	66	101
249	183	63	101
251	183	62	102
253	182	55	103
253	182	63	102
253	182	58	103
258	180	53	101
259	178	52	102
261	178	49	101
263	177	51	102
257	178	61	95
268	179	44	102
265	181	53	102
254	182	67	90
272	181	50	100
272	181	56	95
273	179	59	87
269	179	59	97
280	179	51	83
284	174	46	84
262	180	52	100
258	181	60	101
264	177	98	107
260	169	56	107
254	177	83	107
252	173	57	110
252	176	78	108
249	174	57	108
251	175	77	109
247	178	56	105
248	174	71	110
245	176	55	107
248	174	95	112
285	175	57	111
292	177	50	112
249	173	90	110
288	177	52	112
264	174	76	113
283	178	57	112
279	178	58	111
284	179	52	110
243	176	89	113
241	172	66	115
236	168	50	112
233	167	48	112
237	170	38	50
238	171	46	71
235	171	45	79
231	168	47	106
229	171	39	61
228	171	42	73
226	171	43	74
226	171	38	73
224	171	48	74
222	172	55	75
220	172	50	68
218	173	49	76
217	173	40	76
217	173	47	76
216	174	41	73
214	173	39	77
212	172	43	81
211	172	44	79
209	171	44	79
209	170	44	81
209	172	47	82
208	172	42	81
207	170	40	84
208	170	39	84
208	170	39	84
208	169	39	85
208	170	39	85
207	170	39	86
207	170	41	86
209	174	56	85
207	171	41	85
206	170	44	87
206	170	44	87
217	181	55	78
205	171	43	88
213	177	65	96
202	169	44	87
202	169	43	89
204	170	50	98
215	180	67	95
195	178	133	88
179	174	69	81
197	169	45	93
199	170	48	96
227	183	57	100
230	181	84	105
264	185	72	107
251	186	86	105
218	181	102	102
193	169	44	89
160	177	134	92
233	176	99	106
226	179	90	93
272	177	59	111
228	177	98	108
257	180	75	100
242	177	83	107
77	152	189	83
116	149	35	62
111	147	32	63
110	147	31	63
110	148	31	63
109	148	30	62
109	149	30	62
109	149	30	63
107	150	30	63
107	149	30	64
107	149	31	64
106	149	31	65
105	147	31	66
104	146	31	66
103	146	31	67
103	147	30	67
102	146	30	67
102	147	30	66
101	148	30	66
99	146	32	72
100	149	29	67
83	151	61	70
97	148	34	68
83	152	55	69
98	150	30	67
93	150	39	70
85	154	56	65
82	156	70	63
74	161	136	68
154	177	110	82
167	166	68	96
156	165	60	95
148	177	148	82
229	176	86	104
271	177	60	104
238	179	46	96
236	178	51	96
235	181	53	94
241	181	50	93
241	184	52	91
240	184	53	91
242	186	53	91
243	187	53	90
244	185	52	90
244	183	51	92
244	182	50	93
245	182	52	93
246	183	48	91
245	182	54	93
248	183	47	91
244	183	50	92
249	183	44	91
247	183	45	92
248	183	43	92
248	183	42	92
249	183	41	92
250	182	40	93
250	182	40	93
251	182	40	93
251	181	40	93
252	182	39	92
253	182	39	92
254	182	39	93
256	182	39	93
256	182	38	93
256	182	40	92
258	182	40	92
258	183	39	92
260	182	40	91
260	180	40	90
259	179	40	92
260	177	41	91
262	174	41	92
263	173	44	95
265	173	74	101
263	177	44	93
264	176	58	97
264	175	78	99
262	177	55	98
264	177	48	97
265	177	67	99
266	176	50	99
265	177	48	96
269	178	53	97
267	177	63	97
265	179	48	94
307	176	43	102
288	178	62	100
260	179	64	97
256	179	50	93
250	176	55	95
248	177	45	91
244	176	44	92
243	177	56	95
242	178	43	91
240	179	56	95
235	179	40	91
233	179	45	94
231	180	46	95
230	181	44	94
229	181	40	92
228	181	48	95
226	179	52	94
224	180	40	91
222	181	41	91
220	180	45	92
220	180	39	90
219	179	42	90
218	178	44	91
217	177	49	93
217	179	75	94
194	183	86	86
221	179	57	92
219	178	75	95
219	178	57	96
224	179	72	96
226	181	68	95
270	183	56	96
255	182	74	96
274	185	55	93
222	185	101	95
238	186	142	103
275	186	52	96
201	186	112	93
239	186	73	94
232	190	41	89
230	191	39	88
230	190	44	91
235	188	62	96
233	197	101	80
277	190	43	93
265	188	55	96
276	188	44	94
224	186	85	94
276	185	46	95
240	186	44	90
240	185	67	94
240	188	55	90
241	188	39	89
246	187	56	95
284	188	43	94
289	188	43	95
283	189	46	93
291	189	46	93
252	190	42	87
253	189	43	88
261	190	85	90
257	189	43	88
258	186	74	95
260	189	57	89
300	191	53	91
263	188	44	90
270	194	95	85
310	193	53	88
311	193	49	88
310	193	54	89
310	192	54	88
312	193	55	89
315	193	50	88
318	192	47	90
317	192	46	90
318	191	44	90
319	191	42	90
318	191	40	91
320	190	37	90
320	190	37	90
321	190	37	90
322	190	36	90
321	190	37	90
322	190	37	90
323	189	36	90
323	189	36	91
323	189	36	91
324	188	36	90
324	188	36	90
325	188	36	89
326	188	36	89
327	187	36	89
325	187	37	89
326	187	37	90
327	187	37	89
327	186	37	89
329	186	39	90
329	185	37	89
329	185	38	90
330	186	37	89
329	185	39	90
332	184	37	90
332	184	39	90
331	184	40	91
332	184	39	90
333	184	38	90
329	184	44	91
332	183	41	90
332	182	40	91
314	182	60	90
240	187	106	81
191	182	49	86
189	180	51	87
191	180	50	87
192	179	50	87
192	179	49	87
193	180	49	87
193	179	47	87
195	178	47	88
196	179	49	88
195	179	50	88
196	178	50	87
196	178	49	88
196	179	50	88
198	178	48	88
200	178	47	88
200	177	47	87
199	177	49	88
200	177	47	88
200	177	48	88
201	177	48	88
200	177	49	88
200	177	50	88
201	176	47	88
201	175	47	88
201	175	48	88
201	176	46	88
201	174	46	89
203	174	45	89
204	174	44	89
203	174	44	89
205	173	43	89
205	173	43	89
205	173	43	88
204	173	44	89
204	172	44	89
205	172	44	89
203	172	44	89
204	172	44	89
204	172	44	89
204	172	45	89
203	171	46	89
203	172	45	89
203	171	45	89
203	171	45	89
202	171	45	89
201	170	45	89
202	170	44	89
202	170	44	88
202	170	44	88
201	170	43	89
203	169	43	89
202	169	42	89
203	169	41	89
204	170	41	88
204	169	41	89
204	169	41	89
204	168	41	89
204	168	41	89
204	167	41	89
204	168	41	89
205	167	41	90
205	167	41	90
204	167	41	90
205	165	41	91
204	166	40	91
205	166	40	91
205	166	41	91
206	166	41	91
206	165	40	91
206	165	41	92
208	164	41	92
208	164	40	92
208	163	41	93
208	162	42	94
209	162	42	95
209	160	42	96
210	161	42	96
210	160	43	96
210	160	43	96
211	159	43	97
211	159	42	97
211	158	43	97
212	157	44	98
212	158	44	97
212	157	45	98
213	156	44	99
214	157	46	99
215	156	47	99
216	156	47	100
216	156	47	100
218	156	46	100
220	156	49	100
223	155	48	100
224	155	49	100
225	156	49	101
226	156	48	100
227	156	48	101
229	155	48	101
230	155	48	101
232	156	46	101
233	157	45	100
233	157	45	100
235	159	45	99
236	161	42	98
238	162	42	96
239	164	41	95
240	165	39	94
239	165	41	94
241	167	39	93
241	169	39	92
243	169	39	91
243	171	39	91
244	172	39	90
244	172	39	90
245	172	38	90
246	172	38	90
246	172	38	90
246	172	38	90
247	173	38	90
247	173	38	90
248	173	38	90
248	174	38	90
249	175	37	90
249	175	38	90
248	176	38	90
248	175	38	90
249	176	39	89
249	176	39	89
250	175	39	89
249	175	40	89
249	175	39	89
250	175	39	89
249	175	41	90
248	174	40	90
248	174	40	90
248	173	42	90
249	173	42	90
248	172	41	90
249	174	42	90
248	174	42	90
248	174	43	90
248	174	41	89
247	173	41	89
247	174	41	89
247	173	41	89
246	174	39	89
246	174	40	89
245	174	39	89
244	173	42	89
245	173	40	89
244	173	41	89
244	173	40	89
244	173	43	90
247	171	46	90
247	171	46	91
243	172	43	90
244	172	44	90
246	172	43	89
244	173	42	88
243	173	40	89
243	174	40	89
243	174	40	89
244	174	39	89
242	174	40	90
242	174	38	89
243	174	38	90
243	173	38	90
242	173	38	90
242	173	38	90
243	173	38	90
242	173	39	91
242	172	38	91
242	172	38	91
242	173	38	91
242	173	38	90
241	174	38	90
242	173	39	90
241	174	39	89
241	174	39	90
241	173	39	90
240	173	39	90
240	174	39	90
239	173	40	90
239	172	39	91
239	172	39	91
239	171	39	91
237	172	40	92
238	171	40	92
235	171	42	91
233	171	43	91
229	171	47	91
233	171	43	90
229	171	46	91
236	171	40	91
227	170	47	91
237	170	39	91
231	170	46	91
235	171	41	91
228	171	47	90
237	171	38	91
236	172	40	90
236	172	40	90
237	172	38	89
236	172	39	89
237	172	39	88
234	172	41	88
238	173	38	88
235	173	41	87
233	173	42	87
236	174	39	86
235	173	41	86
225	172	49	86
235	175	41	84
232	174	43	85
238	174	38	84
235	174	41	85
232	173	43	84
238	176	38	82
236	175	40	81
236	175	39	81
236	176	39	80
237	177	39	79
235	177	40	79
234	176	42	79
235	177	41	77
234	176	42	77
235	175	41	77
235	176	41	77
234	175	41	77
235	175	41	77
232	176	45	77
237	177	41	77
236	176	41	77
233	176	45	78
234	176	43	77
205	173	71	80
238	176	41	76
238	176	40	77
237	175	43	76
237	175	43	77
239	175	41	77
240	175	40	76
240	175	40	76
238	174	43	77
240	175	42	76
240	174	41	77
200	169	78	83
238	171	44	79
193	164	38	84
199	162	69	90
196	163	40	83
200	161	62	93
245	173	39	77
243	173	43	77
246	173	41	77
243	172	44	78
199	168	88	84
193	163	44	85
191	162	43	87
189	162	42	87
190	162	44	88
190	163	38	85
190	164	39	85
188	163	41	86
189	163	39	85
189	163	39	85
188	164	39	84
188	164	39	85
188	163	39	85
187	164	39	86
187	163	39	85
187	163	39	86
188	162	39	86
187	163	39	86
188	163	40	87
188	163	39	86
188	163	39	88
188	163	39	88
189	164	39	88
190	164	39	87
190	165	38	87
190	166	38	87
191	167	37	87
191	167	38	86
192	168	38	86
192	169	38	86
192	170	38	86
193	170	38	86
193	170	38	86
193	170	38	86
193	169	38	86
193	169	38	86
194	168	38	86
194	168	38	86
193	169	38	86
193	169	39	87
193	169	39	87
193	169	40	87
192	169	39	86
193	169	39	86
192	169	39	87
191	170	40	86
191	170	40	86
190	171	40	86
189	173	41	85
189	172	41	85
189	172	40	85
187	173	41	85
186	173	40	85
186	174	39	84
184	174	39	83
184	173	39	84
183	174	40	84
182	175	40	84
181	176	40	83
180	175	39	83
179	175	40	83
179	175	40	83
178	176	40	83
178	176	40	83
178	176	39	83
178	176	39	83
178	177	39	84
178	177	39	84
178	177	39	84
179	178	39	84
178	179	39	83
179	179	39	84
179	178	39	83
179	179	39	84
180	178	39	84
180	178	39	84
180	178	39	85
180	178	39	84
180	178	39	84
180	179	39	84
179	178	40	85
179	178	40	85
179	177	40	86
179	178	40	86
178	178	40	86
178	178	40	86
179	177	40	87
178	178	40	87
177	178	40	87
177	179	40	88
176	180	39	88
176	180	39	88
175	180	40	88
173	180	39	88
172	179	39	88
170	180	39	89
169	180	40	89
169	179	40	88
167	179	40	89
166	178	40	89
165	178	41	90
164	178	41	90
162	178	41	91
162	178	41	91
161	177	42	91
159	178	42	91
158	178	41	91
158	179	41	91
157	178	41	92
157	178	41	92
156	180	40	93
156	179	40	92
156	180	40	93
156	180	39	92
155	181	39	92
155	181	39	92
155	181	39	92
155	181	39	92
154	181	39	92
153	181	39	93
153	180	40	93
152	180	40	93
152	179	40	94
151	180	41	93
150	179	41	93
149	178	45	96
149	179	41	94
149	179	42	94
148	180	41	94
147	180	41	93
146	180	41	94
146	180	41	94
145	181	41	95
145	181	41	95
144	180	41	95
143	180	41	96
141	180	42	96
140	179	42	96
139	178	43	96
139	179	43	96
138	178	44	96
137	179	44	97
138	178	44	97
138	177	44	98
138	177	45	98
139	177	44	98
141	178	44	98
146	177	44	98
152	177	42	99
159	179	43	98
166	180	42	98
166	179	42	98
173	180	42	97
181	182	42	97
187	184	42	97
194	185	42	97
199	186	42	97
200	186	41	97
204	186	43	97
209	187	42	98
213	186	43	98
217	187	42	98
219	187	43	98
220	188	42	97
222	188	42	98
224	188	43	98
225	189	43	97
227	190	43	98
228	190	42	98
228	190	42	99
229	190	42	99
230	191	42	98
230	191	42	98
231	192	42	98
233	192	43	99
233	193	43	99
234	193	43	99
235	193	43	99
235	194	43	98
237	192	44	98
237	191	44	99
236	192	44	99
236	191	44	100
236	192	44	101
236	192	44	101
236	192	44	101
236	192	43	101
236	192	43	101
236	191	43	101
237	190	43	102
236	190	43	102
235	190	43	102
235	191	44	102
235	189	45	103
235	190	43	102
234	192	43	101
231	188	49	104
233	190	45	102
232	191	46	102
231	190	47	102
232	192	44	101
231	192	45	101
231	192	44	101
230	192	45	101
229	192	48	102
228	190	53	103
229	192	46	102
230	192	44	101
229	192	46	101
229	193	44	101
229	193	44	101
229	193	44	101
229	193	44	101
229	193	44	100
229	193	45	101
230	193	44	101
230	194	43	100
230	193	44	100
230	193	44	100
231	193	44	100
231	194	43	100
230	192	46	101
231	194	44	99
231	193	45	100
232	194	44	99
232	193	44	100
229	190	50	101
231	192	47	100
228	188	65	100
233	193	44	100
222	188	88	97
231	192	44	100
222	188	82	95
