0.012112
0.098242
0.092426
0.095952
0.088468
0.094120
0.096575
0.108978
0.106867
0.128746
0.142903
0.134673
0.167511
0.154343
0.106250
0.093807
0.104151
0.141865
0.118068
0.090130
0.104718
0.152836
0.117868
0.135925
0.124478
0.142006
0.093202
0.090057
0.088824
0.134415
0.109728
0.108317
0.138083
0.097835
0.095495
0.098547
0.100892
0.095702
0.099774
0.091512
0.111419
0.113925
0.102370
0.101458
0.110132
0.127257
0.133466
0.070799
0.122925
0.117888
0.133588
0.097558
0.088207
0.096658
0.115676
0.095637
0.120950
0.074132
0.092708
0.079068
0.081017
0.103998
0.097547
0.109699
0.084952
0.148454
0.092745
0.098320
0.113639
0.106766
0.113495
0.129494
0.099629
0.112486
0.109558
0.086260
0.136070
0.082595
0.113868
0.148043
0.122509
0.114624
0.115097
0.108236
0.113158
0.111425
0.100706
0.127781
0.098941
0.103385
0.110456
0.118210
0.108286
0.083723
0.106534
0.118357
0.112639
0.097476
0.084142
0.106779
0.103175
0.143218
0.126303
0.078572
0.087415
0.129772
0.108364
0.112851
0.087261
0.121069
0.116172
0.115738
0.100985
0.122241
0.086958
0.118856
0.119263
0.112496
0.116335
0.102315
0.103067
0.097100
0.102485
0.144694
0.092538
0.104758
0.130386
0.103173
0.111192
0.098181
0.107500
0.123043
0.092627
0.106216
0.101418
0.073964
0.078205
0.110203
0.096624
0.126745
0.146666
0.140648
0.100019
0.079861
0.076419
0.077959
0.091214
0.128957
0.084400
0.105366
0.109420
0.104951
0.076046
0.076269
0.107236
0.115683
0.093940
0.112207
0.064919
0.082576
0.077082
0.134893
0.094227
0.093477
0.082199
0.092566
0.097963
0.140460
0.080851
0.129422
0.097520
0.111807
0.136201
0.110037
0.111762
0.101315
0.095208
0.103065
0.090057
0.075315
0.070436
0.091984
0.116677
0.124147
0.088018
0.113787
0.109773
0.102108
0.123682
0.109030
0.092243
0.096283
0.098825
0.140541
0.121722
0.101663
0.088362
0.181578
0.114257
0.116488
0.107556
0.107885
0.122940
0.141857
0.130686
0.141607
0.094857
0.158766
0.138255
0.101359
0.112189
0.102236
0.145945
0.145284
0.117505
0.082639
0.124596
0.109039
0.110429
0.094049
0.145418
0.115572
0.084431
0.117224
0.105696
0.120217
0.119112
0.126536
0.113796
0.093855
0.144197
0.084464
0.101336
0.115088
0.175316
0.095840
0.104248
0.135442
0.113938
0.112204
0.124388
0.115477
0.074552
0.127872
0.156821
0.160463
0.133107
0.106710
0.120574
0.095323
0.150312
0.162031
0.093290
0.119815
0.099682
0.107697
0.112467
0.141084
0.147384
0.103954
0.131262
0.111041
0.096618
0.100642
0.091297
0.087829
0.100761
0.104388
0.084367
0.086346
0.073019
0.092004
0.076462
0.139610
0.087389
0.133314
0.095203
0.106592
0.152148
0.090530
0.098451
0.094028
0.076214
0.097705
0.110683
0.096425
0.112578
0.079048
0.074337
0.122074
0.092976
0.089948
0.087921
0.097616
0.084983
0.075430
0.079756
0.099478
0.083288
0.072569
0.101748
0.101276
0.079885
0.083238
0.098523
0.086326
0.095618
0.099282
0.103772
0.097273
0.107749
0.087347
0.067794
0.097471
0.087496
0.083712
0.071465
0.088587
0.123967
0.103802
0.075014
0.072582
0.070287
0.130407
0.161248
0.137400
0.127070
0.124807
0.116089
0.161129
0.158967
0.114792
0.084426
0.110609
0.090772
0.090750
0.074541
0.123040
0.079956
0.092706
0.108893
0.108704
0.093662
0.086987
0.109085
0.076932
0.055267
0.102634
0.076886
0.081387
0.071357
0.065728
0.086282
0.089260
0.090344
0.100893
0.116065
0.106390
0.110223
0.093259
0.087730
0.095295
0.085666
0.098101
0.098699
0.090817
0.094739
0.114902
0.097495
0.090931
0.146113
0.116480
0.104814
0.166344
0.129593
0.108888
0.117020
0.120409
0.106467
0.091231
0.087837
0.098128
0.104567
0.108016
0.093571
0.088947
0.109577
0.114345
0.099007
0.102742
0.104119
0.085185
0.099651
0.112739
0.100245
0.105806
0.082968
0.101204
0.091758
0.113669
0.103676
0.099009
0.119315
0.119494
0.110105
0.109403
0.098833
0.123317
0.112803
0.125797
0.138456
0.128814
0.131401
0.116540
0.081028
0.096148
0.118801
0.091120
0.118434
0.081377
0.095935
0.078599
0.090379
0.096453
0.095552
0.147943
0.087353
0.106980
0.099273
0.089314
0.096673
0.088853
0.087154
0.063653
0.102386
0.127017
0.092218
0.106474
0.113765
0.095857
0.082343
0.105047
0.120169
0.103339
0.121976
0.084234
0.137040
0.133881
0.148757
0.123823
0.087936
0.135497
0.120567
0.145963
0.115298
0.090587
0.082858
0.088963
0.090989
0.087804
0.136718
0.092263
0.081452
0.090696
0.114740
0.083406
0.092315
0.088328
0.103846
0.091774
0.083151
0.104188
0.096180
0.103476
0.104696
0.115072
0.146338
0.112134
0.143413
0.112391
0.173021
0.093410
0.130660
0.127597
0.104226
0.091814
0.126944
0.087014
0.081804
0.133459
0.121123
0.081388
0.123492
0.087126
0.116639
0.115443
0.131522
0.130400
0.141368
0.147713
0.099132
0.091178
0.096340
0.099704
0.065250
0.085105
0.143920
0.110448
0.107903
0.103534
0.106932
0.119020
0.109781
0.149579
0.086791
0.130119
0.119453
0.093744
0.111570
0.071889
0.089704
0.086769
0.132646
0.095644
0.111290
0.148335
0.113271
0.134134
0.142846
0.097787
0.129784
0.120518
0.127769
0.117487
0.105115
0.107215
0.108407
0.122723
0.127865
0.100196
0.101963
0.117108
0.144664
0.097935
0.128714
0.113995
0.105037
0.130392
0.104138
0.087734
0.142740
0.152531
0.115034
0.098384
0.076783
0.123668
0.088655
0.096796
0.106416
0.118441
0.105972
0.106621
0.126524
0.140940
0.097897
0.150147
0.110441
0.102955
0.123856
0.107166
0.123425
0.120897
0.107476
0.151704
0.089443
0.087391
0.095211
0.119089
0.086271
0.097567
0.131578
0.080460
0.086353
0.097825
0.087289
0.109593
0.120746
0.082519
0.091006
0.115279
0.119938
0.084294
0.090402
0.087205
0.064435
0.104246
0.090871
0.106124
0.115225
0.110467
0.131306
0.121563
0.129957
0.121382
0.137231
0.105071
0.122353
0.095755
0.095521
0.132544
0.115085
0.124488
0.122216
0.124524
0.123156
0.131832
0.082353
0.130729
0.110350
0.130195
0.113199
0.114300
0.095380
0.135280
0.099060
0.156884
0.113075
0.096924
0.117493
0.128712
0.114945
0.100509
0.096390
0.092149
0.094101
0.141164
0.125776
0.124100
0.102820
0.115122
0.091707
0.114564
0.111581
0.114621
0.091338
0.086656
0.112900
0.098752
0.096446
0.144025
0.078630
0.085614
0.109313
0.097197
0.119830
0.093488
0.118140
0.117105
0.096356
0.085883
0.107019
0.103172
0.095639
0.095738
0.090756
0.103900
0.106152
0.089571
0.089652
0.070486
0.070105
0.102201
0.079580
0.067380
0.093955
0.103747
0.076412
0.091785
0.079355
0.090721
0.106178
0.103450
0.083148
0.079404
0.070462
0.100947
0.112032
0.091941
0.127517
0.086169
0.111898
0.099428
0.089806
0.095616
0.095886
0.091335
0.092804
0.098478
0.103232
0.096676
0.103845
0.103488
0.098168
0.118344
0.121410
0.165514
0.089537
0.120856
0.115406
0.088796
0.076787
0.195444
0.121809
0.150225
0.139510
0.157976
0.117472
0.101229
0.100624
0.085856
0.098779
0.085469
0.106486
0.107571
0.110964
0.086558
0.122969
0.093012
0.092278
0.122488
0.131107
0.083930
0.115430
0.124381
0.134216
0.097950
0.119075
0.069770
0.114271
0.104991
0.089561
0.096621
0.110100
0.133713
0.117060
0.112194
0.102380
0.138446
0.113059
0.172386
0.090780
0.096694
0.100988
0.088090
0.099941
0.114069
0.107685
0.123724
0.103398
0.092334
0.107064
0.076378
0.094264
0.071882
0.080447
0.095186
0.141518
0.105719
0.126027
0.116499
0.125250
0.108726
0.161988
0.127875
0.132204
0.135038
0.117456
0.094395
0.101685
0.126883
0.108948
0.097274
0.096656
0.112560
0.109085
0.116285
0.136330
0.080567
0.118842
0.095467
0.136441
0.099988
0.123339
0.110345
0.079410
0.117350
0.108131
0.116246
0.113640
0.096235
0.117208
0.122105
0.117746
0.140215
0.110447
0.133127
0.119646
0.088957
0.095739
0.115816
0.110780
0.108310
0.109403
0.080128
0.114134
0.100059
0.086357
0.092892
0.117110
0.101686
0.095243
0.091189
0.090767
0.121050
0.091009
0.111963
0.107945
0.117536
0.106307
0.104414
0.095501
0.111263
0.095011
0.128373
0.106980
0.083115
0.087919
0.096823
0.110679
0.115647
0.094025
0.097275
0.083449
0.115429
0.094860
0.094117
0.134343
0.101897
0.101617
0.093930
0.088724
0.107471
0.093367
0.071041
0.115811
0.084281
0.089772
0.104147
0.090574
0.090032
0.089361
0.101761
0.137111
0.110551
0.118373
0.116114
0.097327
0.088135
0.096253
0.128230
0.083430
0.110336
0.150186
0.192280
0.119652
0.166450
0.099606
0.134448
0.104289
0.120639
0.081515
0.108931
0.108203
0.096368
0.117638
0.094268
0.101529
0.086491
0.167871
0.144541
0.093466
0.118575
0.102861
0.106390
0.097380
0.133496
0.103021
0.131415
0.113275
0.098999
0.150327
0.118576
0.127271
0.089297
0.075305
0.087972
0.124809
0.094116
0.088332
0.093643
0.103044
0.115932
0.112558
0.103525
0.127501
0.093874
0.113124
0.121419
0.110545
0.086488
0.121473
0.116238
0.101833
0.106965
0.102694
0.093018
0.092190
0.085055
0.083561
0.101820
0.080641
0.084536
0.085097
0.105016
0.086088
0.124216
0.106815
0.125842
0.110929
0.082223
0.092474
0.118681
0.099794
0.122276
0.120854
0.125133
0.111962
0.137779
0.134524
0.088410
0.090714
0.103200
0.102512
0.116667
0.126574
0.132095
0.128548
0.101226
0.100757
0.095486
0.086875
0.102282
0.126560
0.092572
0.129073
0.098691
0.100858
0.104059
0.098293
0.092020
0.095651
0.093539
0.096627
0.089946
0.110713
0.094201
0.067067
0.153276
0.102944
0.112133
0.128432
0.088986
0.145340
0.127428
0.105848
0.084975
0.148529
0.106695
0.111656
0.109099
0.143800
0.137863
0.134905
0.121914
0.104155
0.161437
0.108171
0.091392
0.100126
0.114335
0.113832
0.088158
0.120888
0.114257
0.129706
0.114058
0.096058
0.104365
0.107094
0.100049
0.093392
0.122172
0.105939
0.092815
0.088074
0.104552
0.105591
0.126948
0.099174
0.116831
0.132241
0.099026
0.095784
0.100477
0.075118
0.110938
0.097567
0.087952
0.098314
0.118633
0.112405
0.116240
0.121044
0.128863
0.120924
0.098854
0.096221
0.111811
0.098359
0.126906
0.108546
0.091848
0.121416
0.115956
0.095909
0.076121
0.155643
0.120673
0.079057
0.095515
0.136767
0.092978
0.100010
0.161765
0.190433
0.088886
0.133285
0.102342
0.118271
0.114485
0.127596
0.138604
0.105460
0.095641
0.114853
0.153728
0.100657
0.082152
0.103810
0.115297
0.112289
0.146991
0.106050
0.086630
0.113987
0.122149
0.098828
0.116027
0.086385
0.087952
0.096963
0.135884
0.089922
0.128005
0.107528
0.095830
0.104875
0.123509
0.121156
0.089090
0.103634
0.101292
0.090880
0.094136
0.103989
0.068099
0.128081
0.087145
0.099728
0.118498
