0.019740
0.108941
0.093738
0.111147
0.118801
0.122881
0.101950
0.098261
0.105906
0.133569
0.125511
0.101252
0.087842
0.109766
0.117710
0.109616
0.086910
0.102116
0.112198
0.145268
0.119050
0.128577
0.135140
0.130047
0.137891
0.130666
0.094060
0.137092
0.110868
0.093501
0.086881
0.100769
0.112442
0.100694
0.098996
0.117190
0.087310
0.095331
0.114704
0.092186
0.120393
0.155449
0.115332
0.101591
0.110577
0.103163
0.156530
0.103045
0.092916
0.123850
0.166114
0.120955
0.126426
0.114841
0.120645
0.134427
0.141375
0.147969
0.119755
0.111959
0.116322
0.106973
0.161991
0.163820
0.129686
0.130449
0.104388
0.084664
0.086990
0.088328
0.135285
0.111514
0.095824
0.119935
0.139399
0.108364
0.097984
0.076857
0.088974
0.094221
0.091635
0.109041
0.107643
0.140636
0.115042
0.096208
0.107545
0.064681
0.057415
0.098677
0.120335
0.108802
0.083550
0.105662
0.107408
0.079233
0.134169
0.101322
0.152645
0.108254
0.120663
0.096679
0.154212
0.141467
0.127863
0.134978
0.119626
0.100610
0.105187
0.103850
0.145293
0.115920
0.166551
0.129114
0.128199
0.137744
0.119258
0.105552
0.093887
0.095433
0.110797
0.097502
0.140465
0.152222
0.082696
0.114878
0.098751
0.122067
0.105602
0.114199
0.086102
0.135725
0.123317
0.134417
0.092411
0.121042
0.112359
0.143739
0.092377
0.123264
0.085509
0.157220
0.113898
0.111540
0.131167
0.094175
0.107173
0.104009
0.084213
0.085113
0.116534
0.082453
0.080007
0.120477
0.095628
0.076346
0.098519
0.077314
0.078910
0.099913
0.099411
0.092870
0.080874
0.121545
0.131363
0.105580
0.137358
0.097605
0.135518
0.145579
0.115580
0.113914
0.107354
0.104253
0.078146
0.115684
0.093717
0.109505
0.114195
0.110467
0.114345
0.163062
0.086957
0.138122
0.119795
0.105552
0.089598
0.156144
0.125078
0.124895
0.108579
0.168245
0.158582
0.129354
0.096461
0.138464
0.133155
0.131639
0.147076
0.136570
0.108318
0.095241
0.084970
0.155136
0.108986
0.128652
0.155517
0.192141
0.107547
0.086804
0.124106
0.089651
0.129424
0.110501
0.118308
0.121036
0.110801
0.121766
0.083658
0.093677
0.083930
0.110726
0.091341
0.070460
0.088477
0.094184
0.117638
0.080520
0.059315
0.079566
0.064846
0.090248
0.102942
0.101857
0.100876
0.115158
0.124800
0.098324
0.130054
0.103843
0.098528
0.089704
0.088971
0.090130
0.069708
0.089936
0.089202
0.095841
0.102286
0.117201
0.116442
0.103291
0.094021
0.092092
0.106044
0.095860
0.111469
0.109854
0.105602
0.137094
0.112448
0.119657
0.134171
0.120122
0.090405
0.128316
0.104133
0.099228
0.122238
0.120533
0.104403
0.119276
0.103248
0.104131
0.100048
0.132837
0.128515
0.114424
0.109512
0.088228
0.101938
0.075323
0.115484
0.115753
0.071553
0.137328
0.159372
0.123323
0.092448
0.113264
0.096788
0.149407
0.096300
0.084108
0.125931
0.093713
0.120799
0.126011
0.136812
0.082160
0.109363
0.106868
0.136121
0.118918
0.099094
0.122750
0.084831
0.112971
0.120232
0.105239
0.118789
0.120735
0.105730
0.134631
0.094295
0.124731
0.116811
0.135211
0.098660
0.129027
0.088529
0.111503
0.126824
0.099635
0.103197
0.095456
0.108241
0.130079
0.097980
0.099644
0.134065
0.131840
0.091820
0.073050
0.091076
0.086343
0.118137
0.098022
0.147923
0.146074
0.137963
0.108896
0.093981
0.107405
0.076325
0.125276
0.137380
0.105718
0.134085
0.122017
0.097652
0.116776
0.111504
0.093037
0.103848
0.102548
0.115941
0.105591
0.090488
0.101570
0.080289
0.071405
0.145173
0.086431
0.138071
0.113993
0.097330
0.058807
0.152555
0.099344
0.136219
0.145310
0.088130
0.094948
0.057057
0.097883
0.062446
0.064621
0.080777
0.075639
0.095284
0.071359
0.084835
0.133290
0.093411
0.097546
0.091955
0.078866
0.120371
0.083023
0.105105
0.114573
0.061311
0.087879
0.097935
0.073343
0.099225
0.111562
0.110905
0.114518
0.085447
0.082267
0.091077
0.064122
0.125744
0.108271
0.190958
0.114652
0.148167
0.128863
0.102001
0.111417
0.148659
0.111776
0.088113
0.083216
0.113235
0.116765
0.101540
0.156853
0.104510
0.122968
0.117188
0.132067
0.120369
0.133582
0.100152
0.096169
0.128268
0.088137
0.114199
0.097477
0.078150
0.100223
0.122127
0.084060
0.080570
0.097440
0.120923
0.092043
0.101211
0.143443
0.099770
0.091053
0.086846
0.089907
0.095601
0.111911
0.098014
0.110882
0.092078
0.095240
0.085788
0.086780
0.102537
0.101183
0.090054
0.097045
0.112539
0.087684
0.060686
0.131981
0.089203
0.107424
0.104300
0.114339
0.105571
0.106868
0.076075
0.125047
0.093719
0.146194
0.150319
0.077150
0.088870
0.116825
0.170208
0.088979
0.116565
0.100713
0.083368
0.088093
0.091986
0.097156
0.097839
0.085529
0.126317
0.091821
0.068986
0.106778
0.083059
0.091466
0.100655
0.104783
0.098256
0.118755
0.116771
0.136882
0.106147
0.103026
0.098143
0.097008
0.101660
0.096389
0.118161
0.129103
0.136368
0.107546
0.059049
0.089960
0.094867
0.096878
0.111521
0.095799
0.084213
0.120246
0.109962
0.084609
0.114470
0.105167
0.085147
0.091242
0.109329
0.106434
0.080949
0.101199
0.062035
0.091759
0.105937
0.109984
0.113557
0.088184
0.133945
0.088253
0.108085
0.091077
0.105366
0.142043
0.121788
0.110114
0.098306
0.109473
0.111271
0.096798
0.123192
0.090844
0.123847
0.088377
0.106722
0.109483
0.106326
0.120117
0.081199
0.106688
0.094056
0.109412
0.066829
0.103815
0.073241
0.075821
0.081255
0.084281
0.090425
0.090210
0.066064
0.095703
0.090767
0.084832
0.128106
0.122836
0.103334
0.090052
0.099104
0.130479
0.123741
0.084399
0.105100
0.096703
0.088879
0.105973
0.090659
0.104523
0.100214
0.102092
0.072252
0.110179
0.104176
0.071815
0.096477
0.086689
0.111380
0.094829
0.112580
0.093681
0.113961
0.133449
0.137048
0.090473
0.112185
0.100761
0.119193
0.107812
0.127955
0.099124
0.078778
0.126179
0.093550
0.096119
0.118444
0.089257
0.116320
0.110644
0.114033
0.125367
0.104673
0.112293
0.151112
0.097852
0.111694
0.154116
0.145524
0.118952
0.095279
0.099909
0.079319
0.092347
0.122090
0.101200
0.156557
0.103024
0.102513
0.085600
0.113357
0.101455
0.111644
0.091757
0.137335
0.153716
0.096212
0.118294
0.129624
0.120867
0.106062
0.130907
0.090780
0.131498
0.105936
0.117277
0.127679
0.118487
0.071245
0.075065
0.113759
0.134525
0.080619
0.101489
0.140413
0.114300
0.121098
0.101577
0.136655
0.115736
0.118530
0.120203
0.102796
0.169497
0.130991
0.144909
0.138469
0.095574
0.100765
0.090287
0.141823
0.145336
0.120724
0.108876
0.120367
0.140550
0.108568
0.103884
0.117755
0.142975
0.100285
0.099306
0.095319
0.096990
0.106087
0.106761
0.106322
0.106652
0.127070
0.095228
0.128139
0.112907
0.143146
0.091553
0.101935
0.103770
0.092597
0.114058
0.120756
0.108895
0.114652
0.099055
0.080525
0.091043
0.107360
0.128223
0.094606
0.075875
0.125093
0.147626
0.102943
0.155503
0.117366
0.137289
0.061685
0.124256
0.121246
0.119912
0.123576
0.111203
0.120817
0.093841
0.128759
0.164905
0.138621
0.100669
0.102863
0.160875
0.107630
0.099391
0.172475
0.133184
0.086546
0.100799
0.100233
0.108500
0.121799
0.154766
0.118962
0.166254
0.134905
0.086390
0.152159
0.110034
0.127794
0.132733
0.095407
0.166721
0.126847
0.137576
0.112723
0.102681
0.121210
0.151892
0.141835
0.126222
0.089826
0.169526
0.125903
0.120893
0.184469
0.121902
0.128652
0.121628
0.111658
0.139581
0.190682
0.136367
0.124975
0.145526
0.109406
0.145109
0.177497
0.133782
0.087245
0.088428
0.145230
0.120948
0.115711
0.175690
0.116890
0.114243
0.096512
0.109032
0.116166
0.183949
0.099800
0.119911
0.131152
0.157279
0.127906
0.104828
0.098434
0.116576
0.155336
0.114012
0.108443
0.125946
0.098168
0.143763
0.120589
0.064428
0.085859
0.107264
0.139626
0.091021
0.071728
0.113026
0.133188
0.120295
0.095983
0.110340
0.124770
0.077389
0.097742
0.121300
0.150040
0.134341
0.116781
0.111908
0.129802
0.109761
0.094775
0.103610
0.141435
0.135662
0.083637
0.096107
0.087984
0.089680
0.097635
0.138935
0.113957
0.104142
0.108667
0.123643
0.134252
0.091102
0.114525
0.138655
0.093848
0.142644
0.100524
0.090296
0.138559
0.095041
0.103058
0.091080
0.111253
0.081646
0.119029
0.107359
0.099210
0.152086
0.062720
0.101633
0.084663
0.099857
0.086298
0.100074
0.139158
0.094492
0.084233
0.115598
0.141364
0.112791
0.100982
0.129809
0.107404
0.132423
0.097062
0.057957
0.078524
0.085412
0.109402
0.118649
0.077843
0.104759
0.095150
0.086593
0.078663
0.063828
0.088006
0.108848
0.101818
0.093125
0.100591
0.082117
0.078107
0.102044
0.086489
0.076573
0.072743
0.114084
0.098636
0.082704
0.100059
0.104114
0.089481
0.082223
0.077258
0.138604
0.084263
0.081474
0.072270
0.082603
0.067385
0.066075
0.074465
0.068376
0.090608
0.080468
0.089707
0.082683
0.068134
0.092342
0.070458
0.075598
0.078908
0.083883
0.086843
0.070973
0.112912
0.094144
0.088031
0.076962
0.083709
0.057636
0.122496
0.079501
0.082129
0.105728
0.086984
0.069827
0.062617
0.087466
0.096657
0.094689
0.119706
0.072356
0.102716
0.108180
0.050918
0.069933
0.095571
0.078013
0.080857
0.054629
0.080605
0.104568
0.123357
0.118734
0.122717
0.090096
0.084609
0.103835
0.091929
0.100672
0.141199
0.100781
0.109917
0.102962
0.105865
0.085690
0.107729
0.097075
0.108390
0.144368
0.121877
0.103264
0.153758
0.082216
0.136017
0.093376
0.120242
0.094638
0.094531
0.126533
0.087879
0.095823
0.111734
0.097855
0.122567
0.128806
0.086345
0.086730
0.085279
0.076272
0.103095
0.131598
0.139688
0.128546
0.103799
0.093179
0.123317
0.073188
0.109271
0.094815
0.059685
0.100840
0.102499
0.105315
0.095916
0.096615
0.104865
0.103789
0.096846
0.138400
0.089602
0.095678
0.108443
0.108723
0.109757
0.091613
0.096640
0.115786
0.108582
0.128093
0.116817
0.087598
0.103563
0.081715
0.088677
0.119063
0.088121
0.118721
0.111424
0.109010
0.085802
0.119642
0.087160
0.093289
0.123377
0.091775
0.139637
0.107949
0.110066
0.070335
0.073891
0.057896
0.067516
0.087236
0.058412
0.100163
0.115370
0.061119
0.078804
0.147657
0.104319
0.087668
0.111461
0.109118
0.098209
0.072808
0.104491
0.100628
0.096453
0.097155
0.096235
0.081149
0.084609
0.108824
0.084177
0.116455
0.121238
0.105285
0.099046
0.107196
0.094728
0.080990
0.108591
0.118853
0.090290
0.089032
0.094737
0.090683
0.100187
0.085121
0.091817
0.095480
0.103060
0.103068
0.106859
0.084507
0.095127
0.104591
0.094104
0.100638
0.071716
0.131572
0.097478
0.154078
0.092050
0.088112
0.099923
0.075714
0.127823
0.107475
0.119133
0.096962
0.085949
0.123664
0.133332
0.067400
0.093039
0.076963
0.083058
0.096523
0.094184
0.081556
0.070972
0.063038
0.074040
0.089075
0.065255
0.059912
0.063495
0.071342
0.063196
0.055666
0.083936
0.068774
0.082177
0.114359
0.086331
0.068023
0.079958
0.114158
0.095237
0.093103
0.086178
0.104595
0.091876
0.092075
0.090888
0.111167
0.090075
0.078186
0.144297
0.125016
0.084537
0.118874
0.112880
0.091481
0.126919
0.098176
0.093727
0.102314
0.082715
0.102188
0.103022
0.096341
0.135776
0.142752
0.085213
0.084104
0.101172
0.126509
0.114755
0.068882
0.066278
0.064767
0.077562
0.093685
0.097279
0.091478
0.086836
0.098683
0.109088
0.118878
0.108575
0.081980
0.104570
0.070621
0.099048
0.105765
0.108932
0.133055
0.104107
0.074022
0.115928
0.096953
0.075048
0.088100
0.102872
0.105045
0.080933
0.123543
0.095473
0.119376
0.088424
0.090829
0.127949
0.104601
0.076764
0.118397
0.130821
0.081157
0.139449
0.126749
0.099244
0.091580
0.079547
0.072845
0.078098
0.095828
0.112222
0.082957
0.077884
0.091487
0.088749
0.096876
0.082802
0.115292
0.072897
0.090123
0.090067
0.089222
0.106400
0.086408
0.081539
0.097550
0.112775
0.087232
0.115841
0.103365
0.098044
0.113493
0.103884
0.090948
0.097131
0.125641
0.101573
0.123080
0.101825
0.118933
0.123853
0.100377
0.123502
0.151031
0.125994
0.102341
0.103292
0.132343
0.105313
0.112669
0.134107
0.127946
0.101955
0.093406
0.118843
0.131147
0.114201
0.112308
0.117621
0.107284
0.100737
0.094101
0.100478
0.088256
0.092083
0.065383
0.134146
0.078256
0.140995
0.069093
0.104691
0.109830
0.099949
0.080424
0.087607
0.094842
0.079965
0.093171
0.081822
0.095494
0.076282
0.102022
0.115473
0.111438
0.124099
0.117839
0.100705
0.126979
0.104776
0.108797
0.110079
0.113503
0.108290
0.094252
0.106563
0.106710
0.088928
0.101901
0.120082
0.100163
0.097564
0.098192
0.135288
0.103962
0.098134
0.110434
0.109689
0.082797
0.102456
0.110020
0.082573
0.098367
0.078319
0.082630
0.083516
0.077965
0.111435
0.090073
0.073181
0.080666
0.062188
0.093899
0.105947
0.078101
0.064721
0.080420
0.085898
0.089828
0.143620
0.080374
0.088334
0.120319
0.097079
0.088479
0.098506
0.156391
0.102117
0.117020
0.098539
0.127395
0.081012
0.069044
0.090076
0.082588
0.082806
0.083722
0.082239
0.112450
0.088978
0.070172
0.072409
0.091985
0.094780
0.111462
0.091975
0.109194
0.087971
0.098496
0.125720
0.098553
0.086867
0.132152
0.085820
0.118208
0.095473
0.099182
0.128405
0.082543
0.104768
0.127343
0.124455
0.109164
0.108083
0.084263
0.083906
0.085829
0.090284
0.099384
0.073221
0.105710
0.081298
0.074707
0.100613
0.078043
0.106990
0.088979
0.081931
0.068862
0.116081
0.116582
0.115653
0.107272
0.090898
0.110101
0.096779
0.124743
0.125131
0.120715
0.112384
0.084514
0.158573
0.090045
0.094778
0.180662
0.160325
0.117040
0.117205
0.128745
0.098825
0.117013
0.077057
0.115518
0.180677
0.103769
0.101332
0.142959
0.066198
0.150478
0.109905
0.125868
0.087740
0.105363
0.080427
0.118470
0.072449
0.075771
0.102075
0.091347
0.113903
0.131556
0.082845
0.123294
0.158973
0.080977
0.066916
0.119512
0.101667
0.106133
0.122812
0.092679
0.089246
0.105896
0.089906
0.086185
0.067026
0.073920
0.071437
0.079480
0.071628
0.073672
0.100972
0.071309
0.104791
0.127741
0.163681
0.117825
0.129335
0.082537
0.070086
0.091342
0.123801
0.105089
0.088916
0.057985
0.074914
0.132208
0.080930
0.108525
0.099716
0.080527
0.069004
0.098252
0.086691
0.062796
0.105574
0.100739
0.082883
0.100099
0.087494
0.088569
0.113301
0.077455
0.132798
0.082125
0.091429
0.077857
0.093555
0.072588
0.073222
0.072223
0.081156
0.080306
0.077659
0.071380
0.077504
0.087581
0.064703
0.068022
0.091663
0.071630
0.066414
0.087595
0.083185
0.079924
0.077903
0.083552
0.086474
0.081802
0.098831
0.096645
0.105633
0.092851
0.085805
0.062693
0.064044
0.131764
0.073997
0.058726
0.068908
0.085738
0.071063
0.049735
0.050689
0.091940
0.115413
0.143204
0.086394
0.137292
0.135847
0.148266
0.167381
0.141579
0.140323
0.099566
0.075393
0.096422
0.127054
0.116828
0.136146
0.139447
0.184732
0.094919
0.149420
0.116100
0.107661
0.111461
0.088066
0.059100
0.112783
0.098874
0.148777
0.113253
0.103904
0.103636
0.168105
0.077658
0.098531
0.088375
0.132811
0.091076
0.136931
0.090195
0.118454
0.131388
0.084038
0.103766
0.133765
0.108786
0.084842
0.124347
0.088333
0.111119
0.087076
0.114270
0.102163
0.116745
0.161620
0.080545
0.109695
0.123063
0.117936
0.088733
0.170388
0.068744
0.114111
0.152775
0.134496
0.113457
0.104067
0.133914
0.090966
0.134841
0.124249
0.113834
0.135139
0.103688
0.103955
0.100579
