0.013442
0.105277
0.092311
0.094587
0.073479
0.124073
0.103435
0.076325
0.122906
0.081534
0.118919
0.091114
0.113414
0.106467
0.083764
0.082443
0.114891
0.089043
0.087911
0.111353
0.093721
0.073426
0.096120
0.085499
0.087574
0.094995
0.096423
0.066791
0.083186
0.095129
0.117748
0.089279
0.086602
0.105451
0.073680
0.079112
0.091407
0.093798
0.086290
0.117091
0.093294
0.080208
0.084961
0.074521
0.140414
0.085312
0.078142
0.107476
0.107257
0.069022
0.117251
0.113004
0.108101
0.106357
0.107866
0.113805
0.114079
0.098127
0.113029
0.115010
0.097564
0.118507
0.089010
0.077400
0.098766
0.121234
0.100829
0.148158
0.107222
0.106173
0.120210
0.122192
0.118661
0.086858
0.101503
0.093683
0.089301
0.102902
0.083178
0.094526
0.102703
0.107585
0.106874
0.120109
0.098962
0.066905
0.092217
0.099190
0.077015
0.094193
0.086391
0.082503
0.111319
0.091403
0.125350
0.059043
0.096157
0.117996
0.075699
0.091875
0.080014
0.113618
0.109199
0.088237
0.089669
0.113066
0.127577
0.072870
0.109036
0.080354
0.086028
0.103028
0.089552
0.090624
0.101321
0.097895
0.105413
0.103965
0.100962
0.122196
0.083031
0.111881
0.109429
0.101758
0.101792
0.096344
0.097325
0.120964
0.092559
0.096555
0.108415
0.078626
0.098030
0.064720
0.133810
0.111151
0.087600
0.112455
0.108009
0.113501
0.097434
0.081426
0.142429
0.123403
0.107086
0.126911
0.111455
0.114799
0.096913
0.099513
0.111518
0.108432
0.086732
0.133504
0.139392
0.167890
0.142550
0.107037
0.137046
0.154395
0.119527
0.115496
0.062899
0.126677
0.126618
0.110901
0.133155
0.104932
0.172980
0.182785
0.088840
0.093866
0.094276
0.142488
0.120036
0.145209
0.156245
0.101135
0.160113
0.140128
0.126315
0.153072
0.147994
0.131326
0.120060
0.098215
0.111651
0.086219
0.120166
0.090319
0.106973
0.111218
0.115093
0.127520
0.130549
0.130923
0.169153
0.148395
0.119528
0.133297
0.125969
0.102030
0.133079
0.136955
0.096740
0.174551
0.122148
0.138137
0.102424
0.104132
0.167542
0.142753
0.105300
0.115601
0.126821
0.104101
0.122671
0.133475
0.100855
0.114990
0.123542
0.116652
0.134255
0.100014
0.177782
0.119974
0.131822
0.136622
0.119558
0.101764
0.136672
0.145863
0.105930
0.169161
0.145398
0.107099
0.128824
0.106325
0.130358
0.106192
0.187252
0.154561
0.118886
0.115562
0.129438
0.153437
0.116834
0.115011
0.142709
0.125260
0.151612
0.131092
0.124146
0.121030
0.161932
0.087092
0.129524
0.124621
0.168705
0.115854
0.067788
0.109334
0.119150
0.109647
0.104673
0.081249
0.113154
0.103216
0.101727
0.115722
0.144423
0.148067
0.127813
0.120555
0.146456
0.143108
0.119303
0.108550
0.099290
0.135444
0.104531
0.098604
0.114237
0.157267
0.130605
0.151312
0.137853
0.108457
0.149207
0.094054
0.111613
0.094744
0.132058
0.124797
0.090733
0.129983
0.129699
0.129439
0.101057
0.156948
0.120571
0.100791
0.127670
0.102544
0.126647
0.154403
0.155372
0.097015
0.104474
0.088414
0.099672
0.098913
0.099942
0.070502
0.079456
0.092050
0.118690
0.089573
0.074631
0.119305
0.096250
0.130214
0.111753
0.122994
0.149575
0.092601
0.125168
0.087085
0.084457
0.107226
0.114104
0.129517
0.140101
0.160975
0.142889
0.099993
0.135133
0.119888
0.086155
0.099766
0.089520
0.119469
0.125931
0.095162
0.096147
0.080031
0.107913
0.086969
0.117660
0.116987
0.154804
0.118476
0.094982
0.069397
0.121083
0.123688
0.159477
0.099005
0.112533
0.130399
0.087425
0.120939
0.104247
0.079653
0.109075
0.083135
0.117524
0.120901
0.157689
0.099988
0.121700
0.116918
0.107695
0.134031
0.077509
0.107233
0.134239
0.124180
0.137780
0.099012
0.100777
0.104764
0.118543
0.122063
0.090189
0.134559
0.137878
0.106493
0.083852
0.084438
0.087276
0.128436
0.066778
0.059589
0.095010
0.087675
0.091623
0.135881
0.087689
0.100275
0.102608
0.119556
0.096168
0.110711
0.140091
0.129368
0.114350
0.120847
0.138427
0.118432
0.085773
0.112221
0.107092
0.090765
0.116892
0.087722
0.097676
0.113843
0.090029
0.102265
0.098348
0.099757
0.130805
0.096207
0.135340
0.112863
0.098846
0.062062
0.080483
0.081010
0.073180
0.085294
0.062941
0.079672
0.077472
0.091888
0.084081
0.105516
0.138325
0.119740
0.164576
0.126424
0.120983
0.136044
0.090008
0.121398
0.108187
0.101711
0.107315
0.110531
0.116029
0.127072
0.141852
0.106279
0.105968
0.098948
0.109271
0.171861
0.180668
0.148267
0.130114
0.140887
0.083349
0.095195
0.146312
0.090897
0.087303
0.114417
0.078390
0.080018
0.125371
0.080918
0.109586
0.108797
0.079999
0.068352
0.065909
0.072851
0.084471
0.094996
0.089673
0.086846
0.089130
0.063864
0.073768
0.096637
0.089371
0.076153
0.065002
0.089045
0.060504
0.073241
0.093103
0.085552
0.082820
0.095081
0.085654
0.137872
0.083524
0.065296
0.140313
0.070497
0.099324
0.061230
0.084158
0.072439
0.071208
0.058945
0.121808
0.115211
0.126123
0.084510
0.087633
0.086112
0.079336
0.150830
0.113153
0.076105
0.113490
0.068147
0.118440
0.102108
0.102319
0.082189
0.085758
0.077345
0.084505
0.082884
0.090811
0.101903
0.073739
0.078684
0.100960
0.102561
0.088871
0.081703
0.083994
0.087360
0.097862
0.069298
0.084818
0.090107
0.112607
0.068642
0.058932
0.076822
0.101462
0.092177
0.155332
0.129742
0.140611
0.117810
0.164777
0.077991
0.109146
0.095942
0.100818
0.098803
0.111048
0.083013
0.088104
0.074294
0.109188
0.101711
0.113082
0.091502
0.098993
0.073678
0.083180
0.058207
0.094130
0.059119
0.066531
0.126208
0.087602
0.102185
0.079073
0.086011
0.091433
0.089656
0.074357
0.102597
0.114494
0.110348
0.105474
0.095613
0.100213
0.117113
0.075970
0.099511
0.094617
0.078459
0.101307
0.080870
0.081163
0.087357
0.094131
0.091125
0.109123
0.091048
0.082867
0.077491
0.091413
0.104981
0.087123
0.117627
0.084125
0.100584
0.113038
0.140642
0.123144
0.099004
0.131216
0.116540
0.101870
0.092603
0.119279
0.113151
0.090748
0.100375
0.089957
0.160993
0.124913
0.103100
0.099847
0.114529
0.079793
0.109219
0.102663
0.101905
0.113009
0.107890
0.083134
0.180478
0.139314
0.160468
0.114524
0.075300
0.117565
0.126468
0.073149
0.127401
0.145933
0.155010
0.091537
0.103256
0.109857
0.095471
0.095559
0.089309
0.125057
0.102269
0.104710
0.130613
0.085425
0.096152
0.106153
0.102360
0.112248
0.097600
0.143288
0.098284
0.123627
0.069376
0.079406
0.127658
0.121595
0.086057
0.098276
0.111138
0.120563
0.141865
0.124691
0.097532
0.082829
0.102819
0.122662
0.115018
0.080413
0.087672
0.104058
0.102762
0.106171
0.093508
0.088154
0.101939
0.097236
0.137612
0.120637
0.108642
0.126648
0.119804
0.118734
0.128619
0.117943
0.105739
0.086276
0.143897
0.083928
0.127774
0.088911
0.104532
0.105515
0.088032
0.111756
0.067829
0.089544
0.076274
0.130921
0.101754
0.102434
0.106922
0.080272
0.072774
0.102577
0.085997
0.084621
0.084633
0.085430
0.097332
0.052090
0.100507
0.116823
0.094117
0.094304
0.152240
0.105726
0.125442
0.134981
0.124612
0.091102
0.131159
0.157404
0.084282
0.120784
0.073543
0.078856
0.074563
0.109157
0.081626
0.104098
0.109643
0.078782
0.092775
0.113070
0.103283
0.075644
0.105979
0.105382
0.080340
0.103249
0.096514
0.065808
0.060166
0.067146
0.068114
0.066612
0.097099
0.079681
0.076858
0.063340
0.094586
0.069483
0.083294
0.102295
0.119703
0.116405
0.104185
0.081776
0.102813
0.090703
0.099003
0.092677
0.107598
0.165513
0.108095
0.128482
0.109729
0.149462
0.086115
0.079848
0.079586
0.094418
0.085689
0.077051
0.087981
0.089876
0.124990
0.099600
0.085596
0.126228
0.149152
0.098238
0.121476
0.126836
0.118789
0.076389
0.073811
0.091414
0.096597
0.096423
0.085077
0.137904
0.081449
0.101692
0.079339
0.093538
0.105925
0.115139
0.161165
0.111212
0.115407
0.109866
0.128535
0.113965
0.125862
0.104849
0.117233
0.150346
0.133142
0.091485
0.111031
0.107609
0.081657
0.141123
0.107114
0.085369
0.116840
0.126809
0.141582
0.091274
0.101097
0.125178
0.080231
0.086290
0.106085
0.104978
0.101548
0.070807
0.094537
0.115353
0.104259
0.070202
0.109054
0.112714
0.108190
0.120187
0.077221
0.100377
0.123820
0.132132
0.083171
0.082875
0.098459
0.148457
0.129033
0.108932
0.117393
0.122891
0.112688
0.130527
0.113198
0.097697
0.087310
0.137213
0.121721
0.118437
0.104200
0.081621
0.108434
0.135871
0.148111
0.111575
0.099909
0.080817
0.104888
0.102290
0.131684
0.089072
0.087076
0.132463
0.091624
0.113230
0.118838
0.105421
0.119738
0.114313
0.134773
0.103959
0.099085
0.101539
0.090872
0.114664
0.098163
0.092845
0.090428
0.103918
0.098170
0.105903
0.084783
0.095957
0.110265
0.127561
0.114131
0.091328
0.103071
0.126407
0.116859
0.085984
0.139261
0.115729
0.118579
0.105755
0.077912
0.161945
0.103349
0.116403
0.110342
0.145663
0.106741
0.086306
0.105486
0.148839
0.121740
0.101965
0.127200
0.104342
0.145240
0.105723
0.098167
0.099282
0.114695
0.146705
0.096364
0.113783
0.102310
0.083360
0.104190
0.110675
0.108132
0.081907
0.119588
0.108755
0.082398
0.122643
0.151424
0.119327
0.101044
0.082377
0.116302
0.112666
0.078839
0.118605
0.092706
0.113933
0.075652
0.103038
0.119119
0.084348
0.092109
0.102998
0.124391
0.090209
0.112381
0.115603
0.129008
0.116008
0.097489
0.111762
0.089473
0.131145
0.087840
0.109509
0.061671
0.088354
0.091542
0.123851
0.089811
0.117712
0.114239
0.102937
0.127419
0.108417
0.090052
0.114757
0.102326
0.106313
0.139851
0.114774
0.105467
0.080524
0.091931
0.100340
0.146303
0.102392
0.127469
0.091520
0.092354
0.095466
0.113745
0.080385
0.111165
0.162124
0.090462
0.114002
0.133678
0.120370
0.094336
0.107124
0.126412
0.109231
0.090657
0.106567
0.093824
0.096053
0.091258
0.089996
0.121474
0.068375
0.089674
0.075263
0.125542
0.116669
0.113816
0.133159
0.145798
0.122831
0.089897
0.109906
0.091085
0.104069
0.109728
0.117207
0.110624
0.103567
0.112829
0.097360
0.116969
0.085723
0.155405
0.104923
0.103560
0.083884
0.087644
0.102579
0.089989
0.093025
0.086908
0.118632
0.142259
0.089254
0.096689
0.102183
0.103948
0.116753
0.074381
0.118249
0.100639
0.097555
0.114360
0.109105
0.091897
0.091580
0.083935
0.071127
0.113418
0.134667
0.096945
0.098248
0.092212
0.121083
0.115138
0.099657
0.083022
0.123651
0.106243
0.122735
0.116132
0.151775
0.113116
0.122851
0.144024
0.110426
0.110372
0.081243
0.077006
0.105647
0.088606
0.097118
0.103205
0.116160
0.105153
0.102070
0.131524
0.107546
0.113376
0.115262
0.121175
0.114564
0.111889
0.112736
0.111465
0.098868
0.119450
0.101121
0.078240
0.086812
0.125151
0.118637
0.097779
0.101200
0.091519
0.150652
0.107944
0.115916
0.174026
0.129076
0.185255
0.132383
0.164471
0.107883
0.126713
0.124550
0.123719
0.104688
0.109456
0.119871
0.086426
0.124225
0.092244
0.107741
0.117188
0.075308
0.128810
0.094100
0.072494
0.113165
0.148108
0.091522
0.104519
0.108975
0.101173
0.110444
0.120630
0.102990
0.106911
0.147163
0.112834
0.085896
0.143020
0.079482
0.138112
0.098590
0.142752
0.141785
0.086279
0.081379
0.148718
0.115376
0.128892
0.072327
0.105296
0.097689
0.122949
0.084114
0.107798
0.065508
0.107826
0.109463
0.116879
0.116951
0.096567
0.078060
0.064353
0.099574
0.112461
0.095431
0.087966
0.110586
0.103469
0.105528
0.081589
0.082321
0.106834
0.075145
0.088388
0.106900
0.079297
0.122220
0.099626
0.075868
0.068233
0.088944
0.108823
0.101178
0.064855
0.064778
0.092250
0.067347
0.083789
0.082371
0.098731
0.119321
0.108170
0.114503
0.104829
0.099863
0.098260
0.094186
0.124337
0.091789
0.133630
0.063334
0.117720
0.070670
0.089361
0.156741
0.066809
0.076514
0.087181
0.105357
0.076698
0.065799
0.103985
0.112632
0.061164
0.075493
0.058755
0.070710
0.101453
0.108297
0.134617
0.092801
0.106032
0.108895
0.110877
0.127800
0.118220
0.132139
0.094037
0.114321
0.098563
0.111420
0.081245
0.081274
0.078182
0.088493
0.111856
0.112647
0.118104
0.099186
0.091860
0.085378
0.073002
0.104805
0.090724
0.083358
0.090694
0.091399
0.065460
0.073898
0.104262
0.103794
0.095917
0.075341
0.062827
0.079537
0.091854
0.074959
0.062907
0.078693
0.090050
0.050954
0.082532
0.096963
0.074203
0.074149
0.071161
0.069599
0.081264
0.059138
0.049494
0.072370
0.094285
0.084391
0.057070
0.079667
0.073353
0.073650
0.073575
0.076403
0.074680
0.069929
0.070669
0.081899
0.071874
0.064794
0.093592
0.077362
0.094175
0.093767
0.060427
0.063502
0.071714
0.074158
0.075143
0.064153
0.052647
0.061388
0.075514
0.064582
0.089640
0.094931
0.080617
0.059416
0.086345
0.075650
0.093295
0.074560
0.056015
0.064061
0.056804
0.074502
0.094550
0.094599
0.081342
0.053183
0.094371
0.090459
0.100473
0.072549
0.073027
0.077360
0.062250
0.055889
0.104404
0.108794
0.089080
0.108706
0.090114
0.071255
0.080348
0.086770
0.057519
0.116072
0.092908
0.069536
0.074213
0.092603
0.069434
0.066472
0.067974
0.058500
0.089355
0.080334
0.079015
0.068327
0.076027
0.076357
0.056340
0.082409
0.071902
0.051476
0.070447
0.059029
0.060050
0.080630
0.093124
0.093791
0.082771
0.069173
0.058458
0.068645
0.082416
0.080560
0.085262
0.088103
0.094647
0.084708
0.079754
0.102986
0.075634
0.121207
0.059879
0.086019
0.089848
0.096152
0.096997
0.074623
0.078653
0.101879
0.069269
0.049592
0.064381
0.091883
0.068657
0.075910
0.093476
0.052395
0.067869
0.088983
0.070235
0.074048
0.061847
0.089633
0.076746
0.063302
0.067172
0.091575
0.078477
0.080583
0.069768
0.065547
0.080371
0.070346
0.093281
0.108169
0.087467
0.067954
0.087457
0.098202
0.110164
0.089132
0.093047
0.089651
0.109902
0.106146
0.078839
0.101158
0.092931
0.065461
0.084765
0.087317
0.109595
0.105201
0.100008
0.094801
0.083140
0.102113
0.083242
0.084701
0.068242
0.083555
0.101935
0.127695
0.099503
0.104407
0.099664
0.095003
0.080903
0.080657
0.090578
0.085490
0.106619
0.072065
0.095258
0.096647
0.101361
0.089616
0.080195
0.101604
0.085055
0.079727
0.065391
0.087527
0.051820
0.080725
0.106860
0.122791
0.097831
0.098764
0.097519
0.075653
0.116999
0.117814
0.056495
0.099855
0.083135
0.077217
0.077892
0.111020
0.080541
0.105810
0.075004
0.093038
0.123184
0.072730
0.094205
0.079115
0.110914
0.089760
0.080385
0.074614
0.121005
0.105011
0.099095
0.113309
0.094419
0.099604
0.150749
0.110458
0.115207
0.083029
0.084200
0.091008
0.136618
0.109970
0.110387
0.112782
0.102124
0.105220
0.160184
0.157868
0.147814
0.174926
0.137595
0.123626
0.119689
0.143636
0.164113
0.115708
0.104211
0.188989
0.154371
0.103125
0.112981
0.117572
0.128466
0.112903
0.160849
0.120825
0.144178
0.108530
0.111245
0.095883
0.158947
0.137289
0.146818
0.127167
0.099593
0.105528
0.122733
0.101250
0.117718
0.116980
0.115528
0.146817
0.138373
0.108894
0.112030
0.099540
0.147356
0.111666
0.139869
0.102813
0.116476
0.082181
0.089351
0.120825
0.104661
0.092112
0.061167
0.100953
0.117804
0.123944
0.117232
0.065295
0.095454
0.093755
0.109283
0.140615
0.073875
0.076798
0.101290
0.127634
0.135394
0.101443
0.147860
0.101286
0.094095
0.127749
0.154758
0.069135
0.121381
0.113295
0.128603
0.123397
0.123634
0.120650
0.124901
0.126027
0.093739
0.119301
0.125417
0.114140
0.074944
0.083749
0.063896
0.076655
0.118526
0.134481
0.114084
0.070127
0.102333
0.096750
0.096982
0.138189
0.131838
0.099537
0.111271
0.112748
0.124855
0.079295
0.087039
0.090206
0.081821
0.169125
0.153816
0.061864
0.111163
0.124328
0.117345
0.085148
0.087368
0.089389
0.133842
0.069761
0.076338
0.125772
0.119032
0.112052
0.111584
0.120692
0.120085
0.116343
0.083490
0.092698
0.096612
0.075624
0.108131
0.116048
0.080238
0.075619
0.092711
0.122422
0.092118
0.096767
0.086940
0.064347
0.059936
0.064723
0.063624
0.073889
0.087741
0.058772
0.060045
0.068838
0.106859
0.132074
0.117942
0.118175
0.112798
0.091262
0.093043
0.099789
0.093064
0.074568
0.079048
0.075615
0.130547
0.108257
0.065646
0.064806
0.105880
0.115955
0.079480
0.127323
0.148786
0.132482
0.120181
0.100874
0.076919
0.107040
0.151468
0.106581
0.087083
0.135770
0.078570
0.125637
0.122460
0.100743
0.118848
0.108946
0.104719
0.112373
0.089406
0.083805
0.073313
0.089968
0.089245
0.075304
0.069485
0.140623
0.091197
0.091956
0.072874
0.085616
0.072367
0.093878
0.079022
0.076267
0.069905
0.095183
0.100685
0.086571
0.093350
0.093170
0.106447
0.100768
0.090772
0.142243
0.075161
0.115163
0.108009
0.108766
0.112918
0.103032
0.067765
0.092206
0.120515
0.118703
0.103138
0.077739
0.074870
0.094845
0.114326
0.080409
0.090364
0.111407
0.079547
0.087017
0.091630
0.085406
0.090940
0.076337
0.141553
0.093718
0.097440
0.065276
0.076119
0.098034
0.104646
0.060026
0.085908
0.084866
0.079243
0.073828
0.091597
0.057589
0.100096
0.096152
0.127125
0.071166
0.099372
0.181914
0.104989
0.100421
0.146457
0.122304
0.134656
0.104802
0.094447
0.078186
0.173131
0.088404
0.145852
0.105810
0.098537
0.109554
0.103076
0.100304
0.089980
0.096189
0.116859
0.082103
0.074256
0.069558
0.089262
0.073387
0.097548
0.072554
0.063459
0.075104
0.098203
0.058189
0.089494
0.084525
0.071269
0.064841
0.079217
0.097780
0.095530
0.119006
0.062884
0.121695
0.122648
0.114858
0.085193
0.092094
0.070935
0.088586
0.083779
0.063959
0.093883
0.099341
0.100709
0.090268
0.091502
0.071930
0.085410
0.099470
0.115149
0.102947
0.089581
0.101259
0.088701
0.085715
0.082203
0.095874
0.108568
0.089142
0.083742
0.098694
0.097131
0.074236
0.059423
0.084623
0.085679
0.064462
0.083840
0.096867
0.090895
0.097245
0.083686
0.119151
0.095834
0.076798
0.106376
0.095486
0.139441
0.088513
0.078914
0.091381
0.082671
0.072152
0.074831
0.085795
0.073685
0.090688
0.071853
0.126817
0.079673
0.076610
0.076959
0.062257
0.087232
0.068556
0.083411
0.078440
0.080909
0.068721
0.060036
0.099023
0.087634
0.091955
0.059876
0.072547
0.071201
0.063752
0.063839
0.066001
0.062644
0.072852
0.069213
0.076116
0.077003
0.087510
0.072135
0.079336
0.097599
0.074194
0.065093
0.072120
0.066679
0.092111
0.062894
0.088979
0.069401
0.081310
0.095141
0.070514
0.073963
0.073403
0.084156
0.087647
0.092403
0.064884
0.074029
0.108578
0.067082
0.114516
0.079871
0.099110
0.088914
0.087668
0.101107
0.079039
0.074825
0.053689
0.062655
0.071687
0.062182
0.061771
0.089905
0.072639
0.068763
0.075485
0.061409
0.077550
0.066188
0.071147
0.081608
0.067260
0.107986
0.062778
0.059595
0.064807
0.064392
0.069252
0.098381
0.061195
0.083811
0.091840
0.067194
0.070498
0.102239
0.113337
0.101709
0.108215
0.108335
0.106187
0.107704
0.083035
0.067460
0.059546
0.092434
0.074687
0.079107
0.068546
0.078162
0.074407
0.055933
0.063868
0.081326
0.078035
0.074846
0.055462
0.054931
0.069198
0.075958
0.065602
0.096653
0.096355
0.065861
0.086065
0.075585
0.076753
0.096194
0.109514
0.096828
0.080014
0.104782
0.090162
0.069051
0.099655
0.069729
0.101599
0.092828
0.077871
0.090057
0.097436
0.056881
0.065577
0.067025
0.068218
0.071915
0.071556
0.067732
0.093592
0.082643
0.061880
0.066948
0.068138
0.085033
0.059501
0.086244
0.059803
0.088228
0.085314
0.077606
0.084844
0.091132
0.070785
0.057264
0.072012
0.062342
0.072037
0.086310
0.091624
0.062151
0.058176
0.089038
0.069318
0.087960
0.067559
0.057892
0.071723
0.066875
0.075408
0.066501
0.058158
0.062732
0.088819
0.074319
0.062115
0.077633
0.085117
0.078976
0.084816
0.076544
0.077525
0.072755
0.077323
0.109344
0.058960
0.080851
0.063551
0.071185
0.077798
0.055449
0.076273
0.087551
0.077456
0.065211
0.060138
0.087790
0.092946
0.086790
0.111883
0.062586
0.118373
0.062016
0.058810
0.080200
0.074932
0.058640
0.074356
0.098297
0.080677
0.095264
0.069494
0.089108
0.102106
0.096891
0.098531
0.077222
0.062960
0.065513
0.069004
0.073430
0.076811
0.070832
0.059175
0.075423
0.076935
0.075348
0.080391
0.096012
0.063390
0.087319
0.083376
0.084680
0.085052
0.062848
0.064462
0.075402
0.092791
0.073784
0.074826
0.094643
0.094216
0.093091
0.063884
0.081710
0.077123
0.069554
0.063244
0.100667
0.089112
0.105628
0.072417
0.074387
0.063566
0.068873
0.074865
0.089650
0.068200
0.079508
0.064690
0.062954
0.054894
0.076014
0.069175
0.062974
0.061788
0.071141
0.084458
0.072466
0.054415
0.075200
0.080259
0.065792
0.079627
0.057235
0.061540
0.101722
0.076104
0.096169
0.082165
0.063740
0.072142
0.088396
0.073416
0.087976
0.097924
0.066414
0.053757
0.070014
0.092934
0.092800
0.094381
0.081067
0.071611
0.068849
0.093955
0.077489
0.067909
0.109170
0.081613
0.078713
0.075785
0.052951
0.082015
0.086251
0.095433
0.094634
0.084624
0.076326
0.088830
0.068619
0.063314
0.071631
0.063776
0.079977
0.064957
0.070104
0.070058
0.058867
0.091916
0.094737
0.100527
0.098656
0.088090
0.077649
0.085904
0.099899
0.075332
0.107907
0.083173
0.090573
0.090728
0.109004
0.096023
0.105598
0.092929
0.083694
0.072713
0.067920
0.097932
0.111524
0.082964
0.067743
0.059247
0.124726
0.104528
0.074629
0.112132
0.117027
0.073982
0.077809
0.081670
0.069621
0.092521
0.106205
0.079167
0.070373
0.095698
0.075664
0.093158
0.079735
0.075579
0.074677
0.072170
0.097431
0.127776
0.088559
0.098547
0.072665
0.082068
0.149624
0.108716
0.100952
0.077229
0.083462
0.096848
0.075132
0.111707
0.085354
0.093255
0.097256
0.110241
0.072838
0.137024
0.131670
0.119469
0.082634
0.051292
0.069599
0.079505
0.069860
0.106996
0.088782
0.100324
0.093371
0.093554
0.079989
0.086647
0.111188
0.090338
0.095176
0.066816
0.102979
0.141807
0.103767
0.076347
0.103089
0.187721
0.133110
0.102426
0.089894
0.087667
0.085550
0.063525
0.082173
0.077973
0.086596
0.097232
0.106339
0.095088
0.134428
0.093972
0.143182
0.114470
0.064692
0.081642
0.093111
0.101633
0.088845
0.103376
0.106637
0.073213
0.067125
0.092272
0.070389
0.076082
0.072514
0.064087
0.101061
0.135568
0.120006
0.078356
0.120196
0.080357
0.119404
0.093169
0.102680
0.091244
0.086941
0.108073
0.068187
0.092745
0.083772
0.126161
0.122021
0.097698
0.077971
0.078068
0.093594
0.094509
0.098214
0.070247
