221	147	70	72
218	143	72	73
218	141	72	74
221	140	73	74
224	138	73	75
225	139	74	76
228	138	75	77
228	140	76	78
230	141	77	78
230	142	78	79
232	145	78	80
229	146	78	80
228	148	78	81
227	150	78	80
227	147	79	81
227	144	80	82
227	144	81	82
230	143	81	83
234	142	82	84
236	145	83	85
237	147	84	85
235	145	84	86
230	141	84	86
231	141	85	87
234	142	85	87
236	141	86	88
236	142	87	88
236	142	88	89
235	141	89	90
233	141	90	90
231	139	90	91
229	136	91	92
231	134	91	93
230	132	92	93
230	133	93	94
226	133	94	95
224	132	95	96
224	132	95	96
224	132	96	97
223	132	97	97
218	129	97	98
213	126	97	98
213	125	97	98
212	126	98	98
212	126	98	99
213	126	98	99
212	125	99	100
212	126	99	100
215	126	100	100
220	121	100	101
223	121	100	102
222	120	101	102
219	119	101	103
216	117	101	103
213	117	102	102
213	119	102	103
213	121	102	103
213	121	102	103
213	122	101	103
212	122	101	103
212	122	102	103
212	121	102	103
211	121	102	103
209	121	102	104
209	122	102	103
209	122	102	104
210	120	103	104
211	121	104	105
210	120	104	105
210	121	104	104
211	122	104	105
211	123	105	106
212	122	105	106
211	121	105	107
208	120	105	107
207	118	105	107
204	116	106	107
202	114	106	107
202	113	105	107
203	113	106	107
204	112	106	107
203	112	106	107
202	110	106	107
202	110	107	107
201	112	106	108
204	112	105	107
205	115	105	107
206	115	105	107
207	116	105	106
209	116	105	106
211	117	105	106
213	118	104	106
215	119	104	105
216	120	104	105
216	121	103	105
216	121	104	105
210	120	104	106
205	123	104	106
201	124	104	106
204	123	104	106
209	120	104	106
211	121	104	106
206	124	104	106
201	128	104	106
198	130	104	106
200	129	105	107
204	127	105	107
206	127	105	107
206	127	105	107
207	127	105	107
207	126	106	107
206	125	106	108
203	126	106	107
202	128	105	107
200	129	106	107
201	128	105	107
202	128	105	107
203	128	105	107
203	128	105	106
204	127	105	106
206	125	104	106
207	124	104	106
208	123	104	106
208	121	104	106
208	121	105	107
206	121	106	107
206	121	106	107
205	122	106	107
205	122	105	107
203	122	105	107
201	122	105	107
198	123	106	107
196	124	105	107
193	126	105	107
191	128	106	107
190	129	106	107
189	129	105	107
189	129	105	107
188	129	105	107
187	128	106	107
187	129	105	107
188	128	106	107
189	127	105	107
190	126	105	106
190	127	105	106
190	127	106	106
191	127	105	106
192	128	106	106
193	129	105	105
195	128	104	105
195	129	105	106
195	127	105	106
196	127	105	106
198	127	105	106
198	127	105	106
199	128	105	106
200	128	104	106
202	128	105	105
203	126	104	106
203	126	105	106
203	125	104	105
203	125	105	105
205	125	104	105
205	126	104	104
205	125	104	105
204	124	104	105
205	125	104	105
204	125	105	105
204	125	105	105
203	125	105	105
204	125	105	105
203	126	105	105
204	126	104	105
203	127	105	105
203	126	104	105
202	126	104	105
201	125	105	105
201	125	105	105
198	125	105	106
198	124	105	106
196	124	105	106
195	124	106	107
193	124	106	107
192	124	107	107
191	126	107	107
190	127	106	107
190	127	107	107
189	128	107	107
187	128	107	107
188	129	107	108
188	129	107	108
188	129	107	108
187	131	107	108
187	131	108	108
187	131	108	109
187	131	108	109
186	132	109	109
186	132	109	110
186	131	109	110
186	132	109	110
186	132	109	110
186	133	109	110
186	135	109	110
186	136	108	109
185	136	108	110
185	138	108	109
185	139	108	109
184	138	108	110
185	138	108	109
185	138	108	109
186	137	107	109
188	135	108	110
189	133	108	110
189	132	109	111
190	131	109	110
191	132	109	110
192	130	108	110
192	130	108	110
194	129	108	110
194	129	109	110
195	127	108	110
195	126	109	111
198	125	108	110
200	123	108	110
200	123	108	110
201	122	108	110
202	123	107	110
202	122	108	110
202	120	108	110
204	119	108	110
204	118	109	110
204	116	109	111
204	114	109	110
205	113	110	110
205	113	109	110
205	111	110	111
205	110	110	110
205	109	110	111
205	109	110	111
204	109	110	111
205	109	110	111
204	110	111	111
204	109	111	111
204	110	110	111
205	110	110	111
204	111	110	111
205	111	110	111
203	112	111	111
203	112	110	111
202	114	111	111
200	115	111	111
201	114	111	111
200	115	111	112
199	115	112	112
199	115	111	112
200	115	111	111
198	115	111	112
199	115	110	111
198	113	111	111
198	113	111	111
197	112	111	112
196	112	112	112
197	112	111	112
195	111	112	112
196	111	111	112
196	111	111	111
197	111	111	112
195	111	112	112
194	111	111	112
193	111	112	112
192	111	112	113
194	112	112	112
193	111	112	112
195	110	112	112
195	109	112	112
196	107	112	113
198	106	112	112
196	105	113	113
198	104	113	113
197	103	113	113
198	102	113	113
198	101	113	114
199	102	113	114
199	101	113	114
200	101	113	113
199	100	113	114
199	102	113	113
198	102	113	114
198	104	113	114
197	103	112	114
198	104	112	113
197	105	112	113
195	106	112	114
194	107	113	114
194	110	112	114
193	112	112	113
194	114	112	113
194	116	112	113
194	117	112	113
194	118	113	114
196	118	112	114
197	118	112	114
199	118	112	114
202	118	112	114
203	118	112	114
204	117	112	113
204	118	111	113
205	120	111	113
206	119	111	113
207	117	111	113
207	115	111	113
205	114	112	113
204	114	112	113
202	114	112	113
202	115	111	113
200	117	111	113
201	117	111	113
200	119	112	113
199	120	111	113
200	120	111	113
201	122	110	113
202	122	110	112
203	123	110	112
206	123	109	111
208	122	109	111
211	121	108	111
212	119	109	111
213	118	109	111
214	116	109	111
214	115	109	110
213	113	109	110
213	113	109	110
211	112	109	111
211	112	109	110
210	111	109	110
210	111	109	110
209	111	108	110
208	111	109	110
208	113	108	109
206	115	107	109
204	116	107	108
204	117	106	107
202	118	106	107
201	118	105	107
201	117	105	107
201	117	105	107
201	117	105	106
201	118	105	106
202	120	105	106
202	122	104	105
202	124	104	105
202	125	104	105
203	126	103	104
204	127	103	104
206	126	103	105
207	125	104	105
208	124	104	105
209	121	104	106
208	121	104	106
207	119	105	106
207	119	105	106
206	119	106	106
205	118	106	106
205	118	106	106
204	117	106	106
204	117	105	106
204	117	106	106
203	116	106	106
203	116	105	106
204	116	105	106
202	116	106	106
204	116	105	106
202	116	105	106
202	116	105	105
201	116	104	105
200	116	104	104
198	116	104	104
196	116	104	104
196	116	103	104
196	116	103	104
196	116	103	104
198	115	103	104
197	115	104	104
198	115	104	104
198	115	104	104
197	115	104	104
197	116	103	104
196	116	104	104
195	117	104	104
194	117	104	104
193	119	103	104
192	119	104	104
191	120	104	104
191	120	104	104
192	121	103	104
192	121	104	104
192	122	103	104
192	122	103	104
192	124	103	103
191	125	103	104
191	125	104	104
190	127	103	104
190	128	103	104
189	129	104	104
189	129	104	104
191	130	104	104
192	129	104	105
194	128	104	105
194	127	104	105
196	126	104	105
198	126	104	106
199	126	104	106
198	125	105	106
196	125	105	106
196	126	105	106
193	126	106	106
192	126	106	106
191	127	105	106
190	127	105	106
189	126	105	106
188	125	104	105
186	125	105	106
185	124	106	106
184	124	105	106
183	123	105	106
184	122	104	105
184	122	104	105
184	121	104	105
186	120	104	105
186	118	104	105
186	117	105	105
186	116	105	105
187	115	105	105
188	115	104	105
187	115	104	105
187	115	104	105
186	114	104	105
186	114	105	105
186	114	104	104
188	113	103	104
188	113	104	104
188	112	104	104
189	113	104	104
190	114	104	104
190	115	104	104
191	115	104	104
192	115	103	104
190	116	104	104
192	116	104	104
192	116	104	104
192	117	104	104
193	116	104	104
194	117	103	104
193	116	104	104
193	116	103	104
194	116	104	105
194	115	104	105
194	115	105	105
193	117	104	105
195	117	104	105
195	117	105	105
195	117	104	105
195	117	104	105
196	119	105	105
196	119	104	104
196	119	104	104
196	119	104	104
196	118	104	105
196	117	105	105
196	117	105	105
194	117	105	105
195	116	105	105
194	117	105	105
195	116	105	105
194	117	105	105
195	117	104	105
195	117	104	105
195	118	104	105
196	118	104	105
195	118	105	105
196	118	105	105
195	118	105	105
195	118	104	105
196	118	105	105
195	117	105	105
196	116	104	105
196	115	105	105
196	115	105	105
197	115	104	105
197	114	104	105
198	115	104	104
199	115	103	104
199	115	104	104
200	116	103	103
200	115	103	103
201	114	103	104
202	113	103	103
202	113	103	103
203	112	103	103
204	112	103	104
202	111	104	104
203	111	105	104
204	111	104	104
204	111	105	104
206	111	105	104
207	110	105	104
209	109	105	104
210	108	105	105
210	107	105	105
211	107	105	105
209	107	105	104
208	108	105	104
206	109	105	104
203	111	104	104
201	112	104	104
198	114	104	104
196	115	104	104
193	116	104	104
191	118	105	105
190	118	106	105
189	118	106	106
189	119	106	106
190	118	106	106
190	118	106	106
189	119	107	106
189	120	107	106
186	120	106	106
185	122	106	105
184	124	105	105
183	123	105	105
184	124	105	105
183	124	105	105
183	124	104	104
182	124	104	104
183	124	103	104
183	125	104	104
184	123	103	104
186	123	103	104
187	123	103	104
189	123	102	103
193	123	103	103
195	122	103	103
196	121	103	104
196	122	104	104
197	122	103	104
196	122	103	104
196	123	103	103
195	123	104	104
195	123	103	104
195	124	103	103
194	124	104	104
195	125	103	103
195	126	104	103
195	125	104	104
195	127	104	103
196	126	104	104
196	127	104	103
197	127	104	104
198	127	104	103
199	128	105	103
199	128	104	104
200	128	105	104
201	126	105	104
200	126	105	105
200	125	106	105
200	125	106	105
198	124	107	105
198	124	107	106
200	124	105	105
201	124	105	105
199	124	106	105
201	123	106	106
201	124	105	105
202	123	105	106
203	124	105	103
203	124	105	99
204	125	105	91
205	126	105	85
205	126	105	78
206	126	103	75
207	126	103	75
210	126	100	74
212	126	98	73
215	127	95	71
223	126	85	63
229	127	79	64
229	127	77	56
255	129	50	50
196	124	113	128
183	127	133	122
182	122	128	125
193	136	264	91
187	123	220	112
303	133	89	88
307	133	85	88
305	134	87	87
306	133	86	88
189	131	120	104
190	130	114	104
202	130	106	104
187	126	116	107
186	119	120	114
188	125	117	110
179	108	124	125
181	112	121	122
183	111	118	122
183	114	118	119
189	122	114	111
193	133	110	99
205	141	98	90
212	146	93	85
206	148	96	83
203	146	101	86
207	152	96	81
205	151	98	80
199	154	104	78
204	154	99	77
193	143	108	87
200	136	103	97
185	102	112	131
182	102	114	129
182	101	114	130
183	100	112	130
185	100	133	129
186	95	118	134
186	93	115	133
190	95	110	131
191	97	115	130
185	93	117	133
185	98	115	128
198	137	102	88
210	135	93	90
211	133	92	91
208	132	95	92
211	132	92	92
219	129	86	95
227	127	77	97
222	124	81	100
222	122	82	102
225	122	78	102
226	122	76	102
219	122	83	102
215	121	88	102
226	122	76	102
242	122	60	100
251	120	50	101
249	120	53	100
244	117	58	102
236	116	65	103
228	116	73	103
218	116	82	102
209	114	92	102
216	114	84	102
218	114	82	102
216	112	84	102
204	112	96	101
203	111	99	102
200	110	102	103
199	110	104	102
200	110	105	102
200	109	105	102
201	110	104	102
201	112	103	101
200	112	104	101
199	113	104	101
198	114	103	101
197	114	102	102
198	114	100	101
199	114	99	101
197	114	101	102
197	113	100	102
200	113	97	101
201	113	96	101
201	111	95	102
202	112	94	102
201	112	94	102
203	112	93	102
202	113	93	102
204	114	93	102
206	114	91	102
208	115	90	102
207	117	90	102
210	118	87	102
212	118	85	102
213	120	85	102
212	120	85	102
213	120	86	102
214	122	84	102
216	122	81	102
223	121	76	103
228	120	70	103
235	119	64	104
245	119	54	103
251	122	51	98
152	108	161	127
157	104	174	125
300	121	85	89
290	123	95	88
158	100	141	127
303	122	81	86
241	122	58	100
240	121	60	99
241	119	61	101
241	118	62	100
246	116	60	101
247	115	60	101
249	112	59	102
251	111	58	102
252	109	56	102
249	109	57	102
247	109	57	102
245	110	57	103
244	111	56	102
240	112	58	102
234	115	61	100
233	116	59	99
229	119	62	97
229	120	59	97
230	122	58	96
231	126	56	96
233	129	55	93
238	142	50	82
239	147	46	76
238	151	47	68
203	125	83	94
178	121	105	111
177	122	108	110
173	117	119	115
179	115	112	117
184	118	108	114
181	118	110	114
180	113	112	119
222	125	69	105
227	126	62	105
230	126	59	105
229	125	60	106
223	126	65	104
216	126	73	105
202	126	87	104
204	126	85	105
202	126	86	105
204	125	85	105
203	126	85	105
203	125	86	104
206	126	83	103
212	125	76	103
204	130	83	99
242	134	45	94
243	132	46	95
249	136	41	88
258	135	34	84
266	143	35	71
294	125	86	86
291	124	89	89
249	124	125	88
289	121	92	91
290	122	92	90
291	120	92	90
298	120	86	88
299	119	87	88
301	119	86	87
302	118	87	87
302	118	87	87
303	119	87	87
303	118	87	87
304	118	86	87
304	118	87	87
305	118	86	88
303	119	88	88
304	118	86	88
304	119	85	87
302	118	87	87
302	119	87	88
303	119	87	89
301	119	89	90
302	118	88	90
305	118	86	89
305	117	87	89
296	117	97	93
306	117	86	90
302	118	90	91
306	119	86	91
304	119	86	90
301	119	89	91
304	119	87	90
302	119	88	90
304	118	86	90
305	117	86	89
303	115	87	90
302	115	86	90
298	114	90	91
296	114	90	92
297	115	88	91
275	113	114	96
256	113	129	100
179	108	142	131
192	110	205	122
298	116	87	86
235	117	136	98
295	115	90	89
274	113	116	96
234	110	150	103
292	114	91	92
276	113	110	96
281	113	100	95
286	113	97	95
291	114	91	92
275	114	110	96
255	113	129	100
298	117	85	91
297	120	85	88
296	121	84	88
297	122	84	88
297	123	83	88
297	122	83	88
298	122	83	88
296	122	85	88
297	121	85	89
297	121	85	89
296	121	85	88
295	120	86	88
294	120	87	89
294	119	87	89
294	119	88	90
296	119	86	88
298	119	85	88
298	120	85	87
295	120	87	88
295	122	88	88
285	120	97	93
230	119	64	85
217	119	78	89
211	119	84	89
211	120	86	95
210	119	86	101
211	120	84	102
210	119	85	103
212	119	83	104
211	117	83	105
205	116	89	105
206	117	86	104
194	116	98	104
188	118	103	104
197	119	93	96
197	120	91	102
216	120	72	95
186	119	104	92
182	120	108	95
187	120	104	100
202	121	88	102
190	122	101	105
188	121	104	106
187	120	107	106
188	119	107	107
186	118	108	107
185	118	108	107
186	118	106	106
184	118	107	107
184	118	106	107
187	119	101	107
187	122	99	105
187	124	97	104
187	126	95	102
190	128	92	101
191	130	90	100
192	130	88	99
194	132	86	98
193	131	87	98
192	131	87	99
191	128	88	99
192	125	88	101
198	123	82	103
195	121	86	107
193	120	90	107
197	118	89	105
197	118	88	103
193	119	92	102
193	119	92	103
195	120	91	104
197	121	90	105
200	120	88	105
201	122	87	104
204	122	85	104
205	120	85	104
207	120	85	102
207	119	85	101
208	119	84	101
210	119	83	100
213	118	80	100
216	118	77	100
219	117	74	100
222	116	71	100
226	114	68	102
230	114	65	102
234	112	61	102
236	113	58	100
237	112	57	98
239	114	56	96
239	114	56	96
242	114	53	93
245	115	50	92
251	116	46	91
253	118	44	92
257	119	41	92
259	120	36	90
261	121	39	88
260	122	33	89
263	122	54	87
286	119	95	89
274	118	107	93
288	119	92	90
249	122	43	95
245	126	46	93
239	124	51	94
236	123	52	94
235	123	53	95
233	122	55	94
234	121	55	95
234	120	55	95
233	117	57	96
232	115	58	98
228	115	62	99
227	114	62	100
226	113	63	101
225	115	64	100
226	115	62	100
228	115	61	100
229	116	58	100
227	115	60	99
228	115	59	100
228	117	60	98
234	119	56	95
239	122	50	93
245	127	46	89
252	126	40	90
255	122	37	93
254	123	38	91
249	123	43	93
248	122	45	95
248	121	44	96
250	120	41	97
255	119	37	96
257	117	34	95
257	116	36	93
256	114	37	95
254	114	39	94
252	112	42	93
252	113	42	93
253	113	40	95
253	113	40	97
252	113	41	99
248	113	46	100
245	112	49	101
243	112	50	101
244	112	49	100
245	113	48	100
246	111	46	100
249	110	42	100
249	110	41	98
250	110	41	95
250	111	41	91
248	112	42	91
246	112	43	92
245	114	43	92
246	113	44	95
245	112	46	95
243	112	48	96
246	111	45	95
248	111	43	92
249	111	44	89
248	111	44	84
246	111	45	84
244	112	45	86
243	113	45	88
243	112	46	89
244	112	46	89
247	113	44	86
252	115	40	80
255	118	36	77
259	120	35	77
258	121	29	85
257	120	38	80
257	122	30	79
258	122	42	80
289	119	88	88
272	117	107	93
289	117	89	90
290	117	88	89
290	117	88	89
253	114	127	94
206	113	79	51
225	113	65	104
216	110	74	107
210	110	79	107
199	109	91	106
189	110	100	106
188	110	100	107
188	110	99	106
184	110	102	107
178	109	107	107
176	109	109	107
174	108	109	107
174	107	108	107
172	106	109	107
170	107	109	107
168	106	109	107
166	105	109	107
166	104	108	107
163	103	108	107
161	103	108	107
159	102	108	107
156	100	109	108
153	98	110	108
150	96	110	109
149	95	111	109
146	93	110	109
145	93	110	108
142	92	110	109
140	91	110	109
137	90	110	109
134	91	110	109
131	92	110	109
129	93	110	109
127	94	110	109
125	95	109	108
121	99	109	108
117	101	109	108
113	105	109	107
108	108	109	108
105	110	109	107
101	112	108	107
99	115	108	107
97	116	108	107
93	117	109	107
90	118	109	107
87	118	109	108
84	118	109	109
82	119	108	108
82	117	107	110
82	117	107	110
82	116	107	110
84	116	106	109
85	116	108	108
87	117	108	108
88	115	108	108
88	115	109	109
90	115	108	108
91	116	109	107
92	116	107	108
94	115	126	108
95	121	127	104
95	127	121	105
100	132	110	104
103	137	100	99
107	140	90	93
112	140	81	88
117	146	74	70
119	150	45	49
48	142	69	73
0	111	103	132
107	112	136	130
172	36	125	133
145	23	131	192
133	18	135	145
120	18	137	178
149	122	104	107
155	125	102	103
164	127	96	101
166	128	94	98
170	127	94	99
174	132	92	94
171	138	96	90
146	100	124	130
152	109	126	130
159	113	123	129
162	114	126	130
166	117	127	131
168	116	128	131
167	116	128	131
169	116	127	131
168	115	126	131
167	116	122	130
164	115	125	131
162	115	127	131
164	113	125	133
164	112	124	132
164	111	124	132
164	111	124	132
165	114	123	130
166	116	122	131
167	116	123	132
169	116	124	132
172	115	125	132
175	115	125	133
180	114	124	133
183	113	124	132
187	112	123	132
188	112	123	131
188	109	124	133
186	107	124	134
185	103	125	134
185	100	125	134
185	97	124	135
187	95	124	134
189	93	124	134
191	90	124	135
192	87	124	134
193	84	123	134
193	81	122	134
189	78	124	135
189	76	123	135
192	74	121	134
196	72	119	133
197	72	117	132
196	71	117	131
198	70	116	130
198	71	115	130
198	70	115	129
198	71	114	130
199	74	112	131
200	76	111	130
202	78	108	129
201	79	108	129
201	80	106	126
200	83	105	127
199	83	105	124
199	82	107	126
198	81	107	125
196	80	106	125
192	79	107	125
189	78	106	124
189	80	104	125
187	80	104	124
187	80	106	124
187	79	107	124
187	78	108	123
188	76	108	124
188	75	109	124
189	72	110	126
188	69	113	128
187	68	114	128
186	67	114	127
186	67	115	128
186	67	116	127
186	67	116	126
186	68	116	127
184	66	117	128
183	67	118	126
181	65	120	127
179	66	121	125
181	65	121	125
180	65	121	124
179	66	122	123
180	68	122	124
180	67	121	124
181	68	121	124
181	69	121	126
182	70	122	124
182	71	122	125
181	71	122	125
181	72	123	126
182	72	124	128
183	72	123	128
184	72	123	128
183	73	123	128
184	73	122	128
186	74	123	128
185	73	124	129
185	72	124	129
187	71	123	129
187	69	123	130
187	68	124	130
188	68	123	130
187	69	124	129
186	72	123	130
183	73	124	132
180	74	123	131
177	73	123	131
175	75	123	131
173	75	123	131
173	77	122	130
171	79	124	130
170	81	125	130
171	83	124	130
171	83	123	130
170	84	123	129
170	85	121	128
169	85	119	127
167	87	118	125
166	87	117	124
166	87	117	125
167	88	118	124
167	88	117	124
167	90	116	123
169	90	116	123
170	93	116	122
174	95	114	121
175	98	115	121
176	101	115	121
178	103	115	121
179	106	115	121
180	107	117	121
182	109	116	121
183	111	116	121
184	114	116	121
184	116	116	121
183	115	115	121
182	115	114	120
182	114	114	120
181	112	114	120
181	110	114	119
183	109	113	120
184	108	113	119
186	106	114	120
189	106	113	119
192	105	113	119
192	104	114	119
193	103	114	119
194	103	114	119
194	102	114	120
196	101	114	121
198	99	115	121
199	98	114	121
199	97	115	121
200	96	114	121
200	95	114	122
199	95	115	121
199	95	114	121
197	95	114	121
196	95	115	121
196	95	115	121
197	94	115	122
199	93	115	122
198	94	116	121
198	94	116	121
198	95	115	121
197	96	116	121
197	97	116	120
196	96	115	121
195	96	116	121
193	95	117	122
191	94	116	122
188	92	117	123
186	89	118	124
184	88	118	124
182	85	117	124
180	82	117	124
180	81	117	124
178	81	118	124
179	81	117	124
179	81	117	124
180	81	118	124
181	81	117	124
181	81	117	124
183	81	117	124
183	81	117	124
185	82	116	124
186	82	116	123
186	83	116	123
185	83	117	124
184	83	117	124
182	85	117	123
182	85	116	124
183	87	116	123
184	88	116	123
185	88	116	123
186	89	116	123
188	90	116	122
190	91	116	123
190	90	116	123
191	89	116	123
190	89	116	123
189	89	116	123
188	89	117	123
190	89	116	123
191	90	116	122
193	90	117	123
196	91	117	123
199	93	117	123
200	95	118	124
201	98	117	123
199	100	118	122
198	101	118	123
198	102	118	123
199	102	116	122
199	101	117	122
199	99	117	123
198	97	117	123
196	96	118	122
197	95	117	122
199	94	116	122
201	95	117	122
202	94	116	123
200	93	117	123
197	92	116	122
193	93	116	121
191	92	114	121
189	92	114	120
188	92	115	120
189	92	114	120
191	92	114	120
194	93	113	120
195	94	113	120
195	95	114	120
196	96	114	120
199	96	114	120
200	98	114	120
204	100	113	120
205	101	113	119
205	99	114	121
203	101	115	120
201	98	114	121
194	91	115	121
186	84	117	122
177	79	119	124
168	75	121	130
164	72	118	133
158	72	112	128
155	69	114	134
151	74	113	129
210	112	60	80
193	112	76	83
182	120	86	80
199	124	66	86
187	124	77	88
183	125	80	89
194	128	69	85
200	128	62	84
199	126	63	86
192	117	70	95
189	113	74	98
181	111	83	101
165	111	99	100
162	112	102	100
163	112	101	100
163	113	101	100
162	113	101	100
161	114	101	100
162	113	101	100
161	112	102	100
161	111	101	100
161	110	101	100
161	110	101	100
161	110	101	100
161	111	101	100
161	112	101	100
163	112	100	100
165	114	99	99
165	114	99	99
167	114	99	99
167	113	100	99
169	113	99	100
167	112	101	100
168	113	101	99
170	112	100	99
170	111	100	99
171	112	99	99
170	113	100	99
170	112	100	99
170	113	100	99
169	112	101	99
170	112	100	99
171	112	100	99
171	113	100	99
171	112	100	100
172	112	99	99
170	112	101	100
171	111	100	99
170	110	102	100
168	109	102	101
168	108	102	100
167	108	102	100
166	110	102	100
164	110	103	101
164	111	102	101
162	111	103	101
162	112	102	101
160	113	103	101
158	113	104	102
158	113	103	102
157	114	103	102
156	114	103	103
156	115	103	103
157	115	103	104
158	115	102	104
158	117	102	104
165	117	94	104
171	118	88	102
176	119	82	101
181	119	77	101
185	119	72	102
187	120	71	103
185	120	72	102
181	121	76	102
179	122	78	100
157	124	102	100
154	132	105	93
110	49	139	151
122	59	133	131
131	69	130	134
138	80	129	138
144	87	129	139
149	96	129	132
155	105	127	130
158	110	128	130
162	114	126	129
168	117	124	128
174	120	123	128
179	123	121	128
180	123	121	128
180	123	120	127
180	123	120	126
180	123	120	126
179	121	120	126
179	119	120	126
182	119	120	126
185	120	119	126
189	122	117	125
190	123	118	125
190	122	119	126
189	121	120	126
189	119	120	127
191	117	120	127
192	116	122	128
193	113	122	128
193	112	122	128
195	110	122	128
195	109	122	128
195	109	120	126
195	108	119	126
195	107	119	126
194	107	119	125
196	108	118	124
196	108	118	124
197	108	118	124
195	109	119	124
194	110	119	123
192	110	120	123
191	109	120	122
189	108	120	122
188	107	121	123
187	106	121	123
188	105	120	123
188	104	120	123
188	104	120	123
189	104	118	122
186	103	119	121
185	102	118	122
186	103	116	121
185	102	116	120
186	102	116	120
185	102	117	120
187	102	115	120
185	101	117	120
182	100	117	120
175	100	121	121
178	99	117	121
172	99	119	120
177	101	112	119
173	100	115	119
178	99	113	119
178	99	112	118
179	99	112	118
179	99	112	117
179	98	113	117
180	96	116	118
181	96	116	118
182	96	116	116
183	96	117	116
180	95	121	116
178	94	122	117
177	92	122	118
177	91	121	117
176	90	121	117
174	88	121	117
173	86	121	117
173	84	121	118
171	80	122	119
170	78	123	119
170	76	123	121
169	73	124	122
168	71	125	123
167	70	127	125
166	68	127	126
163	67	129	128
161	67	128	129
157	66	129	129
152	66	130	130
148	66	129	131
143	67	129	130
140	68	127	130
138	70	125	130
134	72	125	130
131	73	125	130
128	72	125	131
127	72	125	132
128	69	126	134
133	70	124	134
137	70	123	133
141	69	123	132
144	69	122	131
146	70	122	131
147	70	122	129
149	73	122	128
149	75	122	127
149	77	121	125
151	79	121	124
154	82	120	124
158	84	120	124
162	86	120	124
165	86	120	124
168	85	121	124
171	85	120	123
172	84	120	123
173	86	120	123
174	87	120	123
175	88	120	122
175	88	120	122
175	88	120	121
176	88	118	121
175	88	118	120
174	88	117	120
175	89	117	119
177	90	117	119
179	90	118	120
179	90	119	121
179	88	120	122
180	87	121	122
181	86	120	122
182	85	121	123
183	85	121	122
184	88	121	122
184	90	121	121
184	91	121	121
187	90	120	122
188	93	119	122
186	94	121	121
190	97	117	121
189	98	117	121
190	100	116	121
190	99	117	121
189	97	117	121
190	95	118	121
189	94	118	120
189	91	119	120
189	89	119	120
186	88	120	119
185	86	121	120
185	84	120	121
181	83	122	121
181	84	120	121
179	84	122	121
178	85	121	122
176	85	122	123
173	83	122	124
171	83	121	123
170	83	122	123
172	82	121	124
172	84	121	123
173	85	120	123
173	85	120	123
172	85	121	123
171	86	121	123
171	85	121	123
172	85	120	124
173	86	120	123
176	87	119	122
178	88	119	121
181	88	119	121
181	89	120	121
180	89	120	122
178	90	121	122
178	91	120	122
179	91	120	121
179	89	120	122
181	89	119	122
183	89	119	121
188	89	118	122
189	88	119	122
190	89	120	122
190	89	120	122
189	89	120	122
185	87	120	123
185	87	120	123
184	87	120	123
186	86	120	123
186	87	120	122
186	86	120	122
185	85	120	122
185	86	120	123
186	87	120	123
188	87	120	123
188	88	120	123
187	89	121	122
187	88	121	123
187	87	122	123
187	86	122	123
186	85	123	124
188	83	122	125
188	83	123	125
187	82	123	125
185	79	124	126
185	78	124	126
185	79	124	125
182	80	124	125
179	80	124	126
174	80	124	126
171	81	125	127
167	80	127	129
165	81	129	131
162	81	130	131
162	79	130	132
156	79	131	133
154	78	130	132
148	72	134	136
137	67	141	140
133	71	143	143
126	78	139	142
112	86	137	137
115	92	137	142
114	98	113	143
117	101	111	142
123	99	102	137
132	93	118	136
196	94	81	97
175	94	103	102
159	102	73	113
192	95	87	75
187	99	92	82
167	118	87	103
178	122	66	98
176	128	62	89
164	112	89	99
182	98	96	86
192	99	86	80
188	99	90	78
188	98	92	77
184	98	96	78
184	97	97	80
183	98	98	83
180	99	100	87
180	98	100	89
181	100	99	96
183	100	96	93
181	102	99	98
163	104	114	122
173	105	104	97
174	107	102	94
175	111	100	92
177	110	98	89
177	109	99	89
178	110	98	91
175	106	105	129
175	116	109	159
158	202	133	143
158	190	132	161
160	115	125	214
175	125	107	155
183	105	99	97
185	105	98	96
186	104	97	95
187	104	97	92
186	105	100	90
187	104	99	91
186	107	102	104
189	104	97	80
186	103	103	108
170	159	132	131
166	150	132	130
158	140	133	130
156	129	133	133
153	123	132	129
153	116	132	127
153	112	132	127
151	98	131	136
150	93	133	136
144	97	132	130
140	98	130	127
137	95	129	126
135	96	128	122
133	96	129	119
135	95	126	120
134	93	128	120
133	87	130	122
131	82	132	122
130	77	133	123
132	75	133	124
134	77	133	122
138	80	131	119
138	83	130	118
139	84	129	117
140	81	130	119
140	79	132	119
141	78	134	119
141	78	133	118
142	79	135	119
146	80	137	120
150	80	136	120
154	80	132	119
156	82	130	119
157	84	128	117
160	88	126	116
164	88	124	118
171	88	120	125
179	117	116	105
189	135	112	98
195	144	113	100
203	148	110	101
208	153	108	101
197	116	114	142
211	155	105	102
215	158	102	99
219	159	97	95
224	162	94	91
220	151	100	101
230	165	90	86
214	145	99	100
173	92	98	98
174	92	97	97
173	92	98	99
174	93	96	96
173	93	97	96
174	93	95	95
173	93	96	96
170	94	103	98
172	95	98	98
172	95	96	98
172	95	97	98
172	96	96	96
172	98	96	95
171	98	96	95
170	99	96	95
169	100	97	95
170	101	97	95
168	102	100	96
168	105	97	96
164	106	101	96
163	108	97	96
160	110	101	96
159	112	97	96
158	113	97	95
157	113	97	95
156	112	97	96
157	112	97	96
156	111	98	95
157	111	97	96
157	111	97	95
158	110	97	95
159	111	97	96
158	111	98	96
158	112	98	96
159	113	98	96
159	114	98	97
158	115	99	97
159	115	97	97
159	115	98	97
158	114	99	98
158	113	99	98
159	113	98	98
157	114	99	97
156	114	99	97
155	113	99	97
155	113	99	98
154	112	99	98
153	112	99	98
154	110	99	98
154	110	99	98
154	110	99	98
153	109	101	99
152	109	101	99
153	107	100	99
154	106	100	99
154	107	100	98
155	107	100	98
154	108	100	98
154	107	100	98
153	108	100	98
154	107	100	98
154	107	100	98
156	107	99	98
154	106	100	98
156	105	100	98
158	106	99	98
159	105	99	98
159	106	100	98
160	106	99	98
159	105	100	99
160	104	100	98
161	104	100	98
161	104	100	99
160	105	100	98
160	105	100	99
157	105	100	99
156	105	100	99
154	105	101	99
154	106	100	99
152	105	101	99
152	106	101	99
151	106	101	99
153	107	101	99
153	105	100	99
153	104	100	100
153	104	100	100
153	103	100	100
152	104	101	99
152	103	100	99
151	104	100	99
149	105	100	99
147	105	100	99
147	106	99	99
144	106	100	99
145	107	99	98
143	108	99	98
143	108	99	98
142	108	99	99
142	108	99	98
143	109	99	98
143	109	99	98
143	108	99	99
143	107	100	99
142	107	100	99
143	107	99	98
144	107	98	98
143	106	99	98
145	105	98	98
146	104	99	98
145	103	98	98
146	103	99	98
147	103	99	97
148	103	98	97
149	102	98	97
150	102	98	97
151	102	98	96
152	101	97	96
153	102	97	95
152	103	97	95
151	103	98	95
149	102	97	95
147	103	98	95
145	102	98	96
143	103	98	96
142	103	97	96
140	103	98	96
138	103	98	96
138	103	98	96
137	103	99	96
137	104	98	96
140	104	98	96
142	103	98	96
145	102	98	96
147	102	98	95
149	101	97	95
151	101	96	95
153	102	96	95
155	100	96	95
156	100	97	95
156	99	98	95
156	98	98	95
156	98	98	96
155	98	98	96
156	99	98	95
157	99	98	95
157	100	98	95
158	100	98	95
158	100	98	95
159	99	97	95
160	100	98	95
160	100	98	95
161	100	98	96
161	99	98	95
162	99	98	95
163	99	98	95
165	98	97	95
165	98	98	95
164	97	98	95
165	99	97	95
164	100	98	95
163	100	97	95
163	100	97	95
163	100	97	95
163	99	97	95
163	100	97	95
163	100	97	95
164	100	97	95
164	100	97	95
165	100	97	95
165	100	98	95
166	100	97	95
166	100	98	95
167	101	97	95
167	101	97	95
167	100	97	96
167	100	97	96
167	100	97	96
169	100	97	96
168	99	97	96
170	100	97	95
171	99	96	96
171	100	96	95
172	99	97	95
172	99	97	96
173	98	97	96
174	98	97	96
173	98	97	96
173	98	97	96
173	98	97	96
173	98	98	96
174	98	97	96
174	98	97	96
175	98	97	96
175	99	97	96
176	100	96	96
177	101	96	95
177	100	96	96
176	99	97	95
177	98	97	96
177	98	97	96
178	98	97	96
178	97	97	96
178	97	97	96
178	98	97	96
178	98	97	96
177	97	98	96
177	96	98	97
177	96	98	97
178	96	97	96
178	97	97	96
179	97	97	96
179	97	97	96
180	97	97	96
183	96	96	96
181	95	97	96
181	97	97	96
179	97	97	96
177	97	97	96
175	99	97	96
173	98	97	97
172	99	97	97
169	99	98	97
169	98	98	97
168	100	98	97
170	101	97	97
174	103	98	96
177	103	97	96
180	104	98	96
182	105	96	95
185	106	97	95
188	108	96	95
191	107	95	95
192	108	95	95
195	108	96	95
195	107	96	96
195	106	96	96
193	105	97	96
193	105	97	96
194	103	96	96
193	101	97	96
195	100	98	97
196	98	98	97
198	96	98	98
199	95	98	98
197	95	101	98
197	94	100	98
197	95	101	98
194	95	101	98
194	96	101	98
193	97	101	97
193	99	100	97
193	101	99	97
192	103	99	96
192	104	98	96
192	104	98	96
192	103	98	96
193	102	98	95
192	102	99	95
193	102	97	95
192	103	98	95
192	105	97	95
191	106	98	95
189	108	98	95
190	108	97	95
189	107	99	96
190	108	98	96
192	107	98	96
194	106	97	96
195	105	98	96
196	104	98	95
196	102	99	94
194	100	100	93
194	98	100	92
192	97	100	92
190	97	100	92
187	96	101	92
186	97	100	91
184	96	100	91
181	92	100	92
181	90	99	93
180	91	99	93
180	92	98	93
177	93	99	93
176	96	98	94
174	97	98	93
173	99	98	93
171	99	99	95
169	98	105	94
166	100	105	93
165	103	106	91
166	103	106	91
168	101	108	94
172	99	119	95
171	98	105	96
175	98	156	99
173	99	106	96
180	101	161	98
175	104	110	91
175	106	114	88
182	105	163	93
274	112	78	84
226	113	120	82
273	113	81	84
197	110	97	78
210	110	154	86
278	113	82	83
267	112	95	85
236	109	127	90
279	114	84	84
278	114	85	84
280	116	84	83
279	117	84	83
279	118	85	83
280	118	86	83
282	118	85	83
285	119	84	83
288	118	84	83
288	118	84	83
289	120	83	83
290	120	83	84
291	119	83	84
293	119	81	84
289	119	86	84
263	116	117	89
161	97	143	141
166	100	136	139
170	104	136	137
175	107	131	135
177	108	132	135
178	108	132	135
181	107	133	135
183	108	132	134
185	107	132	134
185	106	132	134
185	106	131	133
187	107	132	133
188	107	131	133
190	105	132	133
191	104	133	133
192	103	132	134
191	100	132	133
193	99	133	133
195	99	132	133
196	100	131	133
198	100	133	133
198	102	133	133
197	102	134	134
198	103	133	134
197	103	134	135
199	103	134	135
199	104	134	135
198	102	135	136
200	102	135	135
200	102	134	135
200	101	134	135
199	100	134	135
200	101	134	136
200	101	133	135
200	100	134	135
199	101	133	135
202	102	134	135
202	102	133	134
202	101	133	134
203	101	133	135
203	99	134	135
202	98	134	135
202	97	134	135
202	97	135	136
201	98	133	136
200	99	134	135
198	100	135	136
199	101	135	135
195	101	136	136
195	101	136	137
194	102	137	137
193	102	136	137
193	102	136	137
194	101	136	137
192	98	136	138
193	97	136	137
191	94	137	138
191	91	136	138
190	91	136	137
189	91	135	137
188	90	135	137
188	91	135	137
186	92	136	138
187	93	134	138
188	95	134	137
189	97	133	137
190	100	132	137
191	103	132	136
194	106	134	137
196	108	133	136
197	109	132	136
197	110	133	136
197	111	132	136
198	111	132	136
199	111	131	136
201	112	131	135
201	109	133	136
202	108	132	136
204	109	131	136
204	107	132	137
204	107	132	137
203	108	131	137
202	108	131	137
201	108	131	137
201	107	131	137
200	106	131	138
199	104	131	138
200	104	131	139
201	104	131	138
202	106	132	138
202	106	131	138
202	107	131	138
202	108	129	136
201	107	130	137
200	107	132	138
201	105	133	139
201	106	134	139
201	106	134	139
199	106	135	140
200	106	135	140
199	105	136	140
198	105	137	141
198	105	138	141
200	105	135	141
198	107	137	140
199	108	137	140
199	108	135	140
197	109	136	140
199	108	134	140
200	107	135	140
201	105	135	140
201	105	136	140
202	105	134	140
202	105	135	139
199	104	135	139
199	104	135	139
198	104	135	139
198	103	136	139
196	101	136	140
195	101	136	140
195	100	135	140
195	98	135	140
195	98	135	139
195	97	135	140
195	98	135	139
195	98	134	139
194	99	134	138
193	99	135	138
192	99	135	138
193	98	134	138
192	99	133	138
191	98	133	138
191	98	134	138
189	98	135	139
187	97	136	140
187	96	135	140
187	95	135	140
187	95	135	139
187	94	134	139
187	94	135	139
187	94	134	138
187	95	134	138
187	94	135	138
187	95	135	138
188	96	135	138
188	96	133	138
188	96	134	138
188	97	134	138
188	97	135	138
188	97	135	138
188	97	135	138
190	97	135	138
190	97	135	138
193	95	135	138
194	94	135	138
197	95	135	138
197	93	135	138
197	93	136	139
197	91	136	140
197	90	135	140
195	90	135	140
194	89	136	140
194	89	136	140
194	90	137	140
195	90	138	141
197	91	138	141
198	91	138	142
200	92	139	142
200	91	138	142
201	92	138	142
201	93	137	142
200	92	138	142
200	92	139	142
200	92	138	142
198	92	139	142
198	91	139	142
198	91	139	142
198	89	139	143
198	88	140	143
199	88	140	143
199	87	140	143
200	86	140	143
201	86	140	143
201	86	139	143
201	87	139	143
201	88	138	143
201	89	138	142
201	91	138	142
201	92	138	142
201	93	138	142
201	94	137	142
200	95	138	142
200	95	138	142
201	95	137	142
201	95	137	142
201	94	137	142
202	94	138	142
199	92	138	143
199	92	138	143
200	92	138	142
201	93	138	141
203	91	137	141
204	91	138	142
204	89	139	143
204	89	139	144
205	88	139	144
206	88	139	143
207	89	137	142
208	91	137	142
207	92	137	142
207	93	138	143
207	95	138	142
208	96	137	142
208	98	137	142
206	99	137	142
206	100	136	141
206	100	136	141
206	99	136	141
207	99	136	141
205	100	136	141
205	99	136	141
204	98	135	141
203	98	135	141
203	98	137	141
203	98	137	142
203	98	138	142
203	99	139	142
202	98	140	143
201	98	142	143
199	97	141	144
197	97	141	144
195	96	141	143
195	96	141	144
193	95	141	144
194	96	141	144
192	96	141	144
192	96	141	144
190	97	141	144
191	98	140	144
191	99	140	143
192	100	139	143
192	100	140	143
192	100	139	143
192	100	139	143
192	100	139	142
192	100	139	143
191	100	139	143
190	99	139	142
191	99	140	142
194	100	140	143
194	100	140	143
195	100	141	143
196	101	140	143
195	101	139	143
194	102	139	143
192	101	140	143
190	101	140	143
187	100	140	143
187	100	140	143
187	99	140	143
188	99	141	143
189	99	142	144
190	99	140	144
191	99	141	144
192	99	141	144
193	99	139	144
193	100	139	143
192	100	138	142
191	99	138	141
190	98	137	141
190	97	137	142
190	96	137	142
190	94	138	143
192	95	138	143
192	95	139	143
192	95	138	143
193	95	140	143
194	95	139	144
194	95	140	144
194	96	139	144
194	97	140	144
194	99	138	144
194	100	138	143
191	99	140	145
192	98	140	145
192	96	140	145
193	95	139	145
194	92	140	145
196	91	139	145
196	90	138	145
196	90	139	145
196	90	138	145
195	90	138	145
195	91	138	144
195	91	138	144
196	92	137	144
196	92	137	144
196	92	138	144
195	93	138	144
196	93	138	144
197	93	137	144
197	94	136	144
196	93	136	144
195	93	138	144
194	92	137	144
195	92	137	144
195	92	137	144
197	93	137	144
197	94	136	144
197	94	136	144
199	93	136	144
199	94	135	143
199	94	135	143
199	92	136	144
199	91	136	144
199	91	136	144
198	91	135	143
197	89	135	143
197	88	136	143
197	85	137	144
197	83	137	144
196	82	137	144
195	82	137	144
196	84	138	143
196	85	137	144
197	86	137	143
198	87	137	143
197	88	137	144
196	87	137	144
195	88	137	143
194	88	137	143
194	89	137	144
193	88	137	144
193	88	137	144
193	89	136	143
193	90	137	143
192	90	137	143
190	90	137	143
189	90	138	143
189	91	137	143
189	91	137	142
189	90	136	142
188	88	137	142
188	87	137	143
189	85	137	143
189	85	137	144
190	86	137	143
189	85	137	143
188	84	138	143
188	83	138	143
188	84	138	143
187	83	138	143
186	82	139	143
185	82	139	144
185	82	139	144
184	81	139	143
184	81	140	144
186	80	139	143
186	81	139	144
186	81	139	144
186	83	139	143
186	84	138	143
185	84	138	143
184	83	138	142
183	83	138	143
182	83	139	143
182	83	139	143
184	83	141	144
185	81	142	145
186	78	143	147
186	75	143	148
187	73	143	147
186	72	143	147
185	72	142	146
183	72	141	145
181	71	142	145
180	71	142	145
179	70	142	144
179	71	140	143
180	70	142	144
180	69	143	144
181	73	141	143
179	75	141	141
179	77	140	141
178	80	139	140
178	81	139	140
177	82	140	140
175	83	141	141
173	80	141	144
166	79	142	144
164	78	140	146
163	79	139	145
166	79	134	143
167	79	132	140
167	81	130	139
166	81	131	139
164	82	133	138
164	85	133	136
167	86	133	136
168	87	132	136
169	87	131	134
168	87	132	133
167	87	134	134
167	87	133	138
164	88	134	138
162	87	134	139
164	86	132	138
165	87	132	136
164	87	133	135
163	89	134	136
164	91	134	136
167	92	132	137
169	91	131	135
171	90	129	135
172	88	126	135
174	86	125	135
173	84	127	135
170	81	130	137
165	78	138	141
166	76	141	142
168	74	141	143
172	74	140	143
175	73	140	143
177	74	140	143
180	75	141	143
183	76	142	144
186	77	144	146
188	80	146	146
191	81	145	147
194	80	145	148
196	78	145	149
196	78	144	149
194	75	146	150
192	73	146	150
191	73	146	149
190	72	144	149
188	72	143	148
187	72	141	146
187	72	142	147
187	72	142	147
187	72	142	147
188	74	141	147
190	76	140	146
191	77	140	145
192	79	140	145
194	80	140	144
194	81	139	145
194	82	140	144
194	83	139	144
193	82	139	144
192	83	138	143
190	81	139	144
188	79	140	144
189	79	139	144
187	78	140	144
187	76	140	145
187	77	140	144
188	78	139	144
188	79	139	144
188	80	139	144
189	80	140	144
189	79	140	145
190	79	140	145
190	77	141	146
191	76	141	146
191	76	142	146
193	72	142	148
194	71	142	148
195	69	142	148
194	70	142	148
194	72	142	148
193	75	141	147
193	77	141	147
195	80	141	147
197	81	140	146
199	82	139	146
200	82	139	146
201	81	139	146
201	79	138	146
201	78	137	145
198	77	137	144
198	76	138	144
196	76	139	145
196	76	139	145
194	77	139	146
192	79	140	147
191	82	138	146
188	85	138	144
186	86	140	144
183	86	142	146
180	84	145	149
179	81	148	151
177	77	149	152
174	74	151	154
171	73	152	154
168	73	150	154
164	75	149	153
161	78	147	152
159	79	146	151
158	80	146	150
158	79	146	150
162	76	146	149
169	68	145	148
173	68	143	147
174	67	144	148
176	65	144	149
178	64	143	148
179	65	141	146
180	66	141	146
181	69	141	146
182	72	141	145
183	74	141	144
185	76	140	145
186	78	140	145
188	79	141	145
189	78	141	146
190	77	142	146
191	76	140	145
193	75	140	144
194	76	140	144
195	75	140	145
196	76	139	145
195	75	139	145
196	77	139	145
196	77	139	144
195	78	138	144
194	79	138	144
195	81	137	144
195	82	137	143
195	83	139	144
195	81	140	145
198	82	140	145
203	82	140	146
205	82	140	146
204	83	141	146
204	82	141	147
203	81	141	147
201	80	141	147
198	80	142	147
196	80	142	147
196	78	142	148
195	78	143	147
194	78	143	148
192	78	145	149
192	79	147	151
190	82	148	152
190	86	147	151
189	87	147	151
187	88	148	150
179	87	149	150
173	88	148	150
169	91	146	149
162	94	146	147
157	97	146	147
155	97	148	149
152	100	150	152
151	99	150	152
150	100	149	154
155	104	138	156
155	106	130	155
151	103	129	158
156	101	120	163
172	103	107	161
173	105	112	161
169	105	108	171
164	105	103	173
171	101	85	176
170	100	74	179
168	104	71	178
161	108	85	178
161	106	95	182
159	105	98	180
139	103	110	182
121	96	123	172
123	93	112	158
133	96	94	153
111	96	94	158
115	95	71	158
93	94	78	149
102	98	68	130
116	99	55	99
108	108	56	88
115	115	48	86
124	121	46	84
125	126	48	75
138	127	40	45
156	133	29	34
152	135	37	32
134	132	55	26
109	124	75	82
71	114	110	107
45	97	127	130
29	92	128	149
39	96	103	171
40	98	115	172
51	94	118	171
57	93	126	172
61	92	132	177
81	99	115	168
74	106	126	167
85	111	119	173
109	117	107	172
120	118	109	175
126	121	120	173
119	102	138	182
115	101	150	174
118	104	151	166
123	105	153	164
130	109	150	162
130	106	155	168
134	106	154	168
135	103	156	167
137	102	153	167
136	101	152	161
137	100	152	160
137	99	150	161
137	97	152	160
137	96	149	154
140	95	148	151
138	93	149	150
137	89	152	153
132	83	160	163
129	83	162	165
131	83	160	165
132	83	159	162
137	84	154	160
135	88	156	158
135	87	157	158
135	89	157	158
132	89	158	158
132	91	156	155
134	95	154	152
130	93	154	153
125	90	156	154
121	88	156	154
118	83	157	154
119	82	153	151
118	81	154	151
120	80	154	152
120	76	155	154
120	76	154	153
121	75	154	153
121	75	154	153
120	74	153	152
118	75	154	152
116	73	156	153
116	73	157	154
117	72	156	153
117	72	157	153
118	70	157	154
119	68	157	156
119	66	159	159
121	67	159	160
120	68	160	160
124	68	158	161
125	69	160	162
124	70	161	162
124	71	160	162
123	72	160	162
123	73	161	162
122	73	161	162
124	73	160	163
125	74	160	163
125	73	162	163
128	74	161	165
125	73	164	166
125	73	164	167
125	73	165	167
127	73	165	169
128	73	166	170
128	72	167	171
128	71	168	172
129	72	169	173
131	73	169	173
130	73	171	173
130	75	171	174
130	74	171	174
130	75	170	173
130	75	170	173
131	74	170	173
131	73	171	174
131	72	171	175
130	73	171	174
133	74	168	173
132	76	169	173
132	76	169	172
132	76	168	172
133	75	168	172
133	74	168	172
132	74	169	173
131	73	170	173
132	73	170	173
133	73	169	173
134	75	169	173
133	76	169	172
133	78	169	172
133	79	168	171
132	80	168	169
133	83	167	169
132	84	167	168
132	85	166	168
132	85	167	168
133	84	167	169
135	84	166	169
137	83	166	168
135	83	167	169
134	81	168	170
132	80	170	170
131	80	170	171
132	79	168	171
132	80	168	171
135	81	167	170
136	81	168	170
137	82	168	171
138	82	168	171
139	83	168	171
137	82	170	172
136	81	170	172
135	80	171	173
135	80	172	173
134	80	171	173
134	81	171	173
133	83	172	173
132	85	172	174
132	86	173	174
133	88	172	175
133	89	172	175
133	90	173	175
133	90	172	174
133	90	171	174
134	92	171	174
135	91	170	174
135	89	171	175
134	87	173	175
134	85	173	175
135	82	173	175
136	81	173	174
137	80	171	173
136	80	170	172
136	79	169	172
133	80	169	171
131	81	168	171
129	81	168	170
127	81	167	169
126	80	166	169
123	80	166	168
124	88	162	166
126	96	160	163
129	104	159	163
130	107	161	165
130	108	160	165
125	105	162	166
120	104	162	162
114	108	158	157
112	107	159	158
111	118	151	147
108	123	135	135
105	124	131	118
110	123	128	109
131	122	102	107
134	122	99	100
136	123	98	103
129	122	110	106
123	124	120	113
115	126	129	107
112	129	132	113
112	128	132	113
120	131	123	110
108	120	131	118
109	108	154	135
112	106	154	137
110	107	155	136
111	107	155	137
108	108	157	138
105	107	156	138
106	106	155	137
105	104	155	138
102	104	155	138
102	102	156	140
100	103	156	139
96	104	156	140
95	104	156	140
93	106	156	142
90	106	156	141
89	108	156	140
87	110	157	140
88	109	157	141
88	113	157	139
88	115	156	140
88	116	156	141
89	116	156	141
88	117	157	143
89	117	157	144
90	119	157	144
88	120	158	144
88	121	157	145
87	122	158	144
85	122	159	145
84	122	158	146
85	121	157	147
85	121	158	147
85	120	157	147
84	118	158	148
84	119	157	147
84	119	157	147
83	120	156	145
82	121	156	145
82	121	157	145
82	122	157	144
82	124	157	144
82	125	158	145
85	126	155	145
85	127	156	143
88	128	154	143
92	127	153	143
99	122	152	141
108	116	153	140
120	112	151	139
125	112	151	136
139	118	145	132
144	124	140	127
144	123	141	128
140	120	145	133
137	117	151	139
134	116	153	143
139	114	151	146
141	112	151	145
145	112	150	144
150	111	149	149
153	109	149	152
155	109	152	155
156	107	154	157
157	104	155	159
158	102	156	158
156	100	157	159
157	98	156	159
159	98	156	160
160	98	157	160
161	101	157	159
159	101	159	161
159	100	161	163
159	102	163	166
159	106	162	165
158	106	162	166
157	107	162	166
155	108	163	167
153	107	162	168
151	105	162	168
150	104	162	168
150	104	161	168
149	102	162	169
149	101	162	168
149	99	162	169
150	98	162	169
149	96	164	170
148	95	165	171
150	95	165	171
153	96	164	170
154	97	167	172
155	96	169	175
154	96	171	176
149	94	173	177
148	94	172	177
146	92	174	178
146	91	174	178
146	91	175	179
146	89	175	179
146	90	175	178
146	90	174	178
147	92	173	177
147	94	171	175
147	96	170	174
149	97	169	173
151	98	169	173
151	98	169	173
152	99	169	173
153	100	168	172
151	100	168	171
148	98	169	172
148	97	168	172
146	95	170	173
148	94	169	173
149	94	167	172
147	92	168	173
147	89	169	173
143	86	171	174
141	84	171	174
139	82	171	172
137	80	171	170
135	78	172	171
135	76	173	172
136	75	173	172
137	77	172	172
141	77	172	172
143	79	172	171
143	79	173	173
140	79	176	176
135	74	182	184
120	71	190	189
121	76	184	187
120	74	181	187
112	68	185	186
112	56	183	189
116	52	184	190
118	50	186	189
122	52	181	187
127	56	177	184
134	61	174	182
131	60	174	180
124	58	177	179
109	55	180	181
103	59	174	177
96	59	178	178
93	56	177	178
96	57	176	177
103	57	173	178
107	55	173	180
112	50	172	180
119	46	173	181
124	46	171	179
138	50	163	178
140	56	168	178
152	83	165	146
146	89	166	147
129	89	179	153
172	119	136	123
219	150	125	128
222	154	132	152
228	155	127	158
227	147	122	175
214	145	130	177
219	143	120	175
214	140	120	173
215	138	116	175
201	138	134	179
173	137	163	182
169	138	165	180
166	134	164	181
158	133	166	178
158	132	166	177
157	130	166	177
154	128	168	179
152	129	168	175
148	128	168	172
140	128	173	166
143	113	177	164
143	93	181	170
148	90	182	175
153	86	181	179
158	83	179	180
162	81	176	180
163	81	173	176
163	83	168	170
168	86	168	170
172	81	173	173
171	76	172	172
171	73	172	173
173	67	182	181
177	65	181	185
181	67	180	185
182	68	179	184
173	63	181	184
175	63	177	182
174	66	176	180
172	65	176	180
170	63	176	178
169	62	175	177
165	61	173	176
162	61	170	173
159	62	167	170
155	63	161	164
152	69	151	153
150	76	140	141
152	83	132	133
155	90	124	123
162	98	117	116
168	105	113	108
173	106	107	102
177	106	104	99
179	106	101	97
184	104	100	96
188	101	99	98
192	101	99	99
194	102	98	101
195	101	99	100
195	101	99	100
197	99	100	99
200	98	101	98
204	97	100	97
208	96	99	97
213	96	99	97
217	96	99	96
218	93	98	98
216	92	99	98
216	92	98	98
213	91	99	98
210	90	99	98
209	89	98	98
205	90	99	98
202	90	98	97
198	91	99	95
192	92	99	90
186	92	101	91
182	92	101	93
180	94	101	93
177	95	100	92
177	95	100	94
174	94	99	93
172	91	97	91
170	90	96	92
171	89	95	91
172	89	95	90
171	89	96	91
170	90	95	90
169	90	95	90
171	90	95	90
169	91	95	90
169	88	95	90
171	87	95	90
170	83	97	90
169	81	97	90
170	80	97	90
168	80	98	90
168	79	97	91
167	79	98	92
166	79	99	93
167	79	98	92
168	78	98	93
169	77	99	95
171	77	99	93
171	76	99	93
173	77	99	92
175	78	98	91
176	79	98	92
179	80	97	94
182	81	97	94
184	80	97	94
187	81	98	94
191	80	98	95
194	81	100	95
199	82	100	96
202	83	99	96
205	84	99	96
208	86	99	96
210	88	99	96
210	90	99	96
210	92	100	96
211	93	100	96
211	94	101	97
209	95	101	97
207	95	102	98
204	95	103	99
201	94	104	100
199	93	104	100
198	90	104	101
198	88	104	102
197	86	105	103
195	84	106	103
194	83	106	103
191	82	107	104
190	81	108	104
186	79	109	106
181	77	110	107
178	74	113	109
179	70	113	110
173	66	117	112
166	65	118	115
161	65	121	116
161	66	121	116
162	66	121	117
163	69	121	116
165	74	120	116
168	77	119	115
168	81	118	115
168	87	118	115
169	91	119	115
169	95	118	115
169	98	119	115
169	101	120	117
