48	115	114	107
49	112	113	108
52	112	112	108
54	113	114	109
56	112	116	111
58	113	115	111
57	112	117	112
60	112	115	113
63	111	112	117
65	111	112	117
65	109	111	118
68	108	107	118
71	108	107	118
72	109	105	117
74	110	105	117
76	110	106	117
78	107	107	118
78	106	107	118
82	105	105	120
82	106	107	119
84	107	106	119
86	107	106	119
88	107	105	118
90	106	105	120
90	109	104	117
92	107	104	116
93	111	105	119
94	110	104	116
94	109	105	116
95	108	105	117
96	105	103	121
96	106	104	118
97	106	103	119
97	105	103	120
97	104	103	120
98	106	103	117
98	102	104	123
100	103	103	123
100	101	103	125
99	100	104	125
100	99	104	126
100	98	104	127
101	99	103	126
100	101	104	123
99	100	104	123
99	100	105	124
100	99	104	124
99	99	104	124
99	99	104	123
98	99	104	123
99	99	104	125
98	100	105	122
97	100	104	123
98	100	104	124
98	100	104	124
98	99	104	124
96	99	105	123
98	99	104	122
98	99	103	126
97	99	105	124
98	98	104	124
97	97	105	123
99	98	102	124
97	99	105	121
98	99	104	123
99	99	103	122
97	99	105	122
100	98	102	124
98	99	104	121
98	97	103	124
98	99	104	123
96	98	105	126
97	99	104	125
96	98	104	125
96	98	105	125
97	98	104	125
97	98	104	126
97	99	105	125
96	98	105	126
97	98	105	126
96	98	105	127
97	97	105	126
97	97	105	127
97	97	105	127
97	98	105	126
97	97	105	126
97	97	105	127
97	97	104	125
97	96	104	126
97	97	104	126
97	98	104	126
97	97	104	126
97	96	104	125
97	97	104	124
98	98	103	125
97	98	104	124
97	98	105	125
96	96	105	126
97	98	105	125
96	96	105	127
96	98	105	125
97	97	105	125
97	97	104	125
96	96	105	126
97	96	104	126
96	97	105	125
96	97	105	126
97	96	104	126
96	96	105	127
97	97	104	127
96	96	105	127
97	97	104	127
97	96	105	127
97	97	105	126
97	97	104	126
97	96	104	126
97	96	104	126
97	97	104	126
97	97	105	126
97	96	105	126
97	96	105	126
97	98	104	126
97	97	104	125
96	96	105	126
96	96	104	126
96	96	105	126
97	96	104	126
97	96	104	127
96	96	105	127
96	96	105	126
96	97	105	127
97	96	105	127
96	97	105	126
95	97	105	126
96	96	105	126
96	97	105	126
96	97	106	126
95	98	105	127
97	97	104	127
96	97	105	126
95	97	105	128
96	95	104	128
96	96	104	128
97	95	104	128
95	95	104	129
96	96	104	128
97	96	103	128
97	96	103	128
96	96	104	129
95	97	104	128
96	97	104	128
95	96	104	129
97	97	103	128
97	97	103	128
96	97	103	128
96	96	103	128
96	97	103	128
96	97	103	128
96	97	103	128
97	98	103	128
95	98	103	128
96	97	104	127
96	97	104	128
96	98	103	127
95	98	104	127
95	97	104	127
96	98	104	126
96	98	103	127
96	99	103	127
95	99	104	127
95	99	103	128
95	99	103	127
95	98	103	128
95	99	103	127
95	98	103	127
96	99	103	126
95	99	103	127
95	99	104	127
94	99	104	127
95	100	103	126
94	100	103	127
94	100	103	126
94	100	104	126
94	100	104	127
95	100	104	126
94	100	103	127
95	99	103	127
95	99	103	127
94	99	104	128
93	99	104	128
95	99	103	127
94	100	105	128
93	100	103	127
95	100	103	127
94	100	103	128
94	101	104	127
94	101	104	127
93	100	104	126
94	101	103	126
89	99	106	128
89	99	103	128
89	98	104	128
90	99	103	128
87	99	105	127
84	98	105	125
84	98	101	123
73	96	103	127
68	94	107	130
67	95	106	132
67	93	106	135
61	93	103	132
54	92	105	123
54	95	106	117
54	90	104	120
52	88	107	124
61	89	98	125
59	88	100	127
69	91	93	132
67	93	96	128
67	94	96	129
67	93	96	126
73	95	91	129
75	96	90	119
75	97	91	124
75	101	93	129
74	102	95	135
75	105	95	130
74	102	97	135
44	105	128	136
43	105	128	139
41	108	129	138
61	98	110	139
37	104	132	135
62	104	107	130
59	99	111	138
52	104	115	134
43	99	125	137
44	105	125	133
47	108	122	132
48	100	122	143
46	98	126	146
46	101	127	143
45	102	128	144
45	97	128	149
44	99	129	148
43	97	133	150
45	97	134	157
28	95	150	161
25	96	155	163
1	93	173	171
51	92	122	165
46	94	126	166
42	94	134	166
41	91	131	170
53	89	126	169
55	91	124	169
57	91	123	169
52	86	126	163
54	84	126	150
58	83	124	149
55	76	123	127
56	75	124	143
55	76	126	146
57	75	127	148
47	73	136	136
50	70	130	141
52	72	128	135
47	68	134	135
49	69	130	129
48	69	136	137
48	69	136	133
36	68	145	131
30	68	149	124
31	69	139	118
32	70	153	139
37	71	152	143
41	71	149	143
42	71	150	148
40	74	149	131
45	80	145	131
42	78	150	138
43	78	146	124
29	82	157	113
13	75	172	102
5	75	177	109
30	76	154	129
27	77	162	131
8	80	188	138
11	80	190	146
26	92	193	97
55	99	163	96
48	96	168	101
46	97	178	101
74	82	163	131
75	97	153	123
76	95	155	122
86	125	184	152
85	134	203	165
81	125	202	123
86	125	198	168
96	136	206	128
90	134	231	141
92	132	225	139
111	116	200	159
103	101	197	177
102	117	212	161
96	118	217	158
113	129	185	135
128	141	161	101
129	141	160	104
126	142	161	106
124	155	189	123
137	160	165	118
123	157	176	106
127	158	180	125
114	159	188	128
136	156	171	133
111	155	188	120
131	156	177	139
153	167	165	136
137	170	177	131
143	183	188	127
132	184	192	125
147	188	186	122
141	188	195	122
147	191	196	117
140	193	211	116
141	193	208	116
141	193	209	115
143	196	187	106
129	194	204	105
131	193	206	106
142	188	164	95
134	185	164	99
130	185	168	98
135	186	164	97
132	175	160	102
116	175	163	100
106	172	176	103
106	170	176	106
107	171	176	105
109	171	171	106
110	170	170	106
115	168	158	113
113	170	160	113
116	167	158	109
114	169	161	113
118	171	154	109
122	172	153	102
114	173	162	110
125	172	148	110
116	172	155	112
123	173	149	111
121	173	153	110
116	173	152	112
114	176	151	109
116	176	150	108
109	178	152	108
106	175	156	111
106	176	155	110
107	176	154	110
80	187	174	100
71	186	181	113
69	187	184	112
68	187	185	112
68	190	185	112
66	189	187	115
64	189	189	116
64	185	181	119
63	183	174	120
63	181	192	119
63	182	203	120
63	182	210	122
64	181	216	120
64	180	217	122
76	182	206	113
79	182	204	112
78	182	205	111
76	181	208	113
77	177	214	117
77	172	216	122
75	174	213	122
75	174	209	122
87	172	192	118
86	166	197	123
85	169	193	119
97	154	209	131
110	154	189	126
113	155	188	124
113	155	186	123
102	152	225	150
126	135	220	158
122	139	216	143
190	134	173	152
187	133	172	154
195	132	171	153
198	131	170	151
208	138	174	147
219	152	171	146
221	151	168	145
221	151	168	146
225	163	195	132
226	165	185	131
225	165	189	131
228	165	181	137
226	162	185	133
227	163	183	134
226	161	184	134
223	161	179	132
223	159	183	142
223	158	182	141
217	159	194	143
216	160	191	141
214	158	192	149
215	158	190	144
211	157	192	147
210	155	188	146
206	154	191	145
208	154	190	144
205	152	191	149
202	151	192	151
201	150	194	152
204	147	195	154
203	146	194	155
203	146	193	153
202	145	197	155
201	143	194	156
200	142	195	150
195	142	198	152
192	140	195	149
195	141	195	147
191	141	195	146
190	141	197	147
188	139	198	150
189	139	196	145
187	138	199	146
188	139	198	145
186	137	199	149
185	137	201	150
183	136	199	151
181	134	203	152
182	131	198	156
182	134	200	154
182	132	199	156
178	131	201	155
179	130	205	155
176	130	204	153
173	127	203	155
175	127	206	155
171	126	204	150
171	123	209	155
167	123	209	157
162	123	209	154
163	122	210	155
162	120	208	156
159	121	208	156
157	119	209	158
157	117	209	160
153	119	210	159
152	118	208	160
152	117	207	163
152	117	207	159
147	118	210	159
148	116	207	162
147	116	208	161
141	108	213	170
143	112	209	166
141	106	209	167
141	112	208	161
136	109	212	167
132	111	213	163
130	110	215	163
131	110	215	164
128	108	215	166
125	109	217	164
125	110	216	162
121	109	216	162
119	108	219	164
119	111	219	162
119	109	220	165
116	106	219	167
117	106	219	172
117	104	217	174
115	106	219	168
115	105	217	169
115	104	216	168
114	104	217	166
113	106	221	166
110	104	221	168
110	105	221	166
110	105	221	166
106	106	225	163
106	107	224	159
106	108	225	162
101	108	229	162
102	110	228	162
101	110	228	162
101	109	229	163
101	110	230	164
101	110	229	165
100	110	227	162
99	109	232	167
99	110	228	164
98	109	230	166
98	111	232	167
97	110	230	164
97	111	233	167
97	111	229	167
96	111	232	168
96	109	231	169
97	110	230	167
96	110	230	167
97	110	230	168
96	110	230	168
97	109	229	168
96	110	230	168
97	110	228	167
96	109	228	168
97	109	228	167
97	108	228	169
97	110	229	169
97	109	228	170
97	109	228	170
96	109	228	169
97	108	226	168
97	108	228	169
97	109	229	170
96	109	228	170
98	109	226	169
97	109	227	169
96	108	226	169
99	107	226	170
97	109	228	171
96	109	227	170
96	109	226	168
96	109	226	168
96	109	227	169
96	108	226	169
96	108	226	169
97	109	228	169
95	110	226	169
96	110	227	168
95	109	227	170
96	109	227	170
95	109	227	170
95	109	228	171
95	109	227	171
95	109	227	170
96	109	226	169
97	108	227	168
96	108	226	169
97	108	227	168
95	109	228	170
97	108	225	171
96	109	226	170
96	109	227	169
96	109	227	168
96	109	227	168
97	108	225	168
97	108	225	167
96	108	227	169
96	109	227	172
95	110	228	170
96	110	228	170
97	111	227	169
95	111	228	169
96	111	226	170
97	110	227	171
95	109	228	172
96	110	226	171
96	110	229	170
95	111	228	169
95	111	228	170
95	110	228	171
95	110	227	171
97	109	225	172
95	110	228	170
95	110	227	170
96	110	228	170
95	110	228	170
94	110	229	170
95	109	228	172
95	108	229	172
97	108	228	173
96	108	228	173
97	108	225	172
96	108	227	172
97	108	226	173
95	108	228	171
96	108	228	172
97	109	226	171
95	108	230	171
96	108	230	172
95	107	230	172
95	107	231	173
97	108	227	172
97	107	226	173
96	107	226	173
97	107	226	173
97	107	225	173
96	107	226	173
96	107	226	173
97	106	226	174
97	106	226	172
95	107	226	173
98	106	226	173
95	107	228	174
97	106	226	176
96	106	227	176
96	106	227	175
96	107	226	175
96	105	227	174
96	107	226	174
95	106	226	174
97	106	226	174
97	107	226	173
95	106	228	173
96	106	227	173
97	106	227	174
95	105	227	175
96	106	228	174
97	107	224	174
97	107	227	172
97	107	226	173
97	106	225	174
97	106	224	175
97	106	225	176
96	106	226	175
97	105	225	176
97	105	226	178
96	104	226	176
97	103	226	173
96	103	225	173
98	105	226	171
97	102	227	174
96	103	224	174
97	105	225	169
97	105	225	171
98	103	226	170
98	104	224	172
98	105	225	169
98	104	225	171
96	104	225	170
97	105	225	170
97	105	225	168
96	105	227	171
97	104	225	171
97	104	227	172
97	104	226	171
98	105	225	168
98	104	226	167
98	104	225	167
99	104	226	168
97	105	225	170
97	105	227	164
97	103	225	165
96	105	222	169
97	105	227	172
96	104	226	170
98	104	225	174
98	104	224	171
96	104	225	173
97	104	228	172
97	103	224	173
98	103	225	174
98	103	224	173
98	104	226	174
97	104	223	169
97	102	225	166
98	102	224	170
97	102	225	170
97	103	225	173
98	103	224	172
98	104	224	172
98	102	224	172
100	102	224	175
101	102	222	173
100	104	221	172
99	102	224	172
100	102	222	172
101	103	224	172
101	101	222	173
101	101	222	173
102	101	221	172
102	102	222	172
102	102	221	173
102	101	222	171
103	102	222	171
103	102	220	171
102	101	223	172
103	102	220	173
103	101	220	173
103	101	221	172
103	101	224	173
104	101	219	172
103	101	220	173
104	103	224	172
105	103	220	172
105	103	219	169
105	104	221	169
104	103	220	171
104	104	225	172
103	103	224	173
104	104	223	174
104	104	222	173
104	104	223	173
104	103	222	173
104	104	224	171
103	104	223	173
103	104	224	171
105	103	222	174
104	102	221	173
104	103	224	175
104	103	221	174
104	103	223	176
103	103	223	173
103	103	224	174
104	103	223	175
104	103	223	175
104	104	223	175
103	104	225	173
103	103	223	175
103	104	224	175
103	104	225	173
103	104	223	175
103	105	223	175
103	106	224	172
105	106	222	172
104	106	223	175
104	105	223	174
104	106	223	174
104	105	223	174
104	105	223	176
104	105	222	175
104	105	223	175
103	107	224	174
103	106	224	174
103	106	224	174
103	106	224	175
103	106	224	174
103	106	224	175
103	107	225	174
103	106	224	174
104	105	225	176
103	106	223	177
102	105	225	177
103	105	224	176
103	106	225	175
103	106	223	175
103	105	224	175
103	105	224	177
102	105	225	177
103	106	224	176
102	106	225	176
102	107	225	175
102	105	226	177
103	107	225	177
102	105	225	179
103	106	225	177
102	105	225	178
104	107	225	176
103	106	225	177
103	106	224	177
104	106	224	177
103	106	224	178
103	105	225	179
104	105	224	178
103	106	224	178
103	107	223	175
104	108	224	176
103	107	225	175
106	107	221	175
105	107	222	175
103	108	222	173
105	107	223	174
102	107	225	175
104	107	224	175
105	107	222	174
103	107	223	175
105	108	223	175
105	108	222	176
105	107	223	176
104	107	223	175
104	107	224	175
105	107	224	174
104	107	224	175
104	107	226	176
103	108	227	176
103	107	226	177
104	107	226	176
103	106	228	178
104	105	225	178
104	105	225	179
104	104	223	178
104	105	223	178
104	104	223	179
104	103	223	180
104	105	222	177
103	106	223	179
102	105	223	179
104	105	222	178
104	105	222	177
103	106	223	177
104	105	222	177
104	105	222	177
105	106	221	176
104	106	221	176
105	107	221	176
105	108	220	175
105	108	221	175
105	109	221	175
105	110	219	173
105	110	220	173
104	109	220	174
105	110	220	174
105	111	220	173
103	111	220	173
105	112	220	173
104	110	221	174
104	111	220	175
104	111	220	175
105	112	219	174
103	110	221	175
105	109	220	176
105	109	220	176
103	110	221	175
104	110	220	176
104	109	220	175
105	109	219	176
106	108	219	176
105	108	218	176
105	108	217	177
105	109	217	177
105	105	218	179
106	106	218	179
105	106	217	179
105	106	218	179
105	107	218	178
105	106	218	178
105	107	218	178
106	107	218	177
106	107	219	176
106	107	219	176
105	107	220	176
106	107	219	176
105	107	220	175
106	107	219	176
104	107	219	176
106	107	219	176
105	107	220	177
105	107	220	177
106	107	220	177
105	108	219	177
106	107	220	177
105	108	220	178
106	108	218	178
105	109	219	178
104	108	220	178
106	109	219	178
105	109	219	177
105	109	221	177
104	110	221	177
105	110	221	178
104	110	221	175
106	111	222	176
104	111	222	174
105	111	221	174
105	110	221	173
105	111	220	174
104	110	221	174
104	110	221	174
105	110	220	175
105	110	219	175
106	109	220	178
105	110	219	178
106	110	220	177
105	111	220	176
104	112	221	176
105	111	221	177
105	112	220	175
106	112	220	175
104	113	221	174
104	112	221	172
105	112	221	174
105	112	221	176
104	112	220	175
104	113	221	175
105	113	220	175
104	114	221	175
104	114	220	174
106	114	219	174
105	114	219	175
106	114	220	176
105	114	219	174
105	114	220	175
106	114	219	174
106	115	219	175
104	116	221	173
105	115	221	173
105	115	219	173
106	114	220	173
104	114	220	174
105	114	220	174
105	115	220	173
105	115	220	174
105	116	219	172
106	116	219	172
105	115	220	173
106	116	219	171
106	116	219	175
105	115	219	175
106	115	219	176
106	115	218	175
106	115	218	177
106	115	219	176
106	116	218	175
106	115	219	175
105	116	219	174
106	116	218	175
106	116	220	175
105	116	219	175
105	117	220	176
105	116	220	176
105	117	219	175
105	117	219	174
105	117	219	175
105	117	219	176
105	117	219	174
105	117	219	174
106	117	219	174
105	116	220	176
104	116	220	175
105	117	220	175
105	116	219	175
106	117	219	175
106	116	220	176
106	116	220	176
105	116	220	175
106	116	220	175
106	116	220	174
106	116	220	174
106	117	220	175
106	117	219	174
106	117	220	174
106	117	219	174
105	117	220	174
104	117	220	174
105	117	220	174
105	117	219	174
105	118	219	174
106	118	218	174
105	118	219	175
105	117	220	175
105	117	219	174
106	117	219	175
105	117	219	175
105	117	219	176
105	117	219	176
104	117	219	176
104	117	220	177
104	117	220	176
104	118	220	176
104	118	222	175
104	118	221	175
104	118	220	175
104	117	221	176
104	117	221	177
105	118	220	177
104	119	221	176
104	119	220	175
105	119	220	176
105	118	220	177
104	117	221	177
104	117	221	177
104	117	221	178
104	117	221	177
104	117	221	177
104	116	221	178
104	117	222	177
104	116	221	177
105	117	221	177
106	115	219	179
106	115	219	179
106	115	219	179
105	115	220	179
106	115	219	179
106	114	218	179
105	113	217	180
106	114	220	180
106	114	219	180
106	114	219	181
105	114	222	181
105	113	222	181
105	114	221	181
106	114	223	182
105	114	222	182
104	114	222	181
105	114	220	182
105	114	219	181
105	115	220	181
105	114	219	183
105	115	220	182
104	114	221	178
106	115	220	179
106	114	221	179
105	114	222	179
105	115	223	179
105	114	222	181
105	114	224	180
105	114	224	181
105	113	223	182
105	114	223	181
105	113	222	181
106	113	223	180
105	115	224	179
105	114	222	180
105	115	224	179
105	115	224	180
105	114	223	180
104	115	224	179
104	115	224	181
105	115	224	178
106	115	224	178
104	115	224	178
104	115	225	179
105	115	220	179
106	115	219	178
105	115	222	179
106	114	218	180
107	114	217	179
106	114	218	179
106	114	218	179
106	115	221	179
105	115	222	180
105	115	221	178
104	114	223	179
104	115	223	179
104	114	223	179
105	114	221	180
105	114	222	178
104	114	224	179
104	115	224	178
106	115	221	178
104	115	224	178
104	116	224	179
105	115	222	180
105	115	225	180
105	114	224	179
106	114	224	180
105	114	223	181
105	114	223	180
105	112	223	181
104	114	225	179
106	113	222	180
106	114	224	179
106	114	224	179
106	114	222	179
106	113	223	180
106	114	224	178
105	114	222	179
105	114	223	180
105	112	223	181
105	113	224	179
105	112	224	179
105	114	223	179
106	112	224	180
106	114	222	178
106	112	222	179
106	114	224	179
106	113	222	179
105	114	223	179
105	112	223	180
105	114	223	178
105	112	223	180
105	114	223	178
106	114	222	179
106	114	222	178
106	113	221	180
105	113	222	180
105	113	223	180
105	114	223	180
105	115	223	179
106	113	221	180
106	115	221	179
105	114	219	180
104	115	220	179
106	114	220	178
104	116	221	178
105	114	220	177
104	116	221	178
105	114	221	178
104	116	221	177
106	115	220	177
104	115	220	178
104	114	220	177
104	115	220	179
106	114	219	178
105	115	219	178
105	116	219	177
104	115	220	177
102	115	221	177
103	116	220	177
103	115	221	177
103	116	221	177
104	116	222	176
103	116	221	177
106	117	219	177
105	116	219	179
105	116	219	178
105	116	220	179
104	116	220	178
104	117	220	177
104	116	220	177
104	117	219	179
105	117	218	179
104	116	220	178
104	116	220	178
105	117	218	179
106	116	218	178
105	116	220	178
105	116	219	178
105	117	218	179
106	117	216	180
105	117	216	180
106	117	217	180
106	116	218	180
106	117	217	180
106	117	217	180
105	117	218	180
106	117	217	180
105	117	217	180
106	117	217	179
106	117	217	180
104	116	218	180
105	116	217	180
105	117	218	180
106	117	217	180
106	117	217	180
106	117	217	179
106	117	218	180
105	117	218	180
106	117	218	180
105	117	218	180
105	117	218	178
105	117	218	179
105	117	218	178
105	117	219	179
104	117	219	179
104	117	217	179
103	116	218	179
103	117	219	179
103	116	219	180
103	116	219	180
105	117	219	180
104	118	219	179
105	117	218	180
105	117	217	180
105	117	217	180
107	117	217	179
106	117	217	179
105	118	219	179
105	117	217	180
106	118	216	180
106	117	217	179
106	118	217	179
106	118	217	179
106	118	217	179
106	118	217	180
106	118	217	179
106	119	217	180
106	118	218	180
107	117	217	180
105	117	217	181
106	118	216	180
105	117	217	180
106	118	216	179
107	118	216	179
107	118	216	179
106	119	217	179
106	119	217	179
106	119	217	179
107	119	216	179
106	118	217	179
106	118	217	178
106	118	217	178
106	118	216	179
106	118	216	179
106	119	216	179
106	118	217	179
104	118	219	179
105	118	217	179
105	117	220	181
105	116	221	181
105	116	222	181
104	116	222	182
104	116	222	182
105	116	223	181
106	116	222	182
106	117	223	182
105	116	222	183
105	117	222	182
106	117	221	181
105	116	221	181
106	116	220	181
105	117	221	181
106	117	220	181
105	116	221	182
106	116	220	181
106	117	220	181
106	117	220	181
105	116	220	181
106	116	220	180
106	117	220	180
105	117	221	180
105	117	221	180
106	117	220	179
106	117	221	180
105	117	222	180
105	117	222	181
105	117	221	180
105	117	221	180
105	117	221	180
105	117	222	181
104	117	221	179
106	117	220	180
105	117	221	180
106	118	221	180
104	118	221	180
106	117	221	179
104	117	221	180
106	118	220	179
104	117	222	180
105	117	221	180
106	117	221	179
105	118	222	180
106	117	220	179
105	118	222	179
104	118	222	180
104	118	222	179
104	118	223	179
104	117	221	179
105	118	222	180
105	117	221	180
104	118	222	180
105	118	220	181
105	118	221	180
105	118	221	180
105	119	220	179
104	118	221	180
105	119	221	179
104	118	221	180
105	118	220	179
105	118	220	180
105	118	220	179
103	118	221	181
104	117	220	181
105	118	221	181
103	117	223	181
103	117	222	181
104	117	221	181
104	118	221	181
105	117	218	180
104	118	220	180
106	118	219	179
105	118	219	180
105	118	219	180
105	118	218	180
105	118	219	180
105	118	218	181
106	119	218	180
105	117	218	181
106	118	218	180
103	117	219	181
105	119	219	179
106	119	219	179
104	117	219	181
105	119	220	179
105	118	217	179
106	117	216	180
105	118	219	179
106	118	219	179
105	117	219	180
106	117	218	179
105	117	221	180
105	118	221	179
105	118	221	179
105	118	221	180
105	118	220	180
106	118	218	180
106	118	218	180
104	118	221	179
105	118	219	179
104	119	221	179
104	118	220	179
105	118	220	179
105	119	221	180
103	117	220	181
104	119	221	180
106	118	219	179
106	119	220	179
104	118	220	180
105	118	219	180
105	119	221	179
104	118	221	180
105	118	219	179
105	118	219	180
105	119	220	180
105	117	219	181
105	119	219	179
104	118	218	179
105	118	219	179
106	119	219	179
104	118	221	180
105	119	220	178
104	118	220	180
105	119	219	179
106	119	219	178
105	119	220	179
105	120	220	178
104	119	219	179
105	119	219	179
106	119	219	179
104	119	219	180
105	119	218	179
105	118	218	179
106	120	220	178
105	118	218	180
105	119	218	179
105	119	219	178
105	119	220	179
105	118	218	180
105	118	221	178
104	118	223	179
105	118	221	179
105	118	221	179
105	118	221	179
105	118	222	179
104	118	221	179
105	119	221	178
105	118	221	179
105	119	221	179
105	119	221	178
105	118	220	179
105	119	221	178
105	118	221	179
104	119	223	180
105	119	221	180
105	118	220	178
104	118	222	179
104	118	222	179
105	118	222	179
104	118	222	179
104	118	223	180
105	118	221	179
104	118	223	180
104	118	222	180
103	118	223	180
104	118	222	179
104	118	224	180
104	119	223	179
104	118	223	179
104	119	223	179
104	118	223	179
105	118	222	179
105	118	223	180
104	119	223	180
104	118	222	179
104	118	222	180
106	118	221	179
105	118	223	180
104	119	224	179
105	118	221	179
105	118	222	180
104	119	223	179
105	119	221	180
104	119	221	180
105	119	220	178
104	119	222	179
104	118	222	179
105	119	222	178
105	118	222	180
104	118	224	180
105	119	224	179
103	118	223	180
104	120	223	177
104	119	223	179
104	119	224	179
105	119	223	179
104	118	224	179
104	119	224	178
104	118	224	179
104	118	224	179
104	118	222	178
104	118	223	178
103	120	223	179
105	119	221	178
104	118	221	179
105	119	222	177
105	118	222	180
104	118	221	180
105	119	222	179
104	119	222	178
104	118	221	178
103	119	222	178
105	118	221	179
103	120	223	179
103	118	222	179
105	119	221	178
104	119	222	179
104	119	223	179
105	119	221	179
105	119	221	180
105	119	222	180
105	120	222	179
105	119	221	179
105	119	221	179
103	120	223	179
104	120	221	179
105	120	221	179
105	119	221	179
104	119	223	179
104	120	222	179
105	119	221	178
104	119	222	179
104	119	224	179
103	120	223	178
104	119	223	179
104	119	223	178
103	120	224	178
104	119	223	178
104	120	223	179
104	119	223	179
104	119	224	179
103	119	223	179
104	119	223	179
103	119	224	179
103	119	223	180
104	119	222	180
104	119	222	180
105	120	221	180
105	120	221	181
104	120	221	179
104	120	222	178
104	120	223	179
105	120	223	179
105	120	223	180
104	120	221	179
105	120	222	179
104	120	223	180
105	119	221	179
105	120	222	179
104	120	223	180
104	120	223	179
105	120	221	179
105	120	222	179
106	121	221	178
106	121	219	178
105	121	221	178
106	121	220	178
105	120	219	178
105	121	221	178
105	120	219	179
105	121	221	178
106	120	221	178
106	121	221	178
105	120	221	179
106	121	221	178
106	121	221	178
106	121	221	178
105	120	220	178
106	121	220	177
107	120	219	179
106	119	220	180
106	119	221	180
106	119	222	180
106	119	220	180
107	120	220	180
106	119	221	180
106	119	221	180
106	120	222	179
106	119	221	180
106	120	222	180
106	119	220	179
106	119	221	179
106	119	222	181
106	120	220	179
106	119	220	180
106	121	222	179
106	120	221	181
106	121	221	179
107	120	219	180
106	121	221	179
106	120	218	179
106	121	221	179
106	121	221	178
106	121	222	179
106	120	221	180
106	121	222	179
107	120	221	180
106	121	222	180
106	120	221	180
106	121	223	179
105	121	222	179
106	121	221	179
106	121	221	180
105	121	222	179
106	122	221	179
106	121	220	179
106	121	221	179
106	120	221	180
106	120	221	179
106	121	222	179
106	120	220	180
107	120	222	179
106	120	221	179
107	121	222	179
106	120	220	180
106	122	223	178
107	121	221	180
106	121	221	179
106	121	223	179
106	121	221	179
106	120	221	180
107	122	222	179
106	121	221	180
106	122	221	179
107	121	221	179
106	120	221	179
107	122	222	178
107	121	221	180
106	122	222	179
107	120	220	180
106	121	222	179
106	122	222	179
108	121	220	179
106	121	221	180
107	121	221	178
106	121	222	180
106	122	222	179
106	122	221	178
106	121	221	178
106	121	223	179
105	120	222	182
107	120	221	181
107	120	222	181
106	122	223	180
106	120	222	182
107	121	221	180
106	120	222	180
107	121	222	180
106	121	222	180
106	121	222	180
108	121	221	180
106	121	223	181
107	121	221	180
106	122	223	180
108	122	221	181
105	121	222	181
107	122	222	180
106	121	221	181
106	122	221	179
106	121	221	180
106	122	222	180
107	122	220	179
107	121	220	180
107	122	220	179
106	121	220	180
107	122	220	179
107	123	221	179
107	123	220	179
106	122	220	180
106	123	221	179
106	123	219	179
106	123	220	179
107	124	220	178
106	123	221	180
106	123	220	179
107	124	220	179
106	123	221	179
106	124	220	179
106	123	220	179
106	123	221	179
106	123	220	179
106	123	221	180
106	123	220	180
106	124	221	179
107	124	220	179
106	124	221	179
106	124	221	178
106	124	222	179
106	124	222	179
106	124	221	179
106	124	221	178
105	124	222	179
106	124	221	179
106	125	222	179
105	125	221	179
106	124	220	178
105	124	222	179
107	125	220	178
105	125	222	179
106	125	220	179
105	125	221	179
106	125	221	179
105	125	221	178
106	125	220	179
106	124	221	179
106	125	221	178
106	124	222	179
105	124	222	179
107	125	221	178
106	126	222	177
106	126	222	177
105	125	221	177
107	125	221	177
106	126	222	177
105	125	222	177
106	126	222	177
107	126	221	176
106	126	222	177
105	126	222	176
107	126	221	176
106	125	221	177
106	127	222	176
107	126	221	176
106	127	221	176
106	127	222	177
107	127	221	177
105	126	222	176
106	127	221	176
106	127	221	176
106	127	221	176
106	127	220	176
106	126	220	176
106	126	220	176
106	127	221	176
106	128	220	175
106	127	221	175
106	127	221	176
106	127	221	176
106	127	221	176
106	127	221	176
106	128	221	176
106	128	220	176
106	126	221	176
106	127	221	176
106	127	220	177
106	128	220	175
106	128	220	175
105	128	220	175
106	129	221	175
106	128	221	174
105	126	221	175
106	128	221	174
105	127	221	176
105	128	221	175
106	128	221	175
106	128	221	175
106	128	221	175
106	128	221	175
106	128	221	175
106	128	222	176
106	129	221	174
107	129	221	175
106	129	222	176
107	129	221	174
106	130	222	174
106	129	222	175
106	129	222	174
106	129	222	174
107	129	220	174
106	130	221	174
105	130	222	174
105	130	222	173
106	129	223	174
105	129	224	174
105	130	222	173
105	130	222	173
106	129	222	174
105	130	222	173
106	129	223	174
105	128	223	175
105	129	222	175
104	128	224	175
105	129	223	176
105	130	223	174
104	129	224	174
105	129	223	174
105	130	222	175
105	128	223	174
105	129	222	174
105	130	222	173
106	129	223	174
105	130	223	174
106	129	223	174
106	130	222	174
106	130	223	173
106	130	223	174
106	130	226	175
105	130	227	174
107	129	229	175
106	129	230	174
106	129	231	174
106	130	231	175
110	130	231	174
110	131	237	174
110	130	239	175
115	134	241	173
114	135	253	171
115	134	259	172
115	132	263	175
117	135	252	172
118	136	251	170
117	137	251	171
117	137	253	169
120	138	244	168
119	139	243	166
118	139	244	166
119	137	244	169
119	138	241	168
119	138	240	167
121	138	241	169
118	138	245	167
119	138	241	167
120	138	241	168
117	138	239	167
121	139	233	166
119	138	233	166
121	140	231	164
118	140	233	165
126	140	227	165
121	138	231	166
121	140	231	165
125	139	228	166
128	139	224	166
129	139	221	165
133	139	219	167
134	138	219	167
135	139	218	166
134	139	220	166
137	140	216	165
137	140	217	165
137	140	216	165
138	142	215	164
138	141	215	164
139	140	214	164
138	140	214	165
138	139	215	166
138	141	216	165
140	140	215	165
139	141	216	165
140	142	214	164
139	141	213	163
138	141	213	165
139	141	213	165
139	141	214	164
139	141	215	164
139	142	214	164
140	142	213	162
139	142	214	161
138	141	214	162
137	142	215	161
139	141	213	160
138	141	214	163
138	140	214	163
139	139	212	163
139	139	213	163
140	139	212	163
138	139	213	164
140	139	216	164
138	138	218	165
139	139	217	163
140	138	214	165
140	140	214	164
140	140	212	163
142	139	211	165
140	139	214	163
138	139	218	165
139	139	217	164
139	138	221	165
138	138	223	166
137	140	234	164
139	137	231	168
139	136	225	170
141	138	221	168
142	138	221	167
140	138	221	169
144	138	220	167
146	137	220	168
145	138	223	168
146	136	222	168
148	137	220	168
149	137	218	168
148	136	220	168
148	138	218	168
148	138	219	169
147	136	214	169
150	139	214	164
148	137	212	167
149	140	214	164
145	137	224	167
149	139	214	164
147	138	216	167
149	139	218	166
146	139	221	167
148	139	220	166
147	137	216	169
147	137	217	169
148	140	217	164
144	137	221	169
145	140	222	166
145	138	220	169
145	141	219	165
143	139	223	167
145	140	222	165
146	138	219	167
146	141	217	165
146	139	218	167
146	140	218	167
146	138	216	167
146	139	223	166
147	140	216	167
146	138	220	167
146	138	218	167
146	138	219	167
146	139	218	166
144	140	220	166
140	138	224	166
142	138	220	165
142	139	221	164
133	139	229	168
134	139	230	166
