0.017383
0.113957
0.085873
0.117078
0.109740
0.094996
0.107837
0.111716
0.094748
0.129835
0.122343
0.152168
0.099751
0.094396
0.081583
0.117456
0.074916
0.068492
0.115412
0.064000
0.088996
0.069139
0.084160
0.081051
0.070160
0.057252
0.058200
0.065033
0.096279
0.070871
0.132677
0.095479
0.090884
0.120477
0.106102
0.079883
0.089101
0.079903
0.100421
0.143410
0.122740
0.086743
0.086229
0.106352
0.105361
0.102785
0.084177
0.091943
0.084931
0.145223
0.151138
0.092162
0.078276
0.092447
0.100575
0.084615
0.061180
0.088153
0.071801
0.091963
0.080121
0.098227
0.090133
0.096741
0.085768
0.069010
0.100725
0.049098
0.081328
0.092343
0.078839
0.060649
0.070846
0.085260
0.095611
0.065498
0.064275
0.108189
0.087763
0.093010
0.067755
0.081239
0.087217
0.062599
0.080230
0.097064
0.104040
0.065918
0.084478
0.081739
0.091734
0.080101
0.072059
0.050273
0.081102
0.085768
0.080587
0.064916
0.080359
0.087678
0.110305
0.088462
0.109226
0.096343
0.078816
0.054975
0.089269
0.102258
0.072958
0.068107
0.069482
0.075106
0.055031
0.075538
0.104106
0.084214
0.100673
0.082124
0.062232
0.076096
0.080365
0.081906
0.096138
0.109164
0.072824
0.098514
0.095053
0.097323
0.109093
0.096062
0.116516
0.109479
0.091101
0.111417
0.095719
0.086469
0.055467
0.148496
0.067070
0.132725
0.104480
0.135576
0.098413
0.102676
0.103775
0.106365
0.119210
0.124966
0.138235
0.092914
0.119088
0.094573
0.050523
0.110382
0.066804
0.092335
0.123187
0.113966
0.089089
0.141999
0.102061
0.132256
0.142247
0.160328
0.136407
0.118091
0.136491
0.127696
0.111958
0.139747
0.164829
0.144274
0.167015
0.091252
0.089586
0.162823
0.105792
0.102795
0.105956
0.090861
0.144673
0.152192
0.169477
0.092199
0.126133
0.107442
0.138140
0.146088
0.123053
0.096234
0.116446
0.169875
0.135360
0.134276
0.116052
0.152393
0.098052
0.089484
0.093610
0.122480
0.103900
0.109816
0.125533
0.059467
0.093339
0.110485
0.089787
0.087513
0.072249
0.060953
0.090429
0.089915
0.087346
0.085776
0.103048
0.085895
0.095520
0.095557
0.094844
0.106560
0.159039
0.144689
0.089751
0.113263
0.118534
0.135592
0.121963
0.088180
0.132876
0.108884
0.106946
0.083854
0.066222
0.089127
0.100545
0.091879
0.092401
0.128165
0.106462
0.098130
0.121714
0.115541
0.075796
0.101090
0.098719
0.144472
0.135199
0.117141
0.127295
0.116123
0.118720
0.103331
0.055612
0.077331
0.090353
0.155375
0.111784
0.090622
0.109959
0.096434
0.124674
0.114048
0.144959
0.100948
0.070859
0.087539
0.085976
0.103455
0.091575
0.109615
0.099136
0.090889
0.083413
0.098459
0.098133
0.059202
0.063896
0.067597
0.091102
0.092386
0.108385
0.083352
0.072193
0.090083
0.108206
0.078974
0.048856
0.091221
0.058820
0.082233
0.119219
0.067367
0.155338
0.110685
0.082661
0.116429
0.093219
0.095308
0.059659
0.100664
0.095688
0.102843
0.099129
0.094637
0.089529
0.079399
0.106838
0.123578
0.092744
0.089250
0.072301
0.087772
0.110878
0.101148
0.092380
0.083242
0.123482
0.101478
0.116305
0.078485
0.084732
0.078076
0.074450
0.086569
0.064051
0.059605
0.091544
0.103841
0.091673
0.087222
0.075618
0.107448
0.086824
0.055844
0.075888
0.084108
0.063344
0.073229
0.099507
0.083395
0.073143
0.105587
0.094417
0.076195
0.073943
0.076339
0.068763
0.096399
0.100791
0.092309
0.050100
0.074398
0.077688
0.073175
0.115833
0.058780
0.118011
0.098342
0.104318
0.079306
0.090066
0.077812
0.083826
0.080171
0.071237
0.057274
0.082367
0.082878
0.070347
0.082308
0.079029
0.063987
0.083648
0.082398
0.091177
0.058826
0.059857
0.083947
0.071373
0.060958
0.082173
0.083420
0.095969
0.092406
0.105929
0.114830
0.110864
0.086860
0.062891
0.080074
0.069687
0.076479
0.077977
0.095881
0.071409
0.083159
0.092606
0.061581
0.123610
0.082510
0.076194
0.057830
0.099095
0.069170
0.113876
0.078201
0.088114
0.101491
0.074096
0.103042
0.069213
0.095574
0.109816
0.098245
0.106078
0.074513
0.076462
0.089825
0.065449
0.130551
0.084219
0.075748
0.089979
0.067003
0.085469
0.123924
0.119229
0.082182
0.098121
0.088019
0.098947
0.090063
0.095418
0.085555
0.077444
0.101766
0.088139
0.096895
0.087056
0.087983
0.090429
0.072045
0.092398
0.108692
0.113839
0.119414
0.070024
0.136073
0.073940
0.072104
0.061761
0.084391
0.064757
0.115043
0.063601
0.084006
0.074042
0.085411
0.094922
0.101591
0.090389
0.083148
0.092638
0.122183
0.098696
0.076398
0.084340
0.081256
0.128343
0.091267
0.105132
0.074385
0.074122
0.110645
0.067925
0.077472
0.111007
0.083552
0.072248
0.113075
0.101537
0.095771
0.138791
0.120787
0.090929
0.103735
0.095909
0.096219
0.097884
0.074760
0.076204
0.092830
0.103631
0.071549
0.083140
0.119284
0.102720
0.099437
0.059609
0.097150
0.071620
0.084111
0.082387
0.074369
0.074170
0.089010
0.052503
0.077067
0.096714
0.066661
0.054458
0.102712
0.095981
0.105622
0.095272
0.091982
0.088988
0.108019
0.113423
0.108354
0.095495
0.078276
0.086657
0.059380
0.076062
0.069612
0.079180
0.095695
0.091550
0.082806
0.088511
0.064628
0.073908
0.094530
0.060270
0.073003
0.076494
0.085419
0.072575
0.067465
0.090456
0.060530
0.086087
0.093172
0.101165
0.081749
0.074559
0.092104
0.103168
0.084503
0.106908
0.081740
0.070487
0.116995
0.083934
0.053435
0.090731
0.079932
0.081998
0.096188
0.087533
0.070297
0.080364
0.063082
0.067755
0.101706
0.081269
0.090260
0.064181
0.078116
0.078208
0.082721
0.075325
0.059184
0.083950
0.089385
0.060362
0.082479
0.112430
0.116627
0.082986
0.092026
0.098177
0.106812
0.142962
0.088130
0.138939
0.090896
0.093696
0.114007
0.097431
0.074388
0.112092
0.103714
0.120716
0.087183
0.117963
0.118926
0.100299
0.084419
0.100277
0.136373
0.084087
0.075460
0.105240
0.089083
0.114906
0.056133
0.062745
0.082330
0.089627
0.113572
0.090425
0.078475
0.088905
0.117463
0.059117
0.144932
0.095612
0.089456
0.103495
0.071200
0.088233
0.084559
0.087424
0.058824
0.049796
0.066902
0.073997
0.062069
0.080993
0.111062
0.068071
0.090560
0.081018
0.090948
0.085685
0.104232
0.073706
0.085571
0.108771
0.075788
0.070427
0.084033
0.102343
0.078383
0.064827
0.080017
0.071177
0.081448
0.069271
0.084146
0.078353
0.091340
0.066506
0.068072
0.092369
0.075754
0.099838
0.081369
0.103840
0.081773
0.089887
0.076975
0.105379
0.103621
0.090677
0.076673
0.091318
0.072331
0.082331
0.066404
0.073794
0.068018
0.058743
0.106292
0.081716
0.117208
0.097008
0.090809
0.073164
0.068250
0.126976
0.064855
0.105186
0.154698
0.151834
0.127204
0.142736
0.101731
0.131683
0.078146
0.059490
0.085018
0.129779
0.111527
0.101422
0.088462
0.080255
0.107249
0.092349
0.090432
0.090239
0.121125
0.061379
0.056975
0.071561
0.075318
0.068755
0.087796
0.088140
0.106743
0.108806
0.074797
0.112843
0.106697
0.080995
0.089656
0.130562
0.095296
0.093552
0.125892
0.145021
0.129267
0.105755
0.140372
0.145352
0.089007
0.110881
0.143840
0.126289
0.085724
0.119528
0.130213
0.143263
0.081304
0.105135
0.161065
0.109464
0.139055
0.087247
0.146777
0.116490
0.089259
0.071260
0.107869
0.081881
0.091380
0.098434
0.123884
0.123231
0.113498
0.096036
0.085029
0.220253
0.104279
0.117644
0.121572
0.074181
0.116584
0.158052
0.100573
0.114522
0.099660
0.095040
0.115050
0.140257
0.105777
0.122879
0.107512
0.094698
0.084302
0.091421
0.173614
0.119692
0.115190
0.113519
0.082397
0.104062
0.099297
0.101554
0.093987
0.064568
0.110057
0.122617
0.067388
0.088044
0.156956
0.111761
0.102266
0.092206
0.121678
0.093079
0.157744
0.119897
0.144044
0.138077
0.149679
0.155214
0.134968
0.109893
0.076262
0.074771
0.092446
0.100774
0.093878
0.097073
0.106542
0.094568
0.132475
0.115247
0.070644
0.097401
0.104462
0.121703
0.122006
0.185281
0.137282
0.089550
0.155449
0.125329
0.093561
0.097767
0.054475
0.084716
0.093177
0.140375
0.168664
0.148553
0.092555
0.071549
0.140842
0.134011
0.101962
0.158677
0.104602
0.058745
0.094890
0.063803
0.152763
0.112147
0.111853
0.143934
0.109305
0.086569
0.079356
0.136965
0.103896
0.089620
0.115265
0.171806
0.128831
0.147889
0.111909
0.160763
0.060823
0.129235
0.131065
0.098176
0.105048
0.141001
0.146877
0.149104
0.066262
0.111724
0.088410
0.088858
0.143089
0.127689
0.116247
0.142726
0.176870
0.088811
0.080698
0.087233
0.136228
0.059855
0.105126
0.125051
0.185129
0.105815
0.129098
0.143637
0.173723
0.188564
0.273364
0.181084
0.156505
0.185698
0.093678
0.096016
0.131686
0.102023
0.100272
0.159681
0.132602
0.072794
0.090471
0.090322
0.111054
0.093959
0.064270
0.166778
0.085631
0.103623
0.139836
0.135219
0.135343
0.109111
0.111319
0.128395
0.100191
0.145450
0.129562
0.217667
0.094513
0.131189
0.068604
0.123158
0.075163
0.107928
0.099163
0.082961
0.099407
0.125538
0.184016
0.169445
0.101792
0.107020
0.097174
0.075531
0.139976
0.143191
0.126566
0.101904
0.191125
0.148728
0.099077
0.153444
0.124014
0.104579
0.143001
0.086106
0.113020
0.119397
0.114254
0.093319
0.085643
0.099860
0.115295
0.110658
0.114151
0.153574
0.099843
0.138633
0.155253
0.132028
0.105488
0.078279
0.090453
0.112322
0.138573
0.100519
0.084903
0.087616
0.122835
0.104995
0.148917
0.113991
0.123580
0.133521
0.138104
0.078562
0.082636
0.124055
0.095155
0.072793
0.116405
0.169081
0.126604
0.154039
0.125451
0.112771
0.153327
0.155712
0.110329
0.151411
0.202794
0.097062
0.158530
0.131933
0.088186
0.076034
0.080063
0.083804
0.104836
0.117798
0.088481
0.101671
0.089201
0.070732
0.106324
0.113766
0.109907
0.110233
0.121074
0.099281
0.090193
0.078015
0.092323
0.113463
0.139359
0.121774
0.129103
0.108477
0.108849
0.107866
0.180009
0.144132
0.108722
0.096099
0.131143
0.170322
0.124865
0.190448
0.100899
0.156453
0.123230
0.140428
0.123822
0.077769
0.121007
0.099784
0.065147
0.056734
0.068483
0.070315
0.069252
0.077833
0.075105
0.057851
0.065314
0.084002
0.104484
0.072620
0.090273
0.086737
0.064761
0.107796
0.092143
0.103163
0.119299
0.084887
0.105279
0.094171
0.086965
0.087950
0.114332
0.083333
0.101813
0.081697
0.075532
0.084800
0.084031
0.095354
0.075310
0.105739
0.140348
0.104468
0.126738
0.083898
0.123734
0.080315
0.076756
0.088711
0.098093
0.149577
0.126526
0.095966
0.114060
0.060855
0.092949
0.133926
0.074179
0.114478
0.094707
0.092588
0.129088
0.130589
0.129234
0.080598
0.064735
0.142136
0.149052
0.096884
0.132838
0.112511
0.115603
0.133263
0.102767
0.070765
0.101698
0.109287
0.097139
0.074409
0.086820
0.076684
0.113681
0.109565
0.099563
0.074487
0.114162
0.119214
0.137489
0.090164
0.166615
0.131468
0.100405
0.104619
0.142275
0.070313
0.085973
0.090326
0.080777
0.087128
0.099716
0.099813
0.096008
0.107524
0.079126
0.113479
0.114483
0.135360
0.063784
0.083755
0.099451
0.058851
0.096161
0.153560
0.161941
0.080657
0.121065
0.086267
0.084563
0.111919
0.126774
0.125354
0.121429
0.134590
0.155469
0.092117
0.116455
0.135314
0.155374
0.140479
0.199380
0.150486
0.120920
0.138263
0.137435
0.135649
0.092726
0.154075
0.145254
0.156293
0.117094
0.161815
0.110024
