0.010925
0.118047
0.084684
0.080181
0.132761
0.122472
0.086651
0.060139
0.077202
0.150808
0.124064
0.092770
0.083687
0.144645
0.089965
0.060549
0.115548
0.078637
0.086828
0.087499
0.096136
0.100982
0.053246
0.068192
0.064089
0.082181
0.086011
0.089401
0.063211
0.082702
0.078670
0.098911
0.073336
0.089953
0.073856
0.076568
0.084245
0.079499
0.076743
0.078555
0.068774
0.101768
0.077493
0.101941
0.099534
0.107122
0.097842
0.114022
0.070745
0.095487
0.092348
0.099030
0.078236
0.081460
0.069999
0.093066
0.082515
0.075351
0.090550
0.099545
0.077163
0.113023
0.084638
0.088557
0.099990
0.114003
0.148407
0.102659
0.072164
0.095609
0.079753
0.113586
0.091034
0.076817
0.141061
0.113081
0.073977
0.093547
0.098464
0.083337
0.054190
0.075821
0.067948
0.075794
0.087995
0.069760
0.065326
0.081118
0.089144
0.057460
0.080185
0.080507
0.071632
0.085130
0.062816
0.086800
0.091124
0.094174
0.089074
0.065002
0.086668
0.057539
0.055551
0.074872
0.079812
0.097392
0.098198
0.080106
0.107259
0.090900
0.067760
0.087640
0.100244
0.065728
0.075020
0.082124
0.106213
0.092435
0.088592
0.080613
0.133503
0.103056
0.079282
0.054662
0.070202
0.051762
0.098520
0.088329
0.058608
0.070865
0.101147
0.065766
0.070679
0.063297
0.085920
0.055654
0.083900
0.070811
0.065532
0.101906
0.085624
0.064585
0.087778
0.081564
0.086721
0.086743
0.114124
0.095475
0.070834
0.076255
0.078801
0.065907
0.077679
0.055374
0.091698
0.100580
0.085353
0.067863
0.064746
0.068415
0.074514
0.064231
0.066527
0.069383
0.081787
0.081535
0.052733
0.068795
0.058095
0.076518
0.091858
0.087891
0.097455
0.098743
0.080250
0.058095
0.078606
0.096732
0.093088
0.100441
0.051728
0.082443
0.082399
0.108393
0.085839
0.070811
0.086661
0.075097
0.075155
0.079125
0.069335
0.075045
0.089722
0.102033
0.072619
0.071309
0.082951
0.092609
0.078423
0.065086
0.070546
0.063955
0.090537
0.054068
0.077785
0.062578
0.063654
0.085739
0.083798
0.083434
0.075356
0.090538
0.062183
0.064691
0.057432
0.073256
0.054054
0.080205
0.074646
0.063414
0.078713
0.085434
0.077018
0.066420
0.073768
0.064544
0.082539
0.087789
0.048205
0.076188
0.089779
0.085936
0.059469
0.076503
0.062400
0.058824
0.075160
0.056055
0.062166
0.083014
0.091733
0.091187
0.092050
0.063400
0.074211
0.067332
0.095299
0.070824
0.098408
0.069439
0.072756
0.074314
0.090463
0.073118
0.080366
0.073164
0.124862
0.063980
0.120438
0.064295
0.051336
0.059613
0.090728
0.079748
0.065797
0.074025
0.115974
0.085551
0.081595
0.062882
0.081689
0.056004
0.069905
0.093736
0.092696
0.053343
0.074758
0.069763
0.054511
0.074296
0.083931
0.088475
0.069642
0.070737
0.080098
0.061152
0.082618
0.053940
0.079578
0.083886
0.068407
0.053375
0.060427
0.072106
0.106620
0.096579
0.094107
0.062193
0.054770
0.091311
0.090546
0.083345
0.083527
0.098076
0.055873
0.072902
0.071963
0.064540
0.083069
0.090766
0.087987
0.061771
0.063788
0.074863
0.062915
0.068926
0.049499
0.066035
0.068346
0.055432
0.081236
0.096690
0.100909
0.082978
0.074380
0.061810
0.088143
0.081099
0.073708
0.091701
0.120298
0.066392
0.082440
0.076806
0.068623
0.072806
0.070673
0.065638
0.070418
0.062337
0.070414
0.075998
0.076661
0.054525
0.068286
0.089655
0.075548
0.085889
0.055575
0.090587
0.080176
0.076763
0.048053
0.069608
0.097833
0.100411
0.065597
0.064098
0.101550
0.093128
0.087840
0.087143
0.074717
0.082723
0.064508
0.072190
0.092247
0.063967
0.100092
0.095274
0.080408
0.090551
0.072814
0.058275
0.087946
0.092471
0.090400
0.099785
0.088437
0.084598
0.070756
0.083164
0.081486
0.055186
0.077919
0.112652
0.082960
0.055690
0.089136
0.076605
0.068550
0.082793
0.077208
0.079101
0.120333
0.061598
0.083643
0.078884
0.098618
0.092400
0.100742
0.061844
0.075811
0.060764
0.080157
0.087645
0.064707
0.052829
0.105541
0.051128
0.083621
0.063848
0.064214
0.083153
0.070251
0.076672
0.059212
0.083122
0.083783
0.106973
0.068610
0.092605
0.091853
0.077435
0.083145
0.067373
0.074412
0.073562
0.072682
0.082594
0.056290
0.071212
0.082433
0.082627
0.094939
0.101269
0.074558
0.077317
0.106963
0.122950
0.109159
0.085952
0.074692
0.107461
0.085325
0.119898
0.078341
0.107171
0.066168
0.096540
0.081485
0.051744
0.058630
0.086392
0.051587
0.092557
0.077480
0.094730
0.085543
0.092290
0.080158
0.055078
0.115983
0.081193
0.099654
0.091040
0.050670
0.078655
0.068679
0.053459
0.094093
0.078509
0.168444
0.107218
0.172838
0.093776
0.096051
0.092808
0.116252
0.123549
0.089288
0.108889
0.087840
0.070049
0.054237
0.071004
0.059296
0.053867
0.070672
0.092275
0.079541
0.067563
0.059047
0.093266
0.084924
0.075637
0.069504
0.069973
0.092679
0.080528
0.114717
0.067995
0.082138
0.106781
0.077658
0.073668
0.062598
0.062720
0.072391
0.069493
0.089355
0.084496
0.090248
0.100977
0.137567
0.080099
0.068636
0.093413
0.107134
0.070904
0.092791
0.059674
0.099365
0.086011
0.090692
0.067042
0.082871
0.091802
0.108837
0.099702
0.079912
0.052761
0.080610
0.085459
0.100561
0.080273
0.071961
0.074635
0.079759
0.087205
0.161829
0.076405
0.099390
0.102885
0.097129
0.057980
0.070514
0.079898
0.064010
0.062701
0.103380
0.068977
0.071615
0.070965
0.093845
0.071036
0.116680
0.079467
0.087919
0.087893
0.086676
0.082748
0.110143
0.065120
0.094995
0.088562
0.080149
0.087102
0.097738
0.109829
0.098094
0.098033
0.091630
0.093995
0.111115
0.084941
0.060111
0.080937
0.081625
0.111780
0.078094
0.079201
0.089043
0.121215
0.113877
0.085021
0.104244
0.127860
0.096844
0.103925
0.125077
0.113304
0.107990
0.097407
0.103752
0.094771
0.098713
0.092397
0.100677
0.102435
0.104885
0.082377
0.084654
0.140216
0.098976
0.099053
0.090974
0.097876
0.081853
0.074522
0.068771
0.115868
0.129814
0.078549
0.104122
0.088373
0.076283
0.095995
0.125218
0.092546
0.090215
0.099327
0.086779
0.097475
0.104711
0.109678
0.116122
0.126018
0.090720
0.108780
0.095603
0.082852
0.068070
0.090115
0.091991
0.099500
0.116588
0.086999
0.100441
0.081668
0.054018
0.127109
0.050890
0.120833
0.093007
0.063467
0.109565
0.103199
0.082666
0.075406
0.058850
0.079582
0.093330
0.145496
0.110863
0.099446
0.099409
0.082909
0.085492
0.061256
0.065331
0.069574
0.074371
0.068496
0.079271
0.088990
0.098410
0.093464
0.070126
0.126735
0.067937
0.087659
0.103884
0.093621
0.067616
0.066026
0.089311
0.071264
0.060793
0.088783
0.086534
0.079126
0.072065
0.074104
0.053685
0.056894
0.074520
0.098783
0.091789
0.098311
0.065050
0.074027
0.092936
0.055592
0.059963
0.078331
0.103431
0.088606
0.112957
0.092675
0.095827
0.077724
0.090183
0.094855
0.068984
0.120690
0.062394
0.094049
0.108035
0.083462
0.126521
0.087880
0.061590
0.058215
0.059549
0.062078
0.070083
0.089806
0.072810
0.088120
0.079771
0.098943
0.086511
0.069277
0.120959
0.096048
0.092577
0.107126
0.062456
0.100022
0.090935
0.062679
0.092731
0.084679
0.090888
0.064066
0.096110
0.059144
0.151745
0.094791
0.115886
0.131049
0.103928
0.097417
0.108331
0.075171
0.098489
0.089629
0.068156
0.091025
0.077367
0.100892
0.088292
0.065437
0.075710
0.090437
0.060876
0.089626
0.093511
0.114381
0.077084
0.065378
0.061919
0.108598
0.089232
0.081864
0.085354
0.073497
0.069561
0.058452
0.062641
0.065605
0.111744
0.074799
0.093346
0.085978
0.095132
0.068292
0.123849
0.116906
0.085736
0.128732
0.143603
0.157391
0.108007
0.099450
0.089157
0.087789
0.080661
0.087839
0.114122
0.141653
0.130879
0.066866
0.108527
0.118718
0.099621
0.101653
0.075166
0.099259
0.102775
0.096946
0.113916
0.138048
0.107039
0.082598
0.106263
0.081668
0.106961
0.142507
0.091856
0.086562
0.160993
0.135469
0.141099
0.075576
0.097565
0.074935
0.084751
0.081112
0.085087
0.096108
0.115706
0.077990
0.096683
0.098250
0.070128
0.085919
0.096571
0.089919
0.069579
0.070839
0.084072
0.093226
0.080898
0.072898
0.089821
0.083827
0.108238
0.079734
0.089387
0.078722
0.098127
0.063833
0.095018
0.103273
0.080689
0.069766
0.066341
0.101377
0.071142
0.099482
0.061807
0.073567
0.094798
0.072065
0.093314
0.093344
0.113101
0.107665
0.129496
0.067588
0.134084
0.081384
0.097362
0.118809
0.111987
0.068541
0.113140
0.111173
0.118983
0.095929
0.121789
0.098351
0.065825
0.095439
0.081302
0.081105
0.074430
0.085451
0.078684
0.058208
0.071868
0.097104
0.061631
0.084512
0.054043
0.064972
0.054467
0.064625
0.062207
0.085580
0.095250
0.124205
0.075958
0.087280
0.138243
0.134274
0.069868
0.118310
0.097535
0.090371
0.073644
0.105226
0.102719
0.076432
0.087674
0.085674
0.089309
0.071162
0.095486
0.075523
0.079062
0.092106
0.096779
0.107895
0.071758
0.069842
0.085079
0.105468
0.081238
0.056599
0.083592
0.073908
0.080774
0.079720
0.058290
0.064631
0.046475
0.073766
0.047048
0.067739
0.045097
0.067502
0.052327
0.067827
0.092603
0.073924
0.073419
0.067336
0.096797
0.103817
0.108264
0.073635
0.066083
0.068592
0.071528
0.081566
0.050009
0.082374
0.077027
0.093633
0.074027
0.073352
0.076849
0.088776
0.068435
0.081328
0.080300
0.072362
0.062547
0.095516
0.068533
0.091682
0.086537
0.082207
0.075407
0.081301
0.077218
0.073588
0.068288
0.074124
0.061787
0.069437
0.076356
0.082340
0.060791
0.072817
0.059289
0.085526
0.078465
0.107371
0.076842
0.098147
0.092628
0.092009
0.061532
0.074751
0.076668
0.095541
0.097860
0.090494
0.070438
0.053277
0.067354
0.071936
0.071199
0.085182
0.059122
0.074310
0.077354
0.053563
0.077264
0.089946
0.080518
0.088926
0.070174
0.081451
0.091008
0.085329
0.085881
0.063293
0.094655
0.069098
0.062757
0.055325
0.065849
0.068083
0.069782
0.063899
0.056298
0.058613
0.091535
0.055550
0.065574
0.061015
0.075511
0.069824
0.065614
0.121728
0.062939
0.121620
0.061867
0.068309
0.065670
0.076487
0.080656
0.078379
0.091303
0.084411
0.060549
0.056896
0.095402
0.061631
0.068927
0.068580
0.067264
0.071908
0.064128
0.063651
0.058724
0.066291
0.078479
0.066855
0.066051
0.104865
0.067132
0.067959
0.066063
0.054729
0.066827
0.073251
0.088755
0.076272
0.067856
0.081750
0.070011
0.078717
0.061330
0.079759
0.082788
0.086224
0.110425
0.073257
0.058388
0.054333
0.076477
0.072004
0.081835
0.092912
0.097304
0.072178
0.071620
0.063784
0.069719
0.085875
0.095939
0.082855
0.066400
0.066523
0.086960
0.083038
0.105429
0.066936
0.107707
0.063022
0.093010
0.111524
0.108050
0.122843
0.082932
0.128694
0.065981
0.091499
0.087209
0.102040
0.081956
0.107725
0.093729
0.091118
0.084540
0.089738
0.077100
0.078176
0.103546
0.100436
0.097506
0.075144
0.129446
0.085545
0.088272
0.077927
0.109647
0.075840
0.179070
0.140215
0.132296
0.080224
0.088196
0.081481
0.086580
0.073785
0.100645
0.089818
0.087289
0.083066
0.084630
0.066297
0.068171
0.091354
0.074007
0.081897
0.113333
0.076361
0.174968
0.098527
0.123024
0.171643
0.169765
0.088765
0.122882
0.181519
0.163761
0.113395
0.211196
0.135164
0.151542
0.095655
0.108006
0.139534
0.114641
0.084489
0.121237
0.123535
0.168266
0.117344
0.123567
0.119950
0.170964
0.137719
0.155838
0.111979
0.124654
0.123884
0.130257
0.114923
0.121211
0.156298
0.163168
0.143458
0.174856
0.141914
0.061860
0.152843
0.124737
0.096151
0.074619
0.122302
0.117281
0.131293
0.081381
0.110582
0.112529
0.127786
0.117841
0.111103
0.118747
0.074705
0.100419
0.120715
0.131314
0.091077
0.086794
0.175774
0.095008
0.119263
0.133390
0.124455
0.109015
0.181898
0.114537
0.233261
0.223551
0.104042
0.147211
0.096245
0.105194
0.153522
0.123062
0.112167
0.087706
0.071843
0.136586
0.120826
0.119240
0.143314
0.104634
0.070732
0.091630
0.143084
0.135380
0.113424
0.133264
0.112643
0.095799
0.134013
0.111547
0.104200
0.114138
0.104192
0.094395
0.106091
0.120619
0.148382
0.105129
0.095540
0.086113
0.109568
0.085641
0.096006
0.131564
0.127102
0.103523
0.078529
0.082342
0.087401
0.063656
0.096588
0.069140
0.121825
0.104697
0.148597
0.100738
0.100301
0.091228
0.115165
0.104006
0.085421
0.085786
0.117831
0.103802
0.075555
0.090855
0.071801
0.078144
0.107090
0.135263
0.085079
0.097232
0.105738
0.098594
0.073489
0.078736
0.080760
0.103084
0.082144
0.124880
0.094560
0.101536
0.144681
0.078569
0.087063
0.120927
0.096822
0.071938
0.079699
0.108169
0.135973
0.131699
0.121198
0.181367
0.118669
0.092306
0.097718
0.166193
0.090892
0.127371
0.073837
0.075948
0.057005
0.094942
0.113052
0.111421
0.114143
0.114885
0.061376
0.055075
0.103227
0.139540
0.136782
0.079033
0.077502
0.098431
0.114575
0.072479
0.083989
0.094394
0.066382
0.070991
0.066761
0.089913
0.096740
0.093988
0.075307
0.138079
0.114196
0.076367
0.080433
0.107000
0.063462
0.092399
0.099288
0.095451
0.089363
0.120123
0.066269
0.091590
0.070093
0.112934
0.076841
0.106116
0.071364
0.111182
0.092773
0.086010
0.105892
0.093078
0.092344
0.082236
0.106880
0.081261
0.099986
0.075360
0.116434
0.108718
0.094753
0.095612
0.130664
0.098753
0.086057
0.110978
0.110395
0.133730
0.129479
0.076951
0.135597
0.088937
0.064292
0.076261
0.106180
0.069901
0.059296
0.095480
0.091418
0.090784
0.068133
0.074642
0.095640
0.073547
0.102113
0.119866
0.107298
0.097998
0.065402
0.076804
0.063040
0.085847
0.093219
0.109197
0.101241
0.062989
0.089028
0.092375
0.081054
0.072514
0.063479
0.091263
0.086425
0.084489
0.089882
0.070851
0.132338
0.142031
0.088966
0.080433
0.070320
0.083167
0.103473
0.115900
0.165237
0.101344
0.091152
0.100253
0.126315
0.083715
0.108806
0.112161
0.078815
0.075205
0.080440
0.075517
0.069681
0.068649
0.076721
0.081525
0.074054
0.059934
0.101725
0.078566
0.058728
0.071736
0.062946
0.076569
0.093562
0.071529
0.078465
0.081352
0.091157
0.059990
0.090238
0.078882
0.079535
0.101766
0.075909
0.078639
0.076618
0.079596
0.087641
0.111882
0.051436
0.100060
0.120706
0.089810
0.092008
0.066215
0.070337
0.046968
0.066896
0.081509
0.084643
0.062589
0.070790
0.097750
0.069081
0.076310
0.066714
0.059981
0.078402
0.096582
0.054725
0.102812
0.115055
0.082572
0.105066
0.068779
0.096058
0.113142
0.067388
0.079247
0.080580
0.105744
0.093045
0.091022
0.071658
0.065379
0.096669
0.057710
0.085158
0.079914
0.094622
0.051714
0.073435
0.094453
0.095938
0.085163
0.075104
0.093383
0.080282
0.100958
0.063489
0.095014
0.089938
0.066611
0.085677
0.068950
0.054014
0.099231
0.096482
0.052073
0.067278
0.076301
0.103344
0.077730
0.096097
0.091235
0.078542
0.070069
0.104294
0.115459
0.099873
0.115237
0.096090
0.097305
0.061779
0.069353
0.089976
0.110879
0.102700
0.081911
0.092700
0.119677
0.098990
0.132466
0.060120
0.079352
0.073552
0.053528
0.057477
0.090835
0.075767
0.062956
0.071526
0.053986
0.063438
0.081682
0.085029
0.100646
0.105468
0.059001
0.053964
0.099838
0.078302
0.085187
0.078969
0.105157
0.084074
0.073493
0.055216
0.094553
0.124640
0.119184
0.096534
0.072203
0.148602
0.113949
0.097697
0.111079
0.055141
0.084182
0.077001
0.071953
0.071058
0.087856
0.073346
0.113137
0.112632
0.110975
0.120626
0.113472
0.081498
0.107431
0.121764
0.102664
0.060284
0.092907
0.080326
0.083014
0.127728
0.082134
0.064780
0.067866
0.067883
0.127147
0.071085
0.104814
0.082698
0.068174
0.092962
0.106446
0.059233
0.069764
0.087126
0.106033
0.129208
0.095390
0.079319
0.110707
0.104501
0.110068
0.076847
0.078821
0.096672
0.088878
0.087046
0.141361
0.122511
0.120684
0.154349
0.104897
0.077288
0.100035
0.118022
0.107705
0.087619
0.075916
0.114380
0.121959
0.127205
0.121217
0.096878
0.062575
0.074785
0.094430
0.105643
0.109412
0.099025
0.071794
0.104076
0.117546
0.115380
0.079346
0.096360
0.186654
0.098126
0.122161
0.138189
0.120304
0.126124
0.116945
0.094736
0.072457
0.085060
0.123937
0.137712
0.099062
0.105228
0.095372
0.153220
0.104332
0.106010
0.087390
0.073206
0.074135
0.104479
0.078822
0.095484
0.103475
0.122365
0.097839
0.102298
0.110719
0.085444
0.133946
0.093939
0.093453
0.121419
0.105096
0.087950
0.075578
0.088489
0.091619
0.055944
0.115607
0.138126
0.106198
0.086693
0.112476
0.090738
0.113020
0.080718
0.108994
0.064554
0.104881
0.089681
0.091098
0.116522
0.109479
0.142406
0.068946
0.067747
0.110891
0.075983
0.103241
0.074942
0.065104
0.105542
0.089003
0.094004
0.093252
0.112568
0.142889
0.072432
0.120968
0.080371
0.072813
0.092870
0.102953
0.092017
0.106743
0.075766
0.108123
0.094257
0.092757
0.073484
0.075272
0.106400
0.103163
0.080279
0.085873
0.104975
0.060697
0.089352
0.089075
0.085540
0.092369
0.094963
0.119861
0.084395
0.107862
0.120821
0.101525
0.137213
0.079305
0.081034
0.095655
0.089436
0.100839
0.098292
0.093495
0.056364
0.082400
0.066148
0.101149
0.074724
0.086401
0.084546
0.091892
0.084590
0.071698
0.078408
0.096513
0.073396
0.091555
0.097980
0.089874
0.073044
0.071726
0.127468
0.111003
0.096964
0.089467
0.099384
0.067895
0.087531
0.103932
0.084700
0.098242
0.119280
0.096262
0.086221
0.106051
0.075435
0.067720
0.073387
0.072821
0.089651
0.092649
0.085962
0.080654
0.077063
0.099402
0.089890
0.070429
0.084637
0.098431
0.100695
0.102091
0.102374
0.075531
0.085821
0.061930
0.071849
0.088885
0.078402
0.118785
0.115878
0.118559
0.075024
0.134555
0.119281
0.086408
0.086159
0.069710
0.088537
0.121798
0.062237
0.088570
0.071486
0.074775
0.074183
0.083218
0.108466
0.069139
0.093670
0.112671
0.121787
0.128729
0.120373
0.056693
0.102806
0.085244
0.082181
0.093692
0.116520
0.073321
0.082805
0.073442
0.103964
0.106215
0.115558
0.069410
0.121884
0.072819
0.071095
0.095129
0.080916
0.059826
0.052387
0.081494
0.062868
0.087157
0.107475
0.067083
0.068699
0.073339
0.095519
0.084014
0.063313
0.074363
0.070509
0.090871
0.082924
0.099447
0.071846
0.078319
0.070476
0.067822
0.092581
0.060887
0.077381
0.071562
0.111113
0.113662
0.076491
0.087369
0.091717
0.115307
0.098365
0.062028
0.161927
0.098450
0.150856
0.086335
0.154276
0.106238
0.152741
0.101944
0.103009
0.135796
0.150618
0.080215
0.079679
0.067076
0.118375
0.119472
0.251629
0.137056
0.096853
0.093294
0.128835
0.155533
0.146366
0.122809
0.093839
0.128143
0.085196
0.107825
0.091510
0.090909
0.110656
0.127744
0.130909
0.119007
0.059170
0.158870
0.137717
0.100800
0.098838
0.134283
0.161179
0.154415
0.246294
0.106526
0.205439
0.161500
0.126227
0.190198
0.073953
0.127201
0.098269
0.126277
0.157392
0.119115
0.106229
0.092391
0.093835
0.096862
0.140373
0.190514
0.102334
0.211042
0.194166
0.240668
0.125862
0.129137
0.100621
0.122288
0.099682
0.189567
0.161043
0.107979
0.152615
0.117866
0.093148
0.113387
0.174821
0.118182
0.146807
0.100165
0.102709
0.093500
0.135496
0.131040
0.112071
0.138065
0.083787
0.085237
0.218136
0.121732
0.129135
0.159001
0.129502
0.064851
0.101270
0.128715
0.096118
0.081833
0.104181
0.090920
0.070877
0.066711
0.096902
0.074449
0.094893
0.099385
0.089670
0.089234
0.101813
0.078110
0.118465
0.098482
0.091245
0.091010
0.098583
0.129688
0.061308
0.081080
0.055038
0.103931
0.105030
0.077414
0.118896
0.082466
0.110405
0.082175
0.082415
0.083995
0.092277
0.103242
0.075487
0.090205
0.099269
0.105485
0.130548
0.091419
0.110146
0.128294
0.130224
0.128184
0.111134
0.091938
0.109349
0.074198
0.098771
0.097957
0.064131
0.086893
0.122200
0.104721
0.101306
0.086248
0.085353
0.088140
0.110508
0.111721
0.080726
0.098767
0.111519
0.060551
0.099699
0.092566
0.083333
0.056691
0.107195
0.096734
0.099565
0.087032
0.077132
0.061301
0.079912
0.078643
0.134026
0.067755
0.098690
0.091745
0.085667
0.090574
0.061591
0.067230
0.104568
0.123036
0.107084
0.073900
0.156841
0.073874
0.081915
0.074613
0.079748
0.124235
0.058218
0.100721
0.103537
0.110641
0.098544
0.087781
0.092214
0.104705
0.073763
0.062720
0.088822
0.087633
0.055436
0.073766
0.090165
0.124018
0.114715
0.079782
0.083058
0.117230
0.107023
0.060045
0.098541
0.089693
0.112226
0.083520
0.072537
0.076167
0.063035
0.083551
0.104197
0.074192
0.072702
0.064396
0.069693
0.103426
0.098830
0.089379
0.059202
0.111464
0.123006
0.130163
0.097526
0.096197
0.090804
0.072291
0.082454
0.079590
0.127222
0.091632
0.080661
0.095147
0.082895
0.098001
0.099081
0.061527
0.077327
0.101384
0.077330
0.091494
0.110193
0.084096
0.102529
0.087433
0.079150
0.099947
0.111160
0.079624
0.080030
0.120219
0.077381
0.096587
0.115902
0.075377
0.119159
0.116210
0.093502
0.061605
0.083414
0.090991
0.090047
0.138142
0.114731
0.081083
0.099824
0.062400
0.113227
0.083861
0.059712
0.082320
0.104629
0.075079
0.088002
0.079343
0.069125
0.073740
0.062735
0.069471
0.080642
0.076759
0.078083
0.094988
0.092532
0.085504
0.083056
0.086107
0.089147
0.092842
0.073093
0.112486
0.090241
0.082780
0.066629
0.068338
0.083059
0.087267
0.083080
0.076177
0.065938
0.094224
0.073480
0.104575
0.090441
0.104360
0.062542
0.096982
0.084701
0.114260
0.080402
0.087195
0.111627
0.105804
0.082939
0.102319
0.071071
0.092880
0.060867
0.092451
0.077976
0.074836
0.108821
0.093093
0.075416
0.069585
0.108568
0.083152
0.086172
0.081705
0.118948
0.071127
0.075455
0.084929
0.070411
0.113324
0.064330
0.084233
0.091268
0.095233
0.059665
0.103157
0.082061
0.073807
0.089231
0.086357
0.063553
0.093453
0.083143
0.081222
0.071749
0.095294
0.065972
0.058203
0.082283
0.075970
0.107348
0.069310
0.056873
0.089546
0.081950
0.059851
0.092637
0.105025
0.082366
0.053892
0.059592
0.066773
0.071483
0.076861
0.078025
0.072765
0.093581
0.083643
0.085563
0.102751
0.065903
0.107265
0.084316
0.085942
0.096501
0.085838
0.073093
0.060576
0.087156
0.071431
0.086011
0.084419
0.065727
0.079801
0.084141
0.075965
0.093458
0.057653
0.056695
0.078858
0.083357
0.113436
0.083108
0.079391
0.068163
0.094397
0.086576
0.080550
0.078307
0.064580
0.092262
0.097189
0.126098
0.093697
0.105379
0.059633
0.087925
0.087848
0.092666
0.095937
0.097365
0.091938
0.069037
0.075211
0.070624
0.093631
0.069624
0.063420
0.062596
0.055359
0.059784
0.089667
0.057244
0.075122
0.088918
0.092692
0.080528
0.070902
0.059825
0.062631
0.085091
0.055064
0.066449
0.072621
0.074676
0.077415
0.055002
0.070735
0.095885
0.077057
0.093398
0.120007
0.089262
0.070138
0.110075
0.070852
0.069940
0.086377
0.072757
0.106797
0.061001
0.064846
0.067742
0.075041
0.072896
0.067786
0.058156
0.088076
0.104911
0.065998
0.060787
0.075631
0.070070
0.081700
0.064448
0.064972
0.068294
0.080650
0.085825
0.081961
0.081651
0.053774
0.073434
0.086878
0.079133
0.098413
0.142374
0.161856
0.112812
0.122652
0.078910
0.098838
0.071713
0.059320
0.065837
0.089218
0.101721
0.076057
0.103540
0.091496
0.095868
0.089728
0.096200
0.161019
0.106469
0.109580
0.079609
0.075700
0.064870
0.114252
0.108395
0.108465
0.102241
0.080523
0.084167
0.089263
0.139315
0.116997
0.058200
0.073502
0.119415
0.131969
0.084339
0.095564
0.114906
0.135896
0.129692
0.100302
0.104596
0.153647
0.074954
0.074858
0.084068
0.094438
0.122830
0.071999
0.121808
0.099628
0.078630
0.113473
0.118158
0.103971
0.072078
0.080778
0.072008
0.079112
0.123195
0.073661
0.122516
0.137407
0.105890
0.106173
0.118318
0.074852
0.091089
0.134408
0.109752
0.142066
0.095919
0.087427
0.137129
0.062065
0.140327
0.118442
0.088216
0.082295
0.085874
0.069830
0.155573
0.102148
0.072968
0.152658
0.110803
0.110501
0.114469
0.070195
0.099288
0.090980
0.066430
0.075725
0.109719
0.087239
0.081479
0.064383
0.067081
0.082051
0.114104
0.064145
0.110768
0.061528
0.085645
0.114224
0.091071
0.089390
0.073565
0.085757
0.064260
0.117585
0.096930
0.119152
0.101027
0.120293
0.097283
0.072651
0.100473
0.088474
0.115806
0.141021
0.112129
0.172101
0.096048
0.070837
0.073305
0.089583
0.111693
0.101309
0.070289
0.133099
0.078229
0.072459
0.145805
0.117912
0.068463
0.081329
0.110682
0.104101
0.144931
0.105474
0.080976
0.156372
0.082101
0.102055
0.098476
0.073624
0.081432
0.122820
0.081044
0.080549
0.079530
0.083168
0.074614
0.087063
0.109216
0.070810
0.074571
0.064701
0.093021
0.114642
0.083590
0.083498
0.067393
0.084443
0.146738
0.082162
0.061845
0.082061
0.075393
0.088928
0.070640
0.104556
0.076609
0.086759
0.077693
0.056631
0.103501
0.070166
0.084206
0.069036
0.090926
0.062474
0.075372
0.074603
0.079343
0.057078
0.083326
0.067230
0.113107
0.071071
0.104242
0.118362
0.117615
0.074151
0.073118
0.088214
0.100183
0.094165
0.097051
0.071952
0.086652
0.114215
0.061790
0.124067
0.102788
0.091535
0.078148
0.108335
0.074339
0.094867
0.093965
0.090552
0.104802
0.069963
0.097340
0.089581
0.116234
0.076139
0.068291
0.081668
0.086190
0.089176
0.094156
0.126593
0.122911
0.126090
0.086502
0.070804
0.105426
0.077489
0.160569
0.116616
0.104556
0.094171
0.068735
0.095567
0.081131
0.094556
0.111908
0.096995
0.080993
0.107581
0.110217
0.079615
0.108915
0.077602
0.108968
0.106490
0.126699
0.091304
0.115745
0.094745
0.062651
0.097588
0.093487
0.070838
0.087951
0.092360
0.103755
0.067506
0.084838
0.092072
0.124752
0.060438
0.092067
0.110606
0.077909
0.072071
0.108147
0.112417
0.090026
0.086341
0.158351
0.083513
0.107957
0.154765
0.135605
0.064983
0.069429
0.108709
0.060044
0.096513
0.098974
0.074760
0.114646
0.084043
0.129122
0.100763
0.067921
0.139511
0.099038
0.101248
0.062770
0.122973
0.112915
0.113057
0.123516
0.085191
0.094292
0.083205
0.077564
0.089105
0.088563
0.071878
0.062808
0.076112
0.084450
0.082638
0.080368
0.057137
0.098597
0.115021
0.110894
0.126416
0.128743
0.098189
0.073750
0.077735
0.098799
0.148888
0.119659
0.078714
0.080177
0.112130
0.097471
0.077852
0.119297
0.126381
0.080228
0.111773
0.102673
0.114159
0.056511
0.102456
0.090119
0.086668
0.147170
0.128537
0.114766
0.086423
0.095445
0.084881
0.086878
0.069269
0.087546
0.069279
0.092552
0.074795
0.108417
0.072390
0.081478
0.103168
0.081070
0.050028
0.076304
0.101102
0.078510
0.093259
0.074854
0.064358
0.081441
0.063551
0.094855
0.086885
0.097506
0.146800
0.094832
0.100899
0.098167
0.103343
0.145125
0.116600
0.129437
0.068704
0.060119
0.068977
0.073936
0.063759
0.080442
0.073315
0.070395
0.055929
0.080953
0.071906
0.059333
0.063594
0.083950
0.063387
0.061432
0.058614
0.058511
0.100145
0.088110
0.130167
0.094976
0.071057
0.078258
0.125496
0.138211
0.064842
0.077529
0.102820
0.072670
0.081336
0.110111
0.076015
0.076856
0.126533
0.121791
0.153276
0.105231
0.082353
0.068968
0.158550
0.120218
0.075844
0.117961
0.093059
0.075696
0.086991
0.084075
0.081612
0.128625
0.097340
0.090089
0.088149
0.103706
0.122404
0.115775
0.118999
0.082390
0.097319
0.091707
0.073861
0.071497
0.069693
