0.011521
0.098989
0.091971
0.137661
0.091562
0.088791
0.071060
0.080212
0.093346
0.100750
0.098243
0.075176
0.088699
0.075739
0.093949
0.101314
0.083177
0.101328
0.100119
0.085154
0.087809
0.099542
0.098382
0.104013
0.113947
0.096385
0.098526
0.074743
0.089821
0.096911
0.086326
0.112170
0.112748
0.113863
0.118861
0.094868
0.115811
0.091180
0.144748
0.101576
0.120352
0.087790
0.107115
0.109484
0.129957
0.103683
0.134050
0.106888
0.130900
0.116709
0.085259
0.113124
0.091244
0.094747
0.103497
0.094886
0.133334
0.107987
0.075922
0.108625
0.143941
0.094394
0.106543
0.110519
0.079053
0.078336
0.107831
0.105001
0.108694
0.090971
0.118498
0.103375
0.088818
0.083709
0.081400
0.071609
0.103587
0.091515
0.088872
0.091005
0.097682
0.092416
0.115336
0.099980
0.079140
0.138660
0.111158
0.110721
0.088093
0.077089
0.075933
0.141657
0.075242
0.067389
0.117936
0.114260
0.109270
0.120227
0.130319
0.074752
0.086109
0.093676
0.118628
0.106375
0.099039
0.086632
0.091297
0.086358
0.092935
0.113525
0.097239
0.065762
0.076918
0.077652
0.059774
0.073873
0.078911
0.097167
0.090619
0.067436
0.099291
0.084203
0.086956
0.051569
0.082152
0.058152
0.065036
0.084107
0.076577
0.058032
0.080490
0.087396
0.100588
0.119898
0.109347
0.072735
0.098396
0.107440
0.082222
0.077408
0.093752
0.098032
0.102861
0.103698
0.097641
0.105273
0.081512
0.087973
0.088743
0.110206
0.104993
0.096307
0.076819
0.070448
0.080834
0.122596
0.106389
0.083843
0.109569
0.134083
0.117050
0.157006
0.092505
0.125081
0.090679
0.125293
0.086102
0.138979
0.116158
0.120599
0.101686
0.104854
0.080929
0.118073
0.088780
0.075408
0.137322
0.092558
0.110562
0.125483
0.086108
0.091465
0.117175
0.104613
0.085365
0.093867
0.092594
0.115631
0.081856
0.069154
0.069785
0.111264
0.107406
0.087083
0.067299
0.065418
0.083750
0.100828
0.082477
0.089123
0.097774
0.102722
0.078507
0.078446
0.077509
0.113959
0.132900
0.085071
0.130713
0.127190
0.099902
0.094603
0.122886
0.129406
0.116956
0.065631
0.114936
0.081595
0.096688
0.100225
0.079440
0.092665
0.102934
0.119427
0.092536
0.125822
0.103145
0.105436
0.087398
0.090279
0.095231
0.127692
0.096741
0.141713
0.096474
0.089458
0.085703
0.108263
0.085740
0.080939
0.113477
0.060429
0.099414
0.104219
0.087276
0.083250
0.073689
0.082596
0.097772
0.100860
0.096813
0.119849
0.094099
0.094402
0.108326
0.108423
0.110340
0.092333
0.092809
0.094364
0.107277
0.096650
0.142918
0.111746
0.069360
0.094006
0.092212
0.084980
0.142841
0.105292
0.122652
0.065362
0.095513
0.079838
0.072901
0.081462
0.077582
0.100715
0.073609
0.080433
0.080576
0.088573
0.106293
0.108977
0.079269
0.095776
0.101701
0.125185
0.110748
0.096324
0.088521
0.140745
0.101980
0.138607
0.101523
0.090583
0.134383
0.095031
0.121924
0.109355
0.087561
0.105993
0.079632
0.114953
0.079605
0.082444
0.081381
0.097358
0.077630
0.122713
0.102533
0.090096
0.066609
0.094807
0.082775
0.088728
0.091222
0.127929
0.091120
0.121782
0.115227
0.112085
0.110038
0.086510
0.091599
0.067909
0.121552
0.105959
0.114215
0.119122
0.092407
0.080487
0.083306
0.107617
0.097567
0.088560
0.098987
0.087700
0.089609
0.088405
0.079298
0.086680
0.084637
0.085125
0.084808
0.095829
0.081332
0.112568
0.096934
0.088037
0.083895
0.097944
0.104320
0.108912
0.091686
0.080117
0.086263
0.072540
0.072949
0.096404
0.100413
0.126587
0.091520
0.093788
0.092640
0.090817
0.109509
0.123271
0.074110
0.108524
0.127232
0.121367
0.133023
0.149559
0.118778
0.154835
0.125378
0.096286
0.128784
0.102185
0.091524
0.081674
0.144142
0.105754
0.098572
0.176863
0.114996
0.135581
0.098924
0.111563
0.115278
0.160145
0.137262
0.085180
0.081167
0.076454
0.107292
0.086580
0.069240
0.097044
0.075365
0.082720
0.076997
0.081543
0.070004
0.096794
0.117772
0.125016
0.086573
0.100967
0.131405
0.130594
0.108605
0.097434
0.063810
0.061921
0.087557
0.083728
0.083780
0.071537
0.105183
0.091930
0.068689
0.083424
0.062307
0.055755
0.114342
0.087323
0.074639
0.104640
0.084554
0.103435
0.107729
0.132614
0.107011
0.174796
0.070088
0.170651
0.118858
0.113760
0.146945
0.109340
0.097512
0.075097
0.097454
0.127058
0.108691
0.094937
0.104094
0.086347
0.090086
0.077596
0.063057
0.070895
0.075956
0.088514
0.076010
0.070632
0.099149
0.077969
0.076268
0.079069
0.096918
0.075963
0.081464
0.077287
0.123147
0.076411
0.100987
0.100255
0.088098
0.086466
0.121888
0.095756
0.082864
0.097174
0.089864
0.120802
0.156688
0.094794
0.068427
0.070451
0.067157
0.073702
0.081350
0.092463
0.066232
0.069840
0.068690
0.085218
0.076907
0.074878
0.075528
0.078907
0.063296
0.077407
0.093261
0.072528
0.084321
0.132659
0.111506
0.090102
0.087786
0.088566
0.056198
0.081808
0.092253
0.075225
0.090204
0.103633
0.080061
0.068641
0.067910
0.066154
0.123396
0.144835
0.086157
0.079830
0.064911
0.060575
0.079076
0.094769
0.046771
0.057848
0.085633
0.049399
0.085889
0.061211
0.080497
0.071187
0.076552
0.087066
0.077433
0.093299
0.074824
0.083313
0.069283
0.065965
0.057775
0.058270
0.076500
0.056759
0.073036
0.089920
0.070130
0.070561
0.100112
0.091894
0.094086
0.085186
0.066537
0.070901
0.063532
0.127644
0.082991
0.062579
0.065059
0.069053
0.097786
0.073877
0.056814
0.058639
0.076591
0.073630
0.071740
0.070897
0.077559
0.095352
0.057431
0.058897
0.108701
0.100417
0.112858
0.077330
0.097795
0.079509
0.056273
0.078206
0.119509
0.131332
0.090058
0.092165
0.067330
0.080910
0.077997
0.115843
0.081961
0.055680
0.054497
0.101128
0.131401
0.081226
0.096623
0.077226
0.081195
0.073634
0.071484
0.087680
0.079916
0.102752
0.114953
0.087281
0.112437
0.081258
0.065541
0.107778
0.082512
0.103497
0.115975
0.115310
0.096421
0.093842
0.107276
0.109840
0.096434
0.111681
0.098006
0.094869
0.088542
0.092809
0.102637
0.072411
0.060895
0.086685
0.078416
0.097390
0.086834
0.101498
0.098590
0.145205
0.097527
0.085847
0.095409
0.091537
0.068180
0.056547
0.076617
0.080993
0.076305
0.065238
0.116905
0.076679
0.102942
0.106232
0.064324
0.066010
0.093903
0.084570
0.091337
0.078123
0.088356
0.089544
0.049840
0.059161
0.075199
0.056937
0.068840
0.061563
0.054540
0.082451
0.079458
0.077891
0.072488
0.096590
0.065115
0.084920
0.079581
0.075040
0.100742
0.100866
0.079104
0.075128
0.068364
0.111446
0.081053
0.054660
0.078596
0.087922
0.071950
0.084886
0.098117
0.087243
0.062810
0.067900
0.068497
0.062809
0.061213
0.071504
0.073055
0.100903
0.094808
0.109870
0.065570
0.071344
0.104675
0.076585
0.070244
0.096326
0.090096
0.067341
0.069827
0.063445
0.082861
0.079532
0.115770
0.069358
0.068381
0.062993
0.076931
0.091888
0.084115
0.096278
0.086209
0.121606
0.080943
0.092335
0.068459
0.077809
0.114053
0.078874
0.072077
0.063431
0.097452
0.085785
0.089962
0.086805
0.094195
0.094180
0.076753
0.119102
0.080338
0.088583
0.087270
0.091218
0.089763
0.114150
0.081360
0.084260
0.105914
0.099111
0.092167
0.093419
0.109763
0.120725
0.112132
0.100853
0.122651
0.103033
0.107270
0.119471
0.108629
0.152507
0.102768
0.117337
0.134219
0.090673
0.107017
0.072117
0.090407
0.107149
0.097949
0.090350
0.065218
0.107180
0.112503
0.094796
0.124100
0.102419
0.091142
0.120950
0.085711
0.088790
0.122170
0.133108
0.098846
0.096324
0.085031
0.107005
0.097856
0.092820
0.111351
0.097717
0.117326
0.100444
0.066772
0.145241
0.079836
0.111745
0.095294
0.088893
0.091786
0.076463
0.134152
0.116539
0.118816
0.109223
0.108762
0.110507
0.085621
0.068765
0.110475
0.126199
0.097816
0.085677
0.061718
0.102115
0.067016
0.086313
0.069024
0.114176
0.096291
0.101710
0.090824
0.161338
0.087821
0.087711
0.083432
0.111233
0.087518
0.110827
0.178737
0.106989
0.114478
0.120789
0.090039
0.091295
0.105977
0.112315
0.086018
0.057911
0.066308
0.074053
0.098169
0.087914
0.071408
0.087438
0.093283
0.081896
0.068555
0.088357
0.083406
0.087723
0.078837
0.093515
0.072734
0.089531
0.084490
0.078819
0.083855
0.088660
0.064720
0.095710
0.107465
0.082707
0.089581
0.080331
0.068144
0.071693
0.061687
0.058159
0.086613
0.088644
0.049565
0.072077
0.088428
0.071646
0.081895
0.067528
0.087020
0.070347
0.083365
0.079873
0.086830
0.083404
0.076685
0.091938
0.087361
0.086536
0.087631
0.054444
0.052907
0.052632
0.103904
0.078854
0.077932
0.073460
0.074133
0.081292
0.105202
0.078934
0.076398
0.082972
0.091476
0.060041
0.076396
0.065783
0.105470
0.069849
0.096417
0.075169
0.088548
0.070610
0.086785
0.074916
0.068748
0.088001
0.091357
0.084441
0.097278
0.083981
0.076744
0.087527
0.069558
0.074179
0.078418
0.109218
0.072987
0.090707
0.084054
0.082364
0.079693
0.073195
0.078698
0.063811
0.080227
0.089470
0.094426
0.072124
0.079211
0.073469
0.079639
0.075378
0.097730
0.087028
0.086030
0.085376
0.086319
0.099158
0.083213
0.099373
0.074128
0.110334
0.068699
0.058841
0.062190
0.064078
0.079209
0.099725
0.099575
0.074216
0.069306
0.073087
0.092870
0.090132
0.058975
0.107219
0.089869
0.065176
0.081973
0.107903
0.127865
0.091300
0.068746
0.069417
0.070935
0.079942
0.051290
0.069675
0.064730
0.113597
0.086015
0.076515
0.069384
0.083213
0.066792
0.098455
0.067739
0.063902
0.108717
0.077762
0.069494
0.113025
0.085751
0.101059
0.126823
0.131636
0.092606
0.120582
0.141507
0.145189
0.125176
0.114099
0.165070
0.118525
0.092969
0.105565
0.094489
0.066431
0.085387
0.090317
0.101549
0.103172
0.134864
0.128697
0.088699
0.102331
0.119097
0.085124
0.099007
0.084380
0.088758
0.078776
0.080184
0.100892
0.102427
0.115668
0.112693
0.112104
0.109473
0.125998
0.106476
0.106338
0.098229
0.149932
0.084789
0.123857
0.089554
0.095312
0.092509
0.136155
0.088125
0.111212
0.127703
0.096540
0.099959
0.116722
0.093251
0.081668
0.088056
0.082487
0.065389
0.074114
0.101101
0.063447
0.075119
0.098106
0.118324
0.126681
0.109179
0.112179
0.080540
0.140588
0.105132
0.104708
0.084464
0.116351
0.133105
0.103566
0.115315
0.110493
0.089142
0.111720
0.112638
0.099342
0.135351
0.114691
0.085323
0.096982
0.081806
0.109198
0.136463
0.101676
0.097097
0.088369
0.069940
0.090764
0.132061
0.111269
0.097428
0.094645
0.148884
0.101027
0.085727
0.097901
0.083146
0.108391
0.090003
0.118629
0.067723
0.099386
0.071125
0.062202
0.104927
0.095639
0.082370
0.115725
0.069826
0.064206
0.077786
0.093334
0.086065
0.068133
0.067842
0.116368
0.109014
0.233721
0.184198
0.125156
0.133447
0.113283
0.100327
0.089476
0.112073
0.092973
0.128271
0.117781
0.114277
0.088702
0.081167
0.076612
0.059631
0.061553
0.082278
0.065856
0.073894
0.058629
0.062315
0.056872
0.055308
0.059628
0.074504
0.075973
0.063172
0.074439
0.057397
0.073709
0.076204
0.053550
0.086099
0.103389
0.093232
0.090223
0.096922
0.084288
0.086665
0.061045
0.085794
0.086268
0.092685
0.089291
0.093058
0.070729
0.067818
0.087172
0.080161
0.096600
0.097408
0.128095
0.066413
0.095459
0.057163
0.128063
0.087357
0.073484
0.079286
0.070634
0.059730
0.094887
0.093801
0.067717
0.137171
0.097212
0.078502
0.112085
0.080658
0.091717
0.071401
0.066217
0.093191
0.111317
0.086292
0.079559
0.078397
0.094850
0.094304
0.067502
0.063859
0.105040
0.059537
0.084078
0.109677
0.061322
0.078601
0.064576
0.061964
0.077514
0.078562
0.074345
0.086616
0.117338
0.085926
0.099882
0.062229
0.099910
0.139459
0.106000
0.074453
0.063608
0.068126
0.063085
0.090126
0.065286
0.084992
0.087068
0.078458
0.066355
0.058549
0.090478
0.085406
0.112339
0.104991
0.062440
0.138290
0.111775
0.131509
0.143598
0.104225
0.113230
0.128242
0.162561
0.220552
0.121702
0.113147
0.190973
0.126485
0.130389
0.104562
0.092681
0.125114
0.169472
0.136283
0.185563
0.115978
0.144359
0.088910
0.112001
0.159521
0.172436
0.101696
0.131556
0.163736
0.123640
0.120718
0.134647
0.118286
0.208168
0.138499
0.149858
0.124232
0.116997
0.094031
0.098079
0.092635
0.076954
0.096253
0.105294
0.082013
0.087425
0.093688
0.120624
0.086065
0.119812
0.129307
0.127059
0.099153
0.083800
0.107872
0.114475
0.108937
0.103078
0.137740
0.081300
0.092101
0.097426
0.106773
0.110246
0.122169
0.104757
0.086570
0.096173
0.083431
0.131887
0.136535
0.099995
0.071165
0.099509
0.117270
0.114111
0.063131
0.102065
0.087530
0.094214
0.053516
0.155300
0.167016
0.189708
0.113631
0.108645
0.152306
0.109910
0.115242
0.108839
0.152014
0.125088
0.124766
0.108057
0.078448
0.114136
0.116467
0.120775
0.113697
0.101929
0.109406
0.160615
0.115269
0.189799
0.109150
0.117100
0.116383
0.159231
0.108458
0.137991
0.123130
0.104309
0.114792
0.093368
0.121520
0.109489
0.090554
0.105050
0.124528
0.098951
0.090393
0.096301
0.099675
0.077076
0.089450
0.094198
0.128894
0.090056
0.165517
0.116045
0.096029
0.115026
0.089797
0.110410
0.115077
0.083109
0.063687
0.082009
0.088232
0.111449
