0.002069
0.078775
0.077919
0.073397
0.075508
0.066269
0.064004
0.063430
0.063902
0.078923
0.065101
0.077049
0.058598
0.058836
0.060457
0.056902
0.057169
0.057465
0.054424
0.058225
0.064239
0.053443
0.059357
0.053280
0.050476
0.049524
0.051562
0.050885
0.050742
0.057338
0.058906
0.059393
0.058035
0.051172
0.058219
0.061321
0.051522
0.052423
0.056663
0.062108
0.058326
0.075689
0.059669
0.064853
0.058482
0.055972
0.058738
0.054796
0.057305
0.059122
0.056154
0.059654
0.056409
0.064479
0.063705
0.053142
0.069415
0.061854
0.074396
0.043432
0.060865
0.054122
0.057055
0.062344
0.071349
0.080838
0.082272
0.078153
0.061092
0.061323
0.061381
0.062985
0.051835
0.062965
0.051011
0.053595
0.052731
0.061139
0.057257
0.058829
0.068179
0.064484
0.063484
0.063298
0.084053
0.057389
0.059641
0.058064
0.065966
0.062833
0.063526
0.067759
0.057379
0.059362
0.057655
0.058393
0.058478
0.054299
0.056701
0.051805
0.052973
0.055321
0.064384
0.065482
0.065687
0.065338
0.079974
0.056002
0.051893
0.051934
0.055484
0.074045
0.051466
0.054468
0.061678
0.057382
0.044784
0.074413
0.049214
0.051048
0.050431
0.055828
0.057124
0.058789
0.053635
0.068551
0.062628
0.058462
0.064807
0.057886
0.069867
0.066260
0.062674
0.058980
0.054523
0.069874
0.060143
0.061190
0.051745
0.070607
0.071480
0.064601
0.076620
0.064878
0.064153
0.062038
0.071809
0.049598
0.055890
0.080659
0.067305
0.052878
0.057145
0.057235
0.061232
0.054904
0.067963
0.059103
0.068306
0.084061
0.065406
0.058799
0.053638
0.060162
0.070379
0.053089
0.054501
0.053510
0.053984
0.062811
0.056740
0.060093
0.045328
0.054222
0.050183
0.053411
0.051111
0.061419
0.070750
0.053409
0.061261
0.064548
0.063488
0.083625
0.086744
0.067522
0.062064
0.058613
0.053363
0.055318
0.059620
0.069731
0.054747
0.067958
0.067040
0.058515
0.052746
0.060104
0.065414
0.070242
0.077606
0.070472
0.072944
0.087844
0.064898
0.071104
0.057240
0.069535
0.071485
0.053595
0.053676
0.061447
0.057334
0.055184
0.058230
0.057335
0.060291
0.063432
0.059698
0.066990
0.061843
0.051216
0.076997
0.053560
0.052728
0.052515
0.040630
0.062312
0.041997
0.048607
0.043638
0.048188
0.060876
0.064509
0.072887
0.055552
0.055238
0.059128
0.057301
0.056786
0.075336
0.056225
0.050358
0.051254
0.052564
0.052156
0.057248
0.053688
0.053386
0.052874
0.059419
0.068912
0.051312
0.052083
0.051909
0.051380
0.059504
0.054049
0.056588
0.067355
0.064280
0.070090
0.056670
0.064250
0.065704
0.062395
0.072674
0.065329
0.073234
0.089655
0.068610
0.078255
0.074606
0.070515
0.063677
0.053664
0.053545
0.061633
0.064790
0.055226
0.055358
0.058003
0.048129
0.043093
0.061868
0.052729
0.060133
0.063837
0.052065
0.052994
0.057815
0.056272
0.062516
0.059955
0.058875
0.095764
0.059142
0.058452
0.060224
0.065294
0.066874
0.054701
0.058219
0.058241
0.052719
0.052312
0.060910
0.058930
0.052538
0.052286
0.053202
0.059036
0.049567
0.060089
0.055046
0.053579
0.058696
0.053600
0.065546
0.062409
0.070456
0.058322
0.053341
0.056103
0.065875
0.079955
0.071263
0.054925
0.062100
0.067306
0.065332
0.056585
0.065401
0.058834
0.058322
0.058513
0.057184
0.052784
0.052432
0.052738
0.057095
0.069955
0.054552
0.058534
0.055845
0.054909
0.057449
0.049830
0.066725
0.055713
0.053116
0.056126
0.052438
0.052715
0.055206
0.054125
0.061152
0.052264
0.057995
0.055159
0.050531
0.055084
0.050503
0.058597
0.057741
0.051204
0.064274
0.060006
0.063433
0.073697
0.061529
0.069176
0.056399
0.050683
0.052219
0.055147
0.064042
0.062653
0.058834
0.053095
0.068601
0.055359
0.055211
0.055546
0.058499
0.056722
0.056646
0.060040
0.061026
0.065838
0.060632
0.052497
0.067557
0.056487
0.051188
0.053768
0.065270
0.068337
0.066311
0.062430
0.054313
0.057923
0.051881
0.062834
0.054703
0.059059
0.063385
0.057775
0.059125
0.052533
0.056337
0.055977
0.055636
0.055175
0.055914
0.055920
0.055809
0.053142
0.058028
0.076941
0.071698
0.059154
0.055235
0.053714
0.053872
0.057415
0.059209
0.058614
0.058082
0.062657
0.056650
0.053246
0.051096
0.052195
0.060851
0.055929
0.057575
0.053250
0.051059
0.053967
0.060262
0.056955
0.057701
0.055394
0.057566
0.057096
0.058267
0.063968
0.051254
0.080796
0.060669
0.057275
0.052230
0.052294
0.058827
0.059355
0.058128
0.051422
0.051493
0.052438
0.055027
0.057531
0.050284
0.051011
0.066524
0.067181
0.051832
0.051498
0.049890
0.061772
0.050403
0.051104
0.054109
0.049268
0.055065
0.055477
0.049595
0.058481
0.051115
0.050943
0.053215
0.054576
0.059605
0.071271
0.062208
0.052670
0.058477
0.062123
0.058714
0.052647
0.052491
0.059721
0.058814
0.051101
0.054217
0.056145
0.051341
0.058054
0.052331
0.052985
0.051090
0.064097
0.053064
0.050407
0.053325
0.051034
0.060844
0.051858
0.051203
0.051130
0.060425
0.051642
0.054347
0.060478
0.051911
0.050369
0.056296
0.057145
0.052102
0.054807
0.060121
0.051990
0.060171
0.055470
0.051369
0.057443
0.053628
0.073601
0.064935
0.065215
0.072338
0.083906
0.050910
0.039879
0.042705
0.052119
0.054422
0.050611
0.058957
0.056643
0.052152
0.051537
0.050515
0.051279
0.054154
0.056040
0.050541
0.061371
0.049474
0.051660
0.050823
0.056125
0.051828
0.051275
0.056060
0.052447
0.050074
0.057562
0.056030
0.056266
0.060717
0.057775
0.060858
0.060292
0.051405
0.089418
0.089915
0.051468
0.063587
0.091629
0.080938
0.082392
0.051983
0.048097
0.063424
0.060927
0.039346
0.063724
0.061007
0.043945
0.040071
0.039480
0.042914
0.050097
0.038980
0.043669
0.039511
0.042804
0.045501
0.048244
0.042428
0.056643
0.075144
0.065730
0.071235
0.064518
0.064122
0.063803
0.058158
0.049603
0.061308
0.063103
0.060130
0.052721
0.052046
0.057969
0.061132
0.052371
0.052202
0.053803
0.059626
0.049521
0.062280
0.057632
0.052771
0.055025
0.056048
0.060057
0.053262
0.060073
0.058630
0.055964
0.056175
0.051195
0.057050
0.059093
0.055927
0.061405
0.064723
0.063062
0.058925
0.058034
0.051605
0.050946
0.057030
0.060133
0.070185
0.058013
0.062320
0.063566
0.061858
0.064205
0.051545
0.056313
0.061655
0.051297
0.056221
0.058145
0.055326
0.052992
0.051463
0.052256
0.051346
0.057958
0.055956
0.057246
0.052507
0.056171
0.051768
0.057583
0.051883
0.051169
0.058660
0.047607
0.050713
0.041683
0.052093
0.046705
0.039158
0.057610
0.054932
0.073580
0.066992
0.051264
0.053917
0.050900
0.051172
0.056478
0.060809
0.057362
0.046922
0.046890
0.038757
0.047860
0.056343
0.039373
0.045815
0.038817
0.041310
0.075610
0.064562
0.064286
0.063413
0.065019
0.065668
0.064763
0.064994
0.064677
0.063523
0.052060
0.048954
0.050063
0.062060
0.061087
0.047826
0.061576
0.057120
0.052445
0.060152
0.087635
0.052768
0.060843
0.057642
0.059675
0.058050
0.052927
0.052134
0.050886
0.056236
0.057694
0.049965
0.055942
0.055208
0.063464
0.069746
0.059878
0.052735
0.051841
0.052806
0.057274
0.052809
0.057793
0.054394
0.060769
0.052375
0.050977
0.060544
0.051388
0.055678
0.064638
0.064108
0.057458
0.055189
0.058244
0.058668
0.052114
0.058142
0.049906
0.054525
0.051009
0.046023
0.042461
0.039242
0.041235
0.038479
0.052367
0.057405
0.051303
0.054706
0.064198
0.067059
0.057782
0.054380
0.049810
0.065839
0.057471
0.051813
0.050247
0.056186
0.064293
0.051301
0.057098
0.066936
0.052217
0.052386
0.052316
0.060560
0.051802
0.056978
0.063766
0.052822
0.048725
0.085768
0.075038
0.061914
0.049705
0.051503
0.064818
0.064574
0.066366
0.064290
0.065418
0.051396
0.053228
0.049647
0.046973
0.051542
0.039601
0.038405
0.061759
0.062271
0.055489
0.065649
0.072530
0.078902
0.071168
0.068609
0.067811
0.079885
0.077407
0.070098
0.067299
0.050821
0.056148
0.099251
0.065194
0.076078
0.084695
0.066078
0.055792
0.066701
0.043831
0.043126
0.044326
0.040121
0.045554
0.066213
0.066024
0.057210
0.054575
0.050292
0.049160
0.053924
0.055259
0.048881
0.048019
0.049278
0.040831
0.042133
0.050041
0.049861
0.053967
0.040572
0.061658
0.061045
0.059628
0.060673
0.054596
0.057818
0.067076
0.072105
0.073241
0.055411
0.057379
0.060170
0.049263
0.058200
0.052758
0.053989
0.052789
0.058118
0.057104
0.052556
0.049930
0.058457
0.057445
0.058256
0.052855
0.051573
0.052345
0.052497
0.052165
0.051651
0.063075
0.074451
0.058483
0.060899
0.059221
0.063170
0.065293
0.071501
0.067631
0.063691
0.049812
0.055360
0.065499
0.052405
0.051850
0.062502
0.060046
0.081261
0.064810
0.065666
0.059220
0.056613
0.065247
0.062634
0.065522
0.064009
0.068341
0.060542
0.058170
0.055521
0.050784
0.053314
0.057382
0.064179
0.060344
0.049568
0.061171
0.070481
0.063167
0.060121
0.059847
0.056887
0.052910
0.052973
0.056600
0.051498
0.065824
0.051832
0.058736
0.051141
0.055844
0.056552
0.058412
0.057685
0.058304
0.061211
0.061385
0.062023
0.057514
0.059040
0.057690
0.079664
0.055917
0.056801
0.057166
0.056443
0.052104
0.051140
0.053181
0.066802
0.069541
0.054571
0.060245
0.060898
0.053014
0.057493
0.065717
0.063079
0.059574
0.053074
0.056392
0.058155
0.051733
0.053237
0.059808
0.053146
0.066744
0.053967
0.052325
0.069861
0.052302
0.057507
0.057891
0.065547
0.065549
0.065113
0.062175
0.065018
0.058003
0.065614
0.061337
0.054040
0.054888
0.057843
0.055019
0.064054
0.058071
0.062875
0.066467
0.056326
0.050950
0.056699
0.059355
0.077853
0.065870
0.058908
0.053178
0.053619
0.059355
0.052259
0.057088
0.054132
0.067136
0.063862
0.053999
0.056769
0.061668
0.068589
0.054730
0.057584
0.058876
0.059151
0.063375
0.066481
0.052482
0.055865
0.054828
0.059767
0.057406
0.060944
0.058960
0.059687
0.056082
0.053113
0.053535
0.057383
0.050784
0.053516
0.059353
0.057843
0.058247
0.056680
0.057970
0.058062
0.057859
0.052100
0.057049
0.049885
0.052804
0.064076
0.073498
0.051737
0.053346
0.064656
0.066170
0.066328
0.055779
0.054709
0.054172
0.055745
0.054202
0.052248
0.051558
0.055952
0.057756
0.071290
0.072282
0.068869
0.080833
0.060573
0.053228
0.070129
0.054292
0.056013
0.058291
0.057666
0.060156
0.060222
0.070699
0.053124
0.054544
0.064308
0.062068
0.052805
0.053705
0.052269
0.060227
0.067875
0.067237
0.057100
0.059150
0.055292
0.053970
0.063258
0.056226
0.059126
0.072673
0.054655
0.059499
0.059155
0.052426
0.057330
0.052801
0.052447
0.054904
0.056314
0.065293
0.057745
0.051129
0.052391
0.055876
0.063687
0.054996
0.064646
0.056784
0.060166
0.057490
0.052676
0.052549
0.054941
0.057487
0.058833
0.060359
0.052811
0.061531
0.061347
0.060704
0.051922
0.052084
0.050339
0.053906
0.050217
0.059972
0.059115
0.061712
0.059771
0.063498
0.052746
0.059824
0.057690
0.058256
0.052570
0.053723
0.059748
0.073379
0.059524
0.064526
0.059003
0.052194
0.052565
0.057642
0.057522
0.050076
0.052465
0.051529
0.053756
0.070710
0.071014
0.062052
0.064503
0.052343
0.051268
0.051029
0.055037
0.051649
0.051018
0.052935
0.051905
0.052400
0.056714
0.057582
0.061744
0.059372
0.063917
0.050351
0.061619
0.065135
0.064425
0.059286
0.059441
0.056464
0.050823
0.062874
0.063902
0.056356
0.056710
0.058982
0.056226
0.058372
0.055106
0.063926
0.073733
0.087688
0.068278
0.059042
0.063146
0.052800
0.053905
0.050461
0.050422
0.055357
0.056916
0.052986
0.055472
0.052038
0.052859
0.044710
0.051136
0.050483
0.058399
0.052331
0.054232
0.052176
0.057602
0.052876
0.061404
0.056086
0.061060
0.070544
0.052382
0.059294
0.055351
0.051608
0.067690
0.067867
0.061556
0.055090
0.063061
0.068543
0.067069
0.059023
0.062294
0.053165
0.063582
0.060095
0.057909
0.055386
0.056949
0.058325
0.059355
0.053500
0.051904
0.064517
0.059695
0.069735
0.055035
0.055260
0.062708
0.057812
0.078642
0.056907
0.057832
0.066782
0.064130
0.064612
0.064080
0.058302
0.065036
0.059966
0.052422
0.058977
0.056040
0.054371
0.052778
0.051921
0.052114
0.051350
0.069749
0.061205
0.053231
0.063556
0.072211
0.055889
0.060601
0.075386
0.064979
0.055452
0.058478
0.060226
0.060729
0.061652
0.066976
0.065157
0.061482
0.060766
0.069065
0.053113
0.053244
0.071244
0.070826
0.062912
0.058038
0.054193
0.055030
0.069568
0.051506
0.069843
0.065926
0.063957
0.059454
0.064953
0.058917
0.059034
0.057841
0.053274
0.061885
0.051778
0.042133
0.047330
0.038719
0.039401
0.052300
0.056279
0.063076
0.052374
0.056041
0.056652
0.053146
0.054869
0.057757
0.068235
0.063591
0.056830
0.062933
0.057503
0.056916
0.055958
0.059771
0.052551
0.068905
0.078424
0.071751
0.062863
0.063493
0.073333
0.066717
0.058059
0.057990
0.042145
0.058416
0.063565
0.058376
0.061766
0.054455
0.058228
0.057895
0.062576
0.061405
0.056241
0.053580
0.052429
0.052221
0.052022
0.053784
0.061285
0.055744
0.053345
0.056468
0.064611
0.058402
0.056876
0.058924
0.057208
0.053180
0.056638
0.059348
0.060258
0.059552
0.063598
0.064959
0.072145
0.073511
0.060008
0.053362
0.059618
0.054141
0.057093
0.052762
0.063849
0.059963
0.058832
0.050395
0.060417
0.061761
0.061692
0.056715
0.061029
0.057098
0.065850
0.054548
0.056765
0.056185
0.052869
0.052850
0.060318
0.069184
0.067999
0.059384
0.058414
0.057925
0.062392
0.057048
0.059970
0.062124
0.061508
0.055089
0.073079
0.065208
0.059061
0.060380
0.065506
0.057541
0.054785
0.053668
0.057159
0.058546
0.058303
0.067799
0.058019
0.059714
0.055526
0.053272
0.050770
0.056079
0.054884
0.059376
0.061179
0.058500
0.057224
0.056937
0.059428
0.057690
0.059354
0.060385
0.051878
0.054263
0.055645
0.080790
0.052556
0.065508
0.054272
0.053160
0.071038
0.059741
0.053439
0.061032
0.052939
0.061975
0.053179
0.051714
0.057008
0.058237
0.057355
0.056620
0.060792
0.058833
0.056275
0.062119
0.053500
0.052033
0.054077
0.053086
0.085984
0.060945
0.067338
0.066146
0.053771
0.052353
0.051417
0.063344
0.079085
0.051461
0.056234
0.056468
0.064555
0.054770
0.052881
0.062223
0.060160
0.060248
0.062259
0.066323
0.065284
0.059074
0.064405
0.058943
0.057883
0.055902
0.056499
0.058197
0.057291
0.058413
0.052579
0.063627
0.062739
0.058910
0.054876
0.059127
0.055413
0.067374
0.073515
0.064500
0.065483
0.067439
0.066438
0.086265
0.059408
0.064561
0.077251
0.078049
0.092334
0.071660
0.065812
0.080316
0.091212
0.093335
0.072051
0.068171
0.061661
0.060846
0.052128
0.056626
0.068786
0.056401
0.055361
0.056766
0.053634
0.057694
0.079047
0.055173
0.053090
0.056407
0.052121
0.052396
0.056939
0.053893
0.052179
0.063083
0.059347
0.072151
0.073419
0.065511
0.087544
0.096064
0.078353
0.094074
0.074706
0.067810
0.062330
0.061977
0.061917
0.057444
0.083432
0.080399
0.068379
0.078160
0.074958
0.067662
0.081150
0.078094
0.049027
0.042690
0.041160
0.038657
0.041092
0.050227
0.062365
0.080210
0.064265
0.051879
0.052285
0.052282
0.052689
0.060316
0.052456
0.054332
0.054134
0.059114
0.058349
0.059657
0.057105
0.057410
0.052342
0.070407
0.065062
0.056965
0.058658
0.054929
0.064410
0.062822
0.080659
0.094835
0.051824
0.052968
0.053574
0.059652
0.057353
0.051348
0.065524
0.063238
0.060684
0.051086
0.052796
0.056411
0.062441
0.078542
0.064824
0.052419
0.059907
0.052338
0.056202
0.058213
0.087229
0.073268
0.059228
0.056071
0.057485
0.051832
0.051477
0.055141
0.056130
0.057771
0.054564
0.059580
0.066636
0.055589
0.056880
0.057798
0.055935
0.069739
0.064086
0.060467
0.049179
0.067071
0.057740
0.059340
0.052933
0.044975
0.041500
0.042411
0.041048
0.052812
0.041281
0.054200
0.040398
0.052330
0.044182
0.040186
0.060715
0.052464
0.050810
0.052294
0.063376
0.061622
0.070663
0.055397
0.065204
0.063591
0.073630
0.059198
0.059182
0.060816
0.055301
0.058039
0.071517
0.062759
0.050947
0.051470
0.053647
0.053669
0.050926
0.054648
0.052061
0.052061
0.054866
0.058579
0.064023
0.051600
0.052742
0.063110
0.061549
0.051781
0.051912
0.055063
0.063963
0.052043
0.051395
0.062534
0.057956
0.052503
0.053795
0.051489
0.057648
0.080173
0.055415
0.053417
0.052279
0.052489
0.064038
0.064523
0.056059
0.052781
0.058689
0.061867
0.053747
0.056276
0.056985
0.057249
0.051022
0.060236
0.051830
0.051891
0.051763
0.054493
0.076482
0.059556
0.058053
0.058264
0.051991
0.052287
0.055625
0.058247
0.059317
0.065562
0.058356
0.057097
0.058084
0.058203
0.057798
0.057752
0.060644
0.065507
0.065391
0.071170
0.057081
0.052071
0.051569
0.083999
0.076808
0.086910
0.065663
0.055486
0.055113
0.056785
0.061546
0.057301
0.056688
0.053551
0.058667
0.055667
0.067518
0.069173
0.070917
0.057318
0.052847
0.058953
0.058650
0.067374
0.056708
0.057478
0.060575
0.052200
0.046478
0.039997
0.052112
0.052346
0.057342
0.056994
0.057121
0.072259
0.060658
0.052390
0.058470
0.057271
0.056398
0.061653
0.060475
0.071831
0.061657
0.057044
0.052829
0.057158
0.053390
0.057100
0.053782
0.058978
0.070817
0.058492
0.059357
0.059597
0.053462
0.058842
0.058475
0.063440
0.071916
0.067869
0.070816
0.064690
0.066504
0.092082
0.066048
0.069819
0.051987
0.052517
0.053858
0.055607
0.055579
0.058571
0.089115
0.051915
0.051773
0.051902
0.051321
0.052556
0.066403
0.090119
0.083026
0.080114
0.075334
0.093497
0.092257
0.091007
0.068160
0.066313
0.078723
0.074346
0.084364
0.086604
0.077930
0.077091
0.097332
0.073741
0.068743
0.041903
0.041213
0.047463
0.067397
0.043938
0.041162
0.041240
0.047484
0.052937
0.056633
0.050991
0.052207
0.051499
0.051471
0.050967
0.052444
0.055091
0.053965
0.054775
0.051646
0.042083
0.040766
0.051657
0.091758
0.072493
0.052613
0.051836
0.052596
0.085970
0.086101
0.065711
0.074949
0.068240
0.056554
0.053202
0.058061
0.053245
0.053536
0.059201
0.056954
0.052463
0.052280
0.051692
0.067793
0.069058
0.058403
0.068677
0.064498
0.068957
0.073733
0.053931
0.054303
0.065673
0.058171
0.062597
0.059865
0.054519
0.056038
0.054409
0.064250
0.068468
0.058179
0.060336
0.059459
0.056459
0.058226
0.067955
0.073522
0.061437
0.059537
0.061513
0.052670
0.056944
0.052302
0.052324
0.052061
0.055964
0.058948
0.053815
0.053449
0.054042
0.058318
0.051614
0.053401
0.062993
0.059652
0.052891
0.048020
0.057508
0.064489
0.063744
0.058053
0.055212
0.055746
0.054354
0.053995
0.053527
0.054359
0.056818
0.069041
0.063190
0.058364
0.057188
0.057669
0.057837
0.058598
0.052200
0.060819
0.063382
0.051620
0.057255
0.057123
0.058164
0.059834
0.063434
0.052793
0.052491
0.052317
0.052450
0.052791
0.054180
0.054042
0.060870
0.058820
0.051854
0.057281
0.068180
0.061402
0.051850
0.055152
0.050266
0.061078
0.049749
0.052078
0.051320
0.052089
0.059441
0.067441
0.056062
0.055526
0.056185
0.056775
0.057569
0.057042
0.051404
0.061151
0.087034
0.061149
0.050913
0.056829
0.051581
0.053113
0.052265
0.051297
0.051653
0.053178
0.056938
0.062696
0.056127
0.059427
0.061196
0.052025
0.051884
0.065047
0.050827
0.052484
0.056570
0.057483
0.055830
0.054918
0.052679
0.055683
0.074350
0.051979
0.052423
0.052283
0.053352
0.056129
0.081491
0.067023
0.051950
0.053051
0.051803
0.055728
0.055336
0.058419
0.085087
0.059764
0.053293
0.059426
0.072090
0.059670
0.051737
0.052308
0.053546
0.053797
0.052842
0.052942
0.054608
0.052444
0.053568
0.052294
0.055136
0.052671
0.050971
0.057314
0.064202
0.054183
0.065001
0.043338
0.051810
0.040807
0.041411
0.044206
0.040920
0.059054
0.052891
0.055803
0.052796
0.053314
0.054296
0.064335
0.067100
0.053409
0.053156
0.059821
0.077411
0.063259
0.077866
0.066948
0.056326
0.057440
0.052825
0.064913
0.064284
0.054504
0.053614
0.059198
0.060018
0.052552
0.053537
0.053333
0.054726
0.052830
0.052476
0.052437
0.056211
0.065049
0.070425
0.058906
0.053959
0.057100
0.055726
0.053408
0.053341
0.054717
0.054132
0.070261
0.063106
0.069122
0.062040
0.052949
0.052998
0.058346
0.060190
0.055601
0.058531
0.047964
0.069649
0.063291
0.081607
0.079660
0.058115
0.053349
0.053646
0.052500
0.052693
0.052144
0.059395
0.059317
0.048458
0.046752
0.055628
0.056086
0.055226
0.050489
0.053365
0.055867
0.066304
0.060181
0.056771
0.056948
0.059183
0.075287
0.067288
0.054098
0.051419
0.052073
0.063239
0.052728
0.051875
0.052718
0.051874
0.059367
0.067599
0.066097
0.066274
0.051132
0.056681
0.055518
0.060095
0.051273
0.061411
0.060189
0.064888
0.063599
0.052921
0.052777
0.051373
0.052652
0.053312
0.057566
0.052144
0.052871
0.053689
0.054358
0.061768
0.053924
0.051926
0.050601
0.052231
0.063075
0.064401
0.050630
0.050159
0.054790
0.070207
0.071011
0.058017
0.048831
0.045910
0.039647
0.057483
0.052594
0.059822
0.055916
0.055943
0.061242
0.065300
0.052695
0.057046
0.062433
0.056325
0.062528
0.053023
0.051598
0.051480
0.053185
0.061618
0.052146
0.051945
0.051971
0.051964
0.056817
0.085172
0.051191
0.044430
0.046976
0.056667
0.054256
0.052069
0.055972
0.055494
0.058126
0.069380
0.052643
0.050684
0.056026
0.066736
0.061255
0.067508
0.059325
0.051440
0.050786
0.060714
0.076765
0.071786
0.062674
0.058347
0.073149
0.055166
0.057324
0.055706
0.058054
0.054751
0.056330
0.057104
0.068715
0.052975
0.057554
0.058492
0.055192
0.050783
0.059934
0.056679
0.078280
0.054265
0.051561
0.063555
0.053722
0.051048
0.051925
0.059086
0.059478
0.060880
0.065689
0.062792
0.086347
0.063947
0.054171
0.060919
0.055992
0.054403
0.042918
0.048633
0.050117
0.069425
0.064179
0.070734
0.053199
0.051153
0.057130
0.060688
0.054669
0.055609
0.057023
0.059788
0.062849
0.055667
0.057027
0.053623
0.086696
0.065295
0.063946
0.072701
0.074625
0.051504
0.061641
0.056445
0.058629
0.059896
0.075162
0.077529
0.072133
0.087646
0.071194
0.058413
0.054679
0.053344
0.057598
0.051277
0.057381
0.057353
0.053765
0.051189
0.056894
0.057947
0.052170
0.055139
0.061517
0.084867
0.087468
0.052506
0.051533
0.052463
0.052554
0.051554
0.050655
0.054258
0.056030
0.054919
0.064003
0.051372
0.042447
0.048845
0.068635
0.070720
0.057362
0.054580
