487	213	136	235
486	211	137	241
478	211	138	242
473	211	136	242
468	213	136	241
463	213	137	242
467	214	137	242
488	214	134	241
511	215	132	241
531	214	134	240
549	215	134	239
566	216	133	240
579	217	134	238
593	218	136	238
605	218	137	238
611	218	138	239
619	217	138	241
622	216	141	244
624	217	144	244
623	216	149	245
619	217	154	245
617	219	156	240
618	217	156	238
620	218	155	236
621	218	155	236
619	218	151	237
619	217	150	242
615	216	154	241
584	216	185	240
552	213	216	239
553	212	218	235
536	211	236	235
523	210	251	232
514	209	261	229
507	213	270	227
498	215	289	220
492	217	301	218
491	217	310	223
488	214	321	229
478	213	339	242
475	209	348	248
468	204	362	263
454	201	386	266
461	201	390	257
460	203	403	252
460	203	414	246
464	207	417	249
467	210	431	240
467	214	447	233
475	214	450	232
466	214	467	234
465	215	474	227
462	214	485	230
463	217	472	232
462	216	498	233
465	216	506	227
457	220	522	219
470	223	522	223
484	226	475	225
512	227	386	234
516	233	429	221
524	241	367	224
574	242	396	220
581	242	401	213
603	240	382	209
616	236	349	226
642	237	339	219
638	242	337	207
673	249	309	227
696	252	278	210
710	256	273	229
729	269	268	166
745	281	246	127
771	292	214	117
785	313	202	93
804	330	190	95
829	358	164	80
846	365	148	116
867	379	119	115
888	383	93	116
904	397	59	91
857	375	126	133
774	292	292	238
358	306	402	161
428	278	244	187
435	278	266	230
440	279	289	190
444	279	309	215
446	274	337	222
458	272	348	218
460	274	368	210
476	277	357	201
506	282	337	180
491	283	367	176
508	284	366	182
522	280	360	205
543	276	363	197
563	270	341	201
584	262	330	214
607	254	323	217
632	250	294	207
652	248	248	208
672	251	329	195
682	260	330	186
604	271	417	175
510	272	406	193
502	271	393	192
500	269	384	230
494	265	504	250
492	253	507	261
489	283	331	252
512	271	466	238
521	272	457	235
464	286	500	232
450	295	505	216
429	292	507	243
460	312	402	204
396	307	315	220
432	311	289	193
368	314	374	200
320	369	308	162
295	339	470	201
288	371	346	208
269	368	360	220
259	362	371	221
256	364	309	232
268	363	295	228
247	375	329	211
307	383	283	187
308	385	328	186
289	382	402	192
385	368	340	181
351	356	424	178
402	341	425	175
456	335	415	192
486	339	399	177
533	341	327	166
575	351	292	156
502	350	506	134
501	337	564	151
526	327	547	151
531	327	530	220
558	311	368	279
573	343	221	198
578	344	361	189
582	340	398	184
599	339	257	193
619	334	280	196
627	329	405	201
596	320	345	210
600	318	338	203
608	317	332	201
604	318	352	196
617	318	347	199
616	317	364	194
615	310	379	198
611	301	384	197
602	292	398	203
580	292	421	192
586	293	406	167
557	293	432	152
513	290	477	194
523	287	463	196
504	286	487	217
499	287	472	219
496	279	467	244
487	280	439	246
505	286	354	237
508	272	291	260
532	290	257	229
551	271	285	243
567	282	240	224
588	276	218	214
614	268	214	215
634	264	177	228
654	266	199	229
680	271	171	217
704	282	205	184
729	289	199	167
755	288	200	167
768	284	197	174
764	268	218	175
517	279	475	170
526	279	440	193
533	291	460	176
530	292	462	169
542	284	455	181
551	276	451	181
561	271	167	178
575	267	167	164
591	257	168	171
606	260	175	156
625	260	171	154
597	255	196	158
598	251	216	171
632	245	217	175
621	244	233	169
635	239	245	190
646	237	226	176
656	230	241	183
653	224	264	203
655	220	264	205
666	214	257	207
663	211	267	211
663	210	261	212
662	203	281	214
662	204	281	212
657	200	292	219
651	198	307	210
631	214	318	208
628	225	332	194
621	242	335	200
616	255	332	184
615	264	334	175
611	272	340	185
613	281	342	187
608	286	343	199
603	294	349	203
594	302	352	205
552	308	373	206
597	311	185	203
590	323	192	193
588	331	177	192
583	337	188	188
568	339	216	189
579	338	300	199
581	341	218	196
550	340	359	199
565	335	276	206
560	345	275	192
569	349	370	188
588	350	286	199
609	354	371	181
621	352	372	196
646	352	331	198
663	351	314	184
684	343	289	187
698	339	371	190
710	335	320	207
722	336	298	193
746	337	303	186
758	340	308	187
779	346	324	192
798	354	305	190
808	362	313	188
822	367	307	192
830	371	307	196
840	373	307	197
847	374	270	192
846	371	300	194
847	367	309	201
847	366	276	186
833	362	276	194
810	353	301	206
794	348	311	201
772	339	305	210
747	333	306	198
713	323	288	204
681	318	304	208
643	310	333	205
613	300	291	209
583	294	293	211
548	288	298	209
522	283	318	215
501	283	293	205
473	277	306	212
463	273	286	210
453	273	297	197
428	271	307	190
417	272	309	189
408	277	305	195
394	288	304	192
382	297	306	203
364	315	303	195
347	332	311	198
326	346	298	196
305	357	307	197
292	372	308	196
277	380	313	199
262	387	324	205
249	388	296	200
229	387	312	197
215	383	310	200
210	376	315	211
209	364	304	195
203	350	262	213
205	340	235	197
204	334	308	207
203	332	313	214
218	334	296	206
245	338	303	205
265	345	322	205
294	351	255	190
338	358	326	200
373	360	218	192
415	371	339	205
453	376	219	196
485	382	320	201
517	389	291	194
572	390	244	195
610	383	220	191
643	375	253	204
675	365	204	205
697	352	208	209
721	340	200	212
751	328	209	217
785	320	192	214
814	310	198	216
840	308	194	213
862	306	193	210
880	302	191	212
897	298	191	213
907	297	192	216
911	299	190	216
912	302	189	218
910	309	191	216
904	317	188	217
889	325	193	212
854	332	189	209
817	336	188	206
792	337	187	212
771	339	191	211
747	340	190	212
721	343	188	209
696	341	191	210
675	341	192	209
661	337	192	210
646	334	190	211
632	329	191	211
622	324	195	211
615	318	196	211
611	312	195	210
605	304	199	214
603	297	202	214
598	289	224	217
592	283	281	217
587	279	271	218
586	279	191	209
584	280	233	211
581	280	285	211
575	282	227	206
572	283	281	206
567	285	286	213
564	285	201	215
563	287	195	203
557	286	196	200
553	287	185	194
551	287	187	195
550	289	184	192
547	289	248	199
552	290	183	196
553	291	181	194
556	294	180	194
556	295	228	195
562	296	194	196
565	298	184	189
570	300	179	191
574	300	181	190
577	304	181	191
579	305	182	190
581	306	180	192
582	309	181	193
584	312	180	191
585	316	179	193
584	320	181	192
582	324	180	193
579	329	182	195
577	333	183	196
573	337	185	200
572	342	187	203
570	347	189	204
568	351	191	207
568	355	193	210
567	360	199	211
566	365	197	214
565	368	196	215
563	372	203	218
561	374	202	218
560	376	206	218
559	381	214	220
552	381	221	227
549	384	223	224
518	384	261	231
542	382	234	236
506	384	279	233
527	381	262	241
495	378	293	241
508	369	284	241
493	357	292	246
492	341	307	251
493	327	303	260
481	315	311	262
480	301	291	272
475	294	326	270
476	285	263	271
469	279	323	274
463	276	337	279
451	271	357	287
445	271	310	297
425	267	388	276
431	270	370	297
432	269	420	305
429	270	355	319
453	270	426	316
452	281	436	322
451	282	463	320
458	287	461	324
475	293	475	305
490	295	480	302
504	294	473	300
513	301	475	294
517	293	480	312
532	289	482	319
530	293	487	324
534	281	502	336
546	289	501	333
564	286	487	338
571	288	500	343
588	289	501	344
602	293	506	348
614	288	503	357
610	290	509	362
615	294	507	360
607	294	516	373
606	294	496	381
601	290	486	403
592	287	474	409
587	276	472	429
578	280	474	431
567	271	476	427
544	280	483	421
524	279	436	425
505	284	437	422
482	289	314	412
458	290	322	429
441	298	434	421
437	301	328	415
420	309	326	407
408	317	333	402
396	312	347	406
382	310	350	405
370	312	359	406
370	313	360	405
367	315	358	404
360	314	364	405
358	318	373	398
363	318	368	398
370	321	356	396
372	323	357	396
373	326	365	390
382	328	356	390
379	325	360	392
383	323	352	394
384	314	360	403
393	313	369	406
396	305	366	410
405	298	357	420
407	287	346	429
414	260	340	459
422	176	340	536
434	186	327	506
443	128	313	542
455	108	297	542
472	85	278	574
485	75	273	552
498	73	254	524
506	72	242	514
511	73	237	503
515	76	242	489
518	76	244	486
521	72	246	482
522	57	270	490
522	52	280	490
521	43	285	479
522	33	283	477
519	20	288	478
517	8	300	453
514	0	340	435
511	0	315	410
511	0	288	404
505	0	313	400
494	0	289	399
473	0	278	402
465	0	282	403
460	0	272	415
457	0	266	421
451	0	269	437
444	0	296	448
440	0	231	457
439	0	211	453
432	0	202	436
423	0	190	429
416	0	189	416
408	0	207	426
399	3	266	427
385	1	274	442
364	10	268	450
349	12	274	452
340	22	276	458
340	27	271	451
339	31	270	461
340	29	269	459
339	43	268	462
336	60	272	463
332	79	276	459
336	89	274	458
336	107	272	449
338	115	271	452
336	134	264	447
339	155	261	451
343	171	255	463
352	192	256	464
362	198	250	478
369	221	260	471
381	244	244	461
397	253	240	460
416	264	241	452
434	272	237	445
459	279	229	438
483	285	232	412
493	293	234	414
506	289	232	391
520	285	228	419
527	279	235	411
543	273	230	409
553	263	230	401
560	256	230	414
570	248	229	402
605	249	189	417
614	246	181	431
610	249	191	437
604	249	204	439
610	247	208	430
598	244	210	441
593	241	230	434
569	244	245	442
574	241	244	440
571	255	239	447
574	257	237	443
561	275	238	431
552	277	244	436
545	284	244	430
548	287	233	431
524	297	246	421
527	297	234	422
510	295	238	421
507	296	232	423
486	294	239	425
470	289	238	428
453	295	240	424
438	293	240	426
426	298	238	420
418	290	231	427
404	288	226	428
389	277	225	441
373	271	226	443
363	260	227	450
356	248	225	441
347	235	225	447
338	221	229	444
331	206	231	447
328	195	228	448
324	180	227	450
321	168	225	447
321	156	221	447
321	149	221	444
320	144	221	441
317	136	223	442
314	132	221	438
306	121	221	440
301	110	222	440
301	99	223	440
301	84	226	442
299	75	235	442
304	59	232	451
305	40	238	466
308	40	235	457
311	33	235	460
311	34	239	455
314	32	242	456
316	33	243	457
318	36	239	458
320	42	232	451
318	46	225	445
314	54	223	434
302	58	225	430
294	64	226	427
282	75	231	425
272	83	230	426
258	92	238	429
251	103	234	429
245	110	232	425
240	119	236	421
239	125	238	417
236	135	242	413
234	138	246	418
233	151	245	415
233	164	251	413
232	171	263	418
236	179	267	422
245	187	277	420
251	200	283	419
261	198	290	426
293	213	291	418
317	214	293	421
335	224	294	423
358	224	298	418
382	221	299	415
399	220	305	406
404	214	323	401
431	205	316	405
419	199	341	408
455	193	330	410
448	187	348	412
479	179	342	420
512	177	318	420
506	180	335	412
531	172	324	418
542	166	326	416
567	157	316	421
583	147	317	424
595	138	318	423
552	126	371	427
528	117	411	435
517	107	434	436
514	97	451	434
523	85	447	437
527	79	452	435
531	70	453	434
532	68	460	428
648	58	343	435
540	63	451	422
535	52	459	421
534	41	458	428
530	38	459	426
531	33	468	429
529	31	464	430
525	33	470	424
524	29	470	426
525	31	475	419
528	23	472	424
542	22	469	423
546	11	469	428
642	6	390	431
584	6	450	419
580	0	477	423
586	2	476	414
591	2	480	415
600	1	472	416
602	3	478	415
608	4	476	418
616	2	475	424
619	12	479	421
618	22	476	417
617	36	481	417
615	46	484	421
618	56	480	425
613	69	470	427
599	78	466	426
587	90	480	428
578	96	470	429
565	111	486	426
554	115	478	428
542	128	493	425
536	135	487	421
527	141	498	419
527	140	490	421
522	138	493	423
521	135	502	425
526	133	500	426
529	133	498	428
533	134	498	427
536	135	495	425
541	137	498	422
543	141	494	421
545	141	493	423
545	146	497	420
548	150	490	419
545	152	493	423
541	155	489	424
534	153	493	426
520	156	495	422
510	152	507	420
502	153	505	418
498	150	510	419
491	149	501	416
474	152	522	415
470	149	510	416
463	144	516	420
464	141	510	420
463	139	511	418
467	140	513	417
468	138	516	419
471	142	523	417
473	144	528	416
473	150	533	416
474	155	537	418
478	160	535	417
482	164	534	416
493	168	522	414
500	170	520	417
500	170	513	418
502	170	513	418
499	171	510	415
496	168	517	423
487	167	530	421
479	172	541	416
485	169	533	410
485	171	538	415
487	171	531	407
488	166	538	409
490	161	531	405
492	157	527	402
492	151	526	401
491	144	528	403
490	136	523	408
487	127	523	414
484	121	529	413
480	112	519	419
474	104	519	421
464	100	525	423
467	94	528	422
464	92	533	424
467	89	531	429
472	91	531	431
479	90	521	426
486	94	521	424
480	88	532	431
500	97	521	422
501	98	518	423
499	97	527	424
499	97	529	425
508	95	512	427
508	92	523	429
510	92	512	431
509	93	517	430
510	92	514	431
507	90	512	431
503	85	519	431
501	83	507	432
502	78	505	434
500	81	503	433
499	77	504	438
497	80	505	435
502	81	498	437
499	86	497	436
493	90	501	434
485	91	500	435
475	91	506	434
468	93	513	434
462	98	513	432
456	102	511	426
448	104	516	425
438	105	516	423
428	105	527	421
420	109	529	414
415	107	536	411
411	109	536	411
407	110	540	410
401	112	546	410
400	114	549	415
394	118	551	413
391	120	555	411
386	120	558	411
384	119	556	410
381	117	557	413
379	119	561	409
374	119	569	409
376	122	570	409
365	124	581	411
361	123	582	410
359	123	591	417
357	119	597	419
360	123	596	416
362	122	594	417
361	123	606	419
362	124	606	415
348	127	627	415
346	126	640	419
348	126	642	413
350	126	646	409
351	129	649	407
346	127	660	407
349	131	659	407
352	130	665	409
349	133	671	412
343	132	681	408
334	136	698	411
326	139	706	407
323	143	717	402
315	144	729	401
314	148	734	404
311	151	737	398
317	151	732	397
324	153	729	399
329	146	727	406
333	151	724	404
334	146	723	404
342	147	716	407
340	144	716	404
360	143	695	412
362	138	693	413
370	139	683	411
372	137	687	411
383	135	677	414
386	134	681	414
395	133	683	416
397	133	689	413
398	133	704	411
417	131	696	413
426	130	699	414
431	129	704	417
442	130	702	419
458	131	694	415
461	131	698	416
462	132	703	415
465	133	703	415
470	134	706	412
461	134	719	410
463	135	725	414
466	134	724	408
461	137	732	409
454	138	740	414
457	143	740	404
461	147	743	402
464	151	741	398
466	152	739	404
469	150	735	407
466	150	738	412
474	150	725	412
467	151	730	408
473	154	720	408
471	151	722	410
483	153	705	414
479	152	711	411
492	155	687	411
495	155	679	409
475	157	695	409
486	155	682	415
488	156	679	412
486	161	681	408
486	160	680	412
486	162	677	415
487	163	673	411
478	165	678	410
473	168	678	409
472	169	675	408
468	171	676	406
461	174	679	406
459	173	677	407
452	173	683	409
456	173	677	410
451	176	682	409
459	175	673	412
451	182	684	403
444	179	687	409
446	182	687	411
447	186	690	405
441	187	700	406
431	187	710	405
439	188	700	408
440	191	707	404
440	194	711	403
451	191	713	405
448	188	717	405
461	183	707	408
459	177	711	407
470	176	702	407
475	174	702	407
477	175	700	405
481	178	701	404
485	181	700	403
493	183	706	403
493	183	704	407
498	186	702	404
500	190	712	402
500	190	710	407
502	197	710	407
506	199	709	406
503	200	715	407
494	204	721	409
497	210	719	407
481	214	735	407
477	216	737	406
477	220	740	407
489	219	733	404
486	222	727	407
483	221	744	403
480	219	744	405
480	216	742	408
481	217	738	409
480	222	742	407
476	223	746	407
472	224	753	404
473	224	750	406
469	224	754	405
470	228	749	405
470	230	756	403
468	231	750	405
469	236	755	406
465	236	755	407
467	240	751	407
467	242	762	407
467	239	755	413
468	243	756	406
465	242	760	407
468	245	756	408
463	246	764	409
464	247	761	410
467	247	759	412
464	248	762	411
468	249	755	415
463	251	755	413
463	251	758	417
464	250	753	415
464	250	760	417
463	249	755	417
460	250	764	417
460	253	761	411
464	249	756	410
471	237	755	422
477	227	751	430
481	219	749	434
491	222	734	425
497	206	733	438
497	199	732	440
501	190	740	448
500	186	732	452
502	170	735	464
501	167	720	465
505	157	728	471
506	151	719	472
505	147	718	472
506	142	721	471
504	132	723	477
505	130	728	471
507	123	730	471
507	123	729	466
509	107	731	478
513	108	724	470
504	101	731	470
512	108	726	468
506	100	721	471
509	105	724	469
501	100	721	470
499	96	721	473
505	103	710	465
491	101	715	468
492	105	718	468
480	106	712	467
474	101	723	478
475	122	713	456
468	117	715	461
462	109	718	473
465	107	719	478
467	120	711	462
458	107	721	473
460	107	722	476
463	108	713	471
463	105	716	474
463	102	704	474
462	105	711	472
453	103	717	468
458	105	713	468
446	107	713	466
435	105	729	473
443	100	720	474
449	115	705	467
431	110	724	471
435	121	719	466
425	114	724	472
432	119	715	474
433	115	717	479
435	123	712	472
434	122	713	475
436	128	709	473
436	131	706	473
433	128	718	477
437	136	708	474
437	136	718	477
438	142	717	477
443	158	719	463
437	159	730	464
442	163	728	465
444	178	723	451
442	169	727	461
447	174	724	459
450	171	723	463
451	169	718	465
453	167	724	467
448	176	724	457
455	164	722	470
454	173	713	464
454	165	729	472
460	169	708	469
458	173	729	466
457	176	712	463
463	167	717	469
456	167	720	465
463	170	716	464
461	160	717	471
458	165	721	468
461	174	720	460
457	175	723	459
450	174	730	461
449	194	735	440
449	213	740	422
442	217	750	416
446	222	748	414
441	221	749	413
435	223	760	415
447	220	745	415
456	221	737	414
457	226	737	411
465	223	732	416
471	224	720	418
473	224	719	420
476	224	712	418
478	226	715	419
479	228	711	423
483	229	700	418
480	232	711	419
477	232	713	419
480	236	707	419
473	235	709	418
478	238	711	416
486	238	698	418
479	243	702	414
492	242	692	422
490	247	690	415
488	249	685	414
492	249	681	418
485	247	686	419
489	253	681	412
484	253	685	415
486	251	681	415
479	252	682	418
477	254	682	414
472	254	684	414
467	254	687	416
465	252	686	418
459	252	688	419
462	252	687	415
458	250	684	419
463	246	683	418
460	251	682	412
455	248	689	414
461	245	682	417
455	246	686	415
459	242	683	415
455	240	688	416
472	235	672	413
464	233	680	413
466	228	679	416
467	223	679	416
468	225	684	415
471	224	682	412
472	220	686	416
476	220	682	411
479	217	682	414
481	215	680	411
485	218	681	412
485	215	675	409
485	211	684	413
482	208	682	410
485	210	684	410
484	206	685	413
482	208	686	411
475	207	687	413
474	212	689	410
467	210	691	415
470	212	686	412
465	212	692	412
468	212	688	412
467	211	689	414
468	211	685	415
468	212	689	415
469	212	683	417
469	214	689	416
472	214	685	414
475	216	687	415
476	215	682	413
479	217	683	415
472	217	690	411
480	217	683	415
479	218	688	413
482	217	686	414
487	217	685	416
486	218	692	412
484	219	693	409
485	214	694	416
483	214	693	412
481	211	701	418
485	209	695	413
486	208	697	416
493	209	695	412
495	211	695	415
494	211	692	411
490	214	697	412
487	214	695	410
484	216	702	414
476	218	701	407
472	217	703	411
470	218	705	411
468	218	706	410
466	217	703	411
461	220	712	414
455	222	710	411
449	223	721	408
458	223	713	409
461	225	710	410
462	227	708	409
459	228	710	411
458	232	716	409
455	232	714	409
456	235	719	407
453	236	714	408
456	236	720	406
450	236	716	407
452	237	723	406
455	237	713	406
453	233	717	416
450	233	720	414
448	232	721	414
444	232	723	415
440	230	727	419
439	227	731	422
432	226	735	422
429	227	739	421
432	225	736	423
425	229	738	418
426	225	738	424
424	222	736	425
422	226	739	422
415	223	743	423
421	225	735	423
414	221	736	424
411	222	733	421
410	216	733	427
407	212	727	430
408	207	717	435
398	210	724	433
399	196	718	447
392	187	727	454
381	191	741	452
381	194	731	446
378	185	731	453
375	183	739	455
371	187	742	451
362	179	741	460
360	181	742	456
356	180	745	461
352	180	737	457
351	169	742	463
342	166	752	476
338	165	754	468
334	176	745	465
329	171	749	465
330	160	749	475
326	165	751	475
329	159	741	475
326	165	750	475
329	164	750	471
333	159	748	479
332	154	756	485
332	164	753	477
337	158	752	486
349	169	753	479
356	165	755	478
371	164	755	482
375	172	767	477
389	175	768	471
400	169	761	482
411	179	765	481
422	184	758	495
429	198	753	491
434	210	757	487
442	219	755	490
453	230	745	486
456	237	747	482
464	247	744	472
464	255	750	464
462	265	756	454
467	268	757	451
471	265	769	454
477	260	751	459
477	258	748	461
474	256	745	463
476	244	754	475
481	246	736	473
470	228	773	490
479	230	748	481
486	219	759	487
484	213	748	485
485	215	749	484
481	206	749	490
486	216	745	482
487	207	741	489
484	214	736	491
472	217	736	483
462	208	733	490
451	212	749	482
445	206	737	489
434	205	735	488
428	196	733	492
425	200	731	486
413	195	737	487
416	195	724	484
418	194	720	484
417	190	723	488
425	182	710	494
433	188	710	487
433	189	704	485
431	187	713	491
440	193	701	486
434	190	704	492
438	196	695	488
426	193	709	490
432	200	701	483
415	197	712	487
407	193	714	489
404	193	709	489
388	187	705	492
374	184	708	492
368	178	703	492
357	175	709	493
353	174	701	489
343	174	701	488
334	175	702	483
325	170	707	485
315	177	714	476
309	193	712	462
291	208	723	441
284	231	734	419
281	237	729	410
281	235	733	406
284	234	731	410
297	230	724	411
309	227	713	415
320	230	707	413
330	234	701	410
339	230	693	414
344	230	695	414
350	230	691	413
351	231	696	412
354	230	694	412
355	229	692	411
355	228	691	410
350	229	691	406
343	227	693	406
343	225	688	406
333	223	692	404
331	221	688	404
321	220	694	405
322	219	685	403
310	215	693	404
314	212	687	410
312	213	689	409
313	212	690	409
317	212	689	408
321	212	688	408
327	211	685	413
336	209	683	418
344	209	681	417
352	208	680	416
353	209	684	417
362	206	679	420
361	207	683	415
365	208	683	417
366	209	684	414
368	208	686	418
367	207	689	418
367	210	691	418
367	210	691	417
368	211	691	418
367	213	692	416
366	217	697	416
377	215	687	417
378	218	689	418
381	216	688	419
385	217	687	419
386	217	689	420
388	218	691	419
387	220	691	417
387	219	690	418
385	221	692	415
386	220	692	417
386	220	691	416
387	219	689	417
387	218	691	417
389	219	691	416
388	218	694	416
389	217	695	415
386	218	699	413
393	216	700	413
386	217	710	413
386	217	720	410
388	216	724	409
389	213	721	410
387	211	720	412
387	211	723	408
387	208	720	410
386	208	720	412
385	205	721	411
386	203	719	416
383	199	721	417
379	197	726	417
376	196	728	416
372	193	729	416
372	192	728	417
368	191	731	415
364	189	732	417
361	186	731	420
355	185	736	420
354	188	734	416
353	185	731	420
348	190	722	415
336	190	727	418
325	194	724	417
312	198	726	416
300	206	735	417
296	214	729	416
290	222	727	413
289	226	718	413
287	234	713	409
294	239	702	405
298	245	697	406
301	253	691	400
307	256	683	401
314	259	679	402
318	269	675	396
325	270	674	400
331	275	669	399
334	284	670	394
340	289	661	390
345	294	657	386
349	290	656	389
357	297	648	382
363	285	643	392
371	291	637	382
378	281	633	389
387	282	629	380
391	273	628	383
402	268	618	380
406	266	615	373
416	258	608	377
420	250	608	382
424	247	611	377
423	242	613	379
427	250	610	369
428	242	610	372
436	248	604	364
433	251	608	357
428	244	607	361
436	240	593	363
440	238	588	361
443	234	584	367
441	230	578	366
439	227	580	369
434	224	575	372
436	225	566	365
433	226	560	363
434	225	560	359
431	223	555	357
428	223	552	359
432	223	549	354
429	222	546	356
438	223	539	349
431	226	537	347
433	231	540	345
434	232	539	338
438	233	535	334
437	232	530	335
440	236	525	330
436	234	528	334
442	236	519	332
443	239	519	330
444	241	513	325
447	244	509	328
447	243	507	323
446	242	509	325
452	242	505	326
452	241	508	323
453	239	509	324
457	239	501	324
465	240	500	319
466	240	489	313
467	239	492	315
469	240	493	313
471	240	488	309
475	242	482	303
472	240	487	306
477	242	480	302
475	242	482	299
479	242	475	297
477	240	475	299
480	240	471	296
480	239	470	296
478	239	469	292
479	244	466	291
475	246	470	286
474	247	472	280
473	261	471	265
476	265	465	262
472	265	469	256
477	267	459	257
477	263	460	258
478	264	456	255
498	261	432	255
500	262	429	253
502	264	426	252
504	260	419	254
504	264	416	246
503	262	414	247
499	265	412	244
503	263	405	245
502	266	402	241
504	266	398	240
502	267	397	239
503	266	393	235
497	268	396	234
496	267	395	234
500	268	388	234
495	270	391	229
495	268	386	227
496	269	380	227
494	271	380	223
492	270	378	222
492	272	374	222
490	271	373	220
490	271	371	219
489	271	370	217
487	272	369	215
487	272	364	213
488	273	361	214
487	272	359	213
487	273	358	210
487	273	355	209
486	273	354	209
485	274	353	206
485	274	351	206
485	273	347	206
485	273	346	204
483	273	345	202
485	272	341	202
483	271	340	201
488	271	334	201
487	269	334	198
488	270	333	197
488	271	329	194
491	270	326	194
491	272	323	191
492	272	319	191
492	273	317	188
491	275	315	189
491	273	315	190
492	275	312	187
492	276	313	185
493	275	310	187
493	277	305	184
492	278	306	185
494	278	304	182
494	280	301	182
493	279	303	182
494	280	301	178
495	282	295	179
494	282	297	179
493	284	297	177
494	284	296	175
494	285	293	175
492	285	293	173
491	288	292	175
494	286	290	174
492	289	292	171
492	288	290	173
492	290	290	170
495	291	286	169
494	291	286	170
498	292	283	168
499	292	282	168
500	293	281	166
503	293	278	165
506	293	276	164
506	293	274	164
513	293	269	163
512	294	269	160
516	293	265	160
518	293	263	159
523	292	259	159
520	294	262	155
528	293	253	156
530	292	250	155
531	292	249	154
533	293	246	152
534	292	245	152
538	292	244	151
538	292	241	148
538	292	239	146
539	292	237	146
540	292	237	144
540	292	235	143
540	291	233	140
539	291	234	143
543	289	231	142
538	289	233	138
542	286	227	140
543	286	226	138
545	286	223	135
544	285	225	135
549	285	218	133
547	283	219	132
549	283	216	132
551	283	214	130
549	282	215	129
553	281	209	130
553	281	210	127
553	281	210	126
552	280	208	125
557	279	204	129
556	280	204	123
557	280	203	123
558	280	201	122
559	280	200	120
557	280	201	120
560	279	196	120
560	279	196	122
563	280	192	117
561	282	194	116
564	280	190	118
564	282	189	116
564	283	187	114
563	283	188	117
562	285	189	111
565	283	184	114
566	284	183	110
563	284	186	110
568	283	180	110
567	285	181	108
571	285	175	106
575	285	170	108
576	285	170	107
578	285	169	106
580	284	165	107
582	285	161	105
582	286	160	104
585	286	158	103
587	286	155	102
588	287	154	102
591	288	149	102
592	287	150	101
593	286	147	102
595	286	145	101
597	287	144	100
597	286	144	98
598	286	141	98
599	286	142	98
602	285	140	96
602	285	138	97
604	286	139	96
604	285	139	96
605	285	137	96
608	286	136	94
609	285	135	94
609	286	136	92
611	286	135	90
611	286	133	90
612	286	132	90
612	286	131	89
614	286	130	88
612	285	129	90
614	286	126	87
615	286	124	87
615	287	123	86
616	287	119	84
616	287	118	84
617	287	117	84
617	288	117	83
616	288	115	83
616	289	115	82
617	290	112	81
616	290	112	81
615	290	112	80
615	292	111	79
616	292	109	79
616	292	109	79
615	293	109	78
616	294	108	76
614	295	108	77
615	296	106	75
615	297	105	75
617	298	103	74
618	298	103	74
618	299	102	74
618	301	102	73
619	301	99	73
619	302	98	71
620	303	98	71
621	304	97	70
621	305	95	70
621	305	94	69
621	307	92	68
622	308	91	68
622	309	90	68
622	308	89	68
622	310	88	67
622	309	87	68
622	311	86	67
623	311	84	66
622	312	84	65
622	313	84	64
623	314	83	63
623	315	82	64
622	314	83	65
621	315	82	64
621	314	82	65
619	314	82	65
620	315	80	63
617	316	81	63
614	317	82	61
614	317	80	60
613	318	79	58
612	318	78	57
610	319	77	56
609	320	75	54
608	321	74	54
607	321	72	53
606	321	73	51
606	322	71	50
605	322	70	49
605	322	68	48
605	322	68	48
605	322	65	46
605	323	63	45
605	322	61	44
605	322	60	43
606	322	58	42
606	322	56	42
606	321	55	41
606	322	54	41
606	321	53	41
606	320	53	42
606	319	54	41
606	319	54	41
605	318	53	41
604	318	54	41
604	318	54	41
604	318	54	41
603	317	54	42
602	317	53	41
602	314	52	43
601	315	53	41
601	313	52	43
600	313	52	43
599	314	53	43
599	314	51	41
598	313	52	41
600	313	50	42
599	311	51	43
599	310	51	43
598	311	53	42
598	310	54	43
598	310	54	43
597	310	54	43
597	310	54	42
597	309	53	42
599	309	51	42
599	309	50	43
599	308	50	43
599	308	49	42
600	308	48	41
599	306	47	43
599	307	46	42
600	307	45	42
600	306	45	43
604	306	40	41
605	304	38	41
600	304	43	41
604	305	39	41
601	304	42	41
604	304	38	41
603	304	38	40
603	302	37	42
605	303	35	42
605	303	35	42
603	302	36	42
604	302	35	43
603	303	36	42
604	303	36	42
603	304	36	42
604	303	37	43
603	303	36	43
603	302	36	44
602	302	36	45
603	301	35	45
602	301	35	45
601	302	35	45
602	302	34	45
602	301	33	45
603	301	34	45
602	301	34	45
603	301	33	45
603	301	33	45
602	301	34	45
603	301	34	44
603	300	34	45
604	299	33	45
605	299	33	46
604	299	33	46
605	299	32	45
606	299	32	46
606	300	32	45
606	300	32	46
606	300	32	46
606	300	32	45
606	300	32	45
606	300	31	46
606	300	32	45
607	300	31	45
606	301	32	46
606	301	32	45
606	300	32	46
605	300	32	46
605	300	32	46
604	300	32	46
605	301	35	46
603	301	36	45
602	300	36	45
601	299	37	45
