0.005943
0.058587
0.052136
0.052128
0.051105
0.051099
0.052072
0.052028
0.062434
0.055364
0.053299
0.051981
0.052992
0.052493
0.051923
0.052905
0.051730
0.078911
0.068684
0.080363
0.047570
0.053227
0.057975
0.062995
0.077127
0.055059
0.059797
0.061040
0.051444
0.059708
0.057029
0.052804
0.053523
0.052821
0.053354
0.053120
0.053746
0.053404
0.052879
0.052899
0.045066
0.039795
0.060842
0.056545
0.052288
0.051733
0.051057
0.050656
0.052987
0.051342
0.051385
0.063810
0.061049
0.051144
0.051101
0.051619
0.051476
0.052204
0.052174
0.052831
0.052211
0.052241
0.052048
0.052230
0.052397
0.053077
0.043657
0.039716
0.066695
0.072594
0.060281
0.051432
0.057568
0.057751
0.053243
0.057041
0.065944
0.063008
0.057653
0.059036
0.056566
0.065017
0.056911
0.057693
0.064441
0.070957
0.066014
0.064906
0.050992
0.053757
0.053383
0.055067
0.052039
0.053027
0.051033
0.051199
0.051005
0.051335
0.056009
0.052148
0.050003
0.039481
0.058605
0.050306
0.051344
0.050421
0.051082
0.058435
0.050794
0.057759
0.050616
0.057099
0.079585
0.073818
0.064525
0.060933
0.053185
0.051632
0.052177
0.059333
0.062148
0.051798
0.050736
0.051502
0.052419
0.056533
0.058961
0.071713
0.064067
0.060686
0.052073
0.051948
0.051322
0.052377
0.057505
0.057748
0.059576
0.054207
0.052091
0.050871
0.050872
0.051316
0.051056
0.051344
0.051307
0.050485
0.049986
0.059334
0.072299
0.050748
0.059191
0.051527
0.052790
0.050946
0.050719
0.051275
0.050659
0.056298
0.052072
0.051851
0.051829
0.047167
0.057658
0.050265
0.051008
0.051606
0.050359
0.051990
0.051986
0.052004
0.051311
0.050941
0.050983
0.053560
0.051493
0.054477
0.051860
0.044156
0.048800
0.054760
0.051193
0.051543
0.055568
0.051382
0.051350
0.050196
0.059864
0.060589
0.052853
0.052284
0.052990
0.051065
0.051011
0.050264
0.050786
0.050005
0.051041
0.051470
0.050812
0.049979
0.058168
0.051302
0.045582
0.042471
0.064383
0.055926
0.050460
0.054850
0.065783
0.064389
0.051347
0.052073
0.049654
0.049936
0.050066
0.050668
0.050732
0.050402
0.050926
0.053814
0.082180
0.075689
0.069746
0.055345
0.065470
0.067078
0.067431
0.058830
0.049983
0.052122
0.050713
0.050641
0.050799
0.051211
0.051077
0.051072
0.051343
0.051862
0.050956
0.053218
0.051717
0.051208
0.044432
0.044000
0.040080
0.039675
0.059307
0.051026
0.059425
0.057807
0.065513
0.058550
0.051339
0.053572
0.080951
0.061278
0.049687
0.049813
0.050214
0.049865
0.080111
0.075362
0.055348
0.051021
0.053386
0.054895
0.066643
0.051641
0.050398
0.050591
0.050450
0.051195
0.062623
0.068034
0.079992
0.053741
0.057969
0.060021
0.052242
0.050610
0.057294
0.050805
0.067312
0.058990
0.068204
0.050867
0.050815
0.051118
0.049968
0.053941
0.052211
0.054330
0.051703
0.053799
0.051141
0.051566
0.049819
0.049266
0.041041
0.050463
0.041499
0.053860
0.046709
0.035190
0.054662
0.041222
0.039727
0.037660
0.046453
0.040363
0.037007
0.040367
0.038194
0.040904
0.047879
0.038810
0.037688
0.055594
0.051560
0.051398
0.062926
0.051445
0.051152
0.050824
0.051068
0.051362
0.055377
0.051986
0.051201
0.051272
0.049273
0.040972
0.038802
0.047861
0.050179
0.039449
0.038664
0.080141
0.059216
0.050505
0.050668
0.050136
0.051445
0.050388
0.049618
0.051457
0.050445
0.050992
0.051501
0.052158
0.057497
0.049654
0.041115
0.040324
0.039555
0.040710
0.038317
0.039690
0.047933
0.038978
0.036857
0.057736
0.050210
0.061362
0.050081
0.050457
0.050934
0.050581
0.050843
0.049937
0.050235
0.049857
0.050661
0.052461
0.053835
0.050828
0.042975
0.057463
0.056733
0.051994
0.051033
0.050111
0.050599
0.051212
0.051617
0.050578
0.049951
0.050305
0.043639
0.038690
0.040084
0.041845
0.053691
0.050702
0.050615
0.051885
0.051238
0.050749
0.051465
0.051508
0.051353
0.051868
0.052040
0.052027
0.051048
0.051334
0.044462
0.050107
0.076956
0.064719
0.054331
0.051838
0.061419
0.051630
0.051350
0.063517
0.050683
0.064686
0.051172
0.051986
0.057365
0.058874
0.057006
0.052404
0.051955
0.051154
0.051930
0.051047
0.051055
0.050518
0.051278
0.051230
0.051051
0.065923
0.044467
0.039927
0.056829
0.056473
0.066875
0.051567
0.051368
0.050422
0.050129
0.050359
0.050499
0.055359
0.049965
0.050243
0.052142
0.053965
0.053007
0.051064
0.050964
0.051071
0.051293
0.050448
0.050103
0.051117
0.050390
0.051131
0.044068
0.038836
0.039658
0.043761
0.050034
0.066466
0.052036
0.051730
0.047550
0.048167
0.057773
0.054561
0.054272
0.053216
0.050851
0.050799
0.056188
0.051316
0.050481
0.051011
0.053110
0.050424
0.050224
0.064061
0.051248
0.051619
0.050951
0.051174
0.051797
0.052398
0.054071
0.062764
0.070814
0.064463
0.068169
0.074220
0.068833
0.061828
0.064324
0.061795
0.057870
0.053765
0.052310
0.053362
0.054499
0.051426
0.052231
0.053083
0.056107
0.063223
0.063061
0.054522
0.059727
0.059428
0.058724
0.073647
0.074640
0.062782
0.057501
0.054089
0.049981
0.061110
0.067911
0.055476
0.055811
0.058542
0.058402
0.056437
0.055468
0.050764
0.054108
0.048307
0.065556
0.044641
0.039694
0.045240
0.058425
0.053823
0.053079
0.052989
0.053038
0.054351
0.058626
0.054818
0.046191
0.044387
0.042076
0.055700
0.052833
0.041995
0.063078
0.064924
0.054116
0.050854
0.058987
0.051432
0.057091
0.054826
0.057235
0.052047
0.064008
0.058842
0.047743
0.041700
0.047481
0.051661
0.047985
0.042480
0.041898
0.040499
0.050915
0.041363
0.092920
0.053390
0.059450
0.041264
0.046583
0.047257
0.058422
0.063395
0.052028
0.051906
0.057664
0.052825
0.052429
0.053291
0.053077
0.051085
0.063027
0.055940
0.063293
0.053015
0.060395
0.060484
0.053992
0.054039
0.052923
0.055998
0.057298
0.053243
0.053174
0.060480
0.053035
0.052103
0.052255
0.071108
0.069570
0.061141
0.057246
0.051352
0.052084
0.059345
0.053875
0.054262
0.052792
0.052960
0.064876
0.060255
0.054414
0.054832
0.045076
0.053868
0.042696
0.042707
0.040557
0.053845
0.045075
0.043503
0.039008
0.052636
0.047149
0.063189
0.063488
0.061615
0.055920
0.059555
0.066590
0.066644
0.059772
0.060131
0.056256
0.054717
0.060715
0.060558
0.060887
0.059042
0.066129
0.052392
0.052872
0.053812
0.053317
0.059780
0.077911
0.053555
0.052170
0.053107
0.061021
0.066142
0.058615
0.053191
0.053998
0.054739
0.054088
0.054215
0.053933
0.048949
0.044178
0.043954
0.062553
0.050942
0.060443
0.053264
0.052435
0.064324
0.068752
0.059547
0.074241
0.058386
0.053710
0.053231
0.055579
0.053305
0.066623
0.063083
0.062784
0.052568
0.051341
0.052480
0.051577
0.052384
0.052409
0.058372
0.057668
0.053323
0.053709
0.053963
0.053836
0.053812
0.053473
0.062392
0.069460
0.059548
0.052287
0.052268
0.053356
0.060655
0.052411
0.051332
0.051525
0.051335
0.052495
0.051874
0.052456
0.051139
0.052026
0.051474
0.051943
0.050946
0.049451
0.039880
0.044979
0.063486
0.052727
0.051552
0.049726
0.050692
0.049798
0.049427
0.038828
0.058271
0.050644
0.049982
0.051029
0.040493
0.040575
0.050149
0.043322
0.038247
0.058914
0.064518
0.053253
0.043334
0.049645
0.072244
0.061658
0.059050
0.052057
0.053866
0.051528
0.050977
0.050943
0.051994
0.049224
0.061045
0.056426
0.052271
0.050814
0.059459
0.056240
0.051121
0.053574
0.061146
0.050625
0.051188
0.050334
0.050032
0.051206
0.051290
0.051136
0.049712
0.053194
0.050059
0.049727
0.048644
0.051375
0.050459
0.052413
0.055911
0.051571
0.055436
0.050081
0.050295
0.049811
0.060266
0.062818
0.063724
0.050631
0.050300
0.051317
0.057064
0.049226
0.052047
0.052308
0.058445
0.049017
0.054612
0.056731
0.058595
0.049742
0.061140
0.061883
0.052042
0.055059
0.065620
0.051760
0.050514
0.050199
0.052165
0.051690
0.052468
0.052348
0.051582
0.050655
0.051507
0.051067
0.055807
0.051900
0.047865
0.040575
0.043564
0.039658
0.044216
0.042090
0.051070
0.041395
0.062204
0.082386
0.069920
0.069206
0.064807
0.060668
0.061377
0.053954
0.073941
0.059534
0.039975
0.058139
0.052352
0.052575
0.065257
0.073980
0.074036
0.084191
0.080710
0.057174
0.052864
0.051685
0.051667
0.050681
0.052420
0.054078
0.052801
0.052751
0.043462
0.054301
0.061396
0.052433
0.052265
0.052342
0.053112
0.059346
0.071539
0.059412
0.054112
0.053233
0.052488
0.052676
0.052717
0.051935
0.052114
0.053532
0.057079
0.054573
0.054992
0.053276
0.053605
0.043698
0.043251
0.045591
0.061073
0.051602
0.051914
0.052774
0.053650
0.052584
0.053125
0.056839
0.052612
0.053200
0.053146
0.051866
0.053307
0.052765
0.058054
0.052430
0.051684
0.052826
0.051678
0.067773
0.052795
0.053156
0.053831
0.052626
0.052166
0.053189
0.052574
0.052091
0.053067
0.052449
0.052194
0.052912
0.058649
0.055607
0.042624
0.055218
0.039898
0.049932
0.043755
0.041049
0.049788
0.056505
0.062614
0.052310
0.052272
0.052161
0.054749
0.055340
0.052061
0.051714
0.057991
0.068491
0.053084
0.051898
0.052599
0.052228
0.052265
0.052313
0.051948
0.052879
0.052330
0.052660
0.051628
0.055825
0.053689
0.052283
0.040355
0.054107
0.052262
0.052281
0.066309
0.078636
0.057413
0.067582
0.051448
0.051276
0.051773
0.051146
0.053895
0.052670
0.052460
0.052989
0.052779
0.052858
0.052387
0.052769
0.052081
0.052385
0.053234
0.052974
0.048691
0.049246
0.048620
0.050542
0.049320
0.049336
0.050065
0.050365
0.050751
0.040656
0.050732
0.047165
0.054379
0.057207
0.051889
0.057395
0.052762
0.052814
0.051977
0.051917
0.053060
0.052937
0.055138
0.073269
0.056517
0.050400
0.050224
0.050029
0.075551
0.053879
0.055765
0.074803
0.079831
0.078354
0.076838
0.077680
0.056469
0.053758
0.054928
0.053985
0.053603
0.063653
0.050867
0.050100
0.052371
0.061786
0.051681
0.059717
0.052032
0.052201
0.052198
0.052011
0.061049
0.051779
0.053879
0.052529
0.051074
0.051942
0.051972
0.055011
0.051317
0.050956
0.057075
0.050382
0.049700
0.055163
0.050464
0.051355
0.048742
0.038396
0.040985
0.065197
0.050789
0.052142
0.050650
0.049402
0.052176
0.051795
0.058377
0.051769
0.050896
0.050757
0.050607
0.052347
0.051505
0.050641
0.040978
0.043471
0.040735
0.038778
0.046731
0.046394
0.055755
0.057794
0.051364
0.051475
0.052262
0.053186
0.052721
0.051536
0.050993
0.051360
0.051352
0.050881
0.061665
0.048738
0.048794
0.049851
0.051454
0.056187
0.058453
0.050436
0.055734
0.051322
0.052014
0.052125
0.062531
0.053106
0.051350
0.050665
0.059567
0.049496
0.066866
0.056007
0.049921
0.052222
0.051330
0.051044
0.050542
0.050674
0.054217
0.063083
0.065730
0.064818
0.058980
0.053397
0.057711
0.055458
0.051345
0.051908
0.051626
0.051300
0.058303
0.052100
0.052258
0.051393
0.063122
0.052022
0.051473
0.053973
0.052873
0.052337
0.051440
0.052059
0.052059
0.052282
0.052420
0.051820
0.050708
0.052428
0.051718
0.051439
0.051522
0.051714
0.059507
0.042588
0.035729
0.037568
0.060874
0.050124
0.051277
0.050721
0.054578
0.051802
0.052763
0.050427
0.050861
0.050638
0.052561
0.051908
0.052734
0.041466
0.039615
0.055201
0.050640
0.054189
0.053952
0.053222
0.053888
0.051843
0.051024
0.054624
0.054741
0.056303
0.055168
0.051435
0.052518
0.052444
0.051750
0.053468
0.051353
0.053541
0.085989
0.062377
0.052001
0.050365
0.054241
0.052501
0.053183
0.051344
0.054258
0.052394
0.051754
0.055957
0.052058
0.052731
0.052797
0.051120
0.052951
0.056329
0.050574
0.053472
0.053681
0.049917
0.049693
0.049880
0.051140
0.054566
0.051796
0.051270
0.052082
0.052608
0.050829
0.055634
0.056973
0.056947
0.065087
0.065643
0.068874
0.068416
0.069149
0.075794
0.068323
0.064548
0.082897
0.055775
0.051775
0.052828
0.054318
0.052018
0.052286
0.057476
0.051687
0.051958
0.051784
0.051341
0.056757
0.050848
0.050778
0.046391
0.040076
0.039536
0.038704
0.055663
0.042095
0.046953
0.040058
0.040475
0.038659
0.053648
0.060761
0.051225
0.054664
0.051194
0.056900
0.052335
0.052147
0.051957
0.052094
0.050661
0.050371
0.051019
0.046784
0.039835
0.039606
0.040696
0.039445
0.055977
0.056159
0.073599
0.054422
0.066867
0.057071
0.058079
0.051720
0.051680
0.052182
0.060400
0.052361
0.052413
0.043195
0.040644
0.041190
0.045727
0.053833
0.040138
0.041223
0.040539
0.041191
0.044235
0.083461
0.059283
0.062456
0.053086
0.052962
0.049902
0.044438
0.069714
0.070194
0.059337
0.063793
0.063787
0.051201
0.051172
0.051077
0.052603
0.053482
0.052643
0.051221
0.050344
0.051812
0.051944
0.051211
0.040470
0.047535
0.058728
0.051748
0.061500
0.073165
0.054626
0.053802
0.051692
0.052105
0.052297
0.060084
0.052252
0.052397
0.051881
0.051627
0.066702
0.052222
0.052360
0.051462
0.056447
0.051968
0.051477
0.053004
0.052665
0.052755
0.051943
0.051293
0.053323
0.052684
0.052342
0.059549
0.052052
0.049931
0.051449
0.062642
0.053030
0.053106
0.052656
0.040870
0.040414
0.047663
0.041446
0.039006
0.060332
0.060500
0.078213
0.060699
0.057355
0.052206
0.057312
0.065708
0.062274
0.064106
0.053128
0.052706
0.052856
0.052351
0.052726
0.052316
0.052081
0.051498
0.052063
0.061192
0.058700
0.049448
0.055301
0.062519
0.051220
0.054582
0.053668
0.051552
0.053965
0.052449
0.052926
0.052393
0.057493
0.054786
0.050925
0.050543
0.053191
0.049951
0.059037
0.051625
0.052361
0.051238
0.061518
0.075120
0.065934
0.072170
0.054470
0.063632
0.050962
0.054279
0.061579
0.050840
0.065477
0.061629
0.063102
0.060582
0.050337
0.065315
0.078007
0.070973
0.069318
0.068166
0.056442
0.055333
0.051512
0.069295
0.052580
0.061196
0.075911
0.075378
0.059119
0.050905
0.051550
0.057236
0.052127
0.053545
0.052259
0.052106
0.053055
0.050526
0.070572
0.052782
0.063699
0.062944
0.054321
0.058822
0.051495
0.051657
0.050562
0.051505
0.076913
0.059332
0.052706
0.060697
0.060003
0.096483
0.068973
0.054615
0.051409
0.061591
0.075880
0.075735
0.071121
0.063131
0.053173
0.051966
0.051960
0.052031
0.051736
0.051277
0.058666
0.050975
0.050155
0.051487
0.051272
0.051158
0.061651
0.053605
0.051724
0.054551
0.052227
0.051998
0.056753
0.052949
0.052683
0.051472
0.069023
0.057414
0.052406
0.058467
0.057134
0.051442
0.052547
0.051293
0.061999
0.061670
0.059304
0.053192
0.061051
0.057918
0.052702
0.052833
0.052920
0.053180
0.052752
0.053149
0.052447
0.052821
0.055705
0.055037
0.056047
0.053334
0.038024
0.073072
0.054137
0.053038
0.051693
0.064219
0.071332
0.058303
0.052447
0.062323
0.051888
0.064707
0.052826
0.052697
0.053043
0.057100
0.058183
0.053099
0.053578
0.053364
0.053743
0.043078
0.041338
0.069062
0.066497
0.062229
0.061229
0.053123
0.061959
0.077635
0.054516
0.054348
0.062114
0.052904
0.051957
0.052440
0.058367
0.055610
0.060859
0.065638
0.052580
0.053916
0.053860
0.051074
0.061732
0.053092
0.054394
0.054358
0.055990
0.053227
0.053680
0.053190
0.052254
0.051430
0.047076
0.054779
0.054269
0.043571
0.041240
0.046766
0.039574
0.060975
0.052836
0.051424
0.063602
0.052111
0.051761
0.052809
0.053245
0.055271
0.052252
0.052934
0.052941
0.052192
0.052277
0.051787
0.051897
0.052042
0.058715
0.051696
0.064042
0.059177
0.049260
0.050080
0.048259
0.053528
0.061315
0.053964
0.065890
0.054254
0.052431
0.053274
0.053085
0.053604
0.053899
0.054445
0.053495
0.052321
0.052250
0.052283
0.051407
0.044379
0.040823
0.063277
0.052871
0.053075
0.053534
0.065118
0.058285
0.053674
0.052386
0.062108
0.059131
0.053037
0.058355
0.052883
0.053082
0.052149
0.052202
0.078576
0.057500
0.053382
0.053637
0.053022
0.052390
0.052606
0.052418
0.053185
0.053611
0.061681
0.051684
0.047900
0.043023
0.055189
0.051666
0.050912
0.052604
0.051695
0.053515
0.050530
0.060828
0.053743
0.052746
0.051702
0.052546
0.066719
0.059161
0.059420
0.049584
0.050406
0.052559
0.053757
0.050450
0.068498
0.063103
0.050693
0.050716
0.050274
0.054018
0.051972
0.054859
0.053753
0.053395
0.053010
0.054599
0.051958
0.054078
0.051946
0.041008
0.040403
0.040545
0.057227
0.058376
0.054991
0.052446
0.054120
0.055155
0.052192
0.052025
0.055409
0.051792
0.052382
0.052972
0.052386
0.052794
0.053898
0.041904
0.041951
0.040965
0.052602
0.045169
0.041229
0.056591
0.057978
0.051568
0.052714
0.052575
0.051313
0.053990
0.054119
0.053505
0.054450
0.052424
0.065107
0.058592
0.062638
0.051763
0.052058
0.052638
0.051984
0.051824
0.052094
0.054052
0.053456
0.055293
0.053431
0.053628
0.053133
0.052880
0.061411
0.070953
0.062384
0.053596
0.057294
0.053109
0.052512
0.053513
0.054674
0.056332
0.052269
0.051682
0.052128
0.042993
0.043671
0.054164
0.076662
0.061614
0.052643
0.054157
0.051545
0.057549
0.044721
0.064050
0.061357
0.052526
0.061386
0.058393
0.057236
0.052577
0.058508
0.051752
0.051401
0.075415
0.061747
0.055612
0.052663
0.052792
0.053780
0.060045
0.051367
0.052339
0.052652
0.040478
0.054279
0.043361
0.047171
0.059103
0.052868
0.054206
0.053203
0.052457
0.052244
0.054453
0.053071
0.052545
0.052202
0.052677
0.052744
0.053512
0.051491
0.041311
0.058203
0.052065
0.053338
0.053034
0.053632
0.052523
0.052741
0.051720
0.052487
0.052658
0.052315
0.052712
0.053043
0.055349
0.056365
0.048138
0.051329
0.052760
0.051737
0.063697
0.063981
0.051996
0.051397
0.059759
0.060600
0.054442
0.053127
0.053428
0.053404
0.051705
0.064070
0.054764
0.063045
0.060795
0.053355
0.054331
0.052737
0.051693
0.053420
0.053271
0.051924
0.042139
0.040935
0.047570
0.040783
0.046001
0.040882
0.043748
0.049855
0.072703
0.059798
0.053648
0.052745
0.053172
0.052301
0.056329
0.052638
0.051357
0.051497
0.052087
0.054691
0.051537
0.052375
0.051811
0.063963
0.051282
0.050763
0.050764
0.055769
0.052795
0.052017
0.055916
0.059830
0.055335
0.053768
0.053229
0.052962
0.074123
0.055569
0.052219
0.052150
0.051920
0.052555
0.052536
0.053468
0.052805
0.048722
0.041249
0.044663
0.060093
0.051657
0.053196
0.052165
0.053782
0.064990
0.053081
0.054688
0.060936
0.064815
0.059643
0.052494
0.049916
0.050882
0.047203
0.045197
0.051970
0.039852
0.049675
0.050277
0.047174
0.059538
0.065420
0.065520
0.053464
0.052616
0.070143
0.052025
0.051450
0.052374
0.051988
0.056571
0.057698
0.050135
0.051913
0.052356
0.051731
0.058790
0.065552
0.053826
0.063730
0.053447
0.053558
0.053889
0.051617
0.053572
0.052527
0.054294
0.052951
0.063229
0.052786
0.052785
0.053826
0.060293
0.052438
0.054179
0.062939
0.053007
0.053124
0.053585
0.052497
0.055361
0.052994
0.052393
0.057580
0.059048
0.058573
0.053523
0.061797
0.063687
0.069046
0.063832
0.066576
0.050746
0.051854
0.054088
0.076628
0.065806
0.056992
0.053057
0.070607
0.072643
0.067826
0.058595
0.054399
0.053687
0.053845
0.054100
0.054218
0.052897
0.053572
0.052882
0.053929
0.053763
0.045808
0.052033
0.051823
0.050740
0.051540
0.050506
0.052393
0.055989
0.052498
0.059454
0.052929
0.053078
0.058201
0.053277
0.056859
0.053349
0.052186
0.052879
0.047731
0.044873
0.047163
0.048500
0.040600
0.048041
0.051629
0.050137
0.050512
0.049922
0.042270
0.049077
0.039880
0.043326
0.083699
0.061868
0.071952
0.085841
0.052458
0.062412
0.054022
0.052699
0.053056
0.053030
0.051252
0.050849
0.061141
0.064446
0.052075
0.051636
0.043509
0.042018
0.041203
0.048722
0.046832
0.042540
0.049906
0.058967
0.051042
0.051813
0.051467
0.050887
0.050945
0.051256
0.053047
0.057088
0.054202
0.063830
0.053283
0.056370
0.052935
0.052630
0.051520
0.052187
0.052481
0.052509
0.053272
0.053217
0.053202
0.052350
0.052493
0.051822
0.042645
0.044682
0.041482
0.052539
0.056827
0.056433
0.051917
0.052829
0.052927
0.067282
0.067086
0.068533
0.061514
0.052986
0.052133
0.052633
0.051979
0.063199
0.059009
0.051883
0.051605
0.051907
0.053204
0.051775
0.051897
0.052063
0.051919
0.051951
0.052096
0.053586
0.051072
0.060639
0.053596
0.047722
0.048813
0.052411
0.057112
0.053743
0.053776
0.052898
0.052373
0.052201
0.076351
0.069096
0.065986
0.056558
0.071019
0.053339
0.059736
0.055584
0.059831
0.062143
0.060199
0.054191
0.051966
0.063044
0.061366
0.054938
0.052480
0.052617
0.052975
0.053045
0.053278
0.051135
0.040845
0.059381
0.053279
0.053195
0.053571
0.053980
0.054513
0.066047
0.067966
0.054120
0.052712
0.053577
0.053147
0.053694
0.042620
0.044183
0.042712
0.057726
0.051542
0.052514
0.053009
0.055026
0.053089
0.053059
0.054265
0.052899
0.052496
0.054556
0.058629
0.051388
0.051587
0.053118
0.052894
0.052332
0.054307
0.052520
0.053190
0.052568
0.053559
0.053331
0.053290
0.053184
0.065159
0.062089
0.054512
0.053117
0.053578
0.059346
0.053383
0.053755
0.060926
0.053503
0.053703
0.052545
0.059044
0.058323
0.057917
0.054045
0.056963
0.052093
0.053579
0.071432
0.082886
0.074127
0.064363
0.054147
0.059263
0.057888
0.058436
0.054845
0.052063
0.052458
0.054921
0.055142
0.066986
0.061890
0.054807
0.050850
0.052407
0.057375
0.052437
0.052338
0.053050
0.054083
0.052336
0.051900
0.052098
0.051929
0.054354
0.053352
0.067472
0.052573
0.051267
0.050799
0.057652
0.063792
0.052527
0.051758
0.057090
0.053572
0.073580
0.054583
0.054434
0.051665
0.054043
0.054312
0.052443
0.053464
0.068987
0.070377
0.053902
0.052902
0.052950
0.054354
0.054493
0.054581
0.054294
0.052545
0.058586
0.059560
0.052544
0.053668
0.054645
0.059742
0.065549
0.066201
0.061972
0.056931
0.051003
0.068405
0.054511
0.053828
0.053004
0.052702
0.053820
0.053521
0.051895
0.052457
0.053015
0.052756
0.053905
0.048615
0.049500
0.059266
0.053071
0.054796
0.051879
0.051920
0.052624
0.051185
0.055707
0.070745
0.096523
0.064676
0.054065
0.072481
0.056439
0.060664
0.068544
0.087146
0.069786
0.061022
0.059703
0.068103
0.054738
0.051896
0.053671
0.058000
0.051943
0.056453
0.086012
0.079318
0.066813
0.064242
0.064739
0.068572
0.067899
0.067323
0.051791
0.052479
0.051417
0.052212
0.052068
0.043602
0.041433
0.090055
0.051743
0.044951
0.051503
0.061118
0.061227
0.064342
0.061770
0.052725
0.058029
0.052413
0.051588
0.052247
0.040053
0.052683
0.042299
0.045604
0.064279
0.056918
0.053150
0.052767
0.054160
0.052769
0.053303
0.051819
0.052103
0.052710
0.054766
0.051719
0.053232
0.051729
0.041248
0.059528
0.052416
0.053060
0.053241
0.053039
0.053545
0.054058
0.056757
0.057730
0.052707
0.053374
0.052532
0.061343
0.053005
0.056243
0.051836
0.052209
0.052001
0.056180
0.052106
0.052856
0.052195
0.063168
0.058614
0.052097
0.051954
0.051148
0.059455
0.075645
0.066226
0.069648
0.058976
0.052496
0.053016
0.051889
0.051827
0.051615
0.060338
0.051672
0.060003
0.057063
0.077311
0.071038
0.051235
0.070851
0.060920
0.051061
0.057872
0.052901
0.053151
0.053333
0.051909
0.057061
0.051522
0.054166
0.041553
0.059027
0.070558
0.062149
0.059918
0.054713
0.051722
0.053111
0.052977
0.053084
0.052934
0.054446
0.052604
0.052150
0.053584
0.054407
0.063280
0.052936
0.053502
0.049181
0.044582
0.066723
0.052008
0.052731
0.053157
0.053278
0.052853
0.052797
0.053390
0.051976
0.063857
0.056788
0.059506
0.051837
0.058684
0.069109
0.053136
0.053879
0.053962
0.063488
0.052473
0.053820
0.053615
0.053242
0.053754
0.053482
0.051633
0.051876
0.050410
0.040716
0.057728
0.053331
0.057991
0.053934
0.054000
0.067679
0.088599
0.054598
0.054701
0.054590
0.054917
0.054226
0.055027
0.052492
0.053240
0.053433
0.052550
0.053986
0.052346
0.056314
0.059834
0.052502
0.059083
0.053983
0.053570
0.053603
0.052040
0.052196
0.052728
0.053985
0.052918
0.052563
0.052490
0.051965
0.050915
0.055886
0.077871
0.068941
0.055778
0.066544
0.063902
0.057233
0.070346
0.056580
0.059410
0.058297
0.051894
0.071240
0.057738
0.052849
0.058401
0.057369
0.065615
0.053431
0.052882
0.053025
0.064307
0.055938
0.057258
0.072865
0.059185
0.052058
0.051314
0.050375
0.050659
0.050385
0.050825
0.055481
0.060691
0.052197
0.051905
0.051698
0.040542
0.043485
0.047826
0.039468
0.043341
0.039927
0.059134
0.053168
0.052272
0.051880
0.052125
0.051914
0.052054
0.051832
0.051713
0.051557
0.052200
0.051768
0.051796
0.051373
0.051218
0.041817
0.039531
0.050996
0.042829
0.040466
0.043735
0.073155
0.057348
0.054769
0.051023
0.051322
0.061088
0.056814
0.069959
0.077209
0.061482
0.053459
0.058024
0.063395
0.077551
0.061002
0.059741
0.053544
0.060008
0.053904
0.053107
0.057098
0.081864
0.055477
0.058575
0.052599
0.054098
0.052828
0.063540
0.053214
0.052604
0.065035
0.051560
0.054255
0.051976
0.054413
0.051439
0.052680
0.053014
0.052383
0.051577
0.053051
0.052174
0.059125
0.051931
0.052505
0.052564
0.052081
0.063024
0.065159
0.064721
0.057685
0.055524
0.055248
0.062402
0.053751
0.053960
0.051528
0.051247
0.052455
0.052594
0.051651
0.051376
0.076077
0.063337
0.063963
0.086270
0.075150
0.066167
0.066032
0.081504
0.059855
0.047843
0.076855
0.059714
0.067049
0.057044
0.083155
0.071939
0.067795
0.049515
0.072730
0.055515
0.062682
0.052077
0.052168
0.055714
0.054615
0.050573
0.058558
0.058661
0.052580
0.052727
0.053126
0.053114
0.054257
0.053823
0.053850
0.053748
0.059300
0.062419
0.073538
0.053630
0.051721
0.056039
0.053344
0.050323
0.065902
0.065688
0.052055
0.052294
0.053582
0.051987
0.053200
0.057230
0.056931
0.052172
0.053350
0.051662
0.053304
0.052456
0.052286
0.052873
0.053088
0.051327
0.051995
0.051864
0.043224
0.039660
0.044408
0.048660
0.059334
0.041856
0.042106
0.043911
0.053245
0.053981
0.067400
0.074537
0.065540
0.060657
0.053619
0.052375
0.052372
0.055826
0.053574
0.070989
0.063061
0.057149
0.059614
0.051833
0.051522
0.057483
0.065101
0.058837
0.052273
0.044144
0.040495
0.040319
0.074654
0.054829
0.063332
0.054294
0.051610
0.051028
0.044532
0.045828
0.045283
0.073145
0.051671
0.070161
0.061534
0.051142
0.051545
0.067807
0.060498
0.052171
0.053572
0.057804
0.055766
0.052494
0.052207
0.052174
0.051599
0.055609
0.066606
0.054082
0.051274
0.041262
0.042049
0.039760
0.085029
0.064166
0.052131
0.050277
0.050362
0.042663
0.051313
0.041467
0.037780
0.046445
0.040363
0.038049
0.046443
0.058908
0.051121
0.051056
0.053401
0.051437
0.051427
0.053553
0.052452
0.050545
0.050846
0.053630
0.058843
0.056555
0.056186
0.057548
0.057446
0.064762
0.062434
0.063121
0.074986
0.074966
0.063373
0.051170
0.051295
0.051300
0.051564
0.052897
0.052654
0.052080
0.053304
0.051558
0.051617
0.054372
0.052568
0.047896
0.039768
0.040613
0.049634
0.043323
0.036563
0.044458
0.045267
0.059719
0.051780
0.053940
0.070255
0.067404
0.082946
0.066666
0.072028
0.063155
0.060505
0.050883
0.061608
0.068738
0.061540
0.062994
0.063948
0.069145
0.058373
0.064762
0.060700
0.063874
0.057905
0.052237
0.068337
0.052661
0.052775
0.053422
0.048291
0.043398
0.041709
0.041706
0.040400
0.062279
0.059392
0.052184
0.052899
0.053309
0.053795
0.053300
0.053167
0.054001
0.053188
0.046261
0.057693
0.052946
0.069618
0.086419
0.057053
0.051792
0.058069
0.052007
0.055908
0.055934
0.048244
0.044061
0.041691
0.044344
0.044881
0.041054
0.054129
0.055137
0.060456
0.058742
0.074856
0.059350
0.058469
0.054968
0.054460
0.053653
0.055824
0.064592
0.062796
0.053689
0.052733
0.051975
0.055723
0.063262
0.090518
0.076228
0.051870
0.060872
0.050843
0.057776
0.053774
0.051261
0.062024
0.076214
0.052177
0.063705
0.056377
0.051746
0.051603
0.054916
0.051474
0.054565
0.052035
0.052967
0.052624
0.050977
0.062784
0.063916
0.053651
0.051342
0.051580
0.052774
0.056237
0.060149
0.053384
0.051722
0.053970
0.058011
0.052462
0.051069
0.052199
0.052197
0.052969
0.051476
0.051572
0.054191
0.052422
0.052113
0.054286
0.051694
0.062935
0.051204
0.051952
0.051865
0.051719
0.052416
0.052708
0.056106
0.054788
0.051774
0.046365
0.053023
0.039218
0.047247
0.047803
0.042639
0.047917
0.056740
0.052138
0.052104
0.052238
0.052169
0.052066
0.061230
0.052562
0.052676
0.051113
0.051280
0.050986
0.052273
0.045877
0.040668
0.049740
0.039817
0.044002
0.050713
0.058420
0.064657
0.059357
0.050922
0.050696
0.061628
0.062761
0.057096
0.049561
0.045819
0.047768
0.037342
0.058191
0.062270
0.064843
0.054185
0.055968
0.055042
0.052377
0.060642
0.062633
0.051053
0.058490
0.057575
0.053057
0.051151
0.054154
0.060460
0.070007
0.062360
0.058419
0.052173
0.066590
0.067645
0.072237
0.076752
0.100123
0.080115
0.054020
0.051993
0.062467
0.065968
0.051507
0.041169
0.042892
0.040505
0.043819
0.046218
0.056272
0.051257
0.050926
0.051209
0.061110
0.050539
0.049979
0.051593
0.052282
0.051786
0.051337
0.050200
0.050884
0.058128
0.050856
0.056087
0.060084
0.053523
0.062523
0.052016
0.051015
0.050694
0.057272
0.065477
0.059724
0.056271
0.061530
0.056329
0.049682
0.068684
0.067907
0.051157
0.058354
0.052774
0.052317
0.052074
0.051539
0.066787
0.061925
0.051358
0.052915
0.049992
0.057560
0.076530
0.069925
0.063803
0.066262
0.070668
0.062900
0.051798
0.052903
0.059505
0.052038
0.068843
0.051994
0.052549
0.051260
0.062401
0.054962
0.066098
0.050985
0.052782
0.051750
0.068829
0.072090
0.071358
0.060253
0.069546
0.050827
0.051363
0.051612
0.050228
0.066405
0.050736
0.051613
0.054364
0.051365
0.052482
0.051141
0.050999
0.053141
0.051951
0.050868
0.051423
0.049577
0.054671
0.051666
0.042300
0.049551
0.038039
0.042762
0.038872
0.048103
0.068829
0.057380
0.049736
0.051111
0.050736
0.050132
0.049957
0.051284
0.051089
0.052638
0.053964
0.051270
0.052829
0.052456
0.051724
0.049100
0.043709
0.047392
0.039639
0.039360
0.040644
0.040167
0.036643
0.058741
0.050300
0.049536
0.050491
0.051509
0.051813
0.058051
0.050818
0.051852
0.050712
0.063624
0.051711
0.050568
0.050598
0.061416
0.057683
0.050646
0.056146
0.060820
0.050995
0.051443
0.050306
0.050915
0.051381
0.059059
0.072146
0.060272
0.052917
0.060747
0.060573
0.062922
0.050022
0.053676
0.062231
0.050575
0.050748
0.056746
0.056409
0.052323
0.052755
0.052379
0.051229
0.056647
0.052202
0.039657
0.069202
0.059605
0.050987
0.050267
0.051516
0.049829
0.061032
0.050030
0.053424
0.050345
0.050726
0.051429
0.050937
0.051508
0.066946
0.060474
0.085590
0.078075
0.057052
0.063812
0.078472
0.055595
0.058719
0.064126
0.066979
0.054029
0.050169
0.049891
0.054370
0.054382
0.049900
0.070085
0.059744
0.058623
0.053907
0.050743
0.070206
0.058409
0.055380
0.054117
0.040993
0.039929
0.050790
0.068031
0.053996
0.051191
0.060743
0.053715
0.053375
0.053275
0.053625
0.052894
0.053885
0.053714
0.049670
0.042696
0.041532
0.044325
0.044376
0.054049
0.083320
0.062130
0.061239
0.055650
0.054047
0.053729
0.052446
0.053052
0.053820
0.052432
0.054139
0.062315
0.045087
0.043030
0.046350
0.065522
0.053538
0.054206
0.054003
0.056183
0.055580
0.053666
0.054046
0.054750
0.054552
0.055366
0.054535
0.053582
0.045185
0.041894
0.043531
0.045117
0.043706
0.062790
0.055169
0.061861
0.053295
0.053599
0.057090
0.059527
0.054130
0.054955
0.053857
0.053571
0.054576
0.054214
0.052564
0.055748
0.053528
0.057380
0.054403
0.053583
0.063003
0.053124
0.067041
0.064727
0.044719
0.053526
0.048157
0.062841
0.078799
0.059474
0.053913
0.064570
0.053199
0.052649
0.053498
0.052593
0.054927
0.053849
0.054137
0.052999
0.075035
0.053851
0.054456
0.053752
0.053832
0.054556
0.054637
0.053989
0.065465
0.053915
0.054169
0.056010
0.062905
0.050938
0.057624
0.050443
0.064852
0.069651
0.051503
0.051480
0.055458
0.058001
0.050369
0.077991
0.055347
0.052465
0.051541
0.050293
0.051121
0.055146
0.057702
0.084255
0.075148
0.061849
0.052742
0.050840
0.052704
0.051866
0.052564
0.052785
0.063623
0.052702
0.057654
0.065720
0.064888
0.061887
0.053269
0.053185
0.052844
0.051550
0.052242
0.057662
0.069503
0.087355
0.058206
0.050606
0.059381
0.063319
0.052108
0.051432
0.051115
0.073998
0.059904
0.051692
0.053879
0.057664
0.051460
0.051037
0.052980
0.053255
0.059631
0.055501
0.052211
0.051487
0.051593
0.054386
0.055903
0.052693
0.051611
0.051347
0.063979
0.053531
0.051352
0.073762
0.063461
0.060970
0.056016
0.052316
0.051024
0.062612
0.059216
0.075231
0.066492
0.064016
0.050733
0.050114
0.051224
0.050123
0.052559
0.061969
0.052655
0.050113
0.050960
0.061682
0.051671
0.053349
0.053464
0.051753
0.050881
0.054321
0.053351
0.052588
0.051239
0.057248
0.054123
0.054126
0.054425
0.050641
0.054075
0.050800
0.059152
0.052857
0.051052
0.076441
0.061740
0.051441
0.052312
0.051929
0.050401
0.051432
0.050746
0.049961
0.073622
0.051394
0.050362
0.058251
0.050969
0.055168
0.048640
0.036899
0.048946
0.057745
0.052231
0.051348
0.052153
0.068055
0.064767
0.053787
0.053641
0.053125
0.053486
0.053786
0.056015
0.055300
0.054821
0.058302
0.054855
0.054935
0.052605
0.060745
0.058852
0.059411
0.072484
0.065683
0.064976
0.060679
0.058008
0.057528
0.054038
0.053932
0.053545
0.052147
0.068295
0.062148
0.066545
0.052742
0.052899
0.053551
0.057615
0.057013
0.070161
0.057027
0.054875
0.061654
0.053730
0.053383
0.055824
0.043597
0.042098
0.047093
0.065003
0.060098
0.055292
0.054085
0.058675
0.054187
0.053311
0.052513
0.052807
0.059012
0.054125
0.053085
0.053436
0.053743
0.062412
0.061327
0.053188
0.052773
0.056770
0.051895
0.051635
0.051247
0.053415
0.051078
