0.005444
0.054483
0.051788
0.052258
0.060331
0.057930
0.053802
0.061707
0.054883
0.062875
0.069336
0.067127
0.064008
0.080234
0.068992
0.057771
0.055810
0.056177
0.053375
0.060054
0.058088
0.053205
0.055894
0.057166
0.057311
0.055558
0.050993
0.051118
0.053115
0.058405
0.061952
0.050502
0.057274
0.053684
0.051980
0.051799
0.052166
0.051541
0.053012
0.053655
0.066807
0.052959
0.051928
0.051652
0.065374
0.058906
0.053335
0.052916
0.055454
0.055324
0.060991
0.057963
0.055651
0.051782
0.054072
0.069270
0.066329
0.069041
0.061031
0.058881
0.058788
0.063532
0.057551
0.053552
0.060027
0.058875
0.063207
0.052914
0.052952
0.064470
0.061099
0.051142
0.051892
0.053101
0.051618
0.054950
0.057158
0.057493
0.051402
0.058718
0.051952
0.054758
0.055349
0.056743
0.056017
0.055451
0.052365
0.052772
0.057886
0.058620
0.056204
0.051960
0.051630
0.053710
0.054014
0.057984
0.049934
0.052305
0.053172
0.052413
0.054587
0.052005
0.052159
0.065490
0.069917
0.050012
0.054906
0.056355
0.056622
0.057678
0.052586
0.059270
0.057594
0.054826
0.057205
0.051798
0.057997
0.052359
0.051851
0.053927
0.059131
0.058769
0.054491
0.058733
0.075059
0.106263
0.087929
0.098274
0.075137
0.066340
0.065969
0.066738
0.072185
0.065844
0.064058
0.052405
0.051315
0.060854
0.052824
0.059911
0.064400
0.058903
0.052706
0.052490
0.057255
0.054961
0.056336
0.055748
0.060101
0.067733
0.052753
0.059531
0.055017
0.057328
0.068229
0.064767
0.065194
0.065969
0.066402
0.079769
0.056673
0.052351
0.052397
0.058755
0.059141
0.063214
0.051883
0.052496
0.053380
0.060160
0.052883
0.057553
0.056395
0.056077
0.056851
0.064599
0.059123
0.084855
0.064356
0.061409
0.051702
0.052584
0.054567
0.053323
0.052790
0.062492
0.070050
0.078347
0.057262
0.054194
0.054250
0.062577
0.077221
0.052326
0.053040
0.055956
0.056861
0.056238
0.060237
0.077705
0.065322
0.063374
0.051876
0.052891
0.053970
0.056952
0.052530
0.052450
0.052518
0.053186
0.056282
0.062548
0.053618
0.057241
0.058828
0.067667
0.069691
0.052917
0.058838
0.056906
0.058469
0.063615
0.052824
0.056820
0.058912
0.057995
0.072738
0.067023
0.063216
0.054655
0.055512
0.057315
0.054105
0.053778
0.059829
0.055193
0.058180
0.072063
0.063089
0.057564
0.069459
0.056347
0.056698
0.057702
0.055490
0.059184
0.053739
0.068321
0.059387
0.052791
0.052378
0.051625
0.052660
0.052691
0.058221
0.060269
0.068633
0.060985
0.069350
0.056949
0.043677
0.044627
0.037699
0.048187
0.053632
0.076474
0.092074
0.054482
0.058604
0.062565
0.056750
0.069347
0.061273
0.067444
0.055450
0.052799
0.059093
0.061848
0.052598
0.054153
0.057770
0.069768
0.066994
0.050215
0.053119
0.052503
0.054467
0.057204
0.062406
0.056843
0.059280
0.053144
0.057116
0.056950
0.060214
0.064779
0.056659
0.058328
0.068419
0.051689
0.060139
0.052023
0.053280
0.053040
0.052652
0.052766
0.061585
0.058583
0.056957
0.058526
0.058414
0.055969
0.057045
0.056651
0.076236
0.078684
0.061497
0.057729
0.056851
0.058713
0.058172
0.056135
0.063618
0.061659
0.076047
0.056033
0.055221
0.051356
0.052235
0.049662
0.052456
0.056772
0.054185
0.054546
0.053289
0.059039
0.060301
0.079441
0.054681
0.052331
0.056856
0.058221
0.057910
0.059721
0.061121
0.073871
0.055191
0.055928
0.052499
0.054265
0.056950
0.052531
0.061092
0.052647
0.059211
0.058259
0.054471
0.055434
0.046547
0.042775
0.037231
0.048504
0.051133
0.052865
0.051539
0.052043
0.052139
0.055964
0.054748
0.057569
0.053889
0.060440
0.073529
0.064658
0.054012
0.056460
0.064686
0.076639
0.067398
0.065467
0.056875
0.057572
0.058881
0.052078
0.053877
0.057957
0.060626
0.056397
0.064637
0.081876
0.069480
0.058655
0.059696
0.054482
0.064965
0.072349
0.069402
0.065538
0.065615
0.078772
0.083240
0.065318
0.073091
0.077154
0.083323
0.058717
0.052603
0.053565
0.056349
0.056682
0.057969
0.055999
0.044235
0.061666
0.065690
0.052533
0.054476
0.051803
0.052413
0.053320
0.053951
0.058033
0.057026
0.055028
0.052983
0.057982
0.055770
0.061329
0.066570
0.052790
0.052878
0.055081
0.056813
0.052148
0.053000
0.052377
0.053860
0.057062
0.063804
0.052789
0.056003
0.053332
0.054268
0.054436
0.054134
0.057849
0.057272
0.064020
0.064983
0.068981
0.086673
0.061039
0.052154
0.051922
0.058743
0.064649
0.067088
0.059068
0.052270
0.051591
0.059355
0.057464
0.056927
0.064241
0.064840
0.065826
0.077425
0.084131
0.057021
0.052299
0.054823
0.060085
0.057263
0.058117
0.057339
0.060941
0.086006
0.061925
0.054610
0.058368
0.056151
0.053343
0.056612
0.054120
0.067803
0.060953
0.056403
0.055857
0.054314
0.053383
0.058688
0.053404
0.053242
0.070002
0.062905
0.066907
0.087079
0.063901
0.053061
0.053205
0.052259
0.054932
0.069207
0.068493
0.076154
0.091450
0.094236
0.090927
0.087041
0.094192
0.095092
0.076863
0.082626
0.085834
0.070895
0.096509
0.090978
0.091241
0.072183
0.065022
0.063257
0.077385
0.043283
0.040273
0.054626
0.081426
0.048546
0.042971
0.042978
0.045133
0.045644
0.044789
0.047047
0.042800
0.038921
0.042762
0.039753
0.049294
0.040004
0.042645
0.040202
0.050099
0.043967
0.045472
0.043954
0.059896
0.062190
0.080674
0.063576
0.054061
0.063866
0.057970
0.053931
0.053077
0.052934
0.055424
0.053755
0.064902
0.059665
0.052736
0.063951
0.068603
0.055041
0.056230
0.058263
0.056519
0.058813
0.055705
0.057695
0.056509
0.070657
0.065227
0.066721
0.053251
0.060654
0.064347
0.052790
0.052657
0.054814
0.056904
0.056472
0.058274
0.056712
0.057857
0.060233
0.056432
0.056309
0.059815
0.059037
0.057434
0.071083
0.056071
0.055550
0.059325
0.059018
0.056807
0.066396
0.064759
0.062747
0.057452
0.061112
0.056815
0.053966
0.052371
0.060214
0.062258
0.078771
0.074839
0.054781
0.052915
0.058773
0.055063
0.057073
0.054469
0.059625
0.057873
0.064958
0.064693
0.051767
0.057361
0.058590
0.059602
0.055954
0.066378
0.056560
0.058681
0.087339
0.070216
0.063034
0.056658
0.052617
0.052227
0.053988
0.054912
0.063948
0.056753
0.058146
0.057719
0.058913
0.056440
0.057137
0.058539
0.056643
0.059904
0.061566
0.061402
0.054196
0.065996
0.052209
0.055941
0.055787
0.052966
0.052920
0.058418
0.057876
0.056647
0.056422
0.058206
0.060314
0.061549
0.068468
0.058529
0.051336
0.050727
0.056361
0.050437
0.050910
0.050553
0.056029
0.062613
0.072433
0.060536
0.051757
0.053078
0.058315
0.056600
0.065942
0.066140
0.051601
0.051930
0.063714
0.062046
0.053518
0.056274
0.051941
0.056683
0.061960
0.058976
0.061151
0.063984
0.076933
0.061412
0.053349
0.055230
0.060997
0.062922
0.068863
0.060665
0.063415
0.053208
0.061107
0.058213
0.053947
0.055901
0.057415
0.061005
0.064471
0.062608
0.052298
0.064198
0.065849
0.059439
0.059178
0.065061
0.052678
0.054545
0.060900
0.057604
0.059971
0.064547
0.059491
0.067288
0.052740
0.058404
0.059697
0.058999
0.062598
0.068055
0.057925
0.057563
0.058032
0.054331
0.061430
0.057702
0.054578
0.064871
0.056180
0.062810
0.053315
0.054348
0.058224
0.070147
0.061680
0.057722
0.053560
0.060993
0.053872
0.058249
0.053538
0.058078
0.050712
0.063999
0.058263
0.052254
0.051935
0.060234
0.067987
0.072499
0.085075
0.059356
0.058116
0.063288
0.061641
0.058322
0.052527
0.055670
0.057375
0.077069
0.056499
0.053321
0.062657
0.053526
0.060953
0.051997
0.050970
0.051163
0.063281
0.056979
0.051880
0.055672
0.067706
0.051934
0.052197
0.052620
0.057338
0.060959
0.059691
0.056824
0.058477
0.057611
0.066528
0.057367
0.063542
0.050646
0.059848
0.057710
0.052659
0.062348
0.060801
0.055047
0.054942
0.059193
0.055705
0.056111
0.064758
0.052026
0.064486
0.056708
0.052771
0.053533
0.052108
0.064800
0.064196
0.058774
0.061162
0.057250
0.053703
0.061928
0.058548
0.059306
0.065747
0.062379
0.067846
0.059724
0.062167
0.052706
0.060271
0.061649
0.058845
0.063635
0.067037
0.071809
0.063652
0.070037
0.066442
0.065926
0.073614
0.056746
0.052587
0.060619
0.066628
0.067576
0.063339
0.072572
0.064306
0.064556
0.067213
0.053973
0.058676
0.058044
0.055868
0.052270
0.056570
0.062139
0.056717
0.064407
0.058864
0.073502
0.052407
0.055582
0.058781
0.065292
0.065856
0.077375
0.055172
0.054084
0.056580
0.059806
0.055274
0.058593
0.064325
0.057730
0.051480
0.053501
0.059950
0.065610
0.057262
0.057777
0.053231
0.056925
0.063092
0.059131
0.066262
0.062550
0.062539
0.061362
0.084765
0.075448
0.051750
0.058939
0.060102
0.058672
0.054626
0.062019
0.058833
0.059092
0.058191
0.054158
0.066174
0.064731
0.056648
0.058187
0.058055
0.060030
0.061113
0.059866
0.053801
0.052482
0.054529
0.053558
0.059568
0.056540
0.061750
0.066822
0.056811
0.052340
0.055088
0.052586
0.057347
0.059026
0.058457
0.057507
0.057300
0.061129
0.051126
0.059221
0.052250
0.053185
0.058517
0.058981
0.083925
0.066905
0.058693
0.054714
0.057380
0.082476
0.053061
0.068664
0.057774
0.066768
0.052719
0.053269
0.054800
0.058409
0.065617
0.066126
0.052628
0.059024
0.057417
0.058404
0.054058
0.054675
0.061389
0.052913
0.054311
0.063331
0.056951
0.058415
0.059346
0.059580
0.054960
0.059628
0.066181
0.062286
0.055500
0.052296
0.053683
0.053521
0.054904
0.059904
0.056290
0.056265
0.059244
0.056633
0.058371
0.057820
0.066916
0.063990
0.059910
0.059276
0.052835
0.058612
0.078131
0.053876
0.058686
0.052541
0.059181
0.058166
0.055726
0.059025
0.071848
0.069778
0.082164
0.069286
0.065103
0.061634
0.055651
0.055136
0.061930
0.065659
0.058670
0.059739
0.073441
0.066077
0.057121
0.052466
0.054160
0.053434
0.056611
0.058270
0.059199
0.068255
0.059189
0.056223
0.059487
0.051539
0.055078
0.058010
0.054766
0.052158
0.053212
0.063471
0.075590
0.052778
0.054660
0.053403
0.060298
0.053561
0.056724
0.068500
0.062188
0.065382
0.057356
0.057268
0.057148
0.060165
0.065544
0.061175
0.063363
0.054619
0.060670
0.060648
0.063580
0.058908
0.062072
0.059238
0.065429
0.058771
0.057978
0.057139
0.052970
0.064979
0.060432
0.052725
0.060874
0.053972
0.059230
0.057925
0.055238
0.058503
0.057410
0.051538
0.053460
0.058295
0.071846
0.065040
0.059707
0.053534
0.061037
0.061583
0.050778
0.066945
0.059945
0.052525
0.054860
0.063596
0.084155
0.076961
0.083177
0.093080
0.072026
0.064718
0.077118
0.066823
0.054513
0.064310
0.060649
0.067516
0.088701
0.078270
0.063506
0.053361
0.053790
0.065717
0.067808
0.057050
0.071882
0.057943
0.056631
0.052822
0.058301
0.061221
0.056561
0.052991
0.052401
0.060277
0.062664
0.054413
0.059289
0.053091
0.063323
0.052564
0.061540
0.073746
0.073286
0.068354
0.056830
0.055380
0.055870
0.056243
0.061918
0.053316
0.051895
0.052192
0.059564
0.072614
0.052237
0.052066
0.056173
0.053575
0.067492
0.059346
0.057262
0.061737
0.059754
0.058214
0.063215
0.066398
0.065391
0.064753
0.059968
0.052744
0.053315
0.062474
0.058669
0.062513
0.053859
0.061718
0.058338
0.054091
0.052471
0.057149
0.058598
0.059248
0.058722
0.057116
0.058454
0.059846
0.058031
0.059871
0.058759
0.053058
0.060210
0.061521
0.067015
0.076608
0.077392
0.063882
0.053888
0.060165
0.061926
0.077659
0.080368
0.058138
0.054839
0.057051
0.063937
0.074598
0.052199
0.049659
0.052863
0.049629
0.081455
0.052447
0.059505
0.060615
0.064097
0.061092
0.063602
0.054313
0.055097
0.061819
0.060769
0.064653
0.054382
0.055466
0.055459
0.057266
0.060969
0.077136
0.067697
0.055355
0.060914
0.077684
0.072343
0.072538
0.063235
0.054480
0.051858
0.059708
0.055117
0.053515
0.055585
0.061187
0.075954
0.073863
0.060641
0.064347
0.054005
0.061376
0.059505
0.064375
0.071677
0.075804
0.066884
0.060216
0.063073
0.087126
0.066998
0.078299
0.053162
0.059737
0.052532
0.062464
0.062649
0.067125
0.064496
0.057269
0.053657
0.064587
0.075258
0.076811
0.062440
0.062302
0.070308
0.057897
0.052101
0.054382
0.055413
0.059164
0.060628
0.075315
0.075603
0.059383
0.053617
0.060497
0.085172
0.054534
0.058359
0.059649
0.074605
0.060601
0.053665
0.052030
0.055955
0.056544
0.060740
0.066519
0.056961
0.050836
0.053465
0.052745
0.058737
0.058844
0.065106
0.069835
0.079312
0.069634
0.053457
0.058336
0.052719
0.059348
0.059492
0.059276
0.056385
0.055548
0.053830
0.067852
0.067395
0.060694
0.059830
0.062451
0.065726
0.063045
0.065702
0.067690
0.053841
0.057175
0.056906
0.057465
0.055418
0.058628
0.053545
0.052559
0.076093
0.065647
0.053493
0.053998
0.054664
0.061924
0.055232
0.054562
0.052726
0.070576
0.053852
0.060314
0.063820
0.053323
0.061882
0.053881
0.066252
0.065126
0.051919
0.054063
0.059998
0.057179
0.057664
0.054554
0.053661
0.065094
0.066299
0.058789
0.053797
0.056393
0.059500
0.058324
0.054970
0.059483
0.101986
0.086374
0.061442
0.056818
0.064453
0.072846
0.058516
0.063129
0.053034
0.052660
0.058369
0.069169
0.067455
0.059885
0.052342
0.057701
0.057068
0.052866
0.052057
0.064253
0.060761
0.063548
0.053265
0.057022
0.060117
0.055769
0.055578
0.060997
0.061336
0.053441
0.052846
0.055295
0.054080
0.062577
0.063636
0.071566
0.067382
0.064646
0.065165
0.064237
0.057905
0.059956
0.066466
0.057408
0.062342
0.074564
0.065439
0.062884
0.071930
0.060536
0.096413
0.091173
0.055691
0.054158
0.090615
0.090663
0.066989
0.065849
0.058322
0.063879
0.070122
0.058625
0.060056
0.055429
0.062210
0.053092
0.060851
0.060092
0.060505
0.067515
0.066395
0.064626
0.081240
0.059910
0.040444
0.041323
0.047627
0.048757
0.046427
0.051329
0.043411
0.043877
0.046001
0.045467
0.039403
0.055683
0.052894
0.055938
0.058826
0.054341
0.042426
0.058783
0.060353
0.060044
0.056838
0.058579
0.060508
0.057833
0.065412
0.081849
0.052572
0.054058
0.057964
0.054548
0.058334
0.052288
0.056672
0.054528
0.056236
0.058482
0.053729
0.059615
0.062894
0.076519
0.052802
0.052821
0.055515
0.058960
0.055356
0.053227
0.062940
0.080422
0.072834
0.059243
0.056881
0.060298
0.058804
0.057871
0.060151
0.055567
0.054216
0.054474
0.060768
0.059157
0.053929
0.074918
0.071200
0.061744
0.066659
0.064585
0.073044
0.065275
0.053206
0.062912
0.068104
0.052561
0.054821
0.058949
0.056350
0.051609
0.053932
0.066329
0.058532
0.052090
0.056072
0.056587
0.052595
0.052029
0.052956
0.066972
0.060473
0.063609
0.077939
0.052100
0.052745
0.055578
0.061086
0.062010
0.051963
0.059021
0.063928
0.053819
0.054673
0.052265
0.052850
0.065308
0.065642
0.054561
0.053082
0.053023
0.052731
0.060580
0.061774
0.066649
0.062122
0.051851
0.058241
0.064479
0.075329
0.053998
0.056088
0.057735
0.057177
0.053334
0.060029
0.058132
0.060756
0.050234
0.071514
0.056077
0.057814
0.059876
0.054808
0.061862
0.064225
0.074526
0.058542
0.055985
0.054170
0.053396
0.062880
0.063917
0.055746
0.057412
0.055114
0.061302
0.055630
0.055152
0.055404
0.055375
0.060184
0.062952
0.052217
0.066730
0.064404
0.059223
0.059822
0.062489
0.059130
0.056723
0.058671
0.060566
0.056514
0.065341
0.066517
0.070615
0.052562
0.055986
0.065232
0.061852
0.063825
0.056457
0.055228
0.057639
0.052475
0.054945
0.052464
0.069660
0.071730
0.053735
0.053009
0.059881
0.055917
0.057761
0.061113
0.064674
0.055153
0.058105
0.055099
0.060103
0.058713
0.060023
0.056962
0.053442
0.053871
0.055884
0.054422
0.055827
0.058025
0.051970
0.052452
0.052613
0.059804
0.058273
0.054744
0.058581
0.060513
0.066692
0.059282
0.052868
0.059134
0.064328
0.059236
0.057625
0.056496
0.056849
0.058944
0.059665
0.056954
0.053119
0.070371
0.060091
0.063171
0.055746
0.056692
0.055633
0.055988
0.063114
0.054922
0.052769
0.055950
0.059584
0.059182
0.060264
0.059909
0.066062
0.073024
0.066779
0.058928
0.085258
0.069002
0.058866
0.065163
0.058161
0.060934
0.081567
0.075043
0.071209
0.058465
0.056001
0.057590
