0.002681
0.043162
0.053452
0.040556
0.041926
0.060215
0.053698
0.051993
0.058197
0.054069
0.051497
0.052647
0.050542
0.048438
0.041444
0.063752
0.061810
0.050386
0.056388
0.050421
0.058640
0.086627
0.055198
0.051273
0.051896
0.064627
0.054437
0.050550
0.050011
0.051440
0.051982
0.051890
0.056272
0.058818
0.050059
0.049994
0.051268
0.050760
0.054866
0.057166
0.050730
0.066044
0.054329
0.061460
0.056450
0.053970
0.060242
0.055978
0.051370
0.049474
0.061380
0.062124
0.051842
0.053958
0.057650
0.060423
0.049353
0.051637
0.056862
0.057212
0.055746
0.056937
0.063299
0.051558
0.052491
0.053610
0.066623
0.060289
0.059808
0.064451
0.056599
0.060763
0.052922
0.062436
0.052385
0.057557
0.053965
0.060393
0.054770
0.051720
0.085949
0.058549
0.058347
0.070559
0.063635
0.065854
0.061734
0.063021
0.064430
0.065563
0.069392
0.065099
0.069505
0.072973
0.064379
0.063822
0.062787
0.062358
0.056838
0.052643
0.051590
0.056294
0.057813
0.051471
0.051402
0.063880
0.073621
0.061851
0.051594
0.054748
0.061421
0.052054
0.058376
0.058763
0.055732
0.057138
0.068088
0.062567
0.056495
0.052336
0.057796
0.049765
0.055905
0.056998
0.056851
0.056328
0.054983
0.058820
0.056553
0.053362
0.053879
0.061763
0.071287
0.059315
0.055331
0.054150
0.065781
0.055654
0.061466
0.055720
0.051638
0.049197
0.067780
0.055134
0.053052
0.060958
0.066169
0.066128
0.052765
0.051048
0.067283
0.062622
0.053277
0.056342
0.057690
0.063176
0.061322
0.051149
0.057703
0.060322
0.063990
0.066624
0.053280
0.051802
0.073630
0.063763
0.058848
0.062942
0.053604
0.056997
0.064471
0.052877
0.052457
0.052076
0.051935
0.052629
0.053215
0.053971
0.056046
0.047959
0.050296
0.057102
0.053271
0.059908
0.055594
0.059838
0.063583
0.065256
0.075791
0.079848
0.071643
0.075466
0.080912
0.063828
0.066006
0.080980
0.065853
0.051945
0.064265
0.053421
0.052257
0.051706
0.057941
0.050183
0.066080
0.064775
0.050664
0.051612
0.051039
0.056181
0.069195
0.051811
0.049818
0.048828
0.052565
0.050156
0.059783
0.052741
0.059212
0.057906
0.073502
0.056599
0.050740
0.051686
0.051638
0.051092
0.076678
0.065068
0.085332
0.072104
0.072633
0.070999
0.074510
0.074882
0.073920
0.089874
0.057860
0.046447
0.042184
0.065566
0.058941
0.064481
0.064351
0.052406
0.061799
0.074961
0.067166
0.057236
0.051704
0.052276
0.041291
0.047004
0.046170
0.044893
0.057024
0.059213
0.054760
0.050284
0.051961
0.052387
0.051765
0.039620
0.046139
0.047869
0.056182
0.052593
0.052802
0.051068
0.059919
0.056536
0.055756
0.050632
0.050122
0.057701
0.057003
0.072331
0.059301
0.047736
0.066896
0.058912
0.048538
0.035854
0.082927
0.080657
0.093296
0.052456
0.050942
0.057587
0.060448
0.057546
0.051560
0.050671
0.059026
0.043674
0.058823
0.058125
0.061272
0.056180
0.051424
0.053480
0.055275
0.065304
0.058723
0.060503
0.051099
0.053334
0.075005
0.061936
0.052035
0.059126
0.055329
0.058641
0.065948
0.076636
0.052465
0.059380
0.064638
0.066967
0.056590
0.057420
0.051610
0.052669
0.059214
0.059248
0.058379
0.069196
0.039865
0.049192
0.051662
0.051896
0.059363
0.059095
0.061080
0.050702
0.055433
0.052781
0.057406
0.052741
0.051561
0.051581
0.051795
0.042994
0.038741
0.083899
0.053062
0.051611
0.051185
0.064787
0.054827
0.051376
0.050264
0.050136
0.058272
0.057812
0.060085
0.050957
0.051570
0.052129
0.052449
0.057642
0.057034
0.051046
0.058606
0.051168
0.071811
0.060415
0.055643
0.069073
0.063615
0.060093
0.051245
0.052393
0.060072
0.051562
0.051402
0.051481
0.059697
0.053899
0.059338
0.067350
0.051805
0.051637
0.052284
0.085193
0.054668
0.060174
0.051401
0.060624
0.050800
0.057136
0.055992
0.050796
0.052510
0.059363
0.064592
0.058382
0.060525
0.055836
0.050580
0.054698
0.060369
0.049683
0.039946
0.047400
0.049953
0.046226
0.063432
0.059532
0.058194
0.051736
0.051535
0.051438
0.062022
0.052338
0.056950
0.057616
0.062625
0.050651
0.057721
0.051194
0.051082
0.058263
0.052008
0.058092
0.054966
0.055810
0.062534
0.063850
0.050884
0.045557
0.041806
0.056289
0.055766
0.055722
0.056535
0.087015
0.054121
0.057677
0.051970
0.056805
0.056465
0.056126
0.056555
0.064971
0.049929
0.074341
0.088708
0.067821
0.062156
0.051923
0.052206
0.051902
0.051638
0.053443
0.053707
0.055557
0.053940
0.044937
0.044318
0.061718
0.056879
0.055493
0.059487
0.056724
0.057212
0.056806
0.059704
0.052891
0.053321
0.052931
0.062684
0.053012
0.052428
0.052363
0.055844
0.050386
0.052551
0.051627
0.065325
0.058031
0.059724
0.056544
0.058523
0.061343
0.060761
0.053233
0.050471
0.061345
0.049510
0.061265
0.059728
0.061271
0.071201
0.053695
0.051804
0.060898
0.053360
0.053602
0.053572
0.053617
0.057808
0.055576
0.055582
0.055202
0.056662
0.052000
0.057791
0.052284
0.055548
0.053861
0.061213
0.051765
0.051168
0.071157
0.065019
0.056285
0.054909
0.055659
0.051474
0.059673
0.052570
0.051605
0.051804
0.060609
0.053090
0.061501
0.054223
0.054170
0.053904
0.056000
0.056334
0.051851
0.051363
0.063481
0.056974
0.057527
0.057135
0.050451
0.050213
0.052178
0.051518
0.053679
0.055259
0.053484
0.054359
0.054788
0.053972
0.057455
0.053007
0.063835
0.058219
0.066465
0.057179
0.059225
0.071621
0.065335
0.053633
0.051088
0.065650
0.055117
0.051445
0.052350
0.061783
0.053517
0.054129
0.060441
0.051197
0.057561
0.051673
0.051261
0.055840
0.057229
0.057465
0.054806
0.062230
0.052297
0.053100
0.053695
0.067260
0.051320
0.058816
0.062197
0.060736
0.058087
0.057386
0.059640
0.050173
0.041166
0.055984
0.045085
0.054768
0.053918
0.050197
0.073730
0.056821
0.058883
0.059600
0.056381
0.060300
0.057983
0.059918
0.053805
0.056440
0.056530
0.066273
0.058745
0.058378
0.054582
0.057099
0.054561
0.053731
0.060892
0.052273
0.056880
0.053482
0.054218
0.055098
0.058941
0.053054
0.052953
0.053757
0.053266
0.051929
0.051815
0.051876
0.052395
0.062676
0.068463
0.052695
0.054552
0.051873
0.051268
0.055765
0.052757
0.061875
0.066042
0.058748
0.053389
0.057684
0.060647
0.061648
0.062124
0.072014
0.052771
0.058824
0.053390
0.052983
0.054213
0.060446
0.059983
0.046469
0.042165
0.048393
0.058097
0.060983
0.058329
0.061143
0.056098
0.057690
0.058094
0.058084
0.053360
0.058490
0.060749
0.053263
0.070722
0.074696
0.079698
0.060126
0.054394
0.059640
0.068082
0.060031
0.058996
0.064894
0.065381
0.069356
0.069305
0.059081
0.069471
0.062132
0.055786
0.059216
0.052468
0.057619
0.053712
0.060551
0.059154
0.060168
0.065213
0.060423
0.052763
0.055540
0.060055
0.070282
0.072481
0.054771
0.057107
0.059484
0.059489
0.053213
0.052959
0.051428
0.054638
0.053058
0.061977
0.063496
0.053313
0.067138
0.052913
0.066766
0.059524
0.058290
0.056368
0.051092
0.071004
0.070454
0.065735
0.060570
0.067235
0.053555
0.060039
0.054718
0.054504
0.052392
0.058910
0.058045
0.053544
0.054635
0.057251
0.057189
0.053411
0.052988
0.063163
0.062907
0.064076
0.053296
0.054472
0.053341
0.059633
0.056813
0.052803
0.051462
0.052344
0.062213
0.053325
0.053320
0.083349
0.062811
0.058975
0.056810
0.070342
0.078588
0.059656
0.054329
0.053844
0.053852
0.056310
0.051868
0.057573
0.052157
0.059909
0.063163
0.062487
0.076046
0.080592
0.079970
0.066625
0.069009
0.073323
0.094489
0.068043
0.083857
0.076324
0.082171
0.081989
0.078727
0.083593
0.061373
0.051405
0.061113
0.050909
0.051986
0.065319
0.053007
0.068891
0.055378
0.044092
0.045119
0.055785
0.068533
0.055012
0.052079
0.053401
0.048417
0.041119
0.042755
0.041340
0.051353
0.054047
0.050534
0.060587
0.059522
0.060493
0.052363
0.052969
0.053745
0.055728
0.053340
0.076887
0.055826
0.052686
0.040757
0.049215
0.038593
0.059572
0.066324
0.067891
0.055439
0.051157
0.059034
0.051318
0.057900
0.057437
0.063785
0.060237
0.055155
0.052887
0.066933
0.050248
0.050837
0.052524
0.057795
0.056504
0.055809
0.039551
0.049534
0.046145
0.052109
0.040751
0.060920
0.056583
0.045037
0.052565
0.054736
0.055837
0.058067
0.058111
0.055862
0.059272
0.056981
0.063731
0.051472
0.064650
0.059569
0.062523
0.052798
0.051454
0.072962
0.066292
0.064828
0.080950
0.065819
0.063033
0.063832
0.057909
0.050633
0.060451
0.060306
0.063350
0.053926
0.064649
0.065740
0.070349
0.054653
0.058320
0.061721
0.060096
0.053197
0.053503
0.060619
0.063278
0.050807
0.054906
0.062383
0.059450
0.060227
0.059875
0.059923
0.058212
0.050733
0.061906
0.066447
0.063725
0.064741
0.065794
0.065170
0.049830
0.070779
0.064311
0.043092
0.037834
0.039459
0.044159
0.052755
0.040065
0.039951
0.040260
0.040729
0.040664
0.039464
0.061762
0.070562
0.051184
0.052559
0.051206
0.060064
0.056724
0.055747
0.054885
0.055008
0.053537
0.052315
0.064846
0.051324
0.051817
0.052254
0.052030
0.052177
0.051736
0.051507
0.051647
0.059530
0.052600
0.064264
0.059658
0.052401
0.051478
0.051675
0.063744
0.051594
0.052634
0.051719
0.064018
0.049998
0.049716
0.049414
0.052990
0.063644
0.052013
0.053241
0.050395
0.053755
0.064761
0.051495
0.050668
0.056762
0.054963
0.051998
0.052566
0.054491
0.051972
0.051883
0.052518
0.052042
0.052141
0.051818
0.052796
0.052209
0.053101
0.050971
0.055751
0.055183
0.054700
0.051843
0.053241
0.061389
0.051614
0.051156
0.050790
0.052608
0.052992
0.050485
0.062148
0.051618
0.052464
0.057057
0.058624
0.068388
0.058631
0.050967
0.050955
0.054549
0.055233
0.054452
0.055188
0.054457
0.054141
0.052441
0.055678
0.052954
0.051565
0.041595
0.039850
0.050123
0.040678
0.039140
0.040667
0.039487
0.044152
0.058382
0.048515
0.060477
0.061216
0.051701
0.057062
0.059784
0.062406
0.060061
0.060843
0.058986
0.050517
0.059901
0.061894
0.061201
0.058741
0.052084
0.065763
0.050962
0.050858
0.051580
0.051297
0.051149
0.051649
0.053295
0.056073
0.046259
0.054297
0.046822
0.048800
0.043341
0.046779
0.042593
0.041250
0.061822
0.057578
0.061709
0.053701
0.051518
0.051547
0.063239
0.050311
0.053465
0.053557
0.051007
0.052197
0.052104
0.052735
0.052415
0.050436
0.053690
0.053210
0.052898
0.059099
0.052458
0.064007
0.051012
0.052391
0.051943
0.052293
0.057241
0.066482
0.073149
0.069302
0.063264
0.051995
0.051722
0.055666
0.051786
0.056391
0.070259
0.060956
0.051765
0.050407
0.051972
0.052110
0.051683
0.057382
0.051855
0.039325
0.067917
0.051144
0.052248
0.050018
0.060133
0.052001
0.054678
0.052613
0.054995
0.052021
0.053092
0.053372
0.058462
0.052340
0.052064
0.053298
0.059161
0.054862
0.044094
0.049986
0.046847
0.039512
0.045893
0.042556
0.046139
0.052408
0.061892
0.053483
0.053049
0.052441
0.062270
0.052368
0.055650
0.060678
0.055202
0.052274
0.072726
0.072711
0.064106
0.075557
0.083194
0.065586
0.077935
0.091787
0.092062
0.091902
0.092019
0.061083
0.086124
0.067953
0.066228
0.052698
0.052752
0.053120
0.053782
0.053034
0.053121
0.052773
0.056200
0.057509
0.068010
0.059308
0.057536
0.051591
0.059721
0.061523
0.055242
0.056114
0.052969
0.059031
0.052039
0.061529
0.053251
0.053327
0.052276
0.052245
0.052342
0.052161
0.052654
0.054674
0.052979
0.052743
0.051414
0.051599
0.062316
0.053042
0.051991
0.051766
0.052161
0.062052
0.062851
0.051171
0.052344
0.057549
0.077517
0.070417
0.067771
0.052240
0.051461
0.064290
0.050524
0.051964
0.050496
0.053485
0.052226
0.056355
0.056745
0.056455
0.051593
0.045681
0.046444
0.063243
0.048662
0.060716
0.041390
0.051683
0.050812
0.050740
0.051874
0.051069
0.051176
0.050244
0.065249
0.064113
0.052092
0.051322
0.050578
0.055722
0.056218
0.051336
0.052335
0.062569
0.051168
0.051897
0.051957
0.052475
0.053525
0.062994
0.059536
0.052559
0.050981
0.050751
0.056984
0.052688
0.052351
0.056546
0.052165
0.052228
0.052473
0.052059
0.051653
0.051476
0.043035
0.041427
0.046370
0.061224
0.055360
0.058738
0.039685
0.062154
0.053181
0.051697
0.059922
0.044234
0.043479
0.039144
0.057617
0.052022
0.051342
0.050758
0.051527
0.051986
0.056884
0.053381
0.056625
0.052764
0.054480
0.052810
0.053499
0.053183
0.051928
0.050166
0.041487
0.045418
0.053290
0.045388
0.040571
0.048642
0.059347
0.051684
0.057267
0.051833
0.051300
0.051319
0.063757
0.067923
0.081856
0.064784
0.052594
0.052605
0.053010
0.051952
0.052022
0.052384
0.052050
0.051406
0.051606
0.052328
0.051901
0.051672
0.051716
0.059705
0.052257
0.052378
0.062389
0.057409
0.058838
0.054967
0.051968
0.052532
0.052309
0.052166
0.052597
0.052147
0.053272
0.057805
0.056177
0.041467
0.041347
0.059896
0.073434
0.056161
0.055381
0.052281
0.052105
0.056107
0.065496
0.064112
0.057938
0.050652
0.070527
0.064129
0.052513
0.052635
0.056888
0.052211
0.053455
0.053914
0.054131
0.053614
0.052284
0.052775
0.053955
0.050764
0.041071
0.045020
0.058439
0.052288
0.053313
0.051116
0.051473
0.051243
0.051605
0.057554
0.050943
0.053811
0.056510
0.050225
0.057508
0.051819
0.054684
0.055297
0.052100
0.052191
0.041130
0.040707
0.043222
0.041049
0.082586
0.076739
0.059654
0.051357
0.050237
0.052707
0.052566
0.052199
0.052139
0.052202
0.052303
0.052319
0.052034
0.052196
0.044318
0.052932
0.039686
0.063178
0.056202
0.051334
0.055610
0.051831
0.051514
0.050558
0.063434
0.063927
0.057749
0.053090
0.051035
0.057114
0.050795
0.057364
0.048241
0.044378
0.040690
0.045636
0.041785
0.045862
0.045197
0.079895
0.061413
0.076427
0.063993
0.052188
0.052384
0.051919
0.052125
0.051985
0.054101
0.052225
0.052339
0.052376
0.052736
0.051981
0.051785
0.055110
0.051431
0.048718
0.041242
0.041682
0.040463
0.039942
0.057742
0.053591
0.051486
0.052541
0.056294
0.053212
0.053329
0.055046
0.056553
0.053848
0.059175
0.053175
0.051194
0.052612
0.052567
0.052665
0.049154
0.042232
0.058134
0.051647
0.057249
0.052960
0.055650
0.076106
0.054418
0.052102
0.057343
0.039656
0.060652
0.050599
0.053827
0.050755
0.050656
0.054222
0.051342
0.051205
0.062035
0.052736
0.060353
0.053569
0.050276
0.063273
0.053549
0.052408
0.063771
0.057405
0.051214
0.055548
0.075795
0.051072
0.050924
0.051809
0.053297
0.055390
0.051788
0.054612
0.051167
0.052656
0.052770
0.052202
0.050828
0.052229
0.051764
0.051664
0.050939
0.061063
0.052516
0.052145
0.059086
0.057300
0.054441
0.051693
0.060680
0.062186
0.052384
0.052147
0.050958
0.052578
0.053006
0.065637
0.076788
0.074818
0.065327
0.067318
0.063591
0.051919
0.051791
0.051919
0.051822
0.054467
0.053468
0.052555
0.052457
0.052058
0.051933
0.062216
0.050473
0.050154
0.050961
0.050414
0.043653
0.040864
0.052117
0.040683
0.060897
0.053789
0.055238
0.052192
0.052513
0.052651
0.061168
0.052847
0.051907
0.052463
0.050378
0.051160
0.051097
0.050338
0.053000
0.051948
0.053838
0.051383
0.056040
0.050595
0.050839
0.053564
0.049634
0.056281
0.054849
0.050881
0.052272
0.051311
0.051396
0.051641
0.052482
0.051415
0.052318
0.051900
0.053941
0.050613
0.050467
0.059482
0.055838
0.054990
0.051335
0.051056
0.067212
0.051259
0.050661
0.056294
0.052607
0.052909
0.051703
0.051486
0.057511
0.052428
0.051790
0.057567
0.051388
0.054373
0.058420
0.050374
0.052222
0.051111
0.054013
0.055688
0.054937
0.055283
0.052561
0.052298
0.052160
0.052292
0.052746
0.052719
0.054658
0.051697
0.040238
0.044832
0.053073
0.040074
0.045824
0.060737
0.050958
0.052083
0.042865
0.040030
0.045191
0.041979
0.039154
0.054479
0.041144
0.058592
0.053064
0.052984
0.051719
0.072919
0.058811
0.051682
0.050246
0.050218
0.052025
0.053989
0.055458
0.062839
0.055467
0.053624
0.057117
0.051545
0.051285
0.051223
0.051298
0.051376
0.050788
0.050459
0.051116
0.050411
0.041245
0.049788
0.045861
0.040990
0.043899
0.040930
0.043011
0.040955
0.040186
0.039380
0.049378
0.045508
0.042742
0.039215
0.065544
0.039112
0.065108
0.054715
0.051163
0.052405
0.051984
0.051832
0.051974
0.056716
0.057264
0.058850
0.059021
0.052710
0.051900
0.052142
0.051604
0.058726
0.053091
0.052101
0.054550
0.054045
0.055012
0.056576
0.054010
0.056444
0.056177
0.051767
0.052161
0.052964
0.051242
0.050500
0.050696
0.055024
0.052605
0.050442
0.048146
0.044376
0.040556
0.058879
0.052589
0.053504
0.053470
0.051836
0.051311
0.064291
0.060923
0.054368
0.056576
0.053549
0.052460
0.052352
0.052294
0.054467
0.052615
0.046526
0.048840
0.052279
0.047122
0.043313
0.039742
0.043872
0.059621
0.064049
0.059785
0.053783
0.055209
0.050878
0.051604
0.051275
0.051192
0.054475
0.054289
0.055809
0.050841
0.051566
0.057650
0.050642
0.052553
0.054949
0.050436
0.059495
0.053346
0.053503
0.049944
0.044950
0.042824
0.058066
0.060956
0.060797
0.046572
0.039563
0.060405
0.060025
0.055608
0.052442
0.051216
0.053986
0.053434
0.057276
0.051708
0.052089
0.053122
0.052055
0.052322
0.053061
0.050949
0.056463
0.050771
0.059447
0.051863
0.051345
0.051406
0.051154
0.051380
0.049443
0.056159
0.053400
0.052448
0.051042
0.052939
0.054013
0.050084
0.056300
0.053007
0.049669
0.056538
0.057697
0.049831
0.051417
0.051146
0.051118
0.050784
0.050819
0.051188
0.051013
0.051718
0.051478
0.051900
0.050994
0.054527
0.045581
0.041343
0.041790
0.060982
0.053309
0.051223
0.049722
0.050603
0.050420
0.049919
0.050092
0.055519
0.059780
0.052938
0.050582
0.054185
0.050300
0.051590
0.052498
0.051348
0.056291
0.051284
0.052218
0.054277
0.064624
0.057444
0.051106
0.053345
0.051524
0.050988
0.053519
0.051703
0.055275
0.052149
0.052451
0.054424
0.052478
0.050940
0.057081
0.055866
0.053481
0.052048
0.054193
0.054218
0.051166
0.050650
0.051931
0.049123
0.046997
0.040479
0.059978
0.051392
0.058468
0.050748
0.050433
0.050474
0.057406
0.051142
0.053241
0.054479
0.053489
0.052488
0.051172
0.055857
0.051739
0.055325
0.051141
0.051240
0.058373
0.056965
0.061671
0.051233
0.051211
0.057308
0.051619
0.050748
0.051721
0.051364
0.054246
0.050099
0.051451
0.050510
0.050649
0.045659
0.046532
0.050695
0.044475
0.041264
0.041719
0.058214
0.050785
0.050410
0.051051
0.047247
0.037414
0.057878
0.072609
0.052604
0.058841
0.058869
0.064183
0.057039
0.046799
0.038248
0.034603
0.049730
0.047540
0.049846
0.053205
0.065124
0.055266
0.059856
0.073605
0.070017
0.064811
0.086319
0.059493
0.064783
0.064319
0.058130
0.055840
0.060832
0.057142
0.050273
0.054155
0.061428
0.060273
0.058755
0.067549
0.069172
0.054990
0.053450
0.050320
0.066431
0.051311
0.049986
0.057323
0.048597
0.047209
0.044676
0.040126
0.044904
0.042980
0.043627
0.041507
0.040163
0.039942
0.040517
0.042816
0.041009
0.041541
0.052430
0.051421
0.049443
0.079040
0.061286
0.050484
0.049720
0.051012
0.053191
0.052295
0.051110
0.051833
0.051361
0.051548
0.052265
0.058586
0.070050
0.054034
0.055920
0.056467
0.057890
0.052891
0.089238
0.058549
0.052536
0.053060
0.052079
0.051253
0.056057
0.053558
0.054378
0.053793
0.054991
0.055409
0.051846
0.050862
0.054962
0.063422
0.070504
0.059365
0.042775
0.036121
0.040413
0.036931
0.057210
0.051869
0.050964
0.054651
0.050596
0.057282
0.056711
0.057368
0.055005
0.053330
0.055621
0.057677
0.054635
0.055702
0.054924
0.060094
0.053435
0.058959
0.051924
0.056386
0.052940
0.051369
0.053182
0.060537
0.055497
0.057287
0.060640
0.050870
0.054466
0.060229
0.053621
0.053431
0.058968
0.056906
0.084490
0.057281
0.050679
0.053944
0.058826
0.040319
0.047338
0.039888
0.040929
0.036630
0.060756
0.061745
0.054560
0.052042
0.058281
0.055229
0.055586
0.057554
0.045934
0.046271
0.042046
0.051761
0.038566
0.039436
0.041977
0.041374
0.037207
0.042921
0.040510
0.047835
0.046140
0.048529
0.040181
0.047206
0.047558
0.041880
0.039004
0.046966
0.041205
0.036693
0.047043
0.046154
0.056995
0.040148
0.044125
0.058149
0.069461
0.061356
0.055932
0.051172
0.054494
0.056469
0.054864
0.052282
0.050921
0.062890
0.050261
0.049789
0.052874
0.058257
0.062407
0.064700
0.067302
0.065964
0.065967
0.073776
0.064688
0.064706
0.064447
0.075265
0.066493
0.065764
0.058970
0.053914
0.061595
0.077165
0.057699
0.049894
0.060053
0.051177
0.055806
0.066821
0.070026
0.066777
0.057638
0.060379
0.059747
0.059853
0.052900
0.059613
0.051961
0.059876
0.055652
0.058089
0.058456
0.054853
0.052929
0.057425
0.058820
0.052090
0.051784
0.054553
0.052941
0.060255
0.087882
0.052222
0.057303
0.063050
0.066386
0.055931
0.058393
0.051687
0.051490
0.052498
0.051843
0.050870
0.054905
0.053045
0.053943
0.062292
0.051663
0.079723
0.082371
0.070010
0.062119
0.063561
0.063634
0.051625
0.053320
0.051121
0.053478
0.056758
0.051186
0.063606
0.072720
0.069400
0.055423
0.050511
0.046770
0.072551
0.055863
0.071904
0.071646
0.086570
0.072014
0.068438
0.064539
0.076609
0.064665
0.065225
0.065628
0.065382
0.064673
0.051371
0.053471
0.059389
0.056899
0.054961
0.057828
0.054930
0.052957
0.051220
0.051159
0.058028
0.051632
0.051019
0.050454
0.053495
0.052358
0.051940
0.060124
0.052280
0.053511
0.057431
0.055297
0.056646
0.056326
0.053798
0.056127
0.052787
0.052382
0.060049
0.047320
0.050924
0.068329
0.060706
0.052897
0.051536
0.051835
0.060003
0.053101
0.055536
0.057481
0.060011
0.052287
0.059317
0.069127
0.069450
0.056626
0.051102
0.055733
0.051997
0.061266
0.053506
0.053704
0.052164
0.052155
0.052274
0.052254
0.056220
0.060723
0.077074
0.088408
0.051460
0.059505
0.064470
0.059537
0.076001
0.054717
0.058032
0.051066
0.050673
0.059920
0.065286
0.060456
0.064265
0.059508
0.052086
0.052244
0.051471
0.060669
0.071497
0.050140
0.068895
0.051639
0.061618
0.049536
0.049889
0.051653
0.052454
0.062501
0.054161
0.053829
0.052083
0.052376
0.061216
0.079416
0.059689
0.064816
0.061396
0.052880
0.055318
0.055602
0.056347
0.059623
0.056014
0.058097
0.055974
0.058173
0.054703
0.053988
0.052318
0.051972
0.051932
0.055034
0.053751
0.055696
0.058860
0.055091
0.038359
0.048888
0.040359
0.045782
0.061024
0.051362
0.051240
0.051379
0.052965
0.057189
0.057214
0.055731
0.055632
0.055019
0.055995
0.053593
0.053494
0.054346
0.052896
0.053151
0.064215
0.058159
0.050862
0.051187
0.052723
0.055724
0.053509
0.053210
0.057495
0.055526
0.052670
0.051690
0.052557
0.059303
0.061863
0.055125
0.057201
0.055035
0.057376
0.056485
0.057566
0.057132
0.055573
0.058856
0.056465
0.061852
0.079359
0.055443
0.053272
0.052134
0.053432
0.050477
0.050530
0.056497
0.051956
0.053962
0.052954
0.054777
0.061244
0.054034
0.052646
0.050754
0.058659
0.051159
0.049579
0.065068
0.056579
0.048674
0.068958
0.060276
0.060767
0.051222
0.055076
0.053941
0.050877
0.049256
0.056657
0.072904
0.073888
0.065809
0.066193
0.066461
0.064911
0.065066
0.065115
0.074870
0.065702
0.064970
0.067477
0.051648
0.049459
0.050862
0.057371
0.050081
0.053385
0.060259
0.060954
0.049839
0.052320
0.052417
0.053257
0.054696
0.055877
0.053914
0.056539
0.055039
0.055732
0.054160
0.068289
0.061914
0.050963
0.052678
0.047027
0.054034
0.050504
0.052018
0.055339
0.053666
0.057095
0.051661
0.050649
0.050808
0.051579
0.052058
0.052330
0.055739
0.058649
0.054505
0.055814
0.058488
0.054450
0.057976
0.056152
0.055986
0.056154
0.057198
0.061143
0.054596
0.054396
0.054399
0.056319
0.061348
0.052569
0.050954
0.055682
0.055384
0.057433
0.050655
0.067954
0.050696
0.054821
0.054991
0.057783
0.057492
0.054053
0.052877
0.052512
0.052495
0.051764
0.051866
0.051646
0.046196
0.057690
0.059254
0.057956
0.050976
0.050681
0.050886
0.059789
0.057028
0.054397
0.053251
0.053578
0.060319
0.051922
0.053835
0.051795
0.051932
0.055098
0.062683
0.054886
0.057179
0.052769
0.057320
0.056501
0.058016
0.058135
0.055406
0.052583
0.060464
0.063478
0.051901
0.051199
0.051072
0.054828
0.065256
0.059744
0.052933
0.052575
0.054581
0.052855
0.054701
0.052698
0.053252
0.046440
0.041240
0.075459
0.043361
0.041744
0.050752
0.043554
0.040994
0.043905
0.040117
0.043233
0.041611
0.083551
0.081491
0.074130
0.069157
0.063451
0.055069
0.057781
0.060460
0.061398
0.051122
0.064719
0.052543
0.052272
0.053717
0.059623
0.053164
0.055542
0.082634
0.077072
0.075040
0.076200
0.047855
0.042614
0.041033
0.047977
0.038988
0.053345
0.064375
0.051430
0.050829
0.058155
0.054090
0.056911
0.052993
0.052804
0.051970
0.050448
0.053082
0.051498
0.064279
0.053527
0.074380
0.076349
0.081663
0.067671
0.073101
0.066125
0.065712
0.051332
0.050725
0.055849
0.055336
0.053365
0.054562
0.055775
0.054193
0.057625
0.052525
0.058211
0.083235
0.053727
0.051596
0.048755
0.056894
0.048616
0.060715
0.055623
0.057187
0.051509
0.054367
0.054158
0.051564
0.050679
0.051426
0.055894
0.055910
0.052235
0.052355
0.045625
0.039009
0.051830
0.041259
0.036924
0.042625
0.043118
0.041405
0.042592
0.039551
0.040426
0.039623
0.038537
0.040151
0.045360
0.056082
0.061707
0.052364
0.052791
0.053881
0.057247
0.051921
0.056123
0.058568
0.052175
0.054427
0.057311
0.053303
0.051522
0.042995
0.041632
0.058509
0.066714
0.065966
0.050470
0.056284
0.050786
0.078564
0.064082
0.059216
0.055699
0.052083
0.053654
0.053433
0.057105
0.053582
0.054036
0.054499
0.057253
0.059771
0.052832
0.052199
0.049714
0.042261
0.048719
0.041971
0.041608
0.044971
0.039735
0.056479
0.052153
0.051847
0.059702
0.052805
0.050759
0.054857
0.053646
0.052402
0.068517
0.051559
0.056476
0.051265
0.052344
0.053658
0.052754
0.063334
0.058671
0.058182
0.058443
0.053326
0.056799
0.057413
0.056252
0.053186
0.053209
0.056383
0.060457
0.052243
0.051969
0.051826
0.051718
0.051977
0.059395
0.060897
0.054411
0.054836
0.059565
0.052512
0.057707
0.059263
0.057766
0.055560
0.043445
0.044056
0.051857
0.061053
0.051928
0.052115
0.052908
0.051507
0.052324
0.053095
0.055517
0.067726
0.065789
0.066598
0.080034
0.063011
0.052860
0.050954
0.050583
0.050401
0.055552
0.056901
0.054218
0.058030
0.059091
0.053267
0.053478
0.052608
0.054155
0.052415
0.055840
0.053174
0.052488
0.053408
0.053187
0.059729
0.052547
0.057387
0.040043
0.040265
0.062598
0.051488
0.053711
0.054479
0.051592
0.051689
0.063042
0.076723
0.062505
0.051422
0.053324
0.053072
0.051097
0.050984
0.051021
0.050558
0.053542
0.057000
0.057540
0.054034
0.052622
0.070528
0.059843
0.059878
0.057099
0.050025
0.052646
0.050697
0.069321
0.074186
0.052180
0.050100
0.051272
0.051051
0.060482
0.051686
0.061341
0.051313
0.049702
0.056323
0.051226
0.050610
0.057534
0.057275
0.056145
0.051714
0.050675
0.053423
0.082460
0.062876
0.049728
0.049843
0.058452
0.050480
0.051418
0.055714
0.052033
0.059194
0.057458
0.054543
0.051633
0.058051
0.052638
0.052594
0.055553
0.052753
0.053763
0.051237
0.050783
0.056008
0.059933
0.055335
0.057691
0.077542
0.050122
0.054392
0.054034
0.064697
0.051990
0.057154
0.057728
0.055390
0.054638
0.051367
0.050411
0.050985
0.049499
0.078025
0.048474
0.043842
0.040652
0.053220
0.075505
0.067847
0.063208
0.064114
0.064926
0.057128
0.064196
0.059406
0.072671
0.058730
0.048605
0.047149
0.061727
0.060622
0.057495
0.049137
0.061647
0.073811
0.058635
0.063991
0.065515
0.060678
0.068156
0.068348
0.061038
0.059165
0.048823
0.057652
0.054464
0.066628
0.055315
0.040609
0.044332
0.040890
0.061297
0.059906
0.049815
0.050289
0.062265
0.050214
0.052005
0.051601
0.052875
0.052644
0.052426
0.052408
0.051409
0.044168
0.051179
0.040470
0.061213
0.061718
0.058152
0.052544
0.057049
0.059326
0.050417
0.054858
0.051695
0.047016
0.040626
0.052174
0.053427
0.054973
0.056738
0.056784
0.052917
0.053007
0.053458
0.056506
0.059038
0.051876
0.056985
0.055609
0.056084
0.055490
0.051933
0.051548
0.050972
0.062262
0.056549
0.053272
0.054192
0.058485
0.055747
0.052957
0.069869
0.061134
0.053906
0.052380
0.057761
0.061433
0.052925
0.052975
0.073158
0.061224
0.051668
0.052730
0.052012
0.053966
0.064320
0.050553
0.043671
0.050489
0.045823
0.063812
0.073970
0.061007
0.051744
0.053453
0.059970
0.050351
0.056597
0.056131
0.054445
0.055988
0.058979
0.059559
0.052185
0.053332
0.060581
0.057695
0.056705
0.056657
0.055538
0.060057
0.052401
0.063184
0.058099
0.066021
0.078740
0.079069
0.059608
0.063778
0.051793
0.061514
0.058024
0.059850
0.058703
0.061734
0.051792
0.054255
0.058392
0.054857
0.053957
0.057187
0.057774
0.061513
0.057050
0.052812
0.057606
0.052320
0.056954
0.056753
0.053132
0.052418
0.052727
0.060620
0.053304
0.052464
0.052730
0.053188
0.063184
0.053714
0.059594
0.053458
0.059343
0.052757
0.064417
0.059325
0.053822
0.062251
0.059710
0.058186
0.052110
0.056069
0.058192
0.056114
0.056664
0.055185
0.057162
0.055926
0.057577
0.044163
0.044485
0.045508
0.051629
0.042502
0.041893
0.053646
0.040706
0.049299
0.042654
0.044297
0.054363
0.059558
0.055203
0.058621
0.057979
0.056237
0.072635
0.072750
0.054214
0.052244
0.052000
0.053114
0.052583
0.053639
0.056133
0.053310
0.054606
0.054024
0.046283
0.049879
0.054305
0.043752
0.062029
0.052914
0.056120
0.056650
0.058525
0.056252
0.058106
0.054411
0.056568
0.055546
0.057518
0.052518
0.070217
0.054345
0.052628
0.053795
0.061399
0.090174
0.084337
0.059384
0.045101
0.046334
0.048628
0.066319
0.053865
0.052531
0.052843
0.056032
0.051419
0.054124
0.057562
0.059614
0.052884
0.052016
0.055292
0.052604
0.050164
0.048020
0.065045
0.062542
0.066625
0.066222
0.055642
0.059771
0.055743
0.055486
0.053731
0.051389
0.057584
0.059057
0.064811
0.052684
0.041430
0.057279
0.051535
0.051800
0.058172
0.094300
0.062861
0.053484
0.053296
0.052040
0.066723
0.060305
0.051921
0.051944
0.054200
0.053380
0.053963
0.055659
0.057198
0.055894
0.052046
0.058275
0.053666
0.052744
0.053449
0.056496
0.065616
0.054673
0.052417
0.052238
0.056448
0.053852
0.055448
0.055559
0.061205
0.055552
0.053199
0.055504
0.056138
0.064796
0.062481
0.054658
0.059937
0.055959
0.061099
0.052018
0.055848
0.059310
0.053305
0.043357
0.055802
0.059383
0.053146
0.051802
0.053798
0.060896
0.053733
0.053401
0.051509
0.058110
0.054166
0.053028
0.055232
0.054261
0.053524
0.065466
0.052973
0.053766
0.054647
0.045180
0.041668
0.042786
0.042042
0.046995
0.047318
0.041941
0.060238
0.055827
0.057770
0.059608
0.053168
0.053909
0.053355
0.057285
0.052537
0.052953
0.054583
0.053771
0.052482
0.058424
0.059054
0.060622
0.060884
0.052542
0.053156
0.058888
0.054473
0.058895
0.053896
0.055583
0.057340
0.053327
0.056335
0.051901
0.064832
0.072732
0.052993
0.053248
0.054454
0.053930
0.053685
0.054541
0.060259
0.052311
0.048221
0.051204
0.059362
0.054626
0.056457
0.057228
0.056781
0.054667
0.056480
0.053619
0.054454
0.059137
0.054691
0.053174
0.055642
0.053561
0.053516
0.052450
0.043836
0.053907
0.060693
0.064699
0.058615
0.051188
0.053194
0.056449
0.060299
0.056261
0.053731
0.053648
0.056861
0.053941
0.053044
0.069394
0.053499
0.053765
0.053084
0.053516
0.061938
0.053415
0.066314
0.060018
0.053777
0.053882
0.052879
0.062713
0.053239
0.053382
0.053165
0.057894
0.059105
0.053561
0.053709
0.054283
0.052716
0.052771
0.072235
0.057524
0.053007
0.051674
0.052233
0.053627
0.052428
0.064941
0.063923
0.057728
0.053070
0.054543
0.054197
0.057665
0.056071
0.057045
0.057292
0.056046
0.057976
0.053918
0.049067
0.044012
0.043836
0.046985
0.063990
0.054550
0.051077
0.040020
0.057942
0.058597
0.051511
0.059881
0.055622
0.059380
0.053461
0.056467
0.052553
0.057305
0.054768
0.053967
0.058765
0.053778
0.053629
0.063259
