947	428	52	109
947	428	54	107
948	428	54	107
949	427	54	107
951	427	54	106
951	427	54	108
950	426	54	106
950	426	55	106
953	425	55	108
956	423	55	106
956	421	55	109
956	419	55	109
957	418	55	109
958	416	56	110
960	414	56	110
960	412	56	111
959	411	56	105
956	408	56	108
953	408	55	109
952	408	55	110
952	407	55	110
948	407	56	110
944	408	56	111
944	408	55	110
941	411	56	108
939	410	56	107
933	412	57	109
930	413	57	112
926	415	57	110
923	417	57	111
921	418	56	108
916	417	57	108
911	419	57	109
907	419	57	110
903	419	57	109
900	420	56	110
896	418	57	108
891	420	57	106
885	419	57	109
882	420	58	109
879	418	57	110
878	417	57	109
878	417	57	109
877	414	56	109
877	413	56	109
875	413	57	109
875	412	57	109
875	411	57	109
874	412	56	109
874	413	56	110
872	412	56	109
871	413	56	108
870	413	56	109
868	412	56	108
868	411	56	110
868	411	56	109
867	410	56	109
867	410	56	110
867	409	56	110
866	409	56	110
865	408	55	109
865	408	55	109
865	408	55	109
866	407	56	110
866	408	55	109
867	407	55	109
866	407	55	110
865	407	55	109
865	406	54	108
865	405	55	109
864	405	54	109
863	405	55	108
862	404	55	109
860	404	54	106
859	403	54	104
856	402	54	106
854	403	53	107
852	402	52	107
850	401	51	106
847	399	51	105
845	399	50	105
843	398	50	104
840	397	49	104
838	396	49	105
835	394	49	105
833	394	49	107
833	394	48	105
831	393	47	103
829	392	48	105
828	393	47	106
827	392	46	104
825	392	45	105
824	392	44	104
822	392	43	105
821	393	42	104
820	393	39	105
818	393	37	106
817	396	34	103
816	395	32	102
817	397	30	100
814	399	28	98
814	400	26	100
813	401	25	101
811	402	23	101
810	406	21	98
809	408	21	98
807	411	22	92
805	406	26	97
801	411	28	92
798	408	28	99
795	409	30	97
791	403	32	102
789	403	33	101
786	401	36	101
780	390	40	112
775	390	41	115
769	386	46	118
764	381	46	118
759	375	49	121
752	372	53	124
745	367	59	132
739	362	53	137
730	354	56	144
723	348	56	143
716	350	62	136
710	334	63	151
703	330	66	150
693	327	68	154
686	318	68	165
679	302	68	182
677	296	66	183
673	294	63	184
670	285	69	193
666	275	67	202
662	266	64	210
660	258	62	219
658	251	62	224
656	247	62	228
654	246	60	228
651	238	61	236
647	227	62	247
642	218	65	250
640	222	70	251
636	225	78	246
632	228	83	244
631	214	79	261
617	219	95	258
629	219	89	249
623	220	104	250
632	214	105	258
634	208	114	264
636	201	117	273
634	212	119	264
625	213	125	261
616	213	141	261
617	206	133	256
612	203	141	255
610	204	145	247
601	207	159	236
606	209	150	232
608	199	148	234
609	198	149	232
606	198	152	229
602	199	153	224
583	200	167	219
583	195	164	222
587	198	155	212
582	201	154	213
570	200	157	209
562	203	159	204
562	205	152	207
557	207	153	210
553	210	150	210
549	211	147	210
544	213	145	211
539	213	145	211
535	214	143	199
531	215	139	203
529	218	137	200
530	222	132	190
523	223	130	187
517	224	128	189
512	226	124	187
509	229	129	187
501	232	127	181
495	232	124	176
492	233	122	181
488	233	122	182
484	234	111	177
480	233	109	181
475	234	103	179
472	235	104	177
469	236	101	173
465	234	95	179
462	232	89	185
459	232	86	186
457	233	85	183
451	233	85	182
448	230	86	183
446	232	84	178
440	231	88	179
433	232	91	178
430	232	91	179
427	231	91	178
426	230	88	174
421	231	91	174
417	229	94	174
410	226	97	179
403	225	101	176
402	222	99	181
399	222	101	180
394	219	104	177
390	219	104	179
388	217	104	176
382	214	103	181
380	212	103	182
375	212	106	179
368	210	109	177
361	210	111	186
357	209	113	180
356	207	112	180
354	205	110	183
351	203	111	182
349	203	107	181
346	202	109	187
346	202	106	181
345	211	110	172
346	207	108	168
345	208	110	176
344	213	109	158
348	213	104	155
349	215	101	150
347	214	105	156
348	216	105	148
347	217	106	150
348	220	104	144
350	220	100	144
350	220	100	140
350	219	100	150
350	224	99	143
352	225	96	137
356	224	94	139
357	223	95	142
358	214	101	151
359	212	103	151
356	209	109	156
357	210	109	159
383	211	85	140
381	215	89	139
380	216	92	142
379	217	95	144
379	216	97	147
392	219	87	129
381	219	100	147
377	219	108	159
386	219	101	137
381	221	111	157
379	223	113	159
377	222	118	170
382	223	116	161
386	225	113	161
384	225	118	167
388	225	119	164
387	226	122	165
402	227	111	155
411	226	105	144
411	226	110	143
414	229	102	139
415	227	105	141
415	229	101	140
414	227	106	144
414	222	106	145
413	220	107	146
415	219	106	147
415	219	108	149
417	220	107	146
420	220	106	144
422	219	106	144
423	221	107	144
426	220	110	144
431	219	112	142
435	215	113	146
442	217	108	140
446	214	104	145
447	214	107	147
454	216	105	144
461	216	103	137
459	216	111	149
466	216	108	141
476	217	101	135
479	215	104	145
483	216	103	140
490	215	104	138
494	210	109	147
498	207	110	149
504	205	108	155
509	210	104	148
513	211	105	148
517	214	103	144
524	214	103	144
528	214	103	145
532	214	104	144
538	215	103	140
540	215	105	143
544	215	103	141
551	214	103	138
552	213	105	142
560	213	99	141
563	213	99	143
565	212	100	144
569	213	98	147
572	210	101	147
575	211	99	145
578	210	97	147
581	210	99	147
583	210	100	148
588	210	98	144
588	211	101	147
591	213	100	140
596	212	102	139
598	212	103	141
602	210	102	144
606	208	99	148
608	211	98	142
611	211	99	141
613	210	102	142
616	210	105	145
623	208	105	147
627	207	101	143
632	205	100	151
634	208	102	146
637	210	102	144
642	212	100	145
647	211	99	143
652	212	98	144
656	213	97	141
656	213	102	142
663	209	105	146
669	206	104	149
672	207	103	151
677	208	100	149
681	209	99	148
684	209	102	148
689	210	102	148
696	210	99	150
699	210	98	148
704	210	97	147
706	210	99	147
713	209	96	147
718	209	96	147
720	208	98	148
723	207	98	147
729	207	96	148
733	206	97	148
738	203	97	151
741	203	98	152
745	202	98	156
754	202	92	154
761	201	89	150
768	200	87	149
772	198	87	153
777	200	90	150
779	201	89	139
786	201	84	140
790	198	82	139
794	199	84	129
798	194	84	139
815	194	69	131
818	195	68	140
822	195	69	147
825	191	67	164
830	190	66	164
832	189	66	165
834	188	66	166
838	188	65	167
839	187	68	168
838	185	72	169
840	182	75	173
843	180	71	177
847	180	70	174
851	177	69	177
853	177	71	174
855	175	73	178
859	173	75	174
857	172	82	177
858	169	87	183
859	168	91	179
862	166	93	178
863	163	97	175
866	161	103	175
866	159	108	172
868	158	117	170
870	157	122	165
873	154	127	161
875	151	130	158
880	148	139	153
877	146	146	149
877	148	153	141
870	147	167	138
867	148	173	130
861	148	181	124
855	149	186	117
848	148	194	109
847	148	194	100
840	147	194	89
831	145	196	81
823	142	198	72
822	133	192	72
821	124	178	77
815	106	178	89
813	92	168	94
808	68	167	111
806	50	159	118
807	33	148	127
810	19	138	136
810	6	134	141
815	0	130	140
821	0	124	133
825	0	119	127
828	0	113	124
834	1	105	123
841	0	99	124
846	1	101	127
852	1	87	140
860	0	84	160
855	18	83	170
844	35	80	180
839	50	74	172
830	59	75	176
824	66	74	176
814	71	79	174
808	79	78	173
806	88	79	170
805	97	85	170
804	102	88	173
794	106	107	173
799	110	100	168
806	111	91	170
806	109	98	171
808	107	98	168
810	110	97	165
811	108	96	166
808	109	104	162
810	103	99	166
809	105	96	164
803	104	93	163
796	97	97	171
794	105	96	163
786	105	102	163
779	95	104	172
775	104	103	162
774	110	103	157
756	115	118	153
756	120	86	151
733	128	126	150
707	133	131	151
688	139	93	151
670	141	125	153
652	150	82	159
638	154	77	163
626	153	83	163
618	152	79	165
605	155	79	167
597	158	77	167
590	162	78	167
585	162	78	167
579	164	79	168
572	161	79	172
564	161	80	173
561	158	77	170
557	152	79	172
552	148	78	176
550	149	80	175
548	147	81	178
547	145	80	177
545	145	82	178
543	145	82	181
538	150	85	176
532	149	85	181
526	153	86	177
522	155	90	177
518	157	96	179
513	162	95	176
510	157	96	182
507	154	96	187
504	160	93	183
501	156	97	187
497	157	96	186
491	154	98	189
486	151	100	192
482	153	101	189
473	151	107	199
466	155	109	195
459	158	113	194
455	158	113	197
446	160	117	199
443	165	116	186
433	167	120	190
427	169	122	186
422	172	123	189
417	176	126	185
410	178	130	183
408	180	129	182
405	185	127	179
400	184	131	183
396	187	128	176
393	190	130	177
388	188	132	180
388	181	133	184
383	189	131	181
378	175	141	195
383	178	129	187
367	184	146	198
371	181	145	196
395	192	120	163
397	210	108	138
394	192	113	155
392	177	121	169
364	175	164	200
354	224	127	166
353	171	175	219
352	154	189	236
352	156	193	234
353	157	182	235
350	151	195	246
353	152	188	248
353	164	186	237
354	162	204	243
359	161	204	245
366	167	200	238
369	167	205	240
373	161	215	250
376	156	228	258
382	160	225	254
387	158	227	257
390	162	228	255
400	163	226	249
408	160	226	255
416	157	231	260
424	159	227	257
432	163	227	255
441	158	226	258
451	169	214	244
460	168	228	246
470	160	229	258
481	156	232	258
491	153	234	268
498	149	239	265
510	148	235	260
520	147	239	276
533	145	238	278
546	146	233	282
562	144	228	282
572	147	226	284
587	147	222	277
595	146	228	281
605	146	226	268
618	145	224	273
632	143	218	287
637	140	223	287
645	137	225	286
654	136	221	281
663	136	217	290
668	137	214	285
673	138	210	272
676	141	206	280
682	138	202	287
682	139	204	296
681	140	206	292
684	142	201	290
700	144	181	290
694	147	188	290
695	147	186	291
702	149	177	290
702	149	177	287
707	151	171	291
720	155	160	309
722	157	160	264
726	154	159	278
730	153	159	282
735	152	156	283
740	152	155	284
746	154	151	282
752	156	147	278
754	157	146	272
766	160	135	269
773	158	135	268
781	159	133	269
786	159	134	268
793	159	131	268
796	158	134	267
808	159	129	268
812	158	128	268
819	158	128	268
825	158	127	268
832	160	125	266
838	160	123	265
841	161	123	266
845	160	123	267
853	162	118	264
859	164	118	263
866	164	112	262
869	168	110	258
872	171	109	256
876	173	107	254
877	177	107	252
879	179	106	251
878	181	108	250
879	183	108	246
880	184	109	245
881	187	110	243
884	187	109	242
885	188	110	240
887	189	109	239
889	192	111	236
893	190	111	238
896	190	111	237
900	191	115	235
905	191	114	234
911	191	116	234
916	190	116	234
919	189	118	235
924	189	117	235
928	189	119	234
930	189	119	233
935	191	120	231
936	194	121	228
939	196	120	224
940	197	119	223
941	200	119	222
940	201	119	220
939	199	118	221
939	201	119	217
938	201	118	216
937	201	119	217
935	204	118	214
933	205	118	213
931	203	117	214
929	210	117	208
928	209	116	209
926	210	116	208
926	211	116	207
926	211	116	206
925	211	116	206
925	213	116	204
923	210	117	206
921	210	119	204
918	209	120	205
915	207	124	203
913	207	125	206
911	204	127	204
908	202	130	206
906	201	131	200
904	200	130	201
901	198	121	187
899	202	125	183
897	201	112	169
896	200	109	163
892	198	110	166
889	199	109	163
887	200	109	160
884	199	106	154
881	199	105	151
878	199	106	151
873	198	108	152
871	197	102	145
868	195	100	142
865	193	104	146
863	193	97	133
860	192	92	121
856	192	91	116
853	192	114	145
849	191	118	157
846	191	121	160
844	190	119	159
839	189	122	158
835	188	123	161
834	189	124	159
831	189	124	158
827	190	124	156
823	190	125	153
817	190	127	156
816	191	127	152
812	192	128	156
810	193	121	148
807	193	125	149
804	194	125	145
799	196	125	143
795	196	128	146
793	197	128	142
789	198	128	138
784	197	128	141
781	198	129	139
780	200	129	136
776	203	132	135
771	203	129	133
768	205	128	132
765	206	130	132
761	207	129	132
757	208	127	132
755	210	124	129
753	213	124	127
749	213	126	128
745	214	128	127
743	215	129	128
739	217	126	129
736	218	128	128
732	220	128	129
728	222	131	131
724	223	132	132
721	223	133	132
718	225	130	133
715	226	127	132
711	228	127	130
708	229	128	131
705	230	128	132
701	231	127	135
699	233	125	127
694	233	130	132
690	234	129	134
688	234	127	131
685	235	123	129
680	236	124	128
676	237	122	126
671	236	124	129
665	236	125	131
662	237	119	127
657	238	117	125
653	239	116	125
647	240	118	126
643	239	114	127
638	239	113	128
632	238	112	136
629	239	110	134
624	240	108	135
618	239	109	134
616	239	106	136
609	239	106	136
607	240	102	135
603	240	98	137
596	237	101	139
593	236	97	139
588	236	96	137
583	234	94	141
579	234	94	139
571	231	94	144
566	228	92	149
561	225	91	152
558	223	86	147
552	219	87	145
550	218	86	146
546	217	84	145
542	214	83	147
537	211	82	149
533	209	79	153
530	208	78	147
526	207	76	147
523	205	73	145
519	201	71	149
515	199	70	148
511	198	74	150
507	195	60	149
500	194	66	153
495	192	65	153
489	189	66	149
484	187	65	147
480	184	66	149
472	181	69	148
465	178	71	147
458	174	74	147
451	170	77	140
445	166	81	148
439	162	85	148
432	158	91	149
428	156	94	146
425	154	96	147
422	149	102	145
422	146	104	143
419	144	109	141
417	143	112	138
416	143	115	135
417	137	121	136
418	133	126	139
420	130	126	140
419	126	130	137
421	125	130	127
423	125	129	124
424	123	130	121
424	122	132	119
421	118	142	117
421	119	146	110
423	117	148	113
422	114	153	115
429	111	150	117
424	107	161	120
425	105	167	110
427	102	174	110
431	100	180	104
433	100	184	99
440	99	184	96
441	99	188	95
444	99	188	91
447	99	191	84
449	100	192	80
454	100	191	75
454	100	194	71
460	100	192	66
466	100	195	62
463	99	207	59
470	97	207	57
476	95	205	56
478	92	210	58
483	88	211	59
486	83	216	63
494	78	211	67
500	69	210	74
510	64	206	81
513	59	211	84
523	58	208	83
531	54	205	89
539	51	206	91
550	49	199	94
555	45	202	97
558	39	202	101
572	37	194	102
576	32	197	105
586	30	190	103
594	26	190	106
604	26	185	107
610	23	181	109
616	22	180	109
622	21	177	110
629	22	172	110
636	23	168	109
643	24	164	110
648	24	161	113
655	31	155	111
662	33	153	111
666	34	151	113
665	37	156	113
670	40	155	113
668	44	162	108
686	47	148	108
691	52	147	107
697	57	151	102
708	61	142	100
710	62	145	100
710	68	148	96
709	69	152	98
731	73	137	96
729	79	143	90
744	82	132	88
733	87	146	81
751	90	134	82
724	94	175	81
771	101	124	71
782	103	131	77
783	106	138	77
796	116	124	66
796	121	127	62
782	125	168	70
779	130	137	70
769	109	232	89
772	122	194	82
772	107	229	96
764	130	213	91
768	116	224	97
773	150	221	85
781	145	218	103
782	145	227	115
777	153	235	123
767	158	240	125
731	152	275	143
731	161	272	144
722	170	273	146
712	173	279	158
701	179	282	168
687	187	285	174
667	187	287	187
654	182	285	207
641	184	273	218
631	191	260	226
617	188	254	243
608	190	236	248
601	191	221	256
592	190	211	270
585	188	197	293
577	189	185	287
565	190	176	284
558	193	168	277
540	192	136	284
521	191	124	286
503	189	124	279
476	189	140	281
447	188	154	278
407	193	180	277
381	189	183	264
367	192	184	248
323	188	214	252
304	197	214	238
277	189	228	237
276	189	224	220
275	195	216	205
271	194	213	205
261	189	223	206
256	185	234	182
265	182	229	167
275	183	219	152
278	169	221	154
289	162	214	154
296	164	204	137
313	155	195	110
319	147	200	111
338	144	178	102
357	138	167	79
365	132	162	71
381	125	163	65
402	114	153	60
422	107	154	55
428	103	151	57
449	89	141	55
458	93	138	45
455	85	155	40
487	82	132	35
489	80	134	32
455	79	157	36
429	52	219	80
417	149	65	179
419	164	68	179
400	107	91	193
411	141	59	189
420	146	67	174
408	146	62	213
421	126	63	181
408	144	67	160
404	144	84	160
397	122	73	170
407	142	69	234
345	117	163	192
413	164	197	208
725	112	141	68
731	126	131	60
738	135	137	59
747	138	136	65
755	146	134	65
761	153	135	68
768	159	133	72
772	163	135	79
777	169	137	83
783	171	139	89
786	180	145	88
790	197	148	82
792	206	149	81
792	212	152	81
791	224	155	77
789	233	156	74
783	243	159	70
778	254	167	63
768	259	176	65
760	270	177	59
753	278	181	57
745	289	183	54
737	294	185	56
732	299	186	60
726	303	184	66
721	307	181	72
713	311	181	78
706	316	179	84
699	318	175	91
693	322	170	96
688	327	164	99
673	330	163	101
663	335	158	99
656	337	151	102
649	337	142	117
642	337	146	120
635	335	130	116
627	333	127	127
622	330	121	129
614	328	118	135
608	326	111	142
601	322	103	145
594	319	100	144
589	316	96	145
582	311	85	142
576	310	70	130
566	307	66	103
559	305	63	120
549	293	67	145
536	286	71	149
521	282	75	153
508	276	81	150
492	270	91	152
475	267	100	151
463	260	106	147
446	255	112	143
436	248	114	140
420	243	124	136
410	232	127	135
401	230	131	129
390	226	137	125
383	218	143	125
383	213	146	121
381	203	154	119
376	197	163	113
372	194	166	102
366	188	174	100
372	182	174	98
371	175	177	92
372	170	183	85
371	165	189	77
376	161	192	71
380	156	195	65
388	151	196	62
396	141	195	62
402	133	197	62
415	116	190	72
427	106	187	82
438	96	186	88
455	91	176	91
469	74	169	101
481	68	163	110
498	61	154	112
506	53	151	116
520	50	145	119
530	43	141	125
545	37	135	132
555	39	130	134
567	41	123	136
577	45	120	137
586	48	114	140
595	48	110	145
604	54	105	143
612	64	102	139
621	68	103	141
631	68	98	147
635	72	99	148
645	80	97	144
654	81	94	147
662	88	94	144
669	86	95	149
677	90	96	147
685	94	96	147
695	101	94	141
700	100	97	145
707	98	99	150
713	103	101	147
718	109	105	142
727	110	103	142
732	113	104	142
738	115	107	141
747	114	107	146
753	116	107	142
760	117	109	142
766	119	111	142
772	119	113	144
779	120	113	145
787	121	113	147
795	121	112	148
801	123	113	145
802	121	119	148
804	122	125	150
809	126	130	148
805	126	144	150
809	128	150	154
806	131	158	151
805	131	165	151
811	135	166	150
814	135	174	152
823	136	170	153
829	131	171	158
820	134	189	156
850	132	169	162
876	137	152	163
883	139	150	162
886	148	152	157
885	155	161	154
877	156	176	158
835	146	227	172
886	159	176	164
859	163	214	167
886	172	189	163
876	170	204	170
867	168	216	177
868	176	214	175
842	168	243	188
835	165	246	200
841	173	236	196
829	171	248	203
828	179	239	199
821	182	244	200
810	187	235	197
794	194	242	192
780	198	246	198
767	199	248	204
757	204	251	205
746	205	245	206
732	205	244	207
726	209	242	210
702	205	243	214
686	205	245	216
676	204	235	221
663	203	233	221
649	203	230	228
636	202	224	228
624	201	219	228
613	204	213	226
603	200	209	234
588	199	208	243
576	196	206	250
566	196	202	237
553	192	199	241
539	195	196	234
533	193	187	234
524	193	181	230
512	193	180	236
502	198	179	234
483	197	180	223
479	199	168	219
469	201	161	215
460	204	156	217
448	214	155	198
433	209	154	205
430	214	139	204
417	215	139	208
410	217	130	207
397	220	127	206
385	220	128	203
375	222	126	206
375	224	113	197
368	227	107	198
359	226	101	205
349	229	102	202
342	233	95	202
333	236	94	201
325	233	91	205
317	236	92	202
309	234	90	203
302	237	91	201
292	240	92	199
287	243	99	197
286	245	99	195
281	247	102	193
275	247	107	197
271	244	104	197
268	239	103	203
265	243	106	197
262	248	111	191
262	249	102	185
261	257	108	179
261	260	107	172
264	261	103	165
268	259	99	159
270	249	102	171
272	255	85	158
280	237	99	170
277	301	73	121
280	241	114	175
280	256	100	160
287	261	91	151
296	237	99	161
301	236	107	160
308	229	111	169
313	230	107	168
321	224	111	171
330	225	105	173
338	227	107	170
345	226	109	168
355	226	112	164
369	225	108	166
380	220	94	175
391	218	94	174
401	216	89	170
413	221	84	167
422	218	85	168
432	224	78	159
442	225	78	157
451	217	71	165
459	216	69	164
469	213	68	164
477	212	68	165
490	212	62	164
501	214	59	161
509	214	59	159
514	215	64	155
521	213	70	154
528	210	71	154
533	208	83	151
539	209	88	146
548	206	95	143
555	205	100	137
559	201	112	136
565	200	117	132
573	199	116	128
574	194	124	128
572	190	137	125
567	189	152	119
561	187	166	112
559	185	173	103
563	182	176	96
562	180	181	87
565	176	184	82
565	171	187	73
566	164	187	69
562	160	185	60
562	151	188	60
551	143	195	62
547	132	197	66
542	126	200	62
538	116	206	65
533	107	204	69
525	97	212	72
522	91	211	73
519	82	204	76
517	78	202	77
511	74	205	77
502	69	210	75
499	59	220	81
496	55	221	80
491	54	227	80
485	53	235	77
485	51	234	76
478	49	238	75
473	49	248	70
476	46	247	70
478	43	245	72
483	41	238	71
484	41	232	67
490	42	225	62
488	39	224	63
477	39	240	61
477	40	242	59
482	39	240	56
480	38	247	57
491	40	239	52
472	40	261	50
446	41	292	49
444	40	300	47
446	40	303	44
451	41	302	42
450	41	305	41
441	42	320	40
459	43	304	38
474	43	288	37
465	45	297	35
463	45	304	33
477	46	291	35
466	47	307	30
476	47	304	33
472	48	309	29
471	49	307	28
465	50	322	30
485	51	296	28
500	52	281	28
473	53	308	27
483	55	311	25
480	56	298	25
490	56	309	25
486	58	302	26
480	63	230	24
445	68	270	17
484	65	220	26
447	65	264	30
441	0	271	161
254	0	686	318
776	391	314	113
789	412	236	132
853	447	167	82
773	461	227	84
785	457	185	83
772	455	202	57
765	453	294	111
673	272	391	288
666	84	210	136
812	116	221	96
786	116	346	161
814	98	300	105
813	114	222	94
724	103	388	133
807	102	257	106
809	104	312	99
807	127	174	82
805	133	157	78
809	135	141	77
694	139	326	42
670	139	358	51
669	138	361	74
696	145	340	64
689	147	352	59
688	152	355	59
713	158	337	57
718	162	342	61
726	168	339	60
740	173	335	62
749	175	330	68
761	187	327	63
771	190	318	68
792	194	305	71
804	198	297	74
825	201	286	76
833	211	280	77
839	213	276	77
847	218	270	79
856	221	263	82
862	223	256	90
870	225	248	95
874	227	244	100
879	228	238	109
883	229	231	117
888	230	221	125
890	233	212	128
894	233	202	136
898	232	192	138
904	236	179	148
904	236	171	151
906	236	159	162
908	234	147	169
912	235	136	173
913	232	128	177
915	230	119	182
918	228	111	188
921	229	106	187
922	227	103	190
921	228	102	190
918	228	105	189
913	227	107	191
908	228	112	190
902	228	113	186
895	228	119	194
888	229	120	191
880	230	124	195
878	232	116	186
869	232	117	187
862	234	115	184
855	233	117	186
849	235	117	185
843	236	118	181
837	237	120	187
832	239	118	180
828	238	116	175
823	237	116	176
818	238	118	175
815	238	115	166
808	236	112	162
804	234	110	162
800	233	104	157
797	232	101	152
791	231	113	162
786	229	117	164
783	227	115	162
776	225	87	127
769	226	89	126
765	225	113	162
759	223	114	164
753	222	112	165
746	221	117	167
740	218	114	171
734	215	114	172
726	215	118	172
722	213	116	175
716	211	114	174
709	210	114	171
702	208	113	172
696	207	114	175
691	203	113	177
684	202	109	175
679	202	109	174
673	199	106	178
667	198	101	179
659	195	100	181
652	192	103	181
649	191	100	182
643	191	84	163
635	186	87	171
631	185	84	172
627	183	79	172
624	181	73	173
622	179	69	171
618	176	66	171
616	174	62	169
618	174	56	163
616	171	55	159
615	168	51	153
611	168	50	149
607	166	51	144
600	159	54	144
595	157	57	140
589	154	59	136
584	153	61	132
577	148	65	132
568	140	70	135
560	142	77	129
551	140	81	125
545	138	86	121
534	138	92	114
526	134	98	113
520	132	100	108
515	127	102	105
509	125	107	100
499	122	116	97
492	117	118	94
486	111	123	93
479	109	126	87
474	105	129	85
467	101	132	82
462	95	137	80
455	94	140	75
448	92	143	71
443	90	144	71
439	88	146	66
435	87	147	68
431	87	150	65
429	88	151	63
424	90	155	56
422	89	155	59
419	88	158	54
417	88	160	53
410	90	165	49
406	92	170	49
398	92	176	42
395	93	184	41
392	95	183	40
390	95	189	39
390	96	185	37
385	97	190	37
379	98	194	38
377	101	200	36
393	100	181	36
368	102	199	36
388	103	173	35
388	104	174	35
384	104	176	35
371	105	196	35
368	107	187	31
341	109	214	28
343	111	205	25
347	112	198	24
351	112	191	23
355	114	184	21
354	116	184	20
360	118	173	17
368	118	178	17
372	121	163	15
387	124	145	14
383	124	151	16
385	83	160	68
272	0	276	169
280	1	186	130
407	207	69	152
395	132	66	225
366	139	103	213
373	151	104	201
340	131	125	46
341	146	128	28
336	151	114	27
329	151	128	33
322	154	129	40
320	162	127	40
319	166	119	45
317	169	111	50
316	172	114	53
314	177	116	54
310	177	97	62
306	183	92	62
301	188	84	62
297	190	74	67
286	194	74	73
264	198	91	90
256	202	92	90
247	208	93	88
246	213	92	86
235	217	84	85
229	221	80	85
184	227	119	133
178	231	121	133
169	238	125	142
164	240	122	145
165	251	131	144
161	252	119	148
165	252	113	150
170	251	112	150
177	256	109	146
183	260	110	147
191	256	109	171
201	258	103	167
204	315	86	122
219	266	90	165
241	255	83	171
251	261	75	162
268	251	66	166
282	253	60	159
295	254	54	147
304	249	58	148
317	253	50	139
330	254	46	134
337	249	50	129
350	246	51	124
355	235	62	128
363	232	72	124
370	227	78	122
378	225	77	124
387	220	78	118
395	219	83	115
403	215	87	105
408	210	103	103
414	206	105	100
421	203	111	93
424	199	117	88
428	192	127	87
432	189	130	86
437	185	136	78
444	184	137	70
444	178	147	71
446	174	152	67
452	171	155	62
455	168	158	57
459	163	160	56
460	158	168	56
465	153	164	58
467	150	168	53
466	146	174	46
469	142	172	42
472	137	169	39
472	131	182	39
478	127	172	39
475	122	179	43
475	118	178	37
473	114	190	37
472	111	187	35
481	109	182	32
475	107	189	31
479	105	184	29
479	103	190	28
484	102	182	26
488	102	178	24
494	102	173	22
497	102	168	21
502	102	168	20
504	104	166	18
510	106	154	16
520	105	142	18
490	48	75	71
391	39	183	73
365	121	45	170
370	115	46	206
367	107	56	231
368	97	54	249
355	118	70	217
340	129	106	165
312	0	191	267
46	0	674	207
601	220	121	139
586	142	273	45
604	159	237	37
621	163	225	40
638	170	208	39
671	180	188	37
685	185	189	38
704	192	178	39
721	199	173	41
740	204	154	44
758	212	137	46
780	215	132	53
805	221	115	57
822	225	104	63
846	227	86	74
858	230	85	78
871	233	84	85
880	235	94	96
892	242	95	92
906	246	97	99
910	248	101	98
917	252	103	101
922	253	112	115
926	254	119	115
929	254	117	118
929	252	119	123
928	247	113	121
924	243	110	118
920	241	109	118
913	237	101	117
907	235	104	116
903	232	104	118
899	231	98	115
892	227	117	136
884	223	123	140
877	219	122	144
868	215	120	143
864	212	112	139
856	206	107	136
848	203	102	133
844	201	91	126
838	197	82	118
827	190	81	117
818	183	77	114
815	182	70	105
805	174	67	104
797	172	62	99
789	165	56	97
779	161	54	93
769	157	52	89
758	152	56	84
749	112	59	116
730	117	70	107
715	117	80	100
701	134	84	75
690	131	91	70
676	133	92	60
658	130	102	56
648	128	102	50
631	126	113	44
621	123	117	37
615	119	115	36
584	112	143	38
577	110	145	36
577	110	143	33
571	107	185	32
571	105	144	27
570	101	149	28
564	102	132	26
558	101	129	22
554	99	125	17
554	98	130	17
560	98	119	17
573	96	93	17
581	97	79	16
580	96	75	16
581	96	72	17
570	96	84	17
572	89	84	21
560	69	133	56
555	63	274	89
547	57	398	185
728	42	332	189
516	87	437	199
360	123	167	102
368	144	168	44
365	149	154	44
354	154	165	46
352	158	163	48
346	171	155	47
346	176	139	48
337	187	134	43
338	196	122	42
325	200	123	42
328	209	110	44
324	214	96	46
321	220	76	52
316	220	76	59
319	225	65	73
307	230	61	83
298	235	70	88
288	239	74	95
275	241	83	105
269	248	81	102
264	251	82	100
262	256	81	97
264	257	77	94
263	256	75	99
266	258	70	97
269	256	70	97
274	253	72	99
275	252	73	101
261	252	89	115
262	255	89	133
261	268	91	126
260	256	102	143
273	255	96	140
282	249	98	141
297	245	91	146
309	241	91	141
320	240	86	140
334	233	80	142
348	227	75	138
357	222	75	144
372	223	65	131
383	215	63	135
396	213	60	130
410	201	54	136
424	199	50	129
420	191	67	127
447	188	48	125
449	189	60	114
462	181	59	119
474	176	65	108
479	172	71	104
485	164	81	102
492	160	88	101
496	158	95	98
509	156	94	94
515	154	99	90
520	151	103	87
526	147	106	85
529	144	119	81
531	142	123	76
532	140	135	72
535	137	145	67
537	136	150	59
537	134	159	55
538	134	164	52
541	131	167	48
542	128	173	45
543	124	173	44
546	119	176	44
546	115	179	43
548	110	179	44
551	104	180	45
551	97	183	46
554	95	177	44
558	89	177	45
558	86	178	44
563	83	175	43
568	78	172	44
568	75	176	43
568	73	176	40
565	73	178	37
565	73	183	36
569	71	178	34
576	72	171	28
592	73	158	27
589	73	162	25
575	73	183	26
590	73	178	26
619	72	157	31
607	29	210	101
758	42	240	99
740	100	111	49
744	107	87	42
744	106	84	43
699	103	120	46
615	99	200	40
563	101	206	43
576	106	213	42
582	118	240	37
591	113	230	47
582	128	249	38
586	131	251	44
591	145	257	37
600	151	256	42
618	159	246	41
631	165	239	45
648	174	230	48
660	174	224	60
676	180	220	66
697	184	207	75
719	189	194	82
739	194	187	89
763	196	168	101
779	202	161	111
801	206	147	118
819	208	138	127
842	213	121	132
865	218	107	131
889	218	100	139
914	219	92	149
932	220	96	159
946	219	101	165
958	222	113	167
967	222	121	171
978	222	126	171
989	221	124	168
1000	221	127	170
1009	226	129	161
1015	224	131	163
1018	222	128	158
1019	222	127	150
1010	205	136	158
1016	220	129	141
1004	199	137	155
1006	212	123	131
994	199	133	140
988	194	138	143
980	192	138	141
976	187	125	134
964	181	120	131
955	174	117	130
950	171	106	123
942	166	98	118
934	162	93	112
925	158	89	108
918	154	83	102
910	149	78	100
903	145	71	96
895	143	65	89
888	144	57	78
875	139	55	74
863	135	59	73
849	132	61	69
835	133	64	59
817	130	73	58
805	130	76	51
787	128	87	47
744	121	121	44
736	123	117	39
736	121	109	36
735	120	100	39
721	118	107	28
708	117	106	28
698	117	112	24
695	114	106	25
663	114	127	23
656	114	125	21
656	112	117	21
646	111	120	20
637	111	116	19
606	110	148	19
573	110	170	21
547	110	183	24
546	112	176	30
536	113	177	33
528	111	200	40
514	111	220	45
507	109	217	52
514	110	195	53
517	108	248	61
505	108	225	70
491	111	216	72
475	149	142	45
483	153	128	44
468	160	131	43
462	166	129	40
458	172	118	39
461	180	105	39
459	185	104	41
455	192	98	42
459	202	85	42
455	205	79	50
450	209	76	57
446	211	70	62
442	218	63	72
427	223	75	85
424	229	74	78
423	234	72	77
411	239	80	88
387	242	100	115
374	240	110	127
324	221	149	141
369	242	106	128
373	246	102	126
347	226	122	137
365	256	110	118
380	256	97	124
387	248	93	139
385	247	98	156
386	245	102	157
394	244	98	156
403	242	93	161
416	244	83	157
422	242	79	156
429	238	79	160
445	236	67	152
453	232	64	149
469	229	54	144
479	224	50	142
490	221	47	134
499	217	46	128
507	212	49	125
513	205	50	122
522	199	57	123
526	195	65	115
532	191	69	109
538	186	75	107
543	180	87	103
549	176	92	99
554	172	98	95
559	169	103	89
562	165	110	85
565	161	115	82
568	159	120	76
570	155	122	72
573	150	128	66
575	144	137	63
579	139	138	59
584	133	144	56
588	127	142	53
591	119	147	53
597	114	146	51
599	109	149	47
603	102	150	46
606	96	154	45
609	89	159	45
614	86	155	44
617	82	159	41
621	77	156	42
625	75	151	38
628	72	149	35
635	67	155	38
639	62	149	36
652	59	140	36
653	56	139	35
658	53	140	36
664	52	135	34
671	52	127	31
683	52	114	29
690	53	109	25
696	52	102	24
697	54	106	26
712	46	91	32
698	41	171	101
697	56	225	95
697	48	266	106
697	60	234	97
696	60	228	95
696	55	243	99
692	78	258	79
684	87	279	63
681	100	295	50
777	107	203	39
798	115	176	41
802	120	171	49
811	129	164	53
815	141	163	57
824	149	152	65
836	154	142	70
846	165	135	77
860	177	122	82
872	188	111	90
879	200	102	93
890	212	90	96
901	220	80	104
912	226	79	109
925	233	76	117
931	238	79	117
935	243	78	117
937	244	84	122
941	245	81	121
942	244	79	123
942	243	79	124
943	240	76	127
941	236	75	129
933	231	81	130
927	228	77	124
918	224	79	127
910	220	79	128
900	216	89	143
895	210	94	150
889	204	102	160
883	201	103	161
875	196	101	158
866	191	97	159
856	187	96	160
846	182	97	162
837	176	91	153
830	172	87	152
823	167	83	156
815	164	78	154
806	158	72	156
799	151	69	158
792	146	66	154
787	144	61	148
781	137	57	147
777	133	51	143
768	126	52	139
760	122	52	135
750	117	55	128
740	112	58	126
731	106	63	124
714	102	71	120
705	96	76	115
696	90	79	115
686	86	84	106
675	78	91	107
658	75	102	101
651	73	104	97
639	71	111	92
631	70	116	85
623	67	120	83
619	65	121	79
611	62	128	72
603	61	136	68
602	61	139	63
591	60	148	58
587	58	150	54
583	56	154	51
579	52	162	54
575	48	162	50
568	39	174	57
566	37	180	56
564	32	181	60
564	28	180	56
562	24	181	57
561	22	185	57
559	21	182	54
561	19	182	55
559	16	185	55
558	14	187	52
560	15	186	52
560	14	188	52
559	14	180	50
559	15	178	50
559	16	179	46
557	17	182	45
558	18	185	45
557	19	175	41
553	23	196	37
544	22	219	45
603	26	154	66
569	29	243	69
607	26	235	90
616	26	322	101
474	25	255	83
507	19	311	94
473	19	260	80
461	29	230	81
447	37	272	84
433	44	277	61
428	49	244	50
421	59	245	50
412	66	246	47
410	72	237	47
407	78	223	48
387	83	229	52
369	94	230	48
357	100	229	52
354	107	219	54
334	117	215	51
322	122	200	58
308	128	199	64
309	134	183	69
299	140	177	77
292	143	166	81
285	148	157	84
279	154	145	87
271	160	129	91
264	167	117	96
251	174	120	100
251	179	90	114
247	180	84	119
238	181	80	127
230	183	78	131
216	180	86	140
204	180	97	144
195	176	104	148
186	179	112	146
177	180	118	148
173	191	124	138
162	202	137	132
166	165	145	170
165	201	142	128
167	177	141	149
160	207	137	133
171	180	142	150
186	109	132	216
179	209	136	119
186	176	128	148
193	79	118	243
194	160	125	165
198	172	120	155
200	167	115	158
205	212	106	116
188	219	122	133
190	223	127	130
191	225	132	133
196	227	130	131
203	227	131	133
215	231	127	127
216	234	128	123
223	232	130	127
233	237	126	123
240	239	124	122
248	239	126	123
257	240	128	123
262	239	124	124
270	239	126	125
279	238	127	126
289	241	119	126
302	242	115	123
308	244	112	122
317	241	116	124
325	241	120	125
336	236	121	132
345	235	117	129
356	234	116	129
364	233	117	133
374	232	115	133
384	230	114	135
393	230	114	136
403	228	112	137
414	227	110	134
423	225	109	141
434	222	107	133
444	225	103	135
453	221	102	138
465	220	99	139
474	219	99	138
484	218	99	137
493	215	98	142
503	213	96	138
513	210	98	140
521	207	98	147
533	206	95	147
542	205	93	146
544	203	98	146
558	200	94	145
572	199	88	147
581	196	87	134
594	195	82	132
601	191	83	138
615	188	79	147
621	186	79	149
629	185	78	148
640	182	77	150
648	180	77	150
658	178	73	149
669	173	71	153
676	170	71	155
685	168	70	154
692	167	70	152
703	164	67	152
711	158	67	157
719	157	66	158
727	155	66	157
733	153	66	158
740	152	67	159
747	150	67	160
752	150	68	159
759	149	68	159
764	148	70	161
771	147	71	161
775	147	73	157
782	145	75	158
785	145	78	158
790	143	80	158
794	143	82	159
800	142	83	158
804	139	85	161
808	136	89	164
813	135	89	166
816	131	93	168
821	129	93	169
824	125	97	172
828	124	100	174
830	122	101	176
832	122	104	176
836	120	105	178
838	117	107	179
842	115	109	181
844	114	111	182
848	113	110	182
848	111	113	184
852	112	113	183
853	111	113	182
855	111	114	183
857	109	115	185
858	109	117	185
859	108	118	186
860	107	120	188
860	105	122	188
860	105	123	188
861	105	123	186
859	103	125	189
858	102	127	190
856	102	128	191
855	100	129	192
854	99	130	193
853	99	129	195
852	99	129	195
850	100	129	195
847	102	128	194
846	103	129	192
851	122	122	174
855	129	117	168
856	130	111	165
855	132	107	163
853	132	106	164
852	136	102	159
849	138	113	175
851	149	109	167
849	151	107	165
847	152	106	168
829	128	123	197
681	114	400	228
538	253	177	136
671	39	112	62
673	46	85	49
678	53	99	43
675	53	98	42
679	39	132	57
676	56	91	41
670	52	109	42
666	48	124	46
671	51	106	46
672	51	105	46
674	51	102	47
674	49	105	50
672	53	107	46
674	53	105	46
675	54	102	46
675	50	103	50
672	54	105	44
674	52	100	47
673	54	103	44
675	52	101	47
674	55	101	44
675	54	99	45
675	50	96	50
672	56	97	43
679	39	120	61
675	58	85	42
677	58	78	40
677	57	81	41
676	58	84	40
677	57	80	40
677	56	85	42
674	57	88	40
660	58	126	117
702	173	127	186
698	171	118	187
696	172	116	178
693	169	115	176
690	169	104	158
688	167	112	172
686	170	113	173
687	168	107	168
684	169	101	161
682	168	103	163
678	168	103	161
676	167	101	162
675	172	102	157
674	175	101	156
673	173	97	159
671	176	94	158
669	180	96	162
666	186	94	154
663	188	95	156
657	180	97	164
655	181	93	162
650	182	96	166
647	185	97	167
643	188	104	173
639	193	101	168
637	194	104	170
632	199	105	166
628	203	106	162
622	207	109	163
620	212	108	163
614	215	116	172
609	217	128	184
604	220	123	176
601	224	131	189
601	230	128	182
600	229	126	192
588	231	135	194
575	228	142	202
565	226	147	207
553	221	155	215
543	218	158	221
532	217	159	229
522	214	161	230
513	212	160	227
507	209	157	228
502	204	152	235
495	200	153	241
493	197	150	242
493	195	148	243
488	198	147	237
479	193	148	238
479	189	144	241
473	182	150	243
478	184	142	237
478	185	134	232
471	171	133	236
470	169	132	226
461	162	132	223
457	160	127	222
452	155	126	225
445	148	121	217
437	140	122	220
434	139	113	211
432	129	106	213
419	123	105	216
410	118	105	223
401	114	105	226
387	115	109	223
376	117	109	219
368	120	121	216
359	128	137	208
347	133	150	203
337	133	144	207
328	138	145	203
319	142	149	200
308	144	158	199
303	154	165	186
296	156	163	183
291	153	165	185
285	160	169	176
282	160	174	175
280	166	177	170
283	163	169	172
279	169	172	165
280	168	173	166
280	169	176	157
276	168	180	155
277	166	182	155
279	164	181	155
287	164	175	150
303	161	163	143
304	165	156	130
294	167	168	129
301	165	164	127
312	161	158	124
323	160	148	118
338	178	153	94
339	163	128	104
351	173	93	81
359	186	106	66
371	158	105	92
375	162	93	87
384	157	112	103
368	159	140	91
417	110	97	108
437	112	79	85
441	110	75	80
448	107	72	81
451	106	71	83
459	106	65	74
464	105	61	70
467	107	59	64
462	110	62	59
465	112	63	49
464	112	69	46
468	113	72	42
468	112	75	40
465	110	81	44
465	110	79	44
465	107	88	46
467	105	94	48
469	103	94	48
464	102	97	51
465	102	100	48
465	102	98	46
466	102	103	45
466	101	109	44
465	101	109	45
463	99	111	45
461	97	124	47
458	95	125	46
459	94	128	45
456	93	127	46
455	92	124	46
455	92	120	44
450	95	120	40
448	103	87	30
453	106	81	24
459	108	69	22
445	109	80	18
456	107	88	22
447	66	150	57
341	0	227	114
360	152	52	158
352	147	54	150
345	154	59	136
351	163	50	130
354	138	50	151
357	154	49	139
350	157	55	124
354	103	44	186
356	141	45	139
350	67	52	217
359	137	57	156
353	141	54	105
358	136	49	149
356	118	51	168
345	161	82	127
363	144	46	146
345	72	48	179
359	131	46	157
349	125	50	151
343	68	52	219
354	68	46	221
333	86	67	202
349	91	50	201
357	103	49	183
357	161	44	122
357	135	57	148
304	159	220	98
516	162	192	38
508	168	231	37
506	170	237	40
507	171	240	43
505	180	245	40
505	186	247	38
505	189	252	39
507	193	254	42
506	196	260	44
499	200	271	45
514	202	259	47
534	205	244	48
529	210	253	50
543	214	244	51
545	217	244	53
549	221	244	55
553	225	242	56
558	230	240	58
565	234	237	59
572	238	233	62
578	242	228	64
587	248	223	66
594	252	219	70
591	254	222	75
612	257	203	80
615	261	203	90
633	264	190	91
649	268	176	98
650	271	178	99
656	275	173	106
656	276	178	108
679	276	160	112
691	278	150	116
699	279	146	114
709	281	141	121
720	282	133	124
733	282	125	127
744	281	117	128
752	281	110	130
763	279	101	133
773	278	94	135
785	276	85	139
794	273	82	144
803	271	78	144
814	267	75	144
821	263	76	146
828	258	78	148
835	255	78	149
841	250	75	149
844	246	75	150
847	242	77	150
849	237	77	151
849	234	76	140
851	230	80	146
851	227	79	139
851	223	83	142
850	219	85	143
849	216	87	141
847	213	89	140
841	208	94	142
839	205	97	140
837	203	102	144
832	199	103	141
830	199	104	138
824	196	96	128
819	194	95	127
816	194	98	122
810	192	103	126
805	191	108	125
802	190	111	127
795	190	117	127
791	191	121	126
786	191	124	126
782	192	123	123
774	192	124	119
769	191	125	119
762	192	126	117
758	191	126	117
752	192	126	115
743	193	129	116
737	195	130	114
730	196	129	112
724	196	132	112
719	197	129	111
710	197	131	109
706	199	131	108
697	200	132	108
692	202	130	106
687	203	127	106
677	202	128	106
669	203	129	105
659	204	133	103
652	204	131	102
645	205	128	101
632	206	134	101
624	207	134	100
614	208	134	98
606	209	134	96
597	209	133	96
589	210	132	95
580	210	134	95
572	210	131	94
564	210	129	91
556	209	128	92
546	211	128	93
539	211	126	93
534	212	121	91
532	211	113	95
525	211	114	93
514	212	116	95
505	207	117	103
500	205	114	103
495	205	113	103
490	204	111	104
485	202	110	107
478	200	112	109
476	197	107	114
472	194	105	120
470	191	100	124
469	187	97	131
467	183	91	124
465	179	89	138
464	177	79	131
464	175	71	132
461	170	66	135
457	168	61	139
452	163	62	141
445	155	67	146
436	147	76	151
423	145	85	149
410	146	95	146
400	145	104	139
388	145	114	135
378	146	119	125
370	145	128	120
369	148	130	114
371	150	132	105
368	151	136	101
363	153	143	96
356	154	155	84
354	158	158	73
358	161	164	64
357	162	169	59
365	160	164	57
370	155	158	63
377	149	153	74
384	147	148	78
388	146	138	83
394	144	134	92
407	147	121	97
412	148	120	110
416	147	113	113
420	150	109	118
423	156	101	118
418	159	104	122
420	162	99	124
419	165	95	127
413	171	97	128
414	171	91	130
411	178	90	128
409	178	88	137
409	177	86	142
405	182	84	138
403	189	82	136
401	192	81	138
399	196	78	136
398	198	77	139
396	193	75	146
394	194	74	146
392	190	72	154
389	196	68	157
388	202	66	152
387	204	65	152
385	206	61	153
385	207	59	155
382	205	55	161
383	203	52	164
382	204	49	167
380	206	48	164
380	205	46	172
381	207	42	172
380	208	41	176
380	208	39	179
380	207	38	184
378	205	38	192
377	206	39	195
377	206	39	196
374	206	42	196
375	201	44	201
375	202	45	202
373	199	48	206
373	196	54	208
371	199	53	205
370	194	61	211
369	196	60	211
369	193	62	215
368	196	64	213
369	196	62	213
369	194	64	214
370	192	65	217
370	184	66	223
369	145	78	265
369	175	66	237
371	136	80	276
371	171	72	241
372	168	72	246
372	189	73	226
374	189	74	227
373	186	74	235
378	225	70	198
378	230	69	192
383	226	71	200
385	225	73	188
398	230	66	163
407	219	68	76
436	201	46	99
441	201	51	95
444	199	52	100
446	196	61	120
425	192	89	229
430	195	96	229
437	191	95	233
447	180	95	244
452	174	100	252
463	179	98	248
469	177	106	250
478	175	107	254
486	169	108	258
495	165	111	262
504	160	112	267
513	157	114	268
520	154	118	272
530	152	116	273
539	150	117	273
549	148	115	275
558	145	116	276
567	143	122	279
579	146	124	275
591	155	128	267
601	151	131	271
612	155	134	268
621	141	140	282
633	137	145	287
647	137	145	288
661	137	145	284
673	137	148	285
690	139	147	282
704	137	149	288
721	146	149	282
738	142	147	282
751	142	149	283
770	143	144	284
784	146	148	285
804	145	142	286
818	146	145	287
833	148	145	279
850	148	142	278
870	153	138	283
877	156	146	280
892	157	143	283
914	159	133	283
927	164	131	279
936	169	134	277
960	170	119	276
972	173	116	272
982	175	116	271
993	179	111	266
1002	182	110	262
1012	184	106	260
1022	187	101	259
1030	190	100	257
1041	194	96	252
1049	200	93	246
1055	204	91	241
1063	207	86	238
1069	211	84	234
1076	215	82	230
1081	222	81	222
1087	226	80	216
1089	231	79	209
1093	235	77	204
1095	241	76	198
1097	244	75	193
1099	249	75	188
1099	256	75	181
1102	262	72	172
1102	268	73	165
1102	273	75	161
1102	279	73	154
1099	287	73	147
1095	294	74	139
1091	303	72	135
1089	305	72	134
1086	309	69	129
1083	309	71	130
1079	321	70	119
1076	322	71	121
1071	329	68	113
1066	333	66	112
1061	336	67	110
1056	337	69	108
1050	339	73	106
1043	350	66	97
1036	352	67	95
1031	354	64	90
1023	357	65	86
1014	356	70	88
1007	360	66	84
999	363	65	81
992	360	64	78
983	361	68	75
975	359	65	77
967	360	65	76
961	359	61	75
953	360	61	73
947	356	59	74
940	354	60	74
936	351	59	72
929	349	59	71
921	347	55	73
917	347	58	68
912	344	57	69
906	341	58	71
901	338	56	73
898	334	55	70
889	333	58	65
887	319	53	69
885	315	50	57
879	309	53	64
873	302	62	69
866	294	67	67
858	288	56	57
853	280	57	64
848	272	57	70
842	263	59	73
834	253	61	76
828	246	61	76
823	235	62	79
815	225	64	79
809	214	63	78
804	203	63	80
795	192	64	84
789	181	64	84
781	171	64	84
773	158	65	85
764	144	66	90
756	135	65	89
747	120	54	92
737	107	60	94
728	94	56	94
717	84	60	94
705	72	62	95
695	66	58	92
684	56	57	91
664	50	65	88
654	45	66	86
641	36	67	85
627	30	70	84
611	33	75	74
602	29	78	73
587	22	84	76
566	7	101	90
567	18	88	77
556	17	88	73
546	16	91	70
538	17	89	68
528	20	92	62
518	22	93	59
505	24	98	59
495	25	100	57
492	29	92	54
481	31	86	50
463	32	100	53
459	34	98	50
448	38	83	52
443	43	88	47
428	47	97	44
422	50	92	45
412	52	93	46
400	55	98	48
393	62	101	46
392	66	91	46
371	71	109	47
364	73	110	44
362	79	103	44
354	81	88	47
351	84	79	53
347	87	84	54
342	93	76	55
334	101	74	51
327	103	75	55
322	106	74	59
316	110	74	62
307	115	76	62
300	114	76	72
298	117	69	69
291	127	60	67
282	129	68	78
278	135	67	73
270	140	71	74
267	142	83	75
263	144	77	77
264	149	72	72
240	151	94	100
236	155	94	104
231	155	93	112
230	161	101	111
225	169	101	107
221	172	104	111
218	178	104	110
216	183	105	112
216	187	104	112
217	189	104	111
219	193	102	108
223	197	102	105
226	200	99	102
229	204	98	99
236	202	97	100
239	197	100	106
239	198	110	116
242	202	108	122
248	200	105	123
251	198	108	128
255	197	110	133
262	197	109	135
264	197	111	141
274	197	107	144
285	192	103	144
293	193	99	143
303	192	96	149
310	195	89	141
319	192	88	151
330	189	81	150
336	187	81	152
346	185	77	154
351	182	78	156
363	176	72	158
370	176	67	158
379	173	65	159
387	171	62	159
399	168	55	153
406	166	54	153
413	162	55	151
419	157	61	158
421	148	66	158
428	142	67	156
438	143	67	149
443	141	73	143
447	140	78	136
454	136	84	130
455	127	95	128
458	119	104	136
466	114	99	131
470	108	113	124
473	100	121	121
487	94	117	114
492	89	122	109
499	85	124	105
503	78	128	104
506	68	134	105
507	59	141	104
508	53	148	100
512	48	148	98
515	40	153	93
519	32	157	94
524	25	158	90
526	18	159	90
531	13	156	85
534	5	159	82
541	2	163	78
550	3	160	69
554	1	163	62
565	2	158	55
570	1	158	50
574	1	157	42
578	1	157	37
651	0	88	33
654	1	85	28
658	1	87	25
661	0	91	19
661	1	90	16
668	1	83	14
654	0	106	14
656	1	100	13
675	0	90	14
678	1	93	20
657	2	84	31
616	8	157	33
617	14	134	32
618	15	133	30
616	18	136	34
615	24	153	37
628	31	59	35
620	43	71	25
628	52	64	22
610	59	100	19
629	61	65	22
636	64	68	22
636	66	43	22
619	67	84	30
597	45	164	93
671	86	243	76
691	87	226	87
655	94	286	79
704	94	200	84
724	101	171	76
706	94	157	75
727	110	139	49
723	117	157	53
740	111	133	64
744	125	143	52
736	122	159	58
743	121	159	68
756	123	157	71
767	126	151	76
780	145	144	67
800	164	130	58
800	171	142	58
802	178	143	61
814	185	140	64
824	195	134	65
831	203	130	66
837	204	128	71
849	216	130	68
868	231	117	62
871	237	117	65
879	248	114	62
888	257	109	60
886	259	114	66
881	259	122	74
887	265	118	74
888	269	118	77
893	275	116	78
900	284	111	75
907	289	106	78
911	290	102	82
911	300	99	75
921	308	92	76
925	313	87	79
926	317	85	77
927	325	80	70
930	332	74	67
930	338	71	66
930	342	77	64
930	348	83	82
929	353	81	78
942	358	66	78
940	363	66	80
933	370	71	77
925	382	80	67
926	389	77	64
926	397	76	62
924	397	77	65
923	405	76	61
924	408	72	64
920	414	74	60
918	418	74	59
916	416	72	62
900	384	78	96
896	383	92	109
894	384	87	107
888	381	92	114
883	384	94	111
878	383	81	98
872	385	78	95
865	382	80	97
859	378	80	101
854	377	78	101
848	376	80	102
841	374	86	104
836	373	91	106
830	371	90	109
824	368	95	113
818	365	99	115
812	362	115	126
808	358	135	150
802	354	134	149
796	350	139	154
792	345	143	158
786	340	147	162
782	337	147	162
777	333	150	161
773	329	154	166
767	324	154	164
761	319	154	166
757	314	154	166
752	308	154	166
746	302	147	163
741	298	146	166
735	293	145	162
727	287	150	168
721	281	150	169
715	276	152	171
708	272	157	174
712	274	150	171
703	264	150	175
707	274	141	162
706	282	124	140
690	267	133	149
689	271	127	142
681	266	127	144
670	260	130	140
670	270	128	130
655	255	132	142
639	236	130	155
634	226	134	174
618	210	140	179
610	193	140	192
605	190	139	196
600	187	139	193
596	184	138	194
591	182	130	191
586	184	127	185
581	186	130	185
573	183	134	188
565	178	141	194
561	184	141	188
558	186	139	179
547	176	145	193
541	175	148	194
539	185	149	184
534	186	144	179
523	186	149	182
519	195	147	178
516	194	144	178
506	201	153	178
485	205	169	172
488	205	157	175
481	205	159	179
476	219	159	165
475	223	154	161
465	228	160	165
462	232	157	166
454	234	171	170
443	240	176	166
445	250	162	160
431	260	169	154
422	261	175	156
421	269	169	155
408	265	178	163
406	278	177	157
394	289	185	153
387	295	184	151
379	306	183	146
372	312	192	145
365	321	187	139
357	329	199	135
355	339	201	128
356	348	195	121
351	352	196	117
349	367	197	103
345	369	199	102
344	374	197	97
342	377	194	93
340	375	188	93
339	372	184	94
335	370	184	89
336	365	179	89
327	353	187	84
323	346	188	82
307	337	203	79
306	325	197	81
304	314	211	77
299	303	210	74
295	292	209	68
294	276	204	72
292	264	200	72
295	248	194	75
290	236	197	73
290	228	198	70
288	216	192	64
283	206	188	60
274	199	192	58
272	192	197	56
268	184	193	56
267	180	190	51
268	174	185	56
267	167	182	55
264	160	180	53
261	158	177	43
260	154	174	45
258	153	172	40
259	149	165	39
258	147	160	36
260	143	160	41
261	143	149	38
262	143	141	36
262	142	141	31
263	141	137	29
239	141	161	27
217	141	179	25
218	144	180	21
210	145	194	19
207	145	201	20
233	122	212	138
383	35	87	247
376	33	122	218
371	3	104	258
387	29	82	281
395	37	59	197
339	92	123	219
248	148	233	59
209	156	245	51
214	159	217	45
221	163	173	40
219	166	173	39
224	170	168	40
225	172	168	42
234	175	160	45
234	178	162	59
237	183	160	50
240	186	164	52
243	189	163	53
247	193	165	51
250	197	164	50
255	203	163	48
259	206	162	50
263	206	159	53
267	212	159	52
269	216	159	49
273	220	162	47
276	224	161	47
287	227	149	45
287	230	151	48
296	232	145	49
301	233	146	51
301	234	149	54
304	235	152	57
303	235	158	63
306	239	155	62
309	243	155	63
313	243	156	65
317	246	156	67
319	247	155	69
326	249	151	76
335	253	145	75
332	255	149	72
334	258	150	73
337	259	148	75
342	261	147	77
346	262	145	81
350	264	141	82
354	268	138	83
359	268	135	86
365	270	134	88
369	272	133	90
375	276	126	90
380	278	120	91
383	278	116	93
388	278	115	94
393	280	111	97
398	282	110	98
401	282	110	101
402	280	112	107
407	280	109	107
410	284	107	110
414	288	105	109
423	289	97	111
428	288	96	117
429	291	94	115
434	290	90	120
437	290	88	122
439	288	88	128
443	288	86	129
447	292	86	134
449	293	85	132
453	295	83	131
456	295	84	133
458	297	85	133
462	299	83	133
465	298	81	135
471	301	78	136
473	302	79	138
476	302	79	140
478	304	78	137
481	300	82	144
484	299	83	143
487	298	86	146
494	297	80	150
496	303	78	145
497	306	78	145
499	307	79	146
502	308	80	142
507	309	79	143
511	310	76	144
515	309	75	144
516	309	77	145
516	311	79	143
519	311	80	143
522	310	80	144
527	309	80	144
530	309	81	145
531	308	83	145
534	309	83	143
536	308	84	142
540	307	84	141
543	306	85	141
545	306	87	142
547	306	88	141
551	305	87	141
556	305	84	143
559	303	85	137
559	303	88	139
561	301	89	140
564	301	89	139
567	300	90	138
573	299	87	142
576	298	87	135
578	298	87	133
582	297	86	133
590	297	82	131
592	295	83	130
599	296	80	128
605	296	77	124
605	295	80	123
608	295	81	120
616	293	78	113
619	291	80	115
635	293	66	90
640	296	65	107
642	292	67	117
647	292	68	118
652	292	66	132
657	290	68	138
661	290	68	142
664	292	68	143
668	290	66	142
675	290	65	143
678	289	65	144
682	287	65	147
686	287	64	148
688	286	66	148
691	285	68	151
692	283	71	154
694	282	73	158
697	281	74	158
701	280	73	161
706	277	72	162
712	277	70	159
717	274	69	159
722	272	69	160
726	270	70	162
729	269	71	162
739	267	64	163
743	263	66	165
745	262	67	164
749	259	67	165
752	257	67	167
755	255	68	167
757	252	70	165
759	249	71	165
761	249	72	168
764	246	73	171
764	244	75	169
765	243	76	167
767	240	77	171
769	238	79	173
771	237	79	176
772	237	80	175
772	235	81	175
771	235	83	176
772	233	84	176
771	233	85	176
772	232	85	176
770	233	86	175
769	232	87	178
767	231	87	178
764	232	88	179
762	233	88	178
759	234	88	178
756	236	88	177
752	238	87	174
748	238	86	172
743	239	85	174
739	242	83	170
732	244	80	167
726	244	78	168
719	244	77	171
710	245	76	175
704	246	72	172
697	249	68	167
689	251	68	167
681	251	67	170
673	252	70	170
669	253	70	169
666	254	71	172
661	253	74	167
639	255	94	142
612	252	120	133
611	254	118	132
609	250	119	133
606	248	122	144
600	245	126	145
596	243	129	146
591	240	133	144
588	236	135	140
584	234	141	139
580	230	143	138
578	228	144	137
577	225	146	138
576	223	146	135
573	220	151	132
571	218	153	129
568	216	156	127
567	214	160	123
566	215	162	120
565	214	163	116
565	214	165	113
561	214	170	111
558	213	172	109
555	212	176	109
557	212	175	105
562	210	177	104
567	209	178	103
566	208	182	104
562	206	185	106
558	206	187	109
556	207	187	108
558	206	186	109
560	206	188	111
564	205	190	115
565	205	190	115
568	208	190	115
570	207	189	120
576	211	185	118
580	213	181	120
587	215	179	121
593	220	175	122
600	224	172	124
607	228	168	125
611	232	167	125
617	234	165	129
627	237	159	137
636	239	158	142
644	240	154	148
654	240	150	152
663	241	145	154
669	241	145	156
684	241	136	148
696	241	131	143
745	241	88	154
748	242	91	177
752	241	94	177
753	239	100	183
762	237	97	181
776	234	90	192
791	230	84	192
804	227	82	198
817	222	84	204
828	218	87	206
838	215	91	211
849	210	95	209
859	206	100	217
869	202	106	222
883	196	110	222
892	190	113	222
904	184	121	226
915	181	125	228
924	179	127	233
935	175	128	234
945	174	128	224
953	169	132	231
962	168	128	221
965	161	130	224
967	157	131	216
973	162	126	205
974	149	130	198
976	142	132	204
980	149	129	188
972	139	135	194
962	125	132	193
965	138	113	165
965	145	97	147
949	122	97	153
941	111	95	150
928	106	89	138
913	104	89	120
891	87	78	113
857	52	93	135
843	51	94	124
823	43	92	103
714	30	191	113
713	23	191	121
712	10	193	134
652	0	366	165
546	0	466	192
693	34	264	129
687	46	270	112
636	1	356	176
705	36	274	141
625	80	344	197
526	174	351	248
716	346	258	101
729	282	482	268
738	348	220	96
755	342	235	98
680	222	423	282
517	316	434	145
449	200	390	177
454	196	342	215
444	299	240	106
446	284	132	91
424	276	90	79
389	266	245	131
437	290	100	85
435	305	82	45
431	307	64	41
427	310	57	41
423	290	67	51
418	311	54	31
416	303	60	38
420	306	50	35
419	307	49	35
414	308	50	36
412	310	50	36
407	312	54	35
406	314	58	39
400	317	61	37
403	317	56	32
417	319	47	39
428	321	29	27
427	322	37	34
424	322	39	33
428	326	29	26
429	329	30	24
431	330	28	22
433	332	28	26
431	328	63	36
385	304	118	78
358	151	58	172
351	94	73	222
141	133	136	89
102	153	97	74
100	154	103	82
96	156	110	90
93	166	108	89
87	175	106	89
87	176	117	99
90	185	110	97
78	191	132	101
72	197	139	105
73	207	134	104
80	212	135	104
64	217	161	108
71	222	164	112
71	221	182	123
62	224	204	132
77	226	203	133
76	227	224	135
87	229	228	137
95	230	235	142
98	225	251	152
107	225	257	157
132	226	242	159
117	232	275	172
146	228	251	177
149	227	266	186
153	235	281	186
164	235	282	190
173	236	300	195
186	233	294	200
205	236	288	200
211	235	307	203
224	237	301	206
236	240	300	208
250	238	305	216
269	243	303	212
287	247	290	210
303	247	286	211
315	253	296	212
324	256	308	214
340	259	308	224
350	257	315	233
372	261	307	237
386	264	301	238
404	271	294	235
421	266	286	244
443	279	277	234
463	275	272	241
480	283	267	237
500	283	261	239
517	283	260	239
537	284	252	240
553	287	241	240
568	289	238	241
586	289	232	235
600	291	226	242
610	292	224	244
624	293	218	246
647	292	205	244
663	292	198	246
677	292	194	248
688	293	190	246
701	294	186	246
716	293	176	247
735	293	166	247
750	294	157	243
765	294	149	242
774	295	146	237
787	294	142	237
805	294	131	239
818	294	125	238
826	296	125	234
846	296	111	234
850	295	114	236
867	297	103	234
882	298	94	232
887	299	93	230
898	301	89	228
904	302	91	226
909	303	94	229
917	304	93	228
923	303	94	227
923	302	100	226
928	303	102	228
929	304	106	228
932	302	109	230
936	301	111	232
938	302	113	229
940	300	115	230
940	301	118	230
940	302	121	227
940	299	123	227
938	296	125	226
935	291	128	228
932	293	132	224
928	293	132	222
926	295	131	218
920	294	131	214
914	289	129	211
906	276	131	222
896	270	134	226
891	264	133	227
882	258	135	228
877	255	135	227
872	255	138	225
866	250	136	218
862	249	136	219
855	242	132	208
852	236	132	210
846	236	131	204
841	232	133	205
835	226	135	209
833	225	137	207
829	225	132	199
827	224	130	195
826	221	127	193
824	223	129	194
839	252	109	162
840	249	106	159
840	250	109	163
838	252	108	159
833	251	104	157
824	244	111	170
824	248	96	157
820	242	100	168
810	216	110	198
804	217	120	203
819	247	103	175
814	243	102	174
809	240	105	183
805	240	99	174
800	240	95	171
797	238	99	186
793	239	100	185
790	243	103	185
783	241	105	189
778	239	108	189
775	242	108	187
766	238	111	190
762	245	101	179
756	241	98	182
750	239	101	184
743	241	105	183
739	243	105	179
734	240	97	178
727	239	94	175
721	241	92	172
715	239	93	174
711	242	96	172
708	245	99	175
706	250	97	172
703	252	95	171
697	252	102	175
696	255	100	170
692	258	110	188
687	258	115	209
681	258	118	211
679	261	119	211
674	265	118	193
672	268	116	203
669	266	116	207
665	270	116	205
662	269	117	205
656	272	119	204
654	281	117	196
649	284	121	191
643	290	122	186
641	294	119	184
633	290	124	187
622	294	131	181
618	286	132	188
616	278	131	194
613	272	132	200
608	269	135	206
605	268	135	210
599	265	139	210
597	264	139	211
594	266	141	208
590	267	143	207
588	266	141	206
584	267	141	208
580	268	141	204
578	268	142	205
574	269	145	206
572	268	146	203
568	270	146	200
565	271	146	197
561	269	148	202
559	270	148	200
556	275	150	194
553	279	147	188
549	282	146	183
545	279	146	186
540	276	149	187
536	277	148	185
533	278	149	181
529	282	149	175
525	280	151	178
520	279	150	178
515	277	148	176
511	279	146	172
506	277	145	172
501	273	144	170
495	273	144	170
489	257	144	195
483	263	144	179
477	263	143	185
471	258	147	187
464	256	149	186
457	255	145	180
450	251	136	173
443	250	138	172
433	233	144	187
428	232	143	186
424	241	147	172
418	245	149	165
413	247	147	157
409	249	147	152
405	252	144	147
396	245	146	156
395	253	145	147
383	256	153	147
365	256	168	153
366	261	167	150
362	270	167	145
354	273	168	150
348	276	172	152
346	285	169	151
341	293	171	151
337	302	172	145
334	312	173	141
329	322	171	134
340	340	154	119
330	345	163	114
330	352	152	108
326	352	154	101
323	348	155	97
316	342	164	89
316	333	163	74
297	320	179	71
295	305	179	73
294	291	176	74
293	273	173	80
289	256	171	82
291	246	158	90
287	224	158	101
280	212	164	103
272	189	162	114
283	187	150	103
277	175	145	109
289	152	122	124
275	151	129	104
273	141	123	103
254	136	133	102
247	125	133	104
239	110	134	113
240	112	124	106
236	108	123	106
229	106	122	104
222	103	124	106
216	100	123	110
206	98	126	115
204	100	119	112
198	99	121	112
195	99	115	114
194	100	110	115
189	101	109	118
186	101	107	122
182	106	105	121
180	107	101	125
178	113	97	124
174	117	90	126
174	123	95	128
172	130	78	128
169	134	81	131
165	139	82	133
164	144	79	131
162	152	78	131
160	157	78	131
156	163	77	131
154	168	76	133
149	174	79	133
149	181	78	129
148	187	72	130
146	194	71	128
146	200	69	124
144	206	66	121
143	210	67	130
142	217	64	128
142	221	64	121
143	227	65	120
141	233	65	119
140	238	67	116
141	242	66	112
139	247	70	114
140	250	70	111
141	252	69	109
141	256	70	110
143	258	69	104
144	261	69	105
147	264	67	99
148	266	65	97
156	270	58	84
156	272	59	83
155	274	60	90
157	276	60	89
158	279	60	89
157	279	63	94
157	280	66	96
159	280	66	96
158	280	70	105
159	280	74	105
164	281	74	104
164	281	79	104
171	279	77	105
174	277	80	111
175	277	86	112
185	276	82	110
185	275	89	114
188	273	93	121
195	272	93	118
202	271	93	116
208	269	95	117
213	268	95	120
219	267	97	119
226	266	96	115
233	264	96	116
238	263	100	118
245	263	101	120
254	262	98	119
259	262	102	118
269	262	98	118
274	262	101	120
282	261	101	122
290	262	102	123
294	261	104	124
301	262	107	127
310	262	105	127
317	263	106	124
326	263	105	121
338	264	100	121
344	264	102	121
352	265	101	122
358	265	103	122
367	266	100	121
372	268	102	121
379	269	103	119
387	270	104	121
396	272	100	118
404	271	100	120
409	271	101	123
417	272	100	120
424	272	99	123
432	271	98	124
435	272	100	125
445	269	98	130
455	270	96	130
458	270	98	128
467	269	97	130
475	270	94	128
481	271	93	129
490	269	92	131
497	269	91	133
504	266	98	135
511	265	91	137
518	264	89	136
526	266	88	134
