633	417	48	15
633	417	48	15
634	416	49	15
635	416	49	15
636	416	48	15
637	416	49	15
639	415	48	15
640	416	48	15
641	417	49	15
642	417	49	15
644	418	49	16
644	419	49	15
645	419	49	15
646	421	49	15
647	420	49	16
648	422	50	16
649	423	50	15
649	422	49	16
650	422	50	16
650	423	50	16
651	423	50	16
651	423	50	15
653	423	50	16
653	424	50	16
653	424	50	15
654	424	50	16
655	423	50	16
655	423	50	16
655	423	50	16
656	423	50	16
656	423	50	16
656	423	50	16
656	422	50	16
657	422	50	16
657	422	51	16
657	422	50	16
657	421	50	16
657	421	51	16
658	420	50	16
658	419	51	16
658	419	51	16
658	419	51	15
658	418	51	16
658	419	51	16
658	419	51	16
659	418	51	16
659	418	51	16
659	418	51	16
659	418	51	16
658	418	51	16
659	418	51	16
658	417	52	16
658	417	52	16
658	418	51	15
658	418	52	16
659	419	52	16
658	420	52	16
658	421	52	16
658	421	52	16
658	422	52	16
658	424	52	16
657	425	53	16
658	426	53	16
657	429	53	16
657	430	53	16
657	432	53	16
657	433	53	16
657	433	53	16
656	434	54	16
656	434	54	16
655	434	55	17
654	434	55	17
654	435	55	17
654	436	55	17
654	437	56	17
653	438	56	17
653	438	56	17
652	439	56	17
652	440	57	17
652	440	57	17
651	440	58	17
650	440	58	18
650	440	58	18
649	440	58	18
648	440	59	18
648	440	59	18
647	439	60	18
646	440	60	18
645	440	60	18
644	441	60	18
644	442	60	18
644	442	61	18
644	443	61	18
643	445	61	19
642	446	61	19
641	447	62	19
641	448	62	19
639	449	63	19
639	450	63	19
639	450	63	20
638	450	64	20
637	450	64	20
636	449	64	20
635	448	65	20
634	448	65	20
633	447	65	20
633	448	66	20
633	448	66	20
632	450	66	20
632	451	67	20
631	453	67	20
631	456	67	20
631	457	67	20
631	458	68	21
631	459	68	21
630	460	68	21
630	460	68	21
629	460	69	21
629	459	70	21
629	459	70	21
629	459	70	21
629	458	70	21
629	459	70	21
629	459	71	21
628	459	71	21
629	460	71	21
629	461	72	21
629	461	72	22
629	463	72	21
629	463	73	22
629	465	73	22
628	466	73	22
629	465	74	22
629	466	74	22
630	467	73	22
630	467	74	22
630	467	75	22
630	467	75	22
630	467	76	22
631	468	76	22
631	469	76	22
631	469	76	22
631	470	76	23
632	471	76	22
632	472	76	23
632	473	76	23
633	472	77	23
633	474	77	23
632	474	77	23
632	473	78	23
633	474	78	23
633	473	78	23
635	473	78	23
635	472	78	23
635	472	78	23
635	472	78	24
636	472	78	24
636	473	79	24
637	474	79	23
637	475	78	23
638	475	79	23
638	475	79	24
638	476	79	24
638	477	79	24
639	478	79	24
639	479	79	24
639	479	80	24
640	481	80	24
641	481	80	25
641	481	80	25
641	480	80	25
641	480	80	25
641	479	81	25
642	478	80	25
643	476	80	25
643	475	80	25
644	475	80	25
644	474	80	25
645	474	80	25
646	473	81	25
646	473	81	25
647	473	80	25
648	473	80	24
648	473	80	25
649	472	81	25
650	473	80	25
650	472	80	25
650	473	80	24
652	474	80	24
652	474	80	24
653	475	80	24
653	475	79	24
654	476	79	24
653	476	79	24
655	476	79	24
655	476	79	24
656	476	79	24
657	475	79	24
657	474	79	24
658	473	79	24
659	472	79	24
660	471	79	24
660	472	78	24
661	471	78	24
662	472	78	23
663	472	77	23
663	472	77	24
664	472	77	24
665	472	77	24
667	473	77	24
666	473	77	24
668	473	77	24
668	474	76	23
670	473	77	23
671	472	76	23
672	471	76	23
673	470	75	23
674	469	75	23
674	467	75	23
674	465	75	23
677	465	75	23
678	463	75	23
679	464	75	23
679	463	75	23
679	464	74	23
680	465	74	22
681	465	74	23
682	467	74	23
683	467	74	23
685	467	74	23
686	467	74	23
687	468	74	22
688	468	74	23
689	467	74	23
690	467	74	22
691	466	74	22
692	466	74	22
694	466	73	22
695	465	73	23
697	465	73	23
697	464	73	23
698	464	74	23
699	464	74	22
701	463	74	22
702	462	74	23
704	461	74	23
705	462	73	23
705	462	73	23
706	462	74	23
707	462	74	23
708	462	74	23
709	464	74	22
709	464	74	22
711	465	74	23
712	465	74	23
713	466	74	23
714	467	74	23
715	467	74	23
716	468	75	23
716	469	75	23
717	470	75	23
718	471	75	23
719	471	75	23
719	472	75	23
720	472	75	23
721	472	76	23
722	473	76	23
722	472	76	23
723	471	76	23
724	471	76	23
724	470	76	23
725	470	76	23
726	469	77	23
726	471	77	23
726	470	77	23
726	471	77	22
727	471	77	23
727	472	77	23
727	472	77	23
727	473	78	23
727	473	78	23
727	473	78	23
727	474	78	23
727	474	78	23
727	475	78	23
727	475	78	23
727	477	78	23
727	478	79	23
725	479	79	23
726	480	79	23
725	480	79	23
725	481	79	23
723	480	80	23
724	480	80	24
724	479	80	24
723	479	80	23
722	479	80	23
723	478	80	23
722	478	80	24
721	478	80	24
720	478	80	24
719	480	80	23
718	481	80	23
717	483	80	24
717	483	80	23
715	484	81	23
714	484	81	23
714	484	81	24
712	484	82	24
711	483	82	23
711	483	82	24
710	482	82	24
709	482	82	24
708	483	82	24
706	482	82	24
704	484	82	24
703	485	83	23
702	486	82	24
700	487	83	24
699	488	83	24
697	489	83	24
695	489	84	24
693	489	84	25
692	490	84	25
690	490	84	25
688	491	85	25
686	490	85	26
683	490	86	26
683	490	85	26
680	489	86	26
678	488	86	25
676	487	86	26
674	487	86	25
672	485	86	26
670	485	86	26
668	485	87	26
665	486	87	26
663	485	87	26
660	487	87	25
658	488	87	25
657	489	87	25
654	490	87	25
652	490	87	26
651	491	87	26
650	492	87	26
648	491	88	26
649	492	87	26
647	492	87	26
647	492	87	26
645	492	88	26
645	491	87	26
645	491	88	26
644	491	88	26
643	492	88	25
642	492	88	26
642	492	88	26
643	491	88	26
641	492	88	26
640	492	87	25
641	491	88	26
639	491	88	26
639	490	87	26
639	490	88	26
639	489	88	26
640	490	87	25
639	489	88	26
639	490	87	25
640	489	87	26
640	489	87	26
639	489	87	26
641	488	87	26
641	487	87	25
642	486	86	26
642	486	86	26
643	486	86	26
643	486	86	25
644	487	86	25
644	487	86	25
645	487	86	25
647	486	85	25
648	485	85	25
648	485	84	25
650	484	85	25
651	483	84	25
652	483	84	25
652	482	84	26
653	482	83	25
655	481	83	25
656	482	83	25
657	482	83	25
658	483	82	25
660	482	82	25
661	481	81	25
662	480	82	25
663	479	81	24
664	479	81	24
667	477	81	24
668	477	80	24
669	477	80	24
671	478	79	23
672	480	79	24
674	480	79	24
676	480	78	24
677	481	78	23
679	480	78	23
680	479	78	23
682	478	77	23
683	476	78	23
684	474	77	23
687	473	76	23
688	471	76	23
689	471	76	22
691	469	75	22
692	469	75	22
694	468	74	22
695	468	74	22
697	467	74	22
698	467	74	22
699	467	73	22
701	466	73	22
702	466	72	22
703	467	72	22
705	467	72	22
706	467	72	22
708	467	72	22
710	466	71	22
711	466	71	22
712	465	71	22
714	464	71	22
715	463	70	22
716	462	70	22
718	461	70	22
719	460	70	22
720	460	69	22
722	459	70	22
723	458	69	22
725	458	70	22
725	457	69	22
726	457	69	22
728	456	69	22
729	456	68	22
730	455	68	22
730	455	68	22
732	454	69	22
732	454	68	22
733	454	68	22
734	455	69	22
735	455	69	22
735	456	68	22
736	457	68	22
737	457	69	22
738	459	69	22
740	459	69	22
741	460	69	22
742	460	69	22
745	461	70	22
747	462	69	21
750	462	69	21
752	463	69	21
755	464	69	21
757	465	70	22
759	465	70	22
762	466	70	22
764	468	71	22
767	468	71	22
769	468	71	22
771	469	71	22
772	469	71	22
773	469	71	22
774	470	72	22
774	471	72	22
773	471	73	23
771	471	73	22
771	471	74	23
767	471	74	23
764	471	75	23
760	472	76	23
756	472	76	24
752	471	76	24
747	471	77	24
741	471	78	25
736	471	78	25
731	472	78	25
725	473	79	25
720	474	79	25
714	475	79	25
708	476	80	25
703	476	80	26
699	477	80	26
694	477	81	26
690	476	81	26
688	475	81	26
685	474	82	26
683	473	81	26
682	472	82	26
681	473	82	26
681	474	82	25
683	477	82	25
684	478	82	25
686	482	82	25
688	483	82	25
690	484	82	26
692	485	82	25
694	486	83	25
697	487	82	25
699	487	83	25
701	487	83	25
703	487	83	25
706	487	83	25
707	487	83	25
709	489	83	25
710	490	83	25
712	491	83	25
714	493	83	26
715	493	83	26
717	494	83	26
717	494	83	26
718	493	84	26
717	491	84	26
719	490	85	26
720	488	84	26
720	486	84	26
721	485	85	26
721	483	85	26
721	483	85	26
722	483	85	27
722	484	85	27
721	486	85	27
721	489	85	26
720	491	85	26
721	491	85	26
720	493	85	26
719	495	85	25
718	494	87	26
718	493	86	26
717	491	87	26
716	490	87	26
716	490	87	26
716	490	86	26
716	491	87	26
715	492	87	25
717	494	87	25
716	496	88	25
716	497	88	25
715	499	88	25
715	499	88	26
713	500	88	26
712	500	89	26
712	500	89	26
711	500	90	26
712	501	89	26
711	501	90	26
712	502	90	26
711	501	91	26
710	501	90	26
709	501	92	27
709	502	91	27
707	501	92	27
708	500	92	28
707	500	92	27
707	499	92	27
706	499	93	28
705	500	93	27
706	501	93	27
704	503	94	27
704	505	94	28
704	508	93	28
703	511	94	28
701	513	94	28
700	516	95	28
701	518	95	29
700	520	95	29
700	522	95	29
699	522	96	29
698	521	96	29
698	520	96	30
697	518	96	30
695	517	97	30
695	516	97	30
694	515	97	30
693	513	98	30
693	512	98	31
693	511	98	31
693	511	99	31
690	511	100	30
691	511	100	31
690	510	99	30
688	510	100	30
687	511	100	30
687	513	100	30
686	514	100	30
685	516	101	30
684	518	100	30
683	520	101	30
683	522	101	30
682	523	101	30
682	524	101	29
680	525	102	30
679	524	102	31
680	524	102	30
678	523	102	30
678	523	103	30
676	523	103	30
675	523	104	30
675	523	103	30
673	523	104	30
673	523	104	29
672	523	104	30
671	524	104	29
670	524	104	30
670	524	104	30
668	524	104	29
667	523	105	29
665	524	105	30
666	524	106	30
664	524	105	30
663	524	105	30
662	525	105	30
660	527	105	29
660	527	106	30
659	528	106	29
658	529	106	30
656	529	106	30
655	529	106	31
653	529	105	31
652	529	106	31
651	530	105	31
648	529	106	31
647	529	106	31
646	528	106	31
644	528	106	32
642	527	107	32
641	526	106	31
640	525	107	32
639	524	106	32
638	523	106	32
636	522	106	32
635	522	106	31
635	522	106	31
633	523	106	31
632	524	106	31
631	526	106	31
629	526	106	31
629	527	106	31
628	529	106	31
627	529	106	31
626	530	106	31
625	530	107	31
623	531	107	31
622	531	107	31
621	532	107	31
619	533	107	32
619	534	107	31
618	535	108	31
618	535	108	31
616	536	108	31
616	535	108	31
615	536	108	31
615	536	109	31
615	535	109	31
614	535	108	31
614	534	109	31
614	533	109	32
613	532	109	32
611	532	109	33
610	531	109	32
611	532	110	32
609	530	110	32
608	530	110	32
608	529	110	32
609	528	110	31
610	528	110	31
610	529	110	31
611	531	110	31
612	532	110	31
613	533	110	32
614	534	110	31
615	535	110	31
616	537	110	31
617	538	111	31
618	538	110	32
618	538	111	31
620	539	111	31
621	539	110	32
622	539	111	31
623	540	111	31
625	541	110	32
626	542	110	31
627	543	111	31
628	543	111	31
629	544	111	31
630	543	111	31
630	544	111	31
631	544	112	31
632	544	111	31
633	544	112	31
634	544	112	31
635	544	112	32
636	544	112	32
636	544	112	32
637	544	112	31
638	544	112	31
638	544	112	31
640	544	112	31
641	543	112	31
641	544	113	31
642	543	113	32
642	543	112	31
643	544	113	31
644	544	113	32
645	544	113	32
646	546	112	31
647	548	113	31
649	549	112	31
649	551	113	31
650	551	113	32
651	551	113	32
652	551	114	32
652	551	114	32
652	551	114	33
651	551	115	33
652	549	115	32
653	547	115	33
653	545	115	33
655	544	115	32
656	542	115	32
657	542	115	32
658	543	115	32
657	546	115	32
657	546	116	32
657	545	116	33
657	546	116	33
657	545	117	33
658	545	116	34
660	544	116	34
660	545	116	33
660	546	117	34
661	546	117	33
661	546	117	33
660	546	118	34
662	547	116	33
662	550	117	33
661	552	117	33
662	554	116	33
662	557	116	33
662	560	117	34
662	561	116	34
663	563	116	34
663	564	117	34
663	564	117	34
662	563	118	34
663	562	118	34
663	561	118	34
662	559	119	34
663	557	119	34
662	556	119	34
663	556	119	34
662	557	119	34
661	558	119	34
661	559	119	34
662	559	119	34
662	560	120	34
661	559	120	34
662	560	120	34
661	559	121	34
660	560	121	34
659	560	121	34
659	560	121	35
659	557	122	35
659	556	122	36
658	555	124	36
657	553	123	36
657	552	123	36
656	552	123	36
655	552	124	36
653	554	124	35
653	556	124	35
652	558	124	35
651	561	124	35
650	564	125	35
650	565	124	35
649	567	125	35
647	568	125	35
648	568	125	36
646	568	125	36
645	567	126	36
644	565	126	36
644	565	127	36
644	564	127	36
643	563	127	36
643	562	127	37
643	562	126	36
644	564	126	36
643	566	126	36
643	568	126	36
644	571	126	36
645	572	125	36
646	574	125	36
646	576	125	35
646	576	125	35
647	577	124	35
648	575	124	35
649	574	125	35
649	571	125	35
649	569	125	35
649	566	125	35
648	565	124	35
649	562	124	35
649	561	124	36
650	559	123	36
651	558	123	36
651	558	123	36
653	558	122	36
656	559	121	35
656	558	121	36
657	559	121	36
658	559	121	36
657	558	121	36
658	557	121	36
657	556	120	36
658	554	120	36
659	553	119	36
660	552	118	36
660	552	118	36
660	552	118	36
660	552	117	36
661	552	117	36
661	553	117	35
662	553	116	36
662	553	116	36
663	554	115	35
663	554	115	36
664	553	114	35
664	553	114	35
664	551	114	35
665	550	114	35
665	547	113	34
664	546	114	35
665	544	113	35
665	544	112	35
664	544	112	35
664	544	112	35
664	544	112	35
666	543	111	35
666	543	111	35
667	541	110	34
667	539	110	34
667	536	110	33
669	532	110	33
669	531	109	33
670	529	108	33
671	527	108	33
671	526	108	33
670	523	108	33
670	522	107	33
669	519	106	32
668	518	106	33
669	516	106	33
668	516	105	32
669	515	104	32
669	515	103	32
669	514	103	32
669	513	102	31
668	513	102	31
668	512	100	31
668	512	99	30
667	510	99	29
668	508	98	29
667	507	97	29
666	505	96	28
666	503	95	28
664	501	95	27
664	499	94	28
663	496	93	27
663	494	92	27
661	493	92	27
662	491	90	27
660	490	91	27
659	488	89	26
658	487	89	26
659	485	88	26
657	483	87	25
657	482	86	25
658	480	84	25
656	478	84	25
655	477	83	24
654	475	82	24
654	474	82	24
653	473	81	24
651	472	80	23
651	471	79	23
649	470	79	23
649	469	77	23
648	468	77	23
648	467	76	23
647	466	75	22
645	465	75	22
645	463	74	22
643	462	74	22
643	461	73	22
642	459	72	21
642	458	72	21
640	457	71	22
639	456	71	21
638	456	70	21
638	455	70	21
637	454	69	21
636	454	69	21
636	452	68	21
634	452	68	21
634	450	68	20
633	450	67	20
633	449	66	20
633	448	66	20
632	447	65	19
631	446	65	20
630	446	64	19
630	446	64	19
629	444	63	19
629	443	64	19
628	443	63	19
629	442	63	19
627	440	63	19
628	439	62	19
627	438	62	18
627	436	61	19
627	435	61	18
626	434	60	18
626	433	61	18
626	432	60	18
626	431	60	18
625	431	60	18
624	430	60	18
625	431	59	18
625	431	59	18
624	431	59	18
624	432	59	17
624	433	58	17
624	434	58	18
625	435	58	18
625	435	58	17
625	436	58	18
625	437	58	18
626	438	58	18
626	439	58	18
626	439	57	17
626	439	57	17
625	439	57	18
625	438	57	18
625	438	57	18
625	437	57	17
625	435	57	18
625	434	57	17
625	433	57	17
625	432	57	18
625	430	57	17
625	428	57	18
625	426	57	17
625	426	57	17
626	425	57	17
625	425	57	17
625	424	56	17
624	424	57	17
624	424	57	17
625	424	57	17
625	424	57	17
623	425	57	17
624	425	57	17
624	425	57	17
624	425	57	17
624	425	57	17
623	424	57	17
623	425	57	17
623	425	57	17
622	425	57	17
622	425	57	17
622	426	57	17
622	426	57	17
622	426	57	18
622	427	57	17
622	427	57	17
623	426	57	18
623	425	57	18
622	425	57	18
621	425	58	18
622	426	57	18
621	425	58	18
622	426	58	18
622	427	57	18
622	428	57	18
622	430	57	18
621	432	57	18
622	435	58	18
623	436	57	19
623	438	58	19
622	439	58	19
623	442	58	19
624	442	58	19
624	442	58	19
624	442	58	19
626	442	58	19
625	441	59	19
627	439	59	19
627	438	59	19
629	435	59	19
629	434	59	19
632	433	59	19
632	433	59	19
633	433	59	19
634	434	59	19
636	434	60	19
637	435	59	19
638	435	60	19
638	435	60	19
640	434	60	19
641	434	60	19
641	434	60	19
642	433	60	19
642	434	60	19
643	434	61	18
644	434	61	19
644	434	61	18
645	435	61	19
645	434	61	19
645	435	62	18
645	434	62	19
645	435	62	19
645	435	62	19
645	435	62	18
646	436	63	18
645	438	63	18
645	439	62	18
645	440	63	18
645	442	63	18
645	444	63	18
645	445	63	18
645	447	63	18
646	448	64	18
646	448	64	18
646	449	65	18
645	450	65	18
645	450	65	19
645	450	65	19
645	451	65	19
643	453	66	19
644	453	66	19
643	455	65	19
642	455	66	19
642	456	66	19
641	456	67	19
640	457	67	19
640	457	68	20
640	458	67	20
638	457	68	20
638	457	68	20
637	458	68	20
636	457	68	20
635	458	68	20
635	457	68	20
634	459	68	20
635	459	69	20
634	460	69	20
633	462	68	20
632	463	69	20
632	465	69	19
631	465	69	19
630	465	69	20
629	465	70	20
628	463	69	20
628	461	70	20
627	460	69	20
627	458	69	20
626	457	70	20
625	455	70	20
625	454	70	20
625	454	70	20
624	454	70	20
624	454	70	20
624	456	70	20
624	456	70	20
623	457	69	20
623	458	69	20
621	458	69	20
622	459	70	21
621	459	69	21
621	459	70	21
620	458	70	21
619	457	70	21
619	457	70	21
619	457	70	21
620	456	70	21
619	456	70	21
619	456	70	21
618	456	70	21
617	456	70	21
617	457	70	21
617	458	70	21
617	458	70	21
618	458	70	21
618	458	70	21
618	458	71	21
618	458	71	22
618	457	71	21
618	456	71	22
618	455	71	21
618	455	71	22
618	455	71	22
618	455	71	22
618	455	71	22
617	458	70	22
617	459	71	22
617	461	71	22
617	462	71	22
616	463	71	22
615	465	71	22
614	466	72	22
614	467	72	21
613	467	72	22
612	467	72	22
611	467	72	22
611	467	72	22
612	467	72	22
611	467	72	22
610	467	73	22
609	467	72	22
609	467	72	22
608	467	73	22
608	468	73	22
607	470	73	22
607	472	73	22
606	472	73	21
605	474	73	22
603	475	73	21
604	476	73	21
602	476	74	22
601	477	74	21
601	477	74	22
600	476	75	22
598	475	75	22
597	475	75	22
597	474	75	22
596	474	75	22
595	473	76	22
595	474	76	22
593	474	76	22
592	475	76	22
591	475	76	22
590	477	77	22
588	478	77	21
587	479	78	22
586	479	78	22
586	480	78	22
584	480	79	22
582	480	79	22
582	480	80	22
580	479	80	22
579	480	80	22
578	479	81	23
578	479	81	23
575	481	81	22
575	481	82	23
573	483	82	23
572	484	83	23
572	485	83	23
572	487	83	23
571	487	84	23
570	487	84	24
570	488	85	24
571	487	85	24
570	486	86	25
571	486	86	25
571	485	87	25
571	484	87	26
571	483	88	26
570	483	88	26
571	484	89	26
571	486	89	26
572	489	90	27
573	494	90	27
574	499	91	27
575	505	91	27
575	510	92	27
576	516	92	27
577	521	92	27
577	525	92	27
578	527	92	27
580	528	93	27
582	526	93	27
582	523	94	27
584	518	95	27
585	513	95	27
586	509	95	28
587	505	96	28
588	502	96	27
589	499	97	28
591	498	97	28
593	498	97	28
594	499	98	28
596	500	98	28
597	500	98	29
598	502	99	28
598	503	99	28
600	503	99	28
600	503	100	29
601	503	100	28
602	503	100	29
601	506	100	29
602	507	100	29
602	509	100	29
602	512	101	29
601	513	101	29
600	515	101	29
599	517	101	29
598	518	102	29
598	519	102	29
598	520	101	29
597	520	102	29
597	520	102	30
597	519	101	30
597	519	101	30
596	519	101	30
597	519	102	31
596	519	102	31
596	519	102	31
597	518	102	31
597	519	102	31
597	519	102	31
597	519	102	31
597	519	102	31
598	519	102	31
598	519	102	31
599	519	102	31
599	519	102	30
600	518	102	30
602	518	101	30
603	519	101	30
604	519	101	29
605	519	101	30
607	520	100	29
608	520	100	30
609	520	100	29
610	519	100	29
612	519	100	29
613	518	99	29
615	517	99	29
617	517	99	28
618	517	98	28
620	516	98	28
621	515	97	28
622	514	97	28
624	514	97	28
626	512	96	27
626	511	97	27
628	510	96	27
629	509	95	27
630	508	95	27
632	506	95	27
632	505	95	26
634	503	94	26
635	501	93	26
636	499	93	26
636	499	93	26
638	498	93	26
639	496	92	26
640	495	92	26
640	495	91	26
640	493	91	26
641	492	91	26
641	492	90	26
641	491	90	26
641	490	90	26
641	490	89	26
640	489	89	25
640	489	89	25
642	489	88	25
640	488	88	25
641	488	87	25
640	486	87	25
640	486	87	25
639	485	87	25
639	484	87	25
639	483	86	25
638	483	86	25
638	482	86	25
638	482	85	24
637	482	85	24
636	483	85	24
636	483	85	24
635	484	84	24
634	485	84	24
634	485	84	24
633	486	83	23
632	486	84	24
632	486	84	24
631	485	83	24
630	484	83	23
630	484	83	23
629	483	83	23
628	482	83	23
626	481	83	23
626	479	82	22
624	478	82	23
624	477	82	23
623	476	82	23
623	476	81	23
622	477	81	23
621	478	81	22
620	478	81	23
620	478	81	22
620	478	81	22
619	477	81	22
619	477	80	23
617	477	80	23
617	476	81	23
618	476	80	23
617	474	80	23
617	474	80	23
618	474	79	23
617	474	79	23
618	473	79	23
618	473	79	23
619	473	79	23
619	473	79	23
619	473	79	23
619	473	78	23
619	474	79	23
619	473	78	23
619	473	78	23
619	474	78	23
619	474	78	23
620	474	78	23
620	474	79	24
620	473	78	24
620	472	79	24
620	471	78	24
620	470	79	24
622	470	79	24
622	469	79	24
623	468	78	24
623	468	78	24
624	468	78	24
625	469	79	24
625	469	78	24
625	470	79	24
626	470	78	23
626	470	78	24
627	470	79	23
627	469	79	23
628	468	79	24
628	467	79	24
629	466	80	24
629	465	80	24
629	463	80	24
630	463	80	24
630	463	80	24
631	464	80	24
631	465	80	24
632	466	80	24
632	470	80	25
632	472	81	25
632	475	80	25
633	477	80	25
634	481	81	25
635	482	81	25
635	485	81	25
635	487	81	25
635	489	81	24
636	489	82	25
637	489	81	25
638	489	82	25
637	488	82	25
638	487	83	25
638	487	82	25
639	485	83	25
640	485	83	25
640	483	83	25
640	482	83	25
640	482	83	25
642	481	84	25
641	482	83	25
642	481	84	26
642	482	84	26
643	483	84	26
644	483	84	26
644	485	84	26
645	487	84	25
644	488	84	25
645	491	84	25
646	493	84	26
645	493	84	25
647	495	84	25
647	495	85	25
647	494	85	25
647	493	85	25
648	490	86	25
648	489	86	25
648	487	86	26
649	486	86	26
649	485	86	25
650	485	86	26
650	485	86	26
649	486	86	26
650	487	86	26
650	489	86	26
651	490	86	26
652	492	86	26
653	493	86	26
654	494	87	26
656	496	87	26
659	497	87	26
661	497	87	26
663	498	87	26
667	497	87	26
670	498	87	27
674	498	87	27
677	499	87	27
681	499	87	27
684	499	87	27
689	499	87	27
692	499	87	27
697	499	87	27
702	498	87	28
708	497	87	28
713	496	87	28
719	496	87	28
724	495	86	28
729	495	86	28
735	494	85	28
741	494	85	28
746	494	85	29
753	494	84	28
759	495	84	28
766	496	83	28
772	496	83	29
779	498	83	29
786	499	82	29
792	499	82	29
799	499	81	29
805	500	81	29
811	501	81	29
818	500	81	29
824	500	80	29
831	500	80	29
838	499	80	30
844	498	79	30
851	498	80	30
858	497	79	30
864	497	79	30
871	497	79	30
877	497	78	30
883	498	79	31
890	499	79	31
896	500	78	31
902	501	78	32
908	503	78	32
915	505	79	33
921	506	78	33
928	509	78	34
934	512	78	33
940	513	79	35
947	515	79	35
954	517	79	35
961	519	80	36
969	520	80	37
976	523	80	38
983	525	80	38
991	527	80	38
999	530	80	39
1008	534	80	40
1015	538	81	40
