431	146	87	111
430	141	85	110
427	134	87	113
429	130	82	113
431	126	80	113
432	124	76	112
431	122	74	111
432	120	72	111
433	118	70	110
433	117	70	109
432	116	68	107
433	115	69	107
433	114	69	106
433	112	67	107
433	114	67	107
433	114	68	107
434	115	67	107
434	116	68	107
434	118	67	107
434	119	67	107
434	120	68	107
434	121	69	106
433	121	69	106
433	122	69	106
434	121	67	106
434	121	68	105
434	121	68	106
433	120	69	106
433	119	69	107
433	119	69	106
432	117	70	107
431	116	70	107
428	115	67	106
426	112	70	110
425	112	68	108
423	112	68	107
419	113	69	107
419	113	71	108
418	113	70	106
416	113	69	105
415	112	70	106
413	111	69	106
413	110	70	107
411	110	69	106
411	110	68	107
409	110	70	106
409	110	70	106
408	110	70	105
409	110	69	104
409	110	71	105
409	110	72	104
409	109	70	104
409	108	69	105
408	108	71	106
409	107	69	105
408	107	73	106
407	108	74	105
407	109	74	104
407	110	76	106
406	111	72	105
407	114	78	107
406	112	66	106
405	113	67	108
405	114	66	108
405	115	67	107
404	113	67	110
405	113	71	111
405	114	80	110
405	111	77	111
405	110	75	115
404	106	71	119
404	107	70	119
405	106	69	120
405	105	70	121
405	106	70	121
405	107	70	119
404	109	73	118
404	109	77	118
403	111	77	117
402	112	79	117
403	114	78	117
403	116	80	115
404	117	80	116
403	119	80	115
403	120	79	114
403	121	79	114
402	122	80	115
402	124	80	114
402	126	78	114
403	127	77	113
402	129	76	112
402	129	76	112
400	131	76	112
401	132	74	112
399	133	76	112
399	134	75	110
397	134	75	111
396	135	74	111
394	137	75	110
392	138	75	110
390	138	75	110
388	140	77	110
388	140	76	110
386	141	75	110
385	142	74	110
385	142	74	110
384	144	74	109
382	144	75	110
382	145	73	109
380	144	72	111
379	145	72	112
379	145	72	111
378	145	73	111
376	146	73	111
376	146	73	111
376	147	74	110
374	146	72	112
373	148	73	110
373	149	71	108
373	150	71	110
372	149	70	111
372	149	70	112
371	152	69	109
372	151	68	109
372	151	69	109
372	152	68	109
372	151	67	109
372	150	68	109
373	150	67	110
373	149	67	110
373	148	68	111
374	150	66	110
374	149	67	111
375	149	67	110
376	149	66	111
376	150	67	110
375	149	67	111
376	148	67	111
377	149	66	111
377	148	67	110
377	148	66	111
377	148	66	111
377	148	66	111
377	148	66	111
377	148	67	111
377	147	66	111
378	146	65	111
378	145	66	111
378	143	65	111
377	142	67	111
377	141	66	109
377	138	66	110
377	138	66	109
377	135	66	109
376	134	66	109
375	131	66	110
375	130	68	110
375	131	67	110
375	130	68	110
375	129	67	110
375	129	68	110
375	129	68	110
374	130	67	110
375	129	67	110
374	129	68	110
374	130	67	110
374	132	67	107
372	132	67	107
374	135	67	104
373	135	70	102
373	134	70	104
373	134	70	103
372	134	72	102
373	133	72	102
373	134	76	101
372	135	79	101
372	133	82	101
372	134	85	101
371	134	86	101
370	134	87	99
371	134	87	100
370	135	88	98
370	136	88	98
371	136	88	98
371	136	88	98
371	137	88	97
372	137	86	97
372	136	86	97
370	136	87	97
370	137	87	97
371	138	86	95
371	138	86	95
371	139	86	95
372	139	85	94
370	140	84	93
370	141	81	92
369	142	80	91
370	142	78	91
369	142	79	91
367	142	78	90
367	144	77	91
366	143	79	91
367	143	78	91
365	143	79	91
365	143	78	91
364	143	78	90
363	142	79	91
363	143	78	91
362	143	78	90
361	144	77	90
360	144	79	90
359	145	78	89
358	143	79	91
359	145	77	89
357	144	78	92
358	144	78	92
357	144	78	93
357	144	79	93
358	143	78	94
357	145	78	93
357	146	78	93
357	147	77	93
357	147	77	93
358	147	77	94
358	148	78	94
358	148	77	94
359	148	77	94
358	149	78	94
359	151	79	93
360	150	77	94
361	152	77	94
361	151	78	94
362	152	77	95
362	152	78	94
361	153	78	95
361	151	78	97
361	149	79	101
362	142	78	108
360	131	78	117
358	123	79	126
359	115	78	134
358	108	80	143
355	102	80	122
357	95	78	134
356	90	75	117
354	91	77	103
355	95	74	129
355	99	74	106
359	102	68	106
364	102	63	103
363	94	67	127
366	87	67	119
362	83	75	125
362	87	77	135
362	93	79	134
362	99	78	138
363	110	77	132
363	122	77	125
364	133	73	115
365	144	67	108
365	151	64	106
365	157	66	115
364	160	69	117
361	164	71	116
361	164	71	118
361	165	72	118
363	164	73	121
362	156	72	129
362	152	72	132
364	148	63	135
359	135	69	147
364	113	62	164
368	103	57	167
368	89	57	175
368	96	56	157
369	91	55	141
368	101	57	126
369	100	56	127
367	98	57	136
369	96	56	128
367	94	59	140
367	92	58	137
367	91	61	139
368	90	60	141
367	81	59	156
369	79	58	151
368	78	57	144
368	78	58	123
370	75	56	120
370	75	56	120
367	76	57	119
366	76	60	119
367	76	60	118
367	75	61	119
367	76	62	118
368	74	61	118
368	75	63	116
370	74	63	118
371	74	62	118
374	72	61	118
375	73	62	116
375	72	64	119
376	73	65	117
377	71	63	119
376	71	66	119
377	71	66	118
377	71	66	117
378	69	66	119
378	70	66	117
377	70	67	117
378	68	66	117
377	68	66	119
377	67	67	117
377	67	67	117
377	65	66	119
376	64	65	118
374	63	67	118
372	62	67	117
370	62	65	117
369	60	64	119
364	60	65	119
361	59	64	120
360	60	63	118
357	58	63	120
357	59	63	117
355	59	64	119
355	59	62	117
353	57	64	119
349	57	66	119
347	56	69	119
345	56	69	120
347	56	67	121
348	55	66	121
345	54	66	120
346	50	64	126
345	38	62	131
350	31	54	141
348	24	54	143
343	25	57	143
341	27	54	131
334	33	63	126
348	41	49	113
346	52	51	106
345	53	51	114
344	54	53	134
344	59	53	138
331	50	67	192
338	83	54	153
321	55	67	171
316	131	63	100
318	123	68	102
319	134	68	101
325	144	64	84
325	154	62	74
327	159	59	71
326	161	61	74
330	160	68	81
335	156	69	85
334	151	76	92
334	146	75	102
328	141	72	111
324	135	79	119
331	133	67	108
332	133	62	98
330	137	67	116
329	139	68	105
329	141	74	104
327	149	81	94
326	153	88	86
322	157	94	112
324	153	86	88
325	152	84	91
324	148	83	87
323	145	83	85
322	138	83	88
320	134	82	88
320	129	79	88
318	124	79	90
319	116	75	93
318	98	69	108
317	84	68	119
317	76	62	115
313	87	69	136
290	74	80	79
282	73	71	63
275	69	76	72
252	64	98	88
265	69	89	77
251	70	99	73
255	72	97	74
260	75	92	68
252	72	96	68
258	71	88	74
255	69	89	70
249	68	93	69
252	66	91	69
252	64	94	71
252	59	96	72
251	53	96	77
248	46	97	84
248	38	96	95
251	31	91	97
257	27	83	104
268	23	70	107
281	15	57	114
275	0	63	128
279	0	67	128
292	0	61	129
290	0	69	130
292	0	71	127
292	0	72	124
290	0	72	126
291	0	70	84
290	0	72	77
290	0	74	71
290	0	78	67
291	0	77	67
289	0	80	64
289	0	79	64
287	0	77	62
284	0	79	59
285	0	77	55
284	0	80	58
283	0	79	54
284	0	78	58
282	0	79	60
285	0	77	62
285	0	76	67
285	0	77	72
287	0	78	71
287	0	81	73
287	0	81	73
287	0	82	74
287	0	82	75
286	0	82	78
288	0	80	77
287	0	80	77
287	0	82	77
287	0	82	79
289	0	80	78
288	0	81	81
288	0	81	81
288	0	81	82
289	0	80	84
288	0	80	84
288	0	81	86
287	0	81	89
288	0	81	90
287	0	81	91
286	0	82	93
289	0	80	94
289	1	80	102
289	0	81	100
288	1	80	98
288	0	79	98
288	1	79	104
287	0	79	100
287	0	78	99
287	1	78	103
286	0	79	102
286	1	78	107
286	1	79	102
285	0	78	101
285	1	78	107
285	1	79	103
285	0	78	101
285	0	78	103
285	1	78	102
285	0	77	102
285	1	77	104
286	1	77	101
285	1	77	106
285	1	77	102
285	1	77	101
285	0	76	103
284	0	76	103
284	0	76	101
275	0	83	104
282	1	74	97
284	0	69	93
282	0	72	94
281	0	73	97
280	0	72	96
281	0	72	92
278	0	74	88
280	0	72	90
279	0	73	88
278	0	74	88
280	0	71	88
279	1	73	91
278	0	75	90
277	0	76	92
278	0	74	93
275	1	75	94
272	0	77	94
268	0	80	95
267	0	79	97
267	0	79	98
269	0	74	99
268	0	75	101
273	0	68	102
274	0	68	104
276	0	66	109
277	0	65	108
278	0	63	113
279	0	63	114
279	0	63	116
278	0	63	116
279	0	63	118
279	0	64	119
280	0	63	119
279	1	63	120
279	0	63	121
278	0	63	121
279	0	63	120
277	0	66	122
273	0	70	121
270	0	72	121
269	0	72	121
269	0	71	123
267	0	72	123
265	0	73	122
264	0	73	122
263	0	73	122
264	0	73	122
263	0	74	106
266	0	71	104
268	0	68	106
269	0	64	94
269	0	63	85
268	0	66	85
267	0	66	65
266	0	62	56
267	0	61	57
266	0	61	56
268	0	61	57
269	0	58	58
270	1	60	58
272	3	59	56
255	6	78	58
251	9	84	70
249	12	85	72
247	16	88	61
249	20	84	55
250	25	84	50
250	28	83	49
250	33	84	58
249	35	84	52
250	38	84	77
249	43	86	46
251	44	84	80
246	48	88	47
251	51	85	55
251	53	83	66
251	56	84	81
248	58	86	49
251	59	84	77
247	63	87	48
250	64	84	80
248	66	86	48
251	68	83	78
248	70	87	49
250	72	84	78
247	73	87	53
249	74	85	79
246	76	88	52
250	77	85	79
247	78	88	53
250	80	84	80
248	81	88	54
251	81	85	79
248	82	87	51
251	83	84	80
247	80	87	74
247	78	88	54
249	73	86	80
248	67	86	78
247	62	86	69
246	60	86	74
246	58	87	54
247	56	85	74
246	55	87	57
248	54	85	76
246	53	86	52
249	54	83	71
246	52	87	63
249	52	84	73
247	52	86	49
249	52	84	74
249	53	85	50
253	54	82	75
253	54	84	63
255	54	81	75
255	55	83	70
256	55	83	72
257	56	84	66
260	58	80	74
259	58	83	65
261	59	80	73
260	60	82	66
262	61	80	76
262	61	82	68
262	61	81	68
263	63	80	68
262	64	81	57
264	64	80	70
263	65	80	50
265	66	78	66
265	66	79	62
266	68	77	70
265	69	79	49
266	69	76	65
267	70	77	65
266	71	78	56
268	72	76	67
266	73	78	52
269	75	75	66
266	75	78	47
268	76	76	68
267	77	78	65
264	77	79	60
269	79	74	68
267	81	78	54
268	81	74	67
268	83	76	65
267	83	77	58
269	85	74	64
267	85	77	62
270	86	74	63
271	87	73	59
271	88	73	66
268	89	77	55
271	89	72	65
269	90	76	55
271	92	72	65
269	93	75	46
272	94	71	60
270	94	73	69
270	95	73	44
273	96	70	56
271	96	72	59
270	96	74	46
272	96	70	62
268	96	74	42
271	95	70	59
268	94	73	45
269	92	71	57
268	90	72	41
268	89	71	51
268	88	70	45
268	87	70	59
266	86	72	41
268	85	69	59
267	84	69	40
267	84	69	56
266	82	71	53
267	82	70	55
267	81	70	54
268	81	69	54
268	80	69	57
268	79	70	49
270	79	68	60
269	79	69	46
270	78	68	61
268	79	70	47
271	79	66	59
270	78	69	53
270	78	67	58
270	78	68	55
270	78	69	53
271	78	68	54
271	78	68	55
269	78	69	47
272	78	67	59
270	78	68	49
272	78	66	57
270	78	68	46
272	77	67	56
270	78	67	54
272	79	65	54
271	78	66	53
272	79	65	54
271	79	65	44
272	79	64	59
271	78	65	56
271	79	65	37
272	78	64	57
271	78	65	40
272	77	64	55
271	78	65	36
272	78	63	51
271	78	65	38
272	77	63	45
270	77	65	37
271	77	64	43
270	76	64	37
271	75	64	46
270	76	64	37
270	74	64	39
269	74	65	44
269	74	65	43
268	74	64	38
269	74	63	42
267	73	63	39
266	75	64	40
266	74	64	37
265	73	64	55
263	73	64	38
265	74	63	55
262	74	65	38
263	73	64	56
261	74	65	36
263	74	62	51
261	73	65	42
261	74	64	41
259	73	64	37
259	73	62	50
257	73	63	42
255	73	63	38
252	71	63	49
249	72	62	42
247	73	63	37
243	72	64	42
241	71	64	45
241	72	63	40
239	70	63	52
237	70	64	44
237	70	63	41
237	70	64	55
234	69	64	42
236	70	63	54
234	70	64	37
236	70	62	45
234	70	63	40
236	70	62	53
235	69	65	40
240	70	62	55
239	70	64	39
242	71	61	41
243	71	63	49
243	72	63	35
243	71	62	44
244	72	62	42
245	73	63	41
244	72	63	40
245	72	62	50
244	73	63	37
245	73	62	42
245	74	63	42
245	74	63	38
245	74	62	41
245	73	62	41
245	74	61	46
246	75	62	47
245	74	63	42
247	74	62	46
246	74	62	37
247	74	61	43
247	75	62	46
246	75	63	40
248	75	62	46
248	75	63	40
251	75	62	45
251	75	63	46
253	75	63	49
253	74	64	37
256	75	62	43
256	75	63	42
257	74	64	42
258	73	63	46
258	73	63	40
259	72	62	49
258	73	63	45
260	72	63	55
259	72	64	39
260	70	62	55
259	69	63	57
263	66	60	53
262	64	60	49
263	62	61	51
264	60	58	48
266	58	56	49
267	56	54	46
268	55	54	46
268	54	53	46
270	53	52	47
270	54	52	48
271	53	52	48
271	53	52	48
271	52	52	48
271	52	53	49
273	51	52	49
272	50	54	50
272	49	54	51
272	49	54	52
272	47	54	52
272	47	54	53
272	46	54	54
271	45	56	55
271	46	55	54
273	45	53	54
272	45	52	55
273	45	50	54
273	47	49	53
275	46	46	53
276	47	44	52
275	46	44	53
274	46	44	52
274	46	44	53
274	46	44	53
274	47	43	52
274	46	43	53
274	47	43	52
273	45	43	53
273	46	43	53
273	45	43	53
273	46	43	53
273	46	44	53
273	47	44	53
273	46	45	54
272	46	44	53
273	46	45	53
273	47	44	53
273	47	44	53
272	48	44	53
272	46	44	54
273	48	44	52
272	48	45	53
272	48	44	53
272	48	45	53
271	48	45	53
270	49	45	53
269	48	46	53
269	49	45	52
268	49	45	53
265	49	44	53
262	49	44	53
260	51	44	53
258	51	45	54
257	53	45	53
256	54	45	53
255	55	45	53
255	57	44	53
254	58	45	53
254	60	45	53
254	61	45	54
253	62	46	54
253	64	46	53
253	64	46	53
253	66	47	53
253	67	47	53
253	69	47	53
254	70	48	53
253	71	48	54
253	70	48	54
254	71	49	55
253	71	49	56
254	71	48	56
255	70	48	57
255	71	47	56
255	70	48	57
258	71	46	58
258	72	46	58
261	72	45	59
262	72	45	59
263	73	45	61
264	72	45	61
264	72	46	60
265	73	45	61
266	73	45	64
265	74	46	62
267	73	44	61
268	73	45	62
268	74	44	61
269	74	44	60
269	74	44	59
269	73	44	61
270	73	43	60
270	72	44	60
271	72	43	62
272	71	43	61
272	71	44	62
272	70	44	60
272	68	44	60
273	67	44	60
274	66	43	59
275	65	44	59
274	64	44	60
277	65	42	58
277	63	44	59
278	64	42	58
278	64	43	59
279	65	43	58
279	65	43	59
280	65	43	59
281	66	42	58
280	66	44	59
281	67	43	58
282	66	43	58
281	67	44	58
283	67	42	59
282	68	43	59
284	69	43	58
282	69	44	59
285	69	42	58
284	69	44	58
284	70	43	59
282	70	45	58
282	71	45	58
284	71	43	58
283	71	44	58
283	71	44	59
283	71	44	59
283	71	45	59
283	71	44	59
283	71	45	60
283	71	44	61
282	70	45	61
282	69	45	60
282	70	45	61
281	69	45	62
281	69	45	61
281	70	44	62
281	69	44	62
281	69	42	62
282	69	41	62
281	69	41	62
281	69	40	62
282	69	39	62
280	70	40	64
281	70	38	63
279	70	40	63
280	71	39	63
279	70	40	63
280	70	39	63
278	70	40	63
278	69	40	62
280	70	38	63
279	70	40	62
279	69	39	62
280	69	39	62
279	69	40	63
279	68	40	62
280	68	39	63
280	68	39	62
281	67	38	62
281	67	39	62
282	67	39	63
282	66	39	62
282	65	39	62
282	65	40	62
281	64	42	62
282	64	41	62
283	64	40	62
284	63	40	62
285	63	39	62
284	62	40	62
285	63	39	62
285	62	39	61
286	62	39	62
286	62	39	62
285	62	40	62
286	62	39	62
286	62	39	61
287	62	39	61
287	63	39	62
286	63	39	61
286	63	40	61
287	63	39	61
286	63	40	61
286	63	40	61
287	63	40	61
287	63	40	61
287	63	40	61
287	63	40	61
287	64	40	61
287	63	40	60
287	64	40	61
287	64	40	61
287	64	40	61
287	63	40	62
287	65	40	61
287	66	39	60
288	65	39	60
288	65	39	61
288	65	39	61
288	66	39	61
288	66	39	61
288	66	39	61
288	66	39	60
288	66	39	61
288	66	39	61
288	67	39	61
289	67	39	60
288	67	39	60
287	67	40	60
288	68	39	61
288	68	38	61
286	68	40	60
288	68	38	61
288	69	39	61
287	69	40	60
288	69	38	61
287	69	39	61
286	69	39	60
287	69	39	60
287	70	38	61
285	70	39	61
286	70	39	60
286	70	39	60
285	70	39	61
285	71	39	60
284	70	40	60
284	71	39	60
283	71	40	60
286	72	38	60
283	72	40	60
284	72	38	60
283	72	39	60
284	72	38	60
281	73	40	61
282	72	39	61
282	73	40	61
282	73	39	61
284	73	38	61
282	73	40	62
282	74	40	62
283	74	39	61
284	75	39	62
284	74	39	62
284	75	40	63
284	75	40	61
284	75	39	62
284	76	40	62
284	75	39	62
287	75	38	62
283	76	41	63
285	77	39	61
287	77	38	61
285	78	40	63
285	78	39	62
286	78	39	62
285	79	39	62
286	80	39	61
286	80	39	62
287	81	39	61
287	81	39	62
285	82	40	62
287	82	39	61
285	83	40	62
285	84	40	62
284	85	41	62
283	86	42	62
282	89	43	63
284	91	41	63
283	93	43	62
283	95	42	61
283	97	41	61
283	98	42	61
284	99	42	61
284	100	42	60
285	101	41	60
284	102	42	60
284	103	42	60
284	104	42	60
285	104	42	60
285	105	42	60
285	106	41	60
288	106	39	60
285	106	42	61
286	107	41	60
287	107	40	60
287	107	41	60
287	107	41	60
288	108	41	60
289	107	40	60
289	106	41	60
289	104	40	60
289	102	40	60
289	100	40	60
288	97	41	59
290	95	41	60
290	93	41	61
291	89	41	62
291	87	41	63
292	85	41	63
292	82	41	65
291	80	42	66
291	79	42	66
292	77	41	66
293	76	41	66
293	75	41	67
295	73	40	67
294	73	40	69
295	72	40	69
295	70	40	69
295	70	41	69
295	71	40	69
295	70	40	69
295	69	41	69
295	70	41	68
294	69	40	68
295	69	41	71
295	68	41	73
295	67	42	72
295	66	44	73
295	65	44	72
295	64	44	75
295	62	45	74
294	60	47	76
294	59	47	75
294	58	46	77
295	56	47	77
295	54	47	79
295	54	46	79
295	53	47	79
294	52	47	81
293	52	48	78
293	52	49	76
292	52	49	74
292	51	49	75
292	54	48	73
290	57	51	72
290	58	49	69
289	61	50	67
289	62	51	65
289	65	50	63
291	68	54	61
291	69	58	60
292	72	58	56
292	74	61	55
292	79	62	59
294	83	56	50
296	85	53	47
297	85	52	44
297	84	53	45
298	83	52	46
300	85	50	46
300	84	50	46
301	85	50	46
302	84	50	46
301	84	51	50
301	84	51	50
302	84	46	47
301	85	47	49
300	85	48	48
300	86	49	47
300	85	50	48
300	86	50	48
304	86	46	47
308	86	42	47
307	84	43	49
308	82	41	50
311	81	39	49
308	80	43	51
308	79	44	51
308	79	45	51
305	79	48	52
307	78	47	52
305	78	50	53
315	78	40	52
316	79	40	51
319	79	40	52
319	80	41	56
320	84	40	57
319	89	41	58
316	93	47	56
315	97	50	49
310	98	55	48
310	97	56	49
310	96	58	50
309	95	60	52
310	97	58	51
310	98	57	49
311	100	55	47
310	100	55	46
310	100	56	52
310	104	58	50
311	105	58	57
315	106	55	69
321	110	52	84
326	113	49	86
323	117	54	86
324	118	52	91
323	121	58	96
323	124	57	104
322	151	63	87
325	175	70	73
330	182	79	77
350	195	75	84
364	213	70	108
372	234	74	110
316	263	56	96
315	265	68	94
309	263	65	96
317	270	61	88
315	262	85	93
316	266	60	93
316	265	84	92
316	268	74	91
315	268	74	91
316	270	63	89
316	269	62	90
316	270	62	89
316	270	60	89
316	269	68	90
315	271	62	88
315	270	63	89
315	271	61	88
315	268	79	91
315	271	66	88
316	269	62	90
315	270	59	89
315	269	62	90
315	269	59	90
315	268	60	91
315	269	56	90
315	267	57	92
315	268	56	91
315	268	55	91
315	268	55	90
314	267	53	92
312	264	68	95
314	269	51	89
311	275	57	84
314	276	50	83
312	280	48	79
312	270	49	88
304	276	70	83
306	271	58	86
308	281	55	77
306	285	55	74
292	271	68	87
278	274	84	84
259	278	102	77
263	276	116	79
254	281	98	77
251	285	96	73
246	287	95	71
244	289	71	68
237	289	79	68
194	279	147	80
224	288	78	70
222	289	70	69
199	290	117	65
170	293	232	64
220	285	184	71
308	248	132	85
361	258	38	50
365	256	30	48
364	256	31	47
365	256	30	48
364	256	30	47
364	255	31	47
364	254	31	47
364	255	30	47
362	254	30	47
363	255	31	46
362	254	31	46
361	255	32	46
361	255	32	46
