0.013083
0.097510
0.084024
0.090606
0.134722
0.078326
0.082745
0.087208
0.104536
0.089689
0.084393
0.074077
0.086509
0.114562
0.093148
0.083309
0.077749
0.096250
0.093059
0.095862
0.073924
0.067107
0.096824
0.074760
0.080131
0.091654
0.075934
0.116289
0.096264
0.071042
0.088229
0.078807
0.052722
0.076114
0.108888
0.077694
0.062956
0.072092
0.068416
0.088052
0.086273
0.098702
0.084796
0.095473
0.082223
0.066698
0.081998
0.072626
0.060846
0.073154
0.111114
0.086279
0.071444
0.067559
0.055961
0.075675
0.097380
0.070353
0.073846
0.094707
0.093047
0.104793
0.101095
0.075112
0.080113
0.094846
0.075239
0.054397
0.066389
0.055781
0.067498
0.049847
0.053160
0.046179
0.059636
0.085462
0.063677
0.050881
0.072656
0.093683
0.070753
0.066192
0.077749
0.086169
0.088319
0.063064
0.084314
0.090009
0.082148
0.069170
0.099756
0.121179
0.106591
0.101690
0.082520
0.074287
0.091951
0.083275
0.070905
0.109277
0.117719
0.100857
0.129324
0.087702
0.093508
0.122699
0.106098
0.105554
0.130223
0.094175
0.131749
0.099478
0.158113
0.095026
0.117402
0.119166
0.106440
0.117237
0.112950
0.093837
0.122343
0.113294
0.100569
0.090220
0.118278
0.137862
0.135970
0.122355
0.112210
0.113902
0.093309
0.102546
0.098289
0.099856
0.099982
0.107229
0.106279
0.099459
0.111276
0.096128
0.097833
0.092533
0.151113
0.118053
0.083063
0.096308
0.131294
0.092139
0.087595
0.103953
0.098300
0.068543
0.134690
0.106651
0.147910
0.084140
0.079989
0.099013
0.093184
0.125820
0.092403
0.082296
0.125730
0.146260
0.122420
0.120464
0.108292
0.099709
0.113660
0.114562
0.115687
0.143979
0.092158
0.095769
0.114031
0.092846
0.070695
0.123646
0.101311
0.088629
0.129036
0.101607
0.135750
0.094972
0.118605
0.107050
0.156706
0.087752
0.098189
0.111943
0.129572
0.100283
0.106785
0.122185
0.104477
0.113443
0.130879
0.105286
0.127951
0.100830
0.152493
0.143049
0.116865
0.157378
0.145041
0.152513
0.184421
0.133947
0.172875
0.152486
0.166910
0.106557
0.124684
0.145279
0.134094
0.141426
0.105540
0.119532
0.101408
0.138673
0.154690
0.120844
0.141506
0.144222
0.133419
0.153675
0.146676
0.173115
0.135359
0.170920
0.169502
0.185865
0.106857
0.164977
0.125003
0.133072
0.126766
0.163671
0.102615
0.106374
0.144126
0.164973
0.108720
0.114362
0.120451
0.140215
0.078336
0.132145
0.096069
0.105424
0.155129
0.098383
0.155933
0.144290
0.177639
0.215049
0.188193
0.140203
0.128362
0.152772
0.147288
0.176095
0.113955
0.137029
0.090962
0.088212
0.150491
0.100023
0.102902
0.176826
0.125498
0.152697
0.154068
0.120825
0.160907
0.109123
0.115074
0.173936
0.130989
0.132477
0.151686
0.138700
0.146112
0.163086
0.154375
0.170077
0.108567
0.133034
0.132617
0.184566
0.110240
0.152724
0.154790
0.113502
0.101184
0.097464
0.115636
0.174809
0.130934
0.114277
0.127420
0.096837
0.109641
0.136488
0.156002
0.151955
0.090219
0.093978
0.098689
0.136543
0.107275
0.153425
0.183771
0.130972
0.133370
0.210314
0.199758
0.144668
0.162789
0.141733
0.189546
0.220651
0.214831
0.225611
0.104506
0.107962
0.087486
0.117087
0.123881
0.135458
0.136584
0.127007
0.111912
0.115595
0.136968
0.123984
0.118634
0.135777
0.131001
0.098782
0.171556
0.164161
0.115651
0.139816
0.080114
0.134461
0.097130
0.085355
0.126653
0.083880
0.128769
0.078367
0.112546
0.152877
0.137585
0.125579
0.176620
0.153747
0.117389
0.123919
0.156265
0.121660
0.096723
0.103997
0.129439
0.162032
0.109169
0.110761
0.108666
0.108667
0.120634
0.087556
0.110544
0.164749
0.141996
0.142016
0.121503
0.164552
0.132807
0.156572
0.127466
0.112289
0.114320
0.085572
0.107730
0.126897
0.113038
0.088746
0.089028
0.113794
0.105381
0.102600
0.138015
0.095155
0.119517
0.121732
0.131220
0.093045
0.111912
0.092548
0.128205
0.097741
0.075859
0.076570
0.092566
0.116915
0.089421
0.101723
0.111528
0.117757
0.076476
0.101315
0.098854
0.080663
0.083741
0.082006
0.087322
0.094984
0.092414
0.091681
0.090589
0.087700
0.084410
0.104062
0.087411
0.098076
0.120835
0.113808
0.103068
0.120178
0.124419
0.143883
0.163500
0.128550
0.094681
0.116365
0.138938
0.146746
0.105848
0.116680
0.102160
0.130466
0.104434
0.129448
0.109464
0.087102
0.103682
0.113351
0.106462
0.122818
0.158007
0.100365
0.124524
0.116730
0.106090
0.117650
0.137403
0.114443
0.131634
0.162115
0.105328
0.117927
0.144087
0.109482
0.124938
0.122210
0.107408
0.122294
0.086447
0.152042
0.097424
0.146386
0.153305
0.139952
0.167467
0.115387
0.099546
0.093159
0.126302
0.117162
0.125023
0.112138
0.141901
0.126311
0.130887
0.175250
0.105107
0.125698
0.097988
0.124899
0.130564
0.113141
0.141872
0.132253
0.131067
0.126412
0.126578
0.115288
0.134983
0.132779
0.102484
0.120015
0.105879
0.110234
0.114191
0.104412
0.166822
0.103669
0.161318
0.117936
0.119159
0.081980
0.095023
0.108208
0.106782
0.106307
0.134143
0.105149
0.143604
0.104529
0.152758
0.121517
0.109173
0.135947
0.128130
0.092473
0.110255
0.104329
0.150009
0.124115
0.134517
0.116824
0.082018
0.084014
0.088113
0.088569
0.080056
0.106591
0.090101
0.120538
0.113665
0.086306
0.102193
0.100872
0.151312
0.131069
0.112352
0.149710
0.121994
0.139415
0.113060
0.128071
0.147639
0.118914
0.095715
0.117308
0.091537
0.083114
0.091068
0.091079
0.111624
0.090268
0.072461
0.091813
0.107853
0.099476
0.087283
0.092186
0.098402
0.101961
0.095893
0.079033
0.093751
0.096786
0.085433
0.089743
0.104649
0.072664
0.114391
0.081803
0.087237
0.079987
0.081937
0.112295
0.085713
0.081249
0.095361
0.110634
0.092831
0.099373
0.102810
0.080684
0.099638
0.120403
0.069701
0.082524
0.090234
0.102459
0.090187
0.117033
0.090696
0.098883
0.113204
0.102931
0.107528
0.091717
0.077059
0.101274
0.101301
0.098048
0.076059
0.104583
0.093209
0.068759
0.077889
0.078608
0.099542
0.134455
0.080356
0.092996
0.122472
0.091182
0.095579
0.092316
0.075112
0.105185
0.102555
0.091924
0.088665
0.106821
0.111861
0.080161
0.087348
0.079463
0.099003
0.087879
0.106251
0.093170
0.135153
0.090976
0.109299
0.074426
0.083865
0.096525
0.095319
0.081908
0.092027
0.082198
0.129676
0.124145
0.097637
0.085438
0.110273
0.092286
0.096183
0.099192
0.126162
0.103496
0.094332
0.105007
0.100372
0.082061
0.090873
0.074472
0.112360
0.107037
0.085608
0.069592
0.108663
0.081150
0.095386
0.096628
0.103776
0.094445
0.096817
0.109593
0.089028
0.116179
0.097468
0.094072
0.097461
0.099698
0.098716
0.096127
0.114840
0.100200
0.120659
0.098897
0.115813
0.096967
0.094016
0.101158
0.075365
0.123436
0.069534
0.104524
0.124491
0.114050
0.091511
0.089460
0.100773
0.104110
0.094046
0.096763
0.103726
0.082111
0.087824
0.078393
0.105477
0.087357
0.073385
0.100696
0.137786
0.098960
0.103592
0.111515
0.100634
0.086164
0.078937
0.117190
0.073216
0.121552
0.094009
0.079659
0.103265
0.089176
0.097389
0.107136
0.095520
0.098969
0.078489
0.075764
0.084656
0.083052
0.083272
0.099443
0.096690
0.091986
0.111891
0.114790
0.087867
0.088975
0.097401
0.092872
0.067505
0.097353
0.077659
0.082684
0.129014
0.130333
0.113631
0.095845
0.081754
0.082287
0.095736
0.099564
0.099313
0.113603
0.104413
0.095096
0.130186
0.103725
0.107946
0.121098
0.083002
0.113891
0.088663
0.109883
0.079586
0.119053
0.117167
0.096597
0.089443
0.114878
0.097526
0.091170
0.102479
0.106450
0.090241
0.096797
0.079339
0.084049
0.102676
0.096127
0.071442
0.106465
0.143430
0.074911
0.134600
0.099601
0.090917
0.093917
0.101200
0.092161
0.084784
0.107644
0.080894
0.117410
0.089555
0.143876
0.089513
0.067364
0.109225
0.068075
0.104839
0.085102
0.096560
0.088018
0.079837
0.119334
0.082157
0.121305
0.111727
0.095022
0.120825
0.103829
0.098507
0.112529
0.124251
0.100035
0.116702
0.122601
0.087556
0.119457
0.074567
0.113752
0.088709
0.095286
0.088324
0.101958
0.112617
0.093720
0.079081
0.082949
0.077166
0.092486
0.097672
0.095612
0.116923
0.076963
0.083052
0.087692
0.061939
0.107353
0.076928
0.090977
0.075872
0.089857
0.082751
0.098846
0.124765
0.084952
0.094407
0.076904
0.072284
0.082391
0.109699
0.122782
0.105260
0.091242
0.096929
0.086802
0.080218
0.090970
0.104042
0.119479
0.120123
0.129646
0.099257
0.076058
0.077812
0.097879
0.097249
0.100125
0.080500
0.083068
0.076534
0.093444
0.078258
0.072368
0.080580
0.098377
0.104927
0.095903
0.089447
0.108088
0.085080
0.128118
0.142123
0.085214
0.121544
0.115706
0.083119
0.090257
0.126512
0.102117
0.114970
0.111997
0.130293
0.124316
0.078931
0.104968
0.110867
0.099707
0.116242
0.090748
0.104687
0.084052
0.100575
0.136903
0.134367
0.116844
0.105870
0.096995
0.125925
0.099022
0.134520
0.123183
0.116557
0.081803
0.092527
0.089954
0.091707
0.099551
0.096191
0.091064
0.121468
0.093440
0.100189
0.163245
0.111584
0.095851
0.063190
0.107301
0.110274
0.097958
0.107364
0.107295
0.074727
0.091979
0.093882
0.087353
0.099577
0.110549
0.096218
0.075953
0.082290
0.083452
0.087640
0.102059
0.093420
0.083545
0.105905
0.119136
0.109646
0.106937
0.107283
0.141524
0.127134
0.149060
0.117738
0.131956
0.115231
0.117939
0.117824
0.098908
0.115800
0.113071
0.115275
0.097188
0.136072
0.084360
0.111108
0.095840
0.081519
0.113194
0.174392
0.149108
0.143205
0.100420
0.086911
0.104321
0.124452
0.120345
0.160338
0.119077
0.172335
0.124358
0.127283
0.102086
0.072924
0.123430
0.137341
0.114963
0.122343
0.104958
0.109797
0.118728
0.121627
0.103445
0.108640
0.120841
0.100537
0.094431
0.085679
0.095487
0.085644
0.164253
0.150560
0.098544
0.117111
0.117471
0.109277
0.106438
0.138213
0.102906
0.142269
0.077545
0.093132
0.076589
0.101592
0.082252
0.137617
0.091891
0.111150
0.073303
0.106110
0.104995
0.091498
0.099134
0.108603
0.088152
0.070939
0.082439
0.097810
0.091416
0.094946
0.081392
0.158893
0.104243
0.101570
0.117941
0.092507
0.076423
0.071213
0.097381
0.105909
0.121595
0.074451
0.072753
0.085314
0.094574
0.105915
0.082720
0.067271
0.073817
0.068508
0.055901
0.079729
0.100380
0.119378
0.110005
0.093642
0.100977
0.126088
0.118078
0.112798
0.070325
0.123566
0.096630
0.100581
0.152535
0.110947
0.106671
0.095816
0.117707
0.111302
0.087684
0.113577
0.120833
0.098615
0.079579
0.057097
0.094724
0.102870
0.085152
0.092297
0.145943
0.076905
0.094325
0.123680
0.074548
0.171247
0.099675
0.143624
0.093647
0.108887
0.099092
0.107129
0.173097
0.137553
0.157714
0.167606
0.132532
0.103903
0.161258
0.078570
0.144738
0.095380
0.127829
0.108064
0.146088
0.118042
0.116931
0.136462
0.118637
0.141407
0.065287
0.104745
0.128179
0.163859
0.123270
0.193266
0.156172
0.077505
0.121798
0.115090
0.216505
0.175832
0.094960
0.112298
0.094124
0.143109
0.103871
0.164068
0.141392
0.146343
0.124407
0.120375
0.130104
0.120284
0.189636
0.146139
0.126496
0.129147
0.102940
0.119429
0.134900
0.112856
0.212287
0.184916
0.173784
0.122706
0.093361
0.211556
0.138883
0.157456
0.140590
0.163440
0.171918
0.092334
0.095230
0.077738
0.104225
0.119316
0.123287
0.171985
0.162298
0.141153
0.138135
0.110407
0.129495
0.107105
0.159123
0.151880
0.095860
0.135135
0.111592
0.171966
0.091887
0.208483
0.099969
0.085046
0.100763
0.140934
0.128032
0.116276
0.091759
0.085828
0.125078
0.110564
0.185962
0.133591
0.165889
0.104822
0.095540
0.082366
0.127809
0.122015
0.117471
0.088838
0.109341
0.094270
0.100691
0.108323
0.109171
0.135277
0.134706
0.128881
0.149195
0.160764
0.173552
0.189050
0.124445
0.113425
0.175002
0.151562
0.229944
0.118197
0.115919
0.126134
0.161705
0.104351
0.109625
0.100216
0.158334
0.117031
0.111721
0.147312
0.147346
0.130383
0.142643
0.139341
0.179645
0.084164
0.152540
0.124118
0.222900
0.099717
0.133553
0.107351
0.153610
0.091986
0.108149
0.115429
0.126951
0.107057
0.104163
0.131201
0.115791
0.151926
0.136950
0.190724
0.145549
0.084738
0.074478
0.105662
0.111149
0.083246
0.081232
0.169085
0.120465
0.093137
0.138774
0.143694
0.112479
0.104050
0.111657
0.123594
0.113070
0.136079
0.083169
0.086482
0.093594
0.101033
0.091462
0.107801
0.132005
0.110721
0.110285
0.101882
0.075936
0.084795
0.086003
0.151813
0.096624
0.124662
0.095852
0.108912
0.113372
0.084401
0.090611
0.108184
0.108396
0.101463
0.150837
0.133460
0.170968
0.160879
0.177593
0.131251
0.086113
0.086193
0.111372
0.117296
0.078315
0.114193
0.090326
0.132488
0.093988
0.134969
0.156212
0.111678
0.100321
0.100227
0.102170
0.104963
0.083227
0.104520
0.109495
0.116343
0.143183
0.171358
0.111852
0.109779
0.107486
0.093420
0.082469
0.093371
0.078650
0.136844
0.123478
0.127062
0.078003
0.127175
0.099692
0.079917
0.120825
0.112783
0.072419
0.061080
0.085778
0.077424
0.065658
0.069340
0.080781
0.070043
0.050005
0.076361
0.069382
0.069378
0.065609
0.068082
0.097633
0.130876
0.065861
0.106089
0.086058
0.098840
0.129659
0.088692
0.095842
0.131514
0.102117
0.097987
0.086500
0.082688
0.096413
0.093017
0.076268
0.078745
0.078838
0.093157
0.116139
0.090523
0.126112
0.183045
0.129834
0.141441
0.109705
0.099070
0.068419
0.093126
0.076074
0.097534
0.075072
0.102873
0.082284
0.064733
0.112716
0.120625
0.080995
0.086738
0.079099
0.104057
0.113211
0.091331
0.116814
0.075056
0.131724
0.117751
0.083041
0.090754
0.100515
0.110010
0.104607
0.093861
0.139705
0.131527
0.096648
0.126448
0.113954
0.100194
0.121724
0.094967
0.104904
0.119509
0.125292
0.120071
0.093848
0.146445
0.099995
0.129530
0.119249
0.116610
0.095047
0.111225
0.115690
0.133720
0.087773
0.108733
0.100621
0.148479
0.119576
0.120291
0.141039
0.131970
0.112550
0.087802
0.131628
0.119850
0.103193
0.138309
0.137954
0.112192
0.125428
0.152276
0.105569
0.093421
0.113037
0.122035
0.132312
0.110842
0.125731
0.090916
0.141088
0.112905
0.111511
0.105180
0.111448
0.120623
0.116225
0.092944
0.103927
0.120581
0.097078
0.143759
0.120071
0.092837
0.079745
0.109774
0.112471
0.087697
0.097941
0.105723
0.116611
0.089200
0.084017
0.118266
0.121182
0.120357
0.120829
0.140898
0.088235
0.111788
0.109088
0.121146
0.103128
0.090428
0.121631
0.120310
0.129424
0.125992
0.099574
0.102860
0.096829
0.109784
0.110988
0.110514
0.096414
0.132981
0.092108
0.137946
0.110552
0.127627
0.128246
0.129446
0.093998
0.128301
0.089581
0.098346
0.120852
0.088995
0.086283
0.078810
0.118634
0.100643
0.078370
0.070147
0.066850
0.067765
0.096739
0.085817
0.094375
0.103059
0.100685
0.066353
0.070824
0.063702
0.107862
0.104368
0.092458
0.096035
0.099880
0.067868
0.078926
0.073744
0.073815
0.077350
0.127724
0.115672
0.080772
0.094612
0.076132
0.064495
0.077257
0.073452
0.078136
0.075800
0.097093
0.108368
0.064893
0.072654
0.100905
0.056581
0.073194
0.083998
0.072708
0.091659
0.059997
0.077722
0.075160
0.127407
0.108023
0.090453
0.083354
0.105894
0.080823
0.061976
0.105518
0.096676
0.076088
0.127901
0.185462
0.104963
0.171775
0.108573
0.100330
0.135659
0.089593
0.105356
0.081243
0.102914
0.130301
0.156638
0.072300
0.079401
0.102996
0.119008
0.169188
0.088579
0.130468
0.087515
0.093782
0.069117
0.105920
0.140405
0.116780
0.106574
0.089984
0.098382
0.126721
0.072472
0.085708
0.128531
0.110030
0.081393
0.156878
0.112427
0.139844
0.117749
0.101956
0.072537
0.142428
0.162934
0.106896
0.111955
0.111063
0.117730
0.123526
0.110209
0.101437
0.080030
0.143595
0.106009
0.101863
0.114370
0.090384
0.103088
0.123222
0.111451
0.103345
0.130091
0.115667
0.132945
0.160922
0.126999
0.127458
0.132240
0.106390
0.106253
0.118031
0.101675
0.131999
0.110599
0.134619
0.106051
0.097734
0.090525
0.116534
0.106766
0.131307
0.109615
0.124036
0.078740
0.146064
0.094836
0.093189
0.112042
0.133773
0.112066
0.127143
0.167675
0.124759
0.119261
0.112539
0.102957
0.102601
0.111225
0.140786
0.121083
0.096924
0.083083
0.101985
0.131248
0.098796
0.096982
0.113125
0.096636
0.105318
0.125266
0.110635
0.094476
0.121482
0.079577
0.130254
0.127327
0.092942
0.116860
0.078259
0.119924
0.110852
0.102476
0.140808
0.101894
0.108774
0.113005
0.075834
0.089431
0.077353
0.100572
0.085996
0.098228
0.117072
0.120614
0.098490
0.100075
0.123883
0.100694
0.085490
0.073753
0.134569
0.105904
0.123503
0.095858
0.138052
0.102641
0.142605
0.107873
0.142761
0.092140
0.095717
0.134051
0.134925
0.081052
0.094322
0.054558
0.103970
0.088709
0.070481
0.082402
0.160793
0.071992
0.120889
0.187727
0.143564
0.157259
0.126330
0.133997
0.111029
0.114820
0.154829
0.133504
0.155889
0.115337
0.123201
0.117888
0.154146
0.146668
0.108297
0.164427
0.123399
0.121788
0.123362
0.161748
0.134706
0.167637
0.159282
0.144560
0.098225
0.130702
0.124166
0.192940
0.129538
0.171488
0.126572
0.163687
0.117954
0.113348
0.126975
0.129933
0.105062
0.157848
0.135939
0.157806
0.137466
0.159865
0.168030
0.128791
0.122580
0.150063
0.100320
0.120150
0.092465
0.134287
0.140668
0.138813
0.149798
0.147130
0.093021
0.149315
0.147879
0.098432
0.160123
0.111301
0.111939
0.157456
0.110353
0.151153
0.183815
0.126735
0.171915
0.127591
0.125707
0.141425
0.132777
0.152512
0.142843
0.217296
0.112517
0.108261
0.177679
0.196970
0.172597
0.118584
0.187137
0.103177
0.142981
0.202642
0.145296
0.175454
0.115006
0.144449
0.103417
0.082360
0.096212
0.110481
0.111428
0.149702
0.146380
0.138743
0.142362
0.134809
0.142745
0.080919
0.094680
0.109032
0.133910
0.140589
0.153932
0.132297
0.116719
0.095377
0.135812
0.115149
0.161481
0.140201
0.213248
0.159889
0.179325
0.118504
0.114678
0.116420
0.150044
0.141159
0.086894
0.101778
0.097964
0.097219
0.131949
0.129502
0.102794
0.086627
0.074668
0.110977
0.088585
0.095376
0.104731
0.066218
0.074121
0.142257
0.090915
0.101453
0.121897
0.143507
0.090874
0.084633
0.074671
0.144855
0.111416
0.163563
0.125401
0.146454
0.148275
0.165910
0.148268
0.165683
0.148899
0.151340
0.162366
0.158208
0.126919
0.150681
0.203798
0.170450
0.163700
0.113068
0.122797
0.108877
0.116379
0.137045
0.154087
0.121816
0.127565
0.101696
0.133132
0.102576
0.138959
0.107537
0.113617
0.138115
0.088540
0.140409
0.102582
0.126630
0.107536
0.117680
0.123719
0.071463
0.106873
0.122122
0.075710
0.111960
0.109584
0.142950
0.131356
0.101509
0.070721
0.073704
0.100246
0.105507
0.086398
0.080429
0.118495
0.098134
0.096386
0.103145
0.092332
0.106668
0.092376
0.104652
0.070387
0.079396
0.075417
0.082587
0.060821
0.102782
0.070206
0.089686
0.068616
0.069793
0.099082
0.097585
0.103679
0.121713
0.088850
0.101638
0.077136
0.095945
0.110363
0.095326
0.101667
0.104694
0.098047
0.086618
0.085811
0.091526
0.090162
0.114273
0.101571
0.123778
0.107707
0.090415
0.100537
0.099106
0.096678
0.095424
0.099984
0.082540
0.124650
0.083652
0.090825
0.069315
0.090667
0.107209
0.109114
0.074249
0.101669
0.062227
0.088814
0.093346
0.089140
0.087017
0.097687
0.087767
0.106532
0.091818
0.091973
0.094500
0.053327
0.075385
0.086616
0.063043
0.087499
0.104356
0.071934
0.096789
0.104014
0.109663
0.087304
0.104385
0.086546
0.116076
0.107495
0.101087
0.112244
0.083968
0.116287
0.102426
0.095564
0.111241
0.119420
0.132193
0.074402
0.087336
0.118956
0.129187
0.096647
0.108024
0.113209
0.111884
0.145401
0.140148
0.108247
0.098919
0.120862
0.113354
0.106551
0.128209
0.102935
0.131517
0.137769
0.146897
0.086855
0.079983
0.067339
0.095600
0.090956
0.089634
0.126146
0.115462
0.121560
0.095016
0.130968
0.090775
0.123771
0.110653
0.104802
0.136811
0.101909
0.110480
0.105489
0.104299
0.092597
0.117241
0.132231
0.128578
0.102236
0.125674
0.113785
0.084289
0.096614
0.086466
0.107536
0.094340
0.085672
0.091176
0.098909
0.099445
0.102878
0.127007
0.091955
0.084396
0.144348
0.098575
0.123382
0.123406
0.105041
0.109952
0.097723
0.094891
0.097708
0.078543
0.095912
0.083341
0.086812
0.088775
0.097724
0.074433
0.100716
0.104331
0.087311
0.138727
0.137438
0.107067
0.111077
0.111723
0.116279
0.097652
0.130466
0.125412
0.089280
0.116481
0.073724
0.078085
0.093563
0.100420
0.106209
0.110717
0.109808
0.108435
0.090383
0.097645
0.098599
0.073237
0.098788
0.084273
0.100633
0.099221
0.077622
0.094880
0.073690
0.084318
0.112665
0.122335
0.077309
0.106920
0.083035
0.095636
0.073177
0.089878
0.120155
0.122329
0.099168
0.100593
0.111052
0.076055
0.081767
0.095691
0.110142
0.132056
0.142167
0.145667
0.145571
0.153494
0.153145
0.167335
0.148000
0.110095
0.114186
0.123945
0.119239
0.173140
0.100393
0.106106
0.132150
0.116247
0.104831
0.110866
0.113276
0.129768
0.129104
0.121443
0.101374
0.087884
0.129244
0.117546
0.085637
0.098476
0.099979
0.184785
0.101344
0.155977
0.118064
0.163798
0.107525
0.127498
0.143259
0.118366
0.101969
0.143215
0.108324
0.109270
0.132054
0.107593
0.162787
0.100477
0.103280
0.078992
0.146166
0.114776
0.157636
0.060565
0.145642
0.132683
0.138129
0.105484
0.108714
0.119137
0.104316
0.128486
0.133671
0.105299
0.125554
0.118633
0.126902
0.103510
0.092542
0.071597
0.123595
0.120957
0.113664
0.099740
0.107424
0.182961
0.107720
0.170052
0.097785
0.146886
0.114383
0.115950
0.102340
0.113550
0.110985
0.097252
0.079783
0.068282
0.103860
0.093401
0.091213
0.075531
0.086409
0.138306
0.097664
0.134161
0.112104
0.114602
0.113181
0.092210
0.125566
0.132550
0.132833
0.156876
0.122229
0.134213
0.096156
0.170096
0.100975
0.149074
0.134955
0.098213
0.092255
0.134286
0.196630
0.148683
0.102637
0.107807
0.131541
0.113943
0.153495
0.128813
0.192546
0.139140
0.112765
0.123096
0.131869
0.133741
0.121370
0.084865
0.082819
0.124634
0.117589
0.127820
0.102176
0.105072
0.124856
0.136066
0.139758
0.100348
0.086574
0.084442
0.133200
0.103041
0.147051
0.134574
0.095405
0.156468
0.109113
0.125508
0.120871
0.112212
0.093768
0.136164
0.094796
0.106925
0.141927
0.126864
0.112808
0.107144
0.155979
0.119251
0.115592
0.089658
0.129973
0.140026
0.118337
0.123918
0.124239
0.113924
0.116774
0.119544
0.121423
0.098293
0.128651
0.142198
0.101601
0.074173
0.066803
0.071618
0.067986
0.058743
0.057573
0.064514
0.061451
0.076233
0.065754
0.068448
0.099999
0.089162
0.080295
0.130298
0.109502
0.073961
0.125261
0.113874
0.119888
0.161808
0.130423
0.132893
0.072307
0.092276
0.073998
0.103472
0.104162
0.098674
0.111835
0.107614
0.092529
0.110856
0.098222
0.083460
0.096126
0.089498
0.083228
0.086943
0.149081
0.114742
0.105130
0.109143
0.128928
0.111426
0.107971
0.108043
0.103575
0.132017
0.124404
0.137292
0.100073
0.152284
0.099937
0.089998
0.113342
0.111532
0.163517
0.123417
0.081093
0.103597
0.089196
0.094402
0.089984
0.114378
0.108387
0.095288
0.096526
0.132582
0.164249
0.145681
0.144364
0.119433
0.166944
0.104905
0.103272
0.110276
0.128611
0.169241
0.129447
0.127877
0.137080
0.109291
0.155004
0.107078
0.127930
0.123724
0.100967
0.114319
0.089224
0.103025
0.113341
0.108090
0.107905
0.113304
0.135309
0.137750
0.128722
0.124894
0.081488
0.117248
0.125490
0.079797
0.111427
0.105107
0.110200
0.114864
0.065350
0.106657
0.094999
0.094921
0.077422
0.074856
0.146983
0.110464
0.112559
0.125016
0.096277
0.101816
0.119205
0.121357
0.114448
0.095364
0.111985
0.087042
0.109025
0.075819
0.075462
0.060658
0.067787
0.086500
0.103777
0.058344
0.088202
0.091996
0.162160
0.106711
0.122308
0.098181
0.106140
0.100199
0.135942
0.109535
0.087569
0.161144
0.124641
0.102430
0.125723
0.151700
0.130862
0.124170
0.116151
0.126055
0.090079
0.107388
0.131005
0.086010
0.092749
0.078862
0.105401
0.090658
0.116408
0.138198
0.089290
0.142176
0.097128
0.112587
0.091993
0.096910
0.078139
0.098371
0.119835
0.123466
0.108615
0.107234
0.105512
0.105946
0.109236
0.080743
0.097004
0.111317
0.094771
0.083923
0.113206
0.110975
0.092786
0.092817
0.084333
0.086780
0.082039
0.105704
0.114622
0.075136
0.092782
0.093013
0.102061
0.096798
0.092781
0.103709
0.105714
0.071563
0.105466
0.080496
0.091053
0.087826
0.071397
0.096394
0.079771
0.070472
0.076020
0.113698
0.111305
0.093256
0.076067
0.116003
0.109557
0.118311
0.098059
0.097100
0.067232
0.107644
0.069952
0.081840
0.067902
0.084921
0.087109
0.080225
0.066936
0.105902
0.070438
0.097758
0.074604
0.090943
0.064704
0.072337
0.088994
0.108626
0.093926
0.109706
0.109738
0.159914
0.099755
0.168379
0.102723
0.097175
0.092241
0.090950
0.098562
0.118234
0.097533
0.148993
0.098788
0.102213
0.087962
0.115119
0.118924
0.076524
0.101635
0.109857
0.117607
0.123536
0.105230
0.120159
0.110720
0.131227
0.080400
0.123955
0.141223
0.088719
0.101999
0.112667
0.110032
0.085554
0.093574
0.135616
0.117520
0.096965
0.105309
0.119625
0.125132
0.106506
0.123393
0.118306
0.113136
0.122460
0.076714
0.081165
0.100729
0.081450
0.092612
0.099861
0.114558
0.108213
0.089153
0.083417
0.094143
0.090642
0.189767
0.084283
0.110040
0.140419
0.112288
0.134737
0.115406
0.100616
0.140697
0.117834
0.119390
0.125920
0.096630
0.095611
0.118863
0.095713
0.097697
0.170454
0.136549
0.122390
0.109455
0.103622
0.116160
0.104267
0.093674
0.084552
0.099848
0.168162
0.114727
0.133125
0.097534
0.108849
0.156401
0.138835
0.114995
0.139287
0.115795
0.130772
0.109631
0.167473
0.106419
0.104121
0.103018
0.114143
0.114357
0.113131
0.124298
0.109095
0.079399
0.125216
0.107579
0.095338
0.089181
0.106056
0.110278
0.115805
0.130371
0.117046
0.112196
0.119146
0.119855
0.099801
0.111222
0.099833
0.110039
0.130658
0.130616
0.135683
