0.006371
0.147516
0.064940
0.105450
0.091174
0.055186
0.090714
0.067236
0.089578
0.061281
0.085246
0.078434
0.071619
0.090769
0.130112
0.087020
0.086475
0.097781
0.069499
0.075573
0.096653
0.110099
0.132190
0.086582
0.104951
0.056108
0.063792
0.073820
0.084416
0.100507
0.066280
0.067004
0.069537
0.071710
0.066117
0.070589
0.057900
0.117153
0.064348
0.064561
0.118190
0.095267
0.079753
0.092430
0.086716
0.107052
0.119448
0.091810
0.118650
0.079439
0.106960
0.078992
0.100559
0.083077
0.097959
0.101826
0.073819
0.109038
0.085433
0.094008
0.096971
0.077256
0.122032
0.078678
0.101143
0.122951
0.135398
0.079452
0.067438
0.091135
0.073442
0.103556
0.070861
0.098987
0.079981
0.104163
0.125020
0.107457
0.117562
0.136058
0.081410
0.088046
0.067517
0.088066
0.102418
0.075880
0.087250
0.125592
0.097329
0.084935
0.079040
0.063401
0.110538
0.131575
0.115004
0.104950
0.084975
0.069080
0.096185
0.090367
0.079694
0.080699
0.111123
0.132095
0.138633
0.096668
0.122656
0.112220
0.130781
0.119038
0.097816
0.137492
0.076302
0.104504
0.083240
0.134951
0.124875
0.084301
0.094577
0.126092
0.105098
0.113872
0.094462
0.078951
0.116752
0.086498
0.103170
0.125224
0.084014
0.112437
0.087812
0.107404
0.101793
0.125147
0.115787
0.114373
0.083503
0.110913
0.068431
0.092879
0.112519
0.112257
0.122423
0.090932
0.097319
0.134164
0.102453
0.123395
0.095459
0.117778
0.138871
0.131318
0.119561
0.117579
0.105408
0.151906
0.074132
0.102522
0.167624
0.071143
0.125705
0.138834
0.147378
0.096299
0.105029
0.103590
0.110688
0.086995
0.140981
0.096531
0.078467
0.129215
0.108865
0.086801
0.103389
0.114700
0.115161
0.116143
0.159444
0.121975
0.121377
0.119610
0.149125
0.090935
0.149419
0.106635
0.156002
0.095217
0.098403
0.114320
0.117027
0.142127
0.134858
0.104351
0.143039
0.089378
0.103063
0.142964
0.128135
0.089835
0.122433
0.150232
0.117466
0.122734
0.137308
0.157163
0.120756
0.120836
0.093978
0.108289
0.098264
0.105047
0.136440
0.087395
0.128636
0.152196
0.104702
0.092387
0.120954
0.079659
0.115149
0.101303
0.097472
0.115314
0.101696
0.126468
0.132325
0.136934
0.104288
0.146894
0.111527
0.138599
0.125679
0.121192
0.104084
0.100694
0.118679
0.119985
0.115398
0.092511
0.121030
0.123412
0.120954
0.099376
0.100341
0.111505
0.117089
0.095686
0.170155
0.086716
0.106052
0.077631
0.065943
0.069189
0.086235
0.082745
0.099773
0.059808
0.116035
0.107591
0.122977
0.088491
0.087826
0.084839
0.077270
0.092464
0.124439
0.130163
0.067123
0.074335
0.098368
0.076260
0.089409
0.075747
0.084546
0.104210
0.099391
0.065916
0.086782
0.121476
0.082829
0.125559
0.071578
0.068314
0.107957
0.127416
0.074960
0.104464
0.048829
0.100739
0.088041
0.061170
0.069140
0.116104
0.074423
0.054606
0.087809
0.107352
0.091304
0.085514
0.103662
0.076387
0.085557
0.074433
0.081612
0.065813
0.070703
0.115500
0.072456
0.095938
0.095106
0.065397
0.070627
0.078622
0.091376
0.118287
0.085360
0.078654
0.110816
0.059713
0.075298
0.109914
0.061100
0.099532
0.078876
0.099268
0.116300
0.102399
0.132895
0.081445
0.103848
0.106890
0.077288
0.133790
0.091350
0.099046
0.063881
0.068851
0.102186
0.175182
0.086562
0.081568
0.088721
0.089120
0.092773
0.072648
0.095680
0.069237
0.075569
0.129216
0.085287
0.062927
0.106551
0.085661
0.134196
0.094671
0.118400
0.122692
0.094993
0.108129
0.086844
0.064392
0.089120
0.093306
0.121926
0.097161
0.105901
0.112449
0.137788
0.100399
0.179089
0.141024
0.164058
0.107238
0.107190
0.180088
0.100854
0.095975
0.105991
0.113473
0.091294
0.112377
0.109749
0.121612
0.100351
0.085703
0.125195
0.121980
0.132548
0.101678
0.101897
0.089353
0.099456
0.105230
0.119701
0.145863
0.082007
0.079845
0.082354
0.094627
0.103555
0.105703
0.123010
0.081796
0.092136
0.124730
0.089678
0.143882
0.116788
0.110354
0.098039
0.142194
0.103086
0.111854
0.101138
0.134553
0.117621
0.121495
0.096536
0.125349
0.107382
0.120074
0.102588
0.090570
0.092894
0.089525
0.098997
0.067937
0.097378
0.105904
0.094289
0.079693
0.078504
0.129273
0.109610
0.113298
0.113930
0.119600
0.093042
0.135911
0.103953
0.112561
0.138171
0.104022
0.124753
0.109265
0.095193
0.103081
0.092506
0.125097
0.100088
0.097306
0.114311
0.118587
0.131473
0.101554
0.088606
0.109415
0.161866
0.128891
0.093531
0.083677
0.078429
0.122079
0.095307
0.088648
0.094191
0.139964
0.111833
0.074423
0.084162
0.092755
0.088584
0.102809
0.137619
0.115771
0.116907
0.101830
0.083378
0.079617
0.121594
0.118574
0.130020
0.118381
0.118469
0.128561
0.126418
0.105792
0.144655
0.122526
0.149073
0.097999
0.103701
0.078596
0.124053
0.091372
0.094171
0.107783
0.112508
0.111831
0.107672
0.087763
0.099989
0.100720
0.118382
0.103520
0.093411
0.081878
0.112554
0.159029
0.137526
0.116318
0.107066
0.117170
0.137613
0.118994
0.139335
0.122003
0.103590
0.153440
0.159657
0.112402
0.147009
0.103084
0.165495
0.268282
0.182819
0.158974
0.120027
0.209661
0.192194
0.132080
0.192563
0.138611
0.132015
0.146599
0.112287
0.127806
0.127762
0.122715
0.143627
0.170862
0.102374
0.133240
0.118881
0.133188
0.117479
0.132322
0.183020
0.174640
0.104738
0.219539
0.254662
0.087638
0.113984
0.146532
0.141712
0.163968
0.168428
0.139026
0.138932
0.155463
0.195539
0.114516
0.112213
0.140632
0.123754
0.107222
0.153906
0.090733
0.107931
0.171849
0.124973
0.092544
0.095124
0.101171
0.118392
0.107525
0.121785
0.117836
0.110715
0.084187
0.091104
0.168094
0.149443
0.121329
0.088139
0.084699
0.095819
0.112118
0.092811
0.081078
0.132973
0.106385
0.121475
0.119908
0.112447
0.110338
0.140214
0.092855
0.111008
0.105013
0.173523
0.120242
0.124619
0.131186
0.116003
0.114612
0.137684
0.101645
0.123170
0.114201
0.103877
0.115319
0.096818
0.121906
0.111244
0.136566
0.134652
0.115205
0.094422
0.128882
0.149216
0.122123
0.086732
0.136648
0.114068
0.118439
0.097511
0.116928
0.099307
0.111947
0.099576
0.100070
0.126863
0.157968
0.113777
0.097555
0.098516
0.118936
0.134162
0.131294
0.120496
0.095417
0.070234
0.064991
0.075240
0.090401
0.082799
0.080706
0.080274
0.087082
0.100120
0.104477
0.069035
0.063585
0.061720
0.072202
0.074296
0.078408
0.069229
0.077816
0.076180
0.087345
0.080705
0.076970
0.072255
0.069932
0.102316
0.088480
0.092642
0.075047
0.076679
0.090557
0.080720
0.084347
0.073855
0.133037
0.091707
0.058933
0.074389
0.061064
0.064635
0.098864
0.085096
0.080976
0.083434
0.078183
0.122668
0.123801
0.081650
0.075262
0.082358
0.065130
0.102036
0.057981
0.074993
0.087003
0.077110
0.094116
0.103956
0.090108
0.088920
0.060165
0.059782
0.064682
0.076642
0.079041
0.068215
0.070561
0.096479
0.065557
0.082121
0.074015
0.092786
0.085924
0.073663
0.066623
0.084445
0.063115
0.097732
0.081591
0.075667
0.111686
0.124040
0.128112
0.117855
0.082774
0.093507
0.096910
0.074892
0.121226
0.080039
0.118858
0.077921
0.124422
0.116993
0.072162
0.102913
0.156817
0.111430
0.089772
0.125407
0.079860
0.114702
0.146167
0.117913
0.076934
0.098068
0.132908
0.106762
0.076855
0.087023
0.084070
0.098201
0.089930
0.110128
0.107070
0.103308
0.098165
0.103540
0.090174
0.098078
0.093769
0.072300
0.091156
0.108375
0.117968
0.074069
0.088207
0.104966
0.084194
0.096101
0.094074
0.092559
0.109698
0.112916
0.095770
0.081558
0.107980
0.084924
0.092352
0.119413
0.084982
0.072426
0.075195
0.098686
0.102641
0.108562
0.104151
0.116031
0.075536
0.089954
0.078909
0.075285
0.103539
0.089186
0.092674
0.092985
0.091926
0.087704
0.080188
0.092217
0.086908
0.077825
0.089074
0.107393
0.102600
0.157971
0.091544
0.088377
0.091004
0.117415
0.080002
0.105784
0.123940
0.094743
0.081882
0.094782
0.112463
0.098557
0.104031
0.100712
0.114291
0.141826
0.123382
0.091633
0.096309
0.116272
0.092306
0.111866
0.086868
0.139388
0.104039
0.106129
0.105310
0.097890
0.097115
0.093319
0.127909
0.088943
0.103942
0.134293
0.080081
0.121333
0.104695
0.115839
0.104991
0.099741
0.127844
0.106949
0.119293
0.101450
0.120976
0.108558
0.099920
0.094864
0.110565
0.093690
0.128237
0.087248
0.110760
0.081402
0.095709
0.079713
0.080461
0.080079
0.079097
0.089118
0.080710
0.121222
0.074167
0.074095
0.076516
0.090081
0.080962
0.089525
0.096049
0.087030
0.055067
0.059025
0.076598
0.085516
0.095233
0.101688
0.118310
0.101216
0.116009
0.090451
0.082251
0.122069
0.090020
0.120980
0.108015
0.111067
0.109189
0.071035
0.084554
0.107225
0.106397
0.126668
0.106719
0.117715
0.087547
0.111617
0.073265
0.095155
0.104812
0.139073
0.140692
0.141467
0.097054
0.132598
0.109280
0.092698
0.109808
0.117955
0.143306
0.131172
0.109162
0.102511
0.102518
0.110652
0.104143
0.097805
0.131706
0.083863
0.097278
0.151459
0.103444
0.112472
0.116982
0.120428
0.144156
0.145401
0.153302
0.096069
0.104362
0.087829
0.115442
0.148032
0.090570
0.095699
0.109707
0.081199
0.109930
0.104981
0.135438
0.077320
0.112020
0.106292
0.115681
0.079990
0.083139
0.148560
0.110064
0.103577
0.086558
0.120472
0.098739
0.097350
0.130132
0.105094
0.149637
0.116086
0.144314
0.088060
0.111580
0.084748
0.132622
0.104398
0.098446
0.107367
0.129222
0.134323
0.094062
0.121826
0.104590
0.114531
0.080918
0.097025
0.096647
0.110092
0.163652
0.118877
0.097229
0.100962
0.107569
0.105964
0.075732
0.087290
0.104842
0.183316
0.143454
0.102336
0.118109
0.157956
0.181595
0.129976
0.120256
0.117994
0.172502
0.081986
0.123858
0.130661
0.131305
0.096481
0.131325
0.136346
0.127883
0.125868
0.116405
0.138399
0.117870
0.120153
0.100773
0.127389
0.137341
0.100254
0.143178
0.099067
0.106808
0.106374
0.127296
0.153256
0.116126
0.105011
0.165490
0.153329
0.105963
0.088880
0.110820
0.112955
0.137086
0.075700
0.133705
0.127477
0.137147
0.096361
0.102716
0.127497
0.129160
0.132427
0.112591
0.076711
0.120292
0.096930
0.094867
0.091327
0.147393
0.125539
0.173115
0.134674
0.114620
0.156505
0.137076
0.095444
0.139086
0.143653
0.102098
0.117715
0.095594
0.125765
0.086588
0.105368
0.113880
0.111426
0.100239
0.165964
0.122316
0.099168
0.101553
0.095872
0.161363
0.161369
0.126920
0.139109
0.112175
0.111699
0.126054
0.110290
0.120028
0.112437
0.110707
0.138889
0.132688
0.111185
0.114702
0.104858
0.132690
0.126420
0.102073
0.102000
0.085108
0.149731
0.132578
0.159348
0.117649
0.165969
0.093115
0.084841
0.107052
0.161905
0.194729
0.085574
0.154309
0.103786
0.108806
0.155668
0.124470
0.082270
0.114486
0.131859
0.112258
0.097452
0.117535
0.108136
0.151145
0.202137
0.106953
0.133541
0.095540
0.096725
0.093475
0.100804
0.081009
0.098722
0.119881
0.120816
0.098363
0.097332
0.111758
0.151862
0.146159
0.109544
0.127378
0.089093
0.141886
0.084837
0.096689
0.103101
0.095703
0.137394
0.107633
0.117242
0.115511
0.114434
0.145862
0.099426
0.078470
0.099190
0.117601
0.100766
0.094722
0.083058
0.149261
0.106117
0.107482
0.079682
0.081847
0.118988
0.072071
0.133548
0.075384
0.102327
0.096792
0.093242
0.112634
0.085646
0.127279
0.102924
0.095943
0.109667
0.107825
0.105786
0.093263
0.105793
0.089856
0.103245
0.078050
0.081687
0.069618
0.105675
0.078143
0.075656
0.071277
0.072556
0.080808
0.079973
0.063248
0.065802
0.096311
0.087384
0.073707
0.084292
0.079327
0.084189
0.065322
0.057377
0.090280
0.078340
0.073103
0.072575
0.079643
0.159226
0.086101
0.067168
0.105925
0.098149
0.101882
0.102097
0.065331
0.090711
0.108116
0.109643
0.090691
0.075576
0.068631
0.083818
0.089793
0.091465
0.110126
0.117885
0.116552
0.131134
0.132410
0.086176
0.108553
0.128075
0.112560
0.146667
0.157338
0.118451
0.093824
0.089887
0.086151
0.123630
0.090822
0.137508
0.120167
0.084906
0.082305
0.081620
0.069828
0.080067
0.087256
0.076334
0.077702
0.070107
0.093946
0.073978
0.086093
0.077422
0.071111
0.068208
0.090426
0.066531
0.058510
0.106134
0.077814
0.119693
0.104885
0.091069
0.086249
0.120104
0.098559
0.078364
0.084836
0.090168
0.081175
0.110857
0.088960
0.102763
0.098321
0.055732
0.073745
0.067435
0.078549
0.083848
0.062224
0.072926
0.088158
0.079900
0.082186
0.096667
0.093078
0.124916
0.108163
0.124173
0.100857
0.105432
0.142186
0.117162
0.113292
0.116386
0.102427
0.121548
0.121313
0.089417
0.118974
0.105297
0.089062
0.098128
0.123373
0.085178
0.114917
0.118064
0.115092
0.103456
0.136645
0.143563
0.134496
0.099008
0.104167
0.108532
0.104930
0.113648
0.117516
0.133378
0.097458
0.091039
0.097617
0.136180
0.165570
0.164839
0.124279
0.125233
0.136892
0.107580
0.102293
0.123585
0.097265
0.108798
0.083010
0.099682
0.098956
0.106627
0.106860
0.086242
0.092832
0.097746
0.103963
0.105441
0.138913
0.123804
0.075576
0.091856
0.130228
0.090180
0.127640
0.112062
0.092333
0.082468
0.088136
0.124385
0.123480
0.091413
0.099695
0.125620
0.116366
0.081315
0.113067
0.089746
0.095718
0.084176
0.097167
0.074349
0.070211
0.092194
0.112744
0.088097
0.079069
0.068368
0.095117
0.083206
0.129206
0.109875
0.105407
0.130406
0.103229
0.127249
0.104017
0.113373
0.112456
0.104077
0.122557
0.089041
0.074600
0.092998
0.118060
0.090258
0.082721
0.094509
0.096820
0.115660
0.098016
0.089295
0.119231
0.088479
0.105693
0.069868
0.086483
0.086149
0.096432
0.108052
0.113765
0.112673
0.079644
0.122504
0.111272
0.110542
0.097139
0.103524
0.094660
0.123896
0.094104
0.091316
0.079715
0.104753
0.079994
0.092233
0.118820
0.089166
0.128331
0.120681
0.104464
0.077004
0.095083
0.087390
0.083580
0.115576
0.107945
0.115361
0.100976
0.098156
0.122421
0.109559
0.100954
0.092211
0.093863
0.067331
0.075218
0.074794
0.067296
0.095403
0.074456
0.079829
0.077173
0.070659
0.073873
0.062849
0.058903
0.086852
0.108476
0.076441
0.067896
0.063033
0.075597
0.076734
0.084850
0.073652
0.089207
0.076426
0.070103
0.052269
0.076318
0.075476
0.097265
0.077590
0.086310
0.074981
0.087831
0.069084
0.079915
0.077000
0.056974
0.079874
0.082641
0.089799
0.063657
0.080300
0.084898
0.078054
0.071671
0.073346
0.068257
0.066436
0.075919
0.063561
0.060868
0.067428
0.052590
0.078596
0.108965
0.071290
0.067262
0.079694
0.082706
0.067642
0.076877
0.064512
0.084564
0.079019
0.086962
0.069329
0.076831
0.070183
0.061834
0.064256
0.053302
0.081345
0.080405
0.064158
0.092451
0.056684
0.081291
0.085802
0.096979
0.092436
0.061884
0.060778
0.086025
0.076942
0.087335
0.071840
0.073236
0.071070
0.092457
0.059500
0.079087
0.072980
0.077497
0.068457
0.061571
0.093437
0.051443
0.065555
0.055542
0.065951
0.070132
0.087194
0.109042
0.079906
0.065967
0.084212
0.080452
0.060754
0.077188
0.090789
0.071761
0.058068
0.079982
0.049623
0.058697
0.098989
0.079958
0.078687
0.067069
0.065974
0.080446
0.083149
0.070224
0.085176
0.108692
0.081080
0.082031
0.072360
0.071015
0.071512
0.059617
0.105737
0.044061
0.084799
0.095273
0.074950
0.064972
0.054133
0.068814
0.078246
0.081728
0.076357
0.059370
0.068601
0.059792
0.097301
0.085363
0.069996
0.073821
0.078238
0.087571
0.073474
0.092744
0.093069
0.113771
0.077790
0.093736
0.094523
0.116867
0.133292
0.088295
0.080276
0.073298
0.061860
0.100552
0.088263
0.081587
0.062375
0.087365
0.066433
0.080417
0.061509
0.062250
0.092517
0.079802
0.079015
0.083400
0.073532
0.102420
0.153721
0.090525
0.096759
0.071345
0.099875
0.105343
0.097741
0.079064
0.071228
0.087585
0.070496
0.070251
0.071890
0.101245
0.063285
0.074412
