559	169	170	201
558	167	171	200
559	168	170	200
558	167	171	200
559	168	171	200
559	167	171	200
559	167	170	200
559	167	170	200
559	166	171	200
559	167	170	200
558	166	171	200
559	167	170	200
559	167	169	201
559	167	169	201
559	166	171	201
559	168	170	200
560	167	169	201
559	167	169	201
559	167	169	201
559	167	169	201
559	167	170	200
559	168	170	200
559	167	170	200
559	167	170	201
559	168	171	200
559	167	171	200
559	167	170	201
559	167	169	201
559	167	170	201
559	168	169	200
559	167	170	200
559	167	169	201
559	167	170	200
559	167	170	200
559	168	169	200
559	167	169	201
559	167	170	200
559	166	170	200
559	168	170	199
559	167	171	200
559	167	170	200
558	167	171	200
559	168	171	200
558	167	171	201
558	167	170	200
558	167	171	201
559	167	171	200
559	168	171	200
558	167	171	200
559	167	171	200
559	167	170	201
558	166	171	200
559	168	171	200
558	167	171	201
558	167	170	200
558	167	171	200
558	168	170	199
559	167	171	200
559	168	171	200
558	167	171	200
558	168	171	200
558	167	171	200
559	168	171	199
558	167	171	200
559	167	171	200
559	167	170	200
559	168	171	199
558	167	171	199
558	168	171	199
559	167	171	200
559	168	171	199
557	167	173	199
558	167	173	198
558	168	172	199
557	167	173	199
558	168	173	198
557	167	172	199
557	167	173	198
557	168	173	199
557	167	173	199
557	168	173	199
557	168	173	199
557	166	173	199
557	167	173	199
557	168	173	199
557	167	173	199
557	167	173	199
557	168	173	199
558	167	173	199
558	168	173	199
557	168	172	199
557	168	173	199
558	167	173	199
557	167	172	199
557	168	173	198
558	168	172	198
557	167	172	199
558	167	173	199
558	168	173	199
557	167	173	199
557	168	173	199
558	167	173	199
558	168	173	199
557	168	172	199
558	168	173	199
558	168	173	199
558	168	172	199
557	168	173	199
557	168	173	199
558	168	173	199
557	168	173	199
557	168	173	199
558	168	173	199
557	168	173	199
558	168	173	199
557	167	173	199
557	168	173	199
558	166	173	200
557	168	174	200
557	167	173	199
557	168	173	200
557	167	173	199
557	168	173	199
556	166	174	200
557	168	173	199
558	168	173	200
557	168	173	199
557	166	173	200
557	168	173	199
557	168	173	199
556	167	174	199
556	168	173	199
558	168	173	200
557	168	173	199
557	168	173	199
557	168	173	199
557	168	173	199
556	167	174	199
558	167	173	199
558	168	173	199
556	167	174	200
557	167	173	200
557	168	174	200
557	167	174	199
557	167	174	199
557	168	174	199
556	166	173	200
557	167	173	200
558	167	173	199
557	167	173	200
557	168	173	200
557	168	173	200
557	167	173	200
557	167	173	199
557	167	173	199
557	168	173	200
558	168	173	199
557	167	174	200
557	167	174	200
557	167	174	199
557	168	173	200
557	166	173	200
557	167	174	200
557	167	174	200
558	167	173	200
557	167	174	200
557	167	174	200
557	166	174	200
557	166	174	200
557	166	174	200
557	166	174	200
557	166	174	200
557	166	174	200
557	167	174	201
557	167	174	200
557	167	174	200
556	167	174	200
557	167	173	199
557	167	174	200
557	167	174	200
556	167	174	200
557	167	174	199
558	167	173	199
557	167	174	200
557	167	174	200
556	167	175	199
556	167	174	199
557	167	174	199
557	167	174	199
557	167	174	200
558	167	173	200
557	167	174	200
556	167	174	200
557	167	173	200
557	167	174	200
558	167	173	200
557	167	173	200
557	167	173	200
557	167	173	200
557	166	173	200
557	167	173	200
557	167	173	200
557	167	173	200
557	167	173	199
557	167	173	200
557	166	173	200
557	167	173	199
557	167	173	200
557	167	173	199
557	167	173	199
557	167	173	200
556	167	174	199
557	167	173	200
557	167	174	199
556	167	174	199
557	166	174	199
556	167	174	199
557	166	174	199
557	166	174	200
556	166	174	200
557	166	174	200
557	166	175	200
556	166	175	200
555	166	175	200
557	166	174	199
556	167	175	200
557	167	174	199
556	166	174	199
556	166	174	199
557	166	174	199
556	166	175	200
556	166	175	199
556	166	175	200
557	166	174	200
556	167	175	200
557	167	174	200
557	167	175	200
557	167	175	199
556	166	175	199
556	166	175	200
556	167	175	199
556	167	175	199
557	166	174	199
556	166	175	200
557	167	174	199
556	167	175	200
556	167	175	200
556	167	175	199
556	167	175	199
556	167	175	199
556	167	175	199
556	167	175	199
557	166	174	199
557	166	175	200
556	167	175	200
557	167	174	199
556	167	174	199
557	167	174	199
556	167	175	200
557	167	174	199
556	167	174	199
557	167	174	199
556	166	174	199
557	167	174	199
556	167	174	200
556	167	174	199
556	167	174	199
556	167	174	200
556	167	174	199
556	167	174	199
557	167	174	199
557	167	174	200
557	167	174	199
557	167	174	199
557	167	174	200
557	167	174	199
557	167	174	200
557	167	174	199
557	167	174	200
557	167	174	200
556	167	174	199
557	167	174	199
557	167	174	199
556	167	175	200
557	167	174	199
557	167	174	200
557	166	174	199
556	167	174	199
558	167	173	199
557	167	174	199
557	167	175	200
557	168	174	199
556	168	174	199
556	167	174	199
558	167	173	199
557	168	174	200
556	167	174	199
556	167	174	200
557	166	174	200
556	167	175	200
556	167	175	199
557	166	175	200
556	167	174	200
556	167	175	200
556	166	175	200
556	167	174	200
556	166	174	199
556	167	174	200
556	167	175	199
557	167	174	199
557	167	175	199
556	167	175	199
556	167	175	200
556	167	175	200
556	167	175	200
557	167	174	200
557	166	174	200
557	166	174	200
557	167	175	200
557	167	175	200
557	167	175	201
556	166	175	200
556	166	175	200
556	167	175	201
556	167	175	200
556	166	175	200
557	167	174	200
556	167	175	200
557	166	174	200
557	166	174	201
557	167	174	201
557	167	174	200
557	167	175	201
557	167	174	201
557	166	174	201
557	166	174	200
557	167	174	201
557	167	174	200
557	167	174	200
557	166	174	200
557	167	174	200
557	167	174	200
557	167	174	200
557	166	174	200
557	167	174	200
557	167	174	200
557	167	174	200
558	167	174	200
557	167	174	200
557	168	174	199
557	167	174	200
557	167	174	199
557	167	174	200
556	167	174	199
557	167	174	200
557	166	174	200
557	166	174	200
557	166	174	199
556	166	174	200
557	166	174	200
557	167	174	200
556	167	175	200
557	166	174	200
557	166	175	200
556	166	175	200
557	166	174	199
556	167	175	200
557	166	174	199
557	167	174	200
557	166	174	200
557	167	174	200
556	166	174	200
557	166	174	199
557	167	175	200
557	167	175	199
557	167	175	199
557	167	175	199
557	167	174	199
557	167	175	200
557	167	175	199
556	166	175	200
557	167	174	199
556	166	175	200
556	167	175	199
557	167	174	199
557	167	175	199
557	166	175	199
556	166	175	200
557	167	174	199
556	167	175	199
556	167	175	199
557	167	174	199
557	167	175	199
556	166	175	199
557	167	174	199
556	167	175	199
557	166	174	199
557	166	174	199
556	166	175	199
557	166	174	199
557	167	174	199
558	167	174	199
557	166	175	199
556	167	175	200
556	167	175	200
556	167	175	199
558	167	174	199
557	167	175	199
557	167	175	199
557	166	174	199
557	167	174	199
557	166	174	199
557	166	175	199
556	166	174	199
558	167	173	199
557	166	174	199
557	167	174	199
557	167	174	199
557	167	175	199
557	167	175	199
557	167	175	199
556	167	175	200
557	167	174	199
556	167	175	200
556	167	175	199
556	167	175	199
556	167	175	199
557	167	174	200
557	167	175	199
556	167	175	200
557	167	174	199
556	167	175	200
557	167	174	200
556	167	175	200
556	167	175	200
557	167	175	199
556	167	175	200
556	167	175	200
556	166	175	200
556	167	175	200
556	166	175	200
556	167	175	200
557	166	175	200
556	166	175	199
557	167	175	200
556	167	176	200
557	167	175	200
556	167	176	201
557	167	175	200
556	167	176	201
556	167	175	200
557	167	175	199
557	167	175	200
557	167	175	200
557	167	175	199
556	167	175	200
556	167	176	199
557	167	174	200
557	167	175	199
556	167	176	199
557	167	175	200
557	167	175	200
556	167	175	200
557	167	175	200
556	167	175	200
556	166	175	200
557	167	174	200
556	167	174	199
557	167	174	200
556	167	174	199
557	166	174	200
556	167	175	200
557	166	174	199
557	167	175	200
556	167	175	200
556	167	175	200
557	167	174	199
557	167	175	200
557	167	175	200
556	167	175	200
557	167	175	200
556	166	175	200
556	167	175	201
557	166	174	200
556	166	174	200
557	167	174	200
557	167	175	200
557	167	175	200
556	166	175	200
557	166	174	200
556	166	175	200
557	167	174	200
556	167	176	200
557	166	174	200
557	166	175	200
556	166	175	201
557	167	175	200
556	167	175	200
556	166	176	200
556	167	175	201
557	167	175	200
556	166	176	200
556	167	175	201
557	167	175	200
557	166	176	200
557	167	175	201
556	167	176	200
556	167	175	200
557	167	175	200
557	167	175	201
556	167	176	200
557	167	175	200
556	167	176	200
557	166	175	200
557	167	175	201
556	167	175	200
556	167	175	200
557	167	175	200
557	167	175	200
556	166	176	200
557	167	174	200
557	166	175	200
556	167	175	200
556	167	176	199
556	167	175	199
556	167	175	200
556	167	175	200
556	167	175	199
556	167	175	200
556	167	175	200
557	167	174	200
557	166	175	200
557	167	175	200
556	167	175	199
556	167	175	200
556	167	175	200
557	166	174	200
556	166	175	200
556	166	175	200
558	167	174	199
557	167	175	200
557	167	175	200
557	166	175	200
557	166	175	201
557	167	175	200
557	167	175	199
557	167	175	200
556	167	175	200
557	167	175	199
557	167	175	200
557	167	175	199
557	167	175	200
557	167	174	199
557	167	174	200
557	167	175	200
557	167	175	200
557	167	175	200
557	167	175	200
557	167	174	199
557	166	175	200
557	167	175	200
557	166	175	200
557	166	174	200
557	167	175	200
557	166	175	200
557	166	175	200
557	167	175	200
557	167	175	200
557	166	174	200
557	166	175	200
557	166	174	200
557	166	175	200
557	166	175	201
557	166	175	200
557	166	175	201
557	167	175	201
557	166	175	200
557	167	175	200
556	166	175	200
556	166	175	200
558	166	174	200
557	166	175	200
557	167	175	200
556	166	176	200
556	167	176	201
557	166	175	200
556	166	175	200
556	167	175	200
556	167	176	200
557	167	175	200
557	167	175	200
556	166	175	200
556	166	175	200
558	166	174	200
557	166	175	200
556	167	175	200
557	166	174	200
556	167	175	200
556	166	175	200
556	166	175	200
557	167	174	200
557	167	175	200
556	167	176	200
557	166	175	200
557	167	175	200
556	166	176	200
557	166	175	200
556	166	175	201
556	167	175	200
557	167	174	199
557	167	175	200
556	167	175	200
558	167	174	200
557	166	175	200
556	166	175	200
557	167	174	200
557	166	175	200
556	167	175	200
557	167	175	199
557	166	175	200
557	166	175	200
556	167	175	200
557	166	175	200
557	166	175	201
557	167	175	200
557	167	175	200
557	167	175	200
556	166	176	200
556	167	175	201
556	167	176	200
556	167	175	200
556	167	176	200
557	167	175	200
557	166	176	200
556	166	175	200
556	167	176	201
556	167	176	200
556	167	176	200
556	167	175	201
557	167	175	200
556	166	175	200
557	167	175	200
557	166	175	200
556	167	175	200
557	166	175	200
557	167	175	201
556	167	175	201
557	167	175	200
557	167	175	201
556	167	175	200
557	166	175	200
556	167	175	200
557	167	175	200
557	167	175	200
557	166	175	200
557	166	175	200
557	167	175	201
557	166	175	200
557	166	175	201
556	167	175	200
556	167	175	201
557	166	175	201
557	166	175	201
557	166	175	201
557	166	175	201
557	166	175	201
557	166	175	201
557	166	175	200
557	166	175	201
556	166	175	201
558	166	174	201
557	166	175	200
557	166	175	201
557	166	175	200
557	166	175	201
557	166	175	200
557	166	175	201
557	166	175	201
557	167	175	200
557	167	175	201
557	166	175	200
557	166	175	201
557	166	175	201
557	167	175	200
557	166	175	200
557	167	175	200
557	166	175	200
557	166	175	200
557	167	175	200
557	167	175	200
557	166	175	200
556	166	175	200
556	167	175	200
557	166	175	200
557	166	175	200
557	167	175	200
557	166	175	199
557	166	175	200
557	167	175	200
558	166	175	200
557	166	174	200
557	166	175	201
557	166	175	200
557	166	175	200
557	166	175	200
557	166	175	200
557	166	175	200
557	166	175	200
557	166	175	200
557	167	175	200
557	166	175	199
557	165	174	200
557	166	175	200
557	165	175	200
557	166	175	200
556	166	175	200
557	166	175	200
557	166	175	199
557	167	175	200
557	167	175	200
557	166	175	199
557	167	175	200
557	167	175	200
557	167	175	200
557	166	175	199
557	166	175	200
557	166	175	200
557	166	175	199
557	166	175	199
557	166	175	200
556	167	175	200
556	166	175	200
557	166	175	199
557	167	175	200
557	166	176	200
557	167	175	200
556	166	175	199
556	166	176	200
557	167	175	200
556	167	176	200
556	166	176	199
557	167	175	200
557	166	176	200
557	166	176	200
556	167	175	200
557	167	175	199
556	166	175	200
557	166	175	199
557	166	175	200
557	166	175	199
557	167	175	200
557	167	175	199
557	167	176	200
557	167	176	200
557	166	175	199
556	167	175	200
557	167	175	199
557	166	175	199
556	166	176	200
556	166	176	200
557	167	175	200
557	166	175	199
556	166	175	200
556	166	175	200
558	167	175	200
557	166	175	200
556	167	175	200
556	167	175	200
558	166	175	199
557	166	174	200
556	166	176	200
557	166	176	200
556	166	176	200
557	166	176	200
556	166	176	200
557	166	176	200
556	167	176	200
556	167	176	200
557	166	176	200
556	166	176	200
556	166	176	200
556	166	176	200
556	166	176	200
557	167	175	200
557	167	176	200
556	166	176	200
556	166	176	200
557	167	175	200
557	166	175	199
556	166	176	200
557	167	175	200
557	166	175	200
557	166	175	199
556	166	176	200
557	166	175	200
556	166	176	200
557	166	175	200
556	167	176	200
556	167	176	200
557	167	176	200
556	166	176	200
556	166	176	200
557	166	176	200
556	167	176	200
556	167	176	200
557	167	175	199
557	166	175	200
556	166	176	201
557	166	175	200
557	166	175	201
557	166	175	201
557	166	176	200
557	166	175	200
556	166	176	200
556	166	175	200
556	166	175	200
557	166	175	200
556	166	175	200
557	166	175	200
557	166	176	200
556	166	175	201
557	166	176	200
557	166	175	200
556	166	175	200
556	166	175	200
557	166	175	200
556	166	175	200
556	166	175	200
556	166	175	201
556	166	175	201
557	166	175	200
556	166	175	200
557	166	175	200
557	166	175	200
557	166	174	200
557	166	175	200
557	166	175	200
557	167	175	200
557	166	175	201
556	167	175	200
557	166	175	200
558	167	174	201
557	167	175	201
557	166	175	200
561	167	171	202
563	167	169	201
563	167	169	201
563	166	169	201
563	167	169	202
564	167	169	201
564	166	167	201
562	166	170	203
562	166	169	201
561	165	171	202
559	166	173	202
563	166	168	201
567	168	164	199
569	169	162	198
569	168	162	199
573	169	157	199
576	168	155	201
581	167	149	201
585	167	146	202
587	166	144	204
588	166	146	203
587	167	146	202
582	166	151	202
582	167	151	202
576	166	156	202
570	166	160	203
567	166	165	201
564	166	168	201
558	166	175	200
557	167	176	200
556	167	177	199
556	167	177	200
555	166	177	200
557	167	177	200
556	166	177	200
556	166	176	200
556	166	176	199
556	166	176	200
556	166	176	200
556	167	176	200
556	166	176	200
556	167	176	201
556	166	176	200
556	167	176	201
556	167	176	200
557	167	176	200
557	167	176	201
557	167	176	200
557	166	176	200
557	166	176	201
557	166	176	200
557	167	176	201
557	166	176	200
557	166	176	200
557	166	176	201
557	166	176	201
556	166	176	200
557	166	175	201
556	166	176	200
557	166	175	201
556	166	176	201
556	166	175	201
556	166	176	200
556	166	175	200
556	166	175	201
557	166	175	201
556	166	175	201
556	166	176	201
556	166	176	201
556	166	176	200
556	166	176	200
556	166	177	201
556	166	176	201
556	166	176	200
556	166	177	201
555	166	177	201
556	166	176	201
557	166	176	201
555	166	177	201
557	166	176	201
556	166	176	201
565	166	166	201
574	167	157	202
570	166	162	203
558	166	175	203
556	167	177	200
555	167	177	199
555	166	177	200
556	166	176	200
556	166	177	200
555	166	177	201
555	167	176	201
555	167	177	201
555	166	177	201
555	167	176	200
556	167	176	200
555	167	177	199
557	167	176	200
556	167	177	200
557	166	176	199
556	166	176	201
557	166	176	201
556	167	176	200
557	166	176	200
555	166	177	200
557	166	176	200
556	165	177	200
556	166	177	202
556	166	176	201
556	166	176	201
555	165	177	200
556	166	177	201
555	166	177	200
556	166	176	201
555	166	177	201
557	166	176	200
556	166	177	201
556	166	177	201
556	166	176	201
555	166	177	201
556	166	176	200
555	166	177	201
557	166	176	200
556	166	176	201
556	166	176	201
555	166	177	201
557	166	176	200
556	166	177	201
556	166	176	201
556	166	176	201
555	166	176	201
557	166	175	201
556	166	176	201
556	166	176	200
556	165	177	201
555	166	177	201
556	166	176	201
555	166	177	201
555	166	176	201
555	165	177	200
555	166	176	200
555	166	177	200
555	165	177	201
555	166	176	201
555	166	176	200
555	166	177	201
556	165	176	200
556	166	176	201
554	166	177	201
555	166	176	201
555	166	176	201
555	165	177	200
556	166	176	200
556	166	176	200
554	166	177	201
555	166	177	200
556	166	176	200
555	166	177	201
554	167	177	200
555	167	176	187
556	167	175	184
557	168	177	175
556	168	181	172
557	170	172	136
555	168	172	138
555	169	162	151
545	178	194	197
353	193	178	202
194	226	308	188
344	193	185	210
245	197	237	194
151	253	206	220
128	245	229	222
140	252	224	229
161	260	194	211
162	259	195	213
164	258	194	213
161	259	195	212
159	260	197	212
160	262	196	210
158	261	199	211
160	259	196	214
160	260	196	212
159	261	197	211
156	260	201	213
152	257	203	215
107	253	253	213
127	254	241	231
109	263	264	224
0	394	172	224
0	393	169	224
0	394	170	221
0	393	169	225
0	393	170	224
0	393	168	225
0	392	169	225
0	391	170	225
0	390	170	228
0	390	161	227
0	387	147	230
2	386	140	231
1	385	142	230
2	386	138	231
3	387	137	230
1	386	142	230
0	386	149	232
1	387	156	231
0	387	169	232
0	388	168	230
0	389	170	231
0	389	170	229
0	389	170	230
1	389	169	230
0	389	169	229
0	388	169	231
1	388	169	231
1	389	168	230
1	389	166	229
0	389	167	230
0	390	168	230
0	389	166	230
0	389	165	230
0	388	164	231
0	390	163	230
0	387	164	232
0	389	164	230
0	388	167	231
0	389	168	230
0	389	168	228
0	389	169	230
0	388	168	229
0	387	168	232
0	388	167	231
0	387	168	232
0	387	168	233
0	386	168	233
0	386	169	232
0	387	169	233
0	386	167	233
0	386	167	233
0	387	166	233
1	387	167	233
0	387	167	231
0	387	168	232
0	386	168	233
0	387	168	233
0	385	168	235
0	385	168	235
0	385	169	233
0	386	168	233
0	386	168	233
0	386	169	233
0	387	165	233
0	389	160	230
2	388	156	232
0	387	158	230
1	387	154	231
2	387	154	231
1	387	156	231
0	387	157	231
1	388	157	231
2	388	157	231
0	387	160	231
1	388	158	231
0	387	161	232
1	389	161	230
0	387	163	232
2	390	159	229
0	388	161	231
1	389	157	230
0	386	156	231
1	389	151	230
2	387	146	231
1	386	147	232
1	386	147	232
0	386	148	232
0	385	149	233
0	387	150	232
0	388	153	232
0	386	154	233
0	388	154	231
0	387	156	232
1	389	158	232
1	388	161	232
0	388	169	232
0	387	168	231
0	386	170	234
0	387	170	232
0	388	169	231
1	388	168	231
1	389	168	229
0	389	169	230
0	391	170	227
1	390	167	230
0	391	169	228
0	391	169	227
0	392	169	227
1	392	168	227
0	391	169	228
0	391	169	228
0	390	168	229
0	390	168	228
1	389	169	230
0	389	169	230
0	388	169	230
0	388	170	230
0	388	169	231
0	388	169	231
0	389	170	230
0	389	169	230
0	389	169	229
0	389	168	230
0	389	170	228
0	388	169	231
0	388	169	232
0	389	169	230
0	388	169	231
0	388	170	230
0	389	169	231
0	389	170	230
0	389	169	231
0	389	169	230
0	390	169	230
0	390	171	229
0	389	170	229
0	389	171	232
0	389	171	230
0	389	170	231
0	390	170	230
1	390	169	230
0	389	170	230
0	390	168	230
0	390	169	229
1	389	167	230
0	389	167	231
0	390	169	230
0	389	168	231
0	389	168	231
0	391	168	228
0	391	167	230
0	389	168	229
0	389	168	230
0	390	167	230
0	391	168	229
0	391	168	228
0	390	168	228
0	390	168	230
0	391	168	229
0	389	169	229
0	389	168	232
0	390	170	230
0	390	169	228
0	390	170	229
0	390	170	229
0	389	170	229
0	388	170	232
0	387	170	231
0	387	169	232
0	387	169	231
0	387	169	232
0	389	170	230
0	388	168	230
0	388	170	231
0	388	169	230
0	389	169	230
0	388	169	230
0	388	168	232
0	388	170	230
0	387	169	231
0	386	169	232
0	388	169	232
0	387	170	232
0	387	169	232
0	387	169	232
0	386	169	233
0	387	169	232
0	387	169	232
0	387	169	233
0	388	169	232
0	387	169	232
0	388	169	232
0	388	168	230
0	387	168	232
0	387	168	232
0	387	168	232
0	387	168	232
0	387	168	232
0	387	169	233
0	388	168	230
0	388	170	232
0	387	169	231
0	388	168	232
0	387	170	231
0	387	168	233
0	387	168	233
0	387	168	233
0	386	169	233
0	387	169	233
0	386	169	233
0	388	168	231
0	387	170	232
0	387	169	232
0	388	169	232
0	387	169	232
0	387	169	233
0	387	169	231
0	388	169	232
0	388	168	230
0	387	170	231
0	387	169	231
0	387	169	232
0	387	169	232
0	387	169	231
0	387	169	232
0	387	169	231
0	387	169	232
0	388	168	231
0	390	171	228
0	391	171	227
0	391	170	227
0	390	170	227
0	391	170	227
0	390	170	227
0	390	170	228
0	390	171	227
0	390	170	229
0	391	171	226
0	391	170	227
0	392	171	225
0	393	171	225
0	392	171	225
0	392	171	226
0	392	170	226
0	392	170	227
0	392	170	227
0	391	170	226
0	391	170	226
0	392	170	226
0	392	171	225
0	392	170	227
0	392	170	226
0	392	170	227
0	393	171	226
0	393	171	225
0	393	171	226
0	392	171	225
0	392	171	227
0	392	171	225
0	392	171	227
0	393	172	226
0	393	171	227
0	392	170	226
0	391	170	228
0	392	171	227
0	391	171	226
0	391	171	228
0	391	171	227
0	392	171	228
0	391	171	227
0	391	171	228
0	391	171	227
0	391	171	228
0	392	171	226
0	392	171	227
0	392	171	226
0	391	171	227
0	391	170	226
0	392	169	226
0	392	169	227
0	391	161	226
0	390	155	228
0	390	150	228
0	390	148	229
0	390	151	229
0	390	155	228
0	390	155	228
1	390	153	228
1	389	147	229
0	389	142	230
0	389	131	227
0	388	129	226
1	388	130	225
0	389	140	229
0	389	146	231
1	391	148	229
0	390	145	229
1	389	140	228
1	389	133	226
1	389	131	224
0	388	130	225
1	389	131	226
0	387	139	230
0	388	146	231
1	389	148	232
0	388	149	230
0	389	144	232
0	389	137	230
0	389	133	227
0	390	133	229
0	389	140	231
0	390	146	231
2	390	144	231
0	388	141	231
0	389	133	227
0	390	129	222
0	389	128	223
1	389	131	223
0	388	140	229
0	388	147	231
1	390	150	230
0	390	153	231
0	389	154	230
0	390	155	229
0	390	156	229
1	390	157	229
0	390	163	230
0	390	170	229
0	391	169	228
0	392	170	227
0	392	170	226
0	392	170	228
0	391	169	228
0	391	170	228
0	391	169	228
0	392	169	229
1	392	169	227
0	392	170	228
0	391	170	227
0	391	169	228
0	392	169	228
0	391	170	227
1	391	169	228
0	391	170	228
0	392	170	228
0	392	169	227
0	392	170	227
0	392	169	226
0	391	170	228
0	391	169	226
0	391	169	228
0	391	170	227
0	391	169	228
0	391	169	227
0	391	169	228
1	391	167	226
0	392	169	226
0	393	166	225
0	393	164	225
0	394	165	226
0	392	165	226
0	393	165	226
0	391	165	228
0	393	168	227
0	393	170	227
0	393	169	226
0	393	170	227
0	392	170	227
1	394	170	226
0	394	172	226
0	395	171	226
0	394	171	226
0	395	171	225
1	395	171	225
0	394	171	225
0	395	172	225
0	395	168	223
0	394	168	225
0	395	168	225
1	394	167	224
0	394	169	226
0	395	168	225
0	395	169	225
0	395	170	224
0	394	170	225
0	395	171	226
0	395	170	224
0	395	171	225
0	395	171	224
0	394	171	225
1	395	171	225
0	395	171	225
0	394	171	225
1	394	171	225
0	395	170	226
0	395	171	225
0	394	171	225
1	395	171	226
0	395	171	226
1	394	171	225
0	394	172	227
0	394	171	226
0	394	171	227
0	394	170	226
0	394	171	226
0	394	170	227
0	393	170	226
1	394	170	228
0	394	170	227
0	394	171	226
0	394	170	227
0	394	171	227
0	393	171	227
0	394	171	227
0	394	172	226
0	393	172	227
1	393	171	228
0	393	173	227
0	393	172	227
0	394	172	227
0	394	172	226
1	395	171	226
0	395	173	226
0	394	172	226
0	393	172	227
0	392	171	229
0	390	171	230
0	388	171	234
0	387	171	233
0	387	171	234
0	387	171	234
0	386	171	234
0	386	171	234
0	386	171	234
0	387	171	234
0	387	171	234
0	388	170	233
0	388	170	232
0	389	171	231
0	389	170	232
0	388	170	232
0	390	171	232
0	389	170	231
0	391	171	230
0	390	171	229
0	389	170	231
0	390	170	231
0	390	170	230
0	390	170	229
0	391	170	230
0	391	171	230
0	391	171	230
0	391	171	229
0	391	170	230
0	392	171	229
0	393	171	228
0	393	170	227
0	392	172	228
0	391	171	229
0	390	171	230
0	390	171	231
0	389	171	231
0	389	171	231
0	390	171	231
0	389	171	231
0	389	171	231
0	390	171	230
0	390	171	230
0	390	170	230
0	390	171	230
0	389	171	231
0	390	171	230
0	389	170	230
0	389	170	233
0	388	170	232
0	390	170	231
0	390	170	229
0	390	171	229
0	391	171	230
0	391	171	229
0	391	170	230
0	391	172	230
0	391	170	229
0	390	171	230
0	391	170	231
0	391	171	229
0	392	171	229
0	391	171	229
0	391	170	229
0	391	170	229
0	390	171	230
0	390	170	230
0	389	171	232
0	390	170	231
0	390	171	230
0	390	170	230
0	390	171	231
0	390	170	230
0	390	171	232
0	391	170	230
0	391	170	230
0	390	171	230
0	391	171	231
0	391	171	230
0	391	171	229
0	391	171	230
0	391	171	231
0	391	170	231
0	390	172	231
0	389	171	232
0	389	171	233
0	389	171	233
0	389	171	233
0	389	171	234
0	389	171	233
0	390	170	233
0	389	171	232
0	389	170	234
0	389	171	233
0	389	170	235
0	389	169	233
0	389	170	234
0	389	170	233
0	389	172	234
0	390	170	233
0	390	172	233
0	390	171	232
0	391	170	233
0	391	169	232
0	390	168	231
0	389	168	234
0	389	167	234
0	389	167	232
0	389	168	234
0	389	168	232
0	389	170	235
0	389	169	233
0	389	170	235
0	391	170	235
0	391	170	232
0	392	171	234
0	392	169	233
0	391	170	235
0	391	170	234
0	392	170	234
0	391	169	234
0	390	170	236
0	392	169	234
0	390	170	237
0	394	169	234
0	392	168	235
0	391	169	235
0	392	168	235
0	391	169	235
0	393	168	234
0	392	168	234
0	393	167	235
0	393	167	233
0	392	167	234
0	392	167	233
0	392	167	235
0	392	167	234
0	392	167	235
0	392	166	233
0	392	166	235
0	392	167	234
0	392	167	233
0	392	166	235
0	392	167	233
0	393	167	234
0	393	169	233
0	393	169	234
0	393	170	234
0	393	174	234
0	392	172	234
0	393	172	235
0	392	172	235
0	393	173	234
0	396	174	231
0	394	174	232
0	395	173	232
0	394	173	232
0	394	172	234
0	395	172	233
0	394	174	233
0	395	173	232
0	394	173	232
0	394	172	233
0	394	173	233
0	395	173	232
0	395	173	232
0	394	173	232
0	395	174	232
0	395	174	231
0	396	173	231
0	394	173	231
0	396	173	231
0	396	173	231
0	395	173	232
0	394	173	232
0	395	173	231
0	395	172	232
0	394	173	232
0	394	173	232
0	395	173	232
0	394	173	233
0	394	173	232
0	395	172	232
0	395	173	232
0	394	173	232
0	395	173	232
0	394	173	232
0	394	173	232
0	394	173	231
0	395	173	231
0	396	174	231
0	396	174	231
0	396	173	230
0	395	172	231
0	395	172	231
0	395	171	232
0	395	173	231
0	396	173	231
0	396	173	230
0	395	172	232
0	396	172	230
0	395	172	231
0	394	173	231
0	395	172	231
0	394	172	231
0	395	172	231
0	395	172	230
0	395	172	232
0	396	172	230
0	395	172	231
0	395	171	230
0	396	172	230
0	396	173	230
0	395	172	230
1	395	172	231
1	395	171	231
0	395	173	230
0	394	172	231
0	395	172	232
0	395	172	230
0	395	172	232
0	395	172	231
0	395	172	231
0	394	172	233
0	394	172	232
0	395	173	232
0	394	173	233
0	394	173	232
0	394	173	232
0	393	173	234
0	394	173	233
1	394	173	233
0	394	173	232
0	393	173	233
0	394	173	232
0	393	173	232
0	395	174	233
0	393	174	232
0	394	173	234
0	394	173	233
0	393	173	234
0	393	172	234
0	393	173	234
0	393	173	233
0	394	172	233
0	394	173	233
0	395	172	232
0	394	173	231
0	394	172	232
0	395	172	232
0	394	172	232
0	395	172	232
0	394	172	231
0	394	173	233
0	393	172	232
0	394	173	233
0	394	172	232
0	395	172	232
0	393	172	232
0	394	172	232
0	394	172	232
0	394	172	232
0	394	172	232
0	394	172	232
0	394	172	233
0	394	172	232
0	394	172	232
0	393	173	232
0	394	172	233
0	393	172	232
0	393	172	232
0	394	172	233
0	393	173	232
0	394	172	233
0	393	173	232
0	395	173	233
0	394	173	233
0	393	173	233
0	394	173	232
0	394	172	232
0	394	172	232
0	394	173	232
0	394	172	233
0	393	172	233
0	393	172	233
0	395	173	232
0	394	172	233
0	393	173	233
0	395	172	233
0	394	173	232
0	394	172	233
0	394	173	233
0	394	173	232
0	394	172	232
0	395	172	232
0	394	173	232
0	394	172	232
0	394	173	233
0	394	173	234
0	394	173	232
0	393	173	232
0	394	173	233
0	395	172	231
0	395	172	233
0	394	172	232
0	394	172	233
0	393	172	232
0	395	173	232
0	394	173	231
0	394	172	233
0	394	172	231
0	394	172	233
0	395	172	232
0	394	172	232
0	395	172	233
0	394	172	232
0	395	172	233
0	394	172	232
0	394	172	232
0	394	172	233
0	394	172	232
0	394	172	232
0	394	173	232
0	394	172	232
0	394	173	232
0	395	172	232
0	395	173	233
0	394	172	231
0	394	172	233
0	393	172	232
0	394	172	233
0	394	172	231
0	394	172	232
0	393	172	233
0	394	172	233
0	394	172	233
0	394	172	232
0	395	172	233
0	394	173	233
0	393	172	234
0	396	174	232
0	395	174	232
0	397	174	232
0	396	174	233
0	397	174	232
0	397	174	233
0	397	174	233
0	397	173	232
0	398	173	233
0	397	171	232
0	397	170	232
0	397	170	233
0	398	172	232
0	398	173	232
0	398	172	232
0	398	173	230
0	398	172	232
0	398	173	231
0	398	172	230
0	399	174	231
0	398	172	229
0	398	173	232
0	398	172	230
0	399	174	231
0	398	173	229
0	398	173	232
0	398	174	231
0	398	174	231
0	398	173	230
0	398	174	231
0	398	173	230
0	398	174	231
0	398	173	230
0	398	174	230
0	397	173	231
0	398	174	232
0	398	173	231
0	397	173	231
0	398	172	231
0	398	173	231
0	397	173	232
0	397	173	231
0	397	173	232
0	399	173	231
0	398	173	231
0	398	174	231
0	397	173	232
0	398	173	231
0	397	173	231
0	396	172	232
0	397	173	232
0	398	173	231
0	398	172	231
0	398	174	232
0	398	173	230
0	398	173	231
0	398	174	231
0	397	173	231
0	397	173	232
0	399	173	230
0	398	173	231
0	398	173	229
0	398	172	231
0	400	172	228
0	400	174	229
0	401	172	227
0	400	173	228
0	400	173	228
0	400	173	228
0	400	173	228
0	400	173	229
0	400	173	228
0	400	173	229
0	399	173	228
0	399	174	230
0	398	173	230
0	399	172	230
0	399	173	229
0	399	173	228
0	399	173	229
0	399	173	230
0	398	173	229
0	399	172	229
0	401	173	227
0	402	173	227
0	400	173	228
1	401	173	227
0	401	173	226
0	400	173	228
0	400	173	228
0	400	172	229
0	400	173	228
0	399	173	230
0	400	173	227
1	399	173	229
0	397	181	224
0	389	190	231
1	382	204	238
21	369	208	234
47	346	218	239
178	262	175	183
141	266	222	269
174	267	235	251
193	265	261	258
204	286	345	237
218	295	319	246
299	336	279	227
313	361	289	227
318	366	258	220
280	365	305	238
310	373	287	239
307	416	241	195
301	421	242	199
278	403	258	221
294	420	242	238
239	405	294	257
281	415	233	210
261	407	252	225
276	430	232	206
271	419	236	215
278	419	237	238
259	387	249	265
288	433	222	210
257	410	255	252
258	402	244	270
219	403	274	265
159	376	370	288
157	384	316	255
141	422	225	268
19	391	318	298
40	411	245	285
0	374	261	315
0	405	192	275
0	382	220	267
3	405	110	258
0	417	96	229
0	419	89	213
0	398	89	224
0	390	95	224
0	384	103	220
2	373	111	223
0	358	118	226
0	347	120	226
0	339	124	223
0	339	123	215
0	339	123	215
1	342	122	217
0	344	122	221
1	348	119	223
0	348	119	228
0	347	121	233
1	350	119	229
0	348	120	231
2	349	118	228
1	344	119	232
1	348	119	227
0	345	121	231
2	349	119	227
1	345	120	229
0	346	123	230
0	344	124	236
0	346	122	233
1	347	119	230
0	345	121	233
0	344	124	240
0	340	134	252
0	334	188	237
0	330	152	246
0	337	163	246
0	319	204	241
0	359	116	237
0	350	117	252
0	352	131	233
0	373	109	218
0	371	109	221
0	373	113	220
1	375	113	218
0	374	115	218
1	375	113	217
0	374	114	218
1	373	113	219
0	373	114	219
0	374	114	218
1	373	113	219
1	373	114	220
1	373	115	220
0	374	117	219
0	372	117	221
1	372	116	220
0	373	117	219
0	371	118	222
0	374	120	220
0	371	122	223
0	377	123	220
0	372	125	224
1	377	125	220
0	372	126	226
0	376	126	221
1	372	125	224
1	375	125	222
1	373	127	226
1	376	128	223
0	374	130	225
1	375	130	224
0	376	131	223
2	375	130	224
0	376	130	223
0	373	131	225
0	374	130	224
0	375	131	223
0	374	131	224
1	374	130	224
0	374	131	224
0	375	131	223
0	375	131	223
0	375	131	224
1	374	130	224
0	375	131	223
0	375	131	223
1	375	131	223
0	375	132	224
0	374	132	223
0	376	131	223
1	376	130	223
0	374	131	225
0	373	131	225
0	374	131	225
0	376	132	223
0	375	132	224
0	375	131	224
0	373	132	224
0	374	132	225
0	374	131	224
0	375	132	223
0	375	132	223
0	376	132	223
0	373	132	224
0	375	131	224
1	373	130	225
0	370	132	228
1	373	130	225
0	372	132	225
1	373	130	225
0	374	131	224
0	375	131	223
0	374	132	223
0	375	131	223
0	374	132	223
0	375	131	223
0	375	131	223
0	375	131	223
0	375	131	222
0	374	131	224
1	375	130	224
0	375	131	213
1	376	129	201
0	374	117	197
0	373	103	180
1	375	114	158
1	375	99	152
2	373	103	154
1	364	105	160
1	375	103	150
1	374	107	159
0	374	113	162
1	371	120	166
0	365	136	167
2	357	154	168
0	335	185	179
0	318	206	174
174	222	161	177
169	223	166	181
176	219	156	184
173	220	160	182
144	221	190	171
23	181	307	204
34	169	290	214
45	151	274	228
55	150	268	232
64	155	239	203
69	158	230	171
72	161	226	177
90	169	215	175
87	173	236	169
92	177	246	224
110	172	218	231
81	173	246	229
89	176	236	228
85	177	242	227
79	181	246	224
77	181	247	223
73	166	257	236
58	165	274	239
55	160	274	246
60	157	261	247
62	165	252	234
62	167	258	234
91	171	237	231
68	172	264	230
67	172	257	232
65	174	260	229
71	172	255	233
99	174	229	228
