0.010991
0.174562
0.185733
0.115811
0.110860
0.092679
0.112967
0.111694
0.096919
0.121595
0.138984
0.136971
0.189991
0.103484
0.120819
0.132955
0.171971
0.195105
0.171268
0.155767
0.154840
0.220420
0.127815
0.108325
0.097392
0.108692
0.120548
0.124608
0.113211
0.108173
0.103383
0.109798
0.134449
0.117383
0.116756
0.108999
0.085617
0.067484
0.075436
0.077088
0.108827
0.135267
0.095805
0.130839
0.139049
0.095737
0.135879
0.091646
0.120168
0.119652
0.102126
0.118969
0.164543
0.062957
0.114308
0.141177
0.139962
0.150784
0.123301
0.144170
0.081269
0.128674
0.077359
0.123336
0.086021
0.175807
0.140845
0.103924
0.140738
0.069309
0.095175
0.116056
0.100316
0.073274
0.071957
0.154295
0.103278
0.157913
0.114057
0.083866
0.075927
0.060756
0.092921
0.083252
0.085371
0.100367
0.087011
0.078263
0.074903
0.081599
0.080102
0.075937
0.049833
0.071707
0.058381
0.085269
0.085811
0.091266
0.061727
0.063327
0.071870
0.065238
0.068639
0.071564
0.053290
0.100493
0.088553
0.072963
0.077443
0.083663
0.098797
0.126380
0.107831
0.068333
0.104694
0.083986
0.103822
0.090742
0.095084
0.101836
0.082417
0.102858
0.080050
0.111176
0.093753
0.118339
0.071241
0.090528
0.104092
0.070997
0.105356
0.147833
0.162272
0.128873
0.112528
0.101175
0.110641
0.105625
0.080177
0.102400
0.124590
0.133401
0.143009
0.093363
0.134467
0.165279
0.116798
0.123324
0.129440
0.122371
0.138556
0.095441
0.118793
0.145094
0.120924
0.089220
0.126292
0.097295
0.115144
0.104410
0.116853
0.087688
0.100130
0.064828
0.070925
0.099065
0.065876
0.101530
0.088604
0.086439
0.068942
0.073068
0.088270
0.081907
0.081556
0.074286
0.071934
0.086061
0.107625
0.093263
0.089960
0.173331
0.100913
0.097873
0.077195
0.099602
0.079409
0.079793
0.093738
0.086849
0.083285
0.081933
0.091732
0.109619
0.105240
0.094755
0.082440
0.076609
0.065815
0.100440
0.107602
0.105164
0.091791
0.093211
0.066990
0.084679
0.081310
0.079683
0.096414
0.078326
0.085288
0.081694
0.103710
0.096779
0.106127
0.116621
0.087981
0.105826
0.116883
0.114128
0.076387
0.093129
0.099650
0.085961
0.081988
0.113715
0.100165
0.074948
0.090076
0.089419
0.118446
0.066480
0.106283
0.086530
0.090962
0.079981
0.128471
0.104676
0.060709
0.085974
0.100272
0.127701
0.088225
0.083301
0.059580
0.060222
0.072888
0.091341
0.076286
0.082572
0.078066
0.082951
0.081149
0.083623
0.073672
0.090067
0.069707
0.075152
0.089767
0.071415
0.075031
0.071150
0.083555
0.060591
0.090935
0.079216
0.108382
0.076143
0.089003
0.094595
0.092706
0.091996
0.085177
0.090360
0.089010
0.069044
0.078644
0.093444
0.094294
0.081863
0.081876
0.083907
0.070225
0.073449
0.083128
0.099380
0.073778
0.070554
0.072997
0.077612
0.084755
0.115999
0.065809
0.074311
0.099514
0.081691
0.084434
0.085219
0.108313
0.098445
0.113291
0.087294
0.060433
0.087626
0.094520
0.094816
0.073216
0.081608
0.072873
0.067888
0.075516
0.081752
0.088256
0.084246
0.102569
0.096564
0.073188
0.062280
0.066250
0.072253
0.079747
0.064713
0.093364
0.090017
0.112085
0.074757
0.072820
0.060510
0.090295
0.067785
0.074310
0.085756
0.088444
0.057959
0.050306
0.064151
0.088569
0.047510
0.061869
0.066593
0.084338
0.071116
0.058834
0.069440
0.064828
0.081829
0.061446
0.066794
0.051823
0.064907
0.074983
0.073187
0.048653
0.082112
0.062496
0.066604
0.049467
0.076078
0.065213
0.071659
0.057751
0.086282
0.071929
0.071105
0.078238
0.071901
0.055622
0.056469
0.067467
0.074839
0.060054
0.062222
0.088154
0.072195
0.062762
0.055106
0.083246
0.054211
0.082706
0.070530
0.072992
0.050982
0.074106
0.070014
0.087814
0.071260
0.053910
0.108474
0.107262
0.079891
0.089022
0.080294
0.069749
0.087239
0.075188
0.069849
0.070759
0.073654
0.067352
0.075875
0.081334
0.074542
0.079289
0.068200
0.071591
0.063926
0.065895
0.058600
0.066504
0.068799
0.076567
0.067476
0.068359
0.060098
0.080325
0.059398
0.056547
0.066127
0.042710
0.085487
0.071530
0.070919
0.075614
0.080869
0.075623
0.076385
0.120711
0.090336
0.082667
0.079447
0.074903
0.072467
0.107356
0.087795
0.084412
0.074425
0.091482
0.080832
0.116256
0.116605
0.100622
0.091806
0.105220
0.100669
0.116963
0.102494
0.108443
0.134355
0.102006
0.075515
0.136171
0.115117
0.088805
0.085766
0.098932
0.083081
0.086197
0.092632
0.077941
0.091009
0.129639
0.104266
0.089185
0.105514
0.075869
0.114007
0.100172
0.108302
0.121324
0.103858
0.076375
0.101134
0.099632
0.094035
0.121636
0.100117
0.091867
0.133639
0.080580
0.094585
0.096846
0.108927
0.078052
0.144125
0.097533
0.110039
0.070690
0.106571
0.152300
0.109248
0.145655
0.141345
0.139047
0.140196
0.102944
0.073424
0.109969
0.057583
0.103740
0.122181
0.126570
0.092918
0.177607
0.084142
0.140960
0.161636
0.147335
0.128182
0.129456
0.123956
0.157226
0.116819
0.135448
0.096787
0.123209
0.106398
0.172990
0.083933
0.080229
0.110894
0.102777
0.123060
0.131726
0.089263
0.149274
0.105510
0.097723
0.088464
0.148922
0.114061
0.183180
0.150342
0.135411
0.101751
0.124703
0.119830
0.132284
0.101442
0.145624
0.094677
0.204848
0.117108
0.136252
0.099502
0.085429
0.102602
0.113693
0.124483
0.100154
0.116496
0.085635
0.093095
0.117470
0.081224
0.117542
0.128628
0.181116
0.172437
0.202857
0.144241
0.240545
0.136624
0.146908
0.160438
0.118568
0.168693
0.118040
0.192003
0.093038
0.143208
0.125864
0.106116
0.138649
0.150320
0.093745
0.124749
0.162075
0.135468
0.126402
0.131709
0.147764
0.091811
0.095799
0.107797
0.121896
0.094056
0.139387
0.100146
0.120334
0.135722
0.141106
0.160110
0.099293
0.129648
0.084401
0.154704
0.106273
0.161010
0.148392
0.184940
0.142552
0.113389
0.117787
0.118399
0.084541
0.113045
0.100025
0.135930
0.127295
0.100876
0.141602
0.109115
0.117748
0.133355
0.111112
0.143766
0.154829
0.188447
0.171885
0.161715
0.134380
0.142167
0.184191
0.167782
0.159063
0.117555
0.140603
0.096918
0.106372
0.102137
0.125310
0.110193
0.152591
0.098902
0.099784
0.129137
0.079216
0.135254
0.096370
0.072297
0.114131
0.137256
0.123540
0.118916
0.123118
0.083773
0.125502
0.093678
0.071353
0.086308
0.073377
0.100069
0.112258
0.100788
0.110110
0.091552
0.131641
0.082689
0.105692
0.094964
0.119156
0.092819
0.134868
0.104122
0.114664
0.112632
0.123888
0.100088
0.116615
0.127102
0.152761
0.078263
0.134349
0.113715
0.143276
0.118657
0.126204
0.102960
0.163935
0.113825
0.064790
0.187856
0.122538
0.106002
0.092956
0.102417
0.090192
0.100151
0.116562
0.083482
0.081831
0.073497
0.099070
0.123837
0.081347
0.136009
0.099664
0.115617
0.085299
0.114057
0.105306
0.114841
0.109015
0.095846
0.104790
0.095827
0.085267
0.134961
0.110270
0.101256
0.082877
0.074558
0.076465
0.096781
0.087340
0.108079
0.088901
0.077049
0.086193
0.094436
0.093499
0.084759
0.099373
0.089453
0.087547
0.055567
0.126719
0.096503
0.120027
0.106987
0.102190
0.097857
0.127952
0.093404
0.073563
0.103425
0.098068
0.086607
0.119124
0.102475
0.103529
0.138693
0.094201
0.099413
0.138036
0.113881
0.102242
0.125459
0.128803
0.096334
0.084594
0.091964
0.100332
0.102827
0.107450
0.106708
0.088560
0.117707
0.122612
0.100076
0.094960
0.102864
0.143818
0.161711
0.094714
0.111527
0.104174
0.107532
0.133776
0.120427
0.123055
0.121687
0.152695
0.112830
0.098235
0.137213
0.142816
0.084133
0.123206
0.143244
0.116887
0.126869
0.127865
0.139247
0.097544
0.124894
0.130400
0.103263
0.123976
0.101047
0.100654
0.121019
0.074820
0.091089
0.068343
0.087053
0.105030
0.079854
0.089353
0.118616
0.081333
0.111431
0.070436
0.068777
0.103506
0.098950
0.106427
0.114632
0.066518
0.106791
0.138041
0.083584
0.136180
0.101200
0.089697
0.129532
0.133875
0.110503
0.096097
0.093350
0.114056
0.123283
0.155971
0.121191
0.129528
0.133457
0.072637
0.112718
0.141440
0.097115
0.117923
0.100992
0.118636
0.122613
0.133330
0.103002
0.126313
0.146740
0.069137
0.071332
0.082921
0.058202
0.117465
0.094167
0.073571
0.116756
0.082213
0.086499
0.109639
0.075607
0.093810
0.109610
0.083742
0.092464
0.122300
0.107407
0.125665
0.098253
0.100071
0.105762
0.078502
0.065605
0.087115
0.075166
0.092067
0.089453
0.121998
0.132464
0.092327
0.108332
0.127266
0.100658
0.112418
0.136972
0.130596
0.146445
0.120573
0.085690
0.128924
0.098615
0.131941
0.086037
0.118422
0.124588
0.090054
0.118225
0.124230
0.135394
0.077770
0.098313
0.099385
0.109714
0.083311
0.067758
0.068563
0.100608
0.069400
0.086062
0.068802
0.075366
0.114072
0.113499
0.122947
0.110145
0.134821
0.105477
0.097834
0.105929
0.082978
0.054269
0.082917
0.078735
0.090231
0.113049
0.119133
0.093910
0.108850
0.120654
0.121141
0.103887
0.110756
0.091480
0.084469
0.083642
0.076718
0.122162
0.097428
0.094305
0.140867
0.090689
0.097364
0.091653
0.101060
0.094812
0.132160
0.092460
0.116511
0.087787
0.120883
0.063423
0.075911
0.091458
0.070184
0.108189
0.074705
0.103810
0.068395
0.101602
0.070684
0.109054
0.085695
0.108103
0.101527
0.095038
0.084234
0.072044
0.080456
0.100471
0.078021
0.076272
0.095650
0.109456
0.097339
0.108002
0.095150
0.104975
0.106809
0.079876
0.112482
0.086911
0.122178
0.111535
0.095420
0.095285
0.086978
0.105195
0.100147
0.104028
0.078021
0.089740
0.069791
0.095065
0.083611
0.116480
0.095098
0.126231
0.085136
0.077173
0.109157
0.133260
0.129575
0.095455
0.126959
0.097093
0.103828
0.136065
0.084263
0.107013
0.128915
0.106065
0.128619
0.107205
0.114539
0.093550
0.112455
0.112801
0.127355
0.126416
0.146837
0.123232
0.123129
0.119584
0.125273
0.126826
0.173517
0.096008
0.123452
0.089764
0.142388
0.112157
0.164267
0.150967
0.114524
0.119459
0.134772
0.184631
0.133171
0.172313
0.100223
0.131162
0.138759
0.122542
0.157185
0.118277
0.135901
0.133750
0.138978
0.113704
0.131371
0.134567
0.126793
0.104701
0.071661
0.117362
0.099564
0.092530
0.096570
0.104022
0.080461
0.080097
0.074955
0.084530
0.091872
0.101095
0.111468
0.107192
0.115609
0.095175
0.088219
0.056667
0.092540
0.061112
0.077108
0.073757
0.080521
0.081362
0.089908
0.093294
0.085955
0.096828
0.075880
0.079446
0.097801
0.098473
0.125453
0.111042
0.115093
0.160865
0.131739
0.153169
0.107277
0.091587
0.086662
0.074654
0.087599
0.105063
0.106641
0.094812
0.086839
0.079611
0.109072
0.084022
0.100663
0.087296
0.097795
0.109951
0.060688
0.093056
0.081220
0.096965
0.070827
0.095452
0.078024
0.097846
0.081191
0.089517
0.115695
0.089318
0.120833
0.093870
0.082610
0.104328
0.091972
0.107364
0.127903
0.112413
0.099791
0.083849
0.120632
0.125693
0.081444
0.090204
0.063977
0.078292
0.082585
0.085651
0.095849
0.078222
0.118661
0.092782
0.083104
0.100684
0.100598
0.086255
0.096761
0.072482
0.114367
0.121735
0.080298
0.093515
0.097533
0.103863
0.057477
0.074314
0.081882
0.064166
0.084021
0.094849
0.078904
0.101959
0.090804
0.089298
0.106962
0.088105
0.089752
0.080028
0.091354
0.108517
0.076060
0.101507
0.095750
0.090408
0.068905
0.085336
0.087188
0.081768
0.114179
0.094761
0.109057
0.080003
0.077763
0.073483
0.085409
0.075712
0.097229
0.088524
0.073239
0.119464
0.088597
0.091005
0.116898
0.086969
0.073152
0.080736
0.120388
0.094585
0.102895
0.087394
0.128251
0.100327
0.114266
0.138452
0.118815
0.119850
0.095367
0.095205
0.106961
0.120593
0.108530
0.137364
0.126587
0.130916
0.100703
0.098142
0.113791
0.076328
0.072486
0.128344
0.119739
0.112706
0.131336
0.115264
0.090003
0.105132
0.131329
0.146255
0.104566
0.150566
0.086005
0.114442
0.122577
0.079482
0.060111
0.062339
0.080612
0.060996
0.092291
0.088333
0.088284
0.115880
0.079374
0.139841
0.087868
0.083755
0.075412
0.082145
0.086471
0.067218
0.074247
0.108171
0.068614
0.106327
0.127059
0.106831
0.123709
0.108845
0.094408
0.124457
0.110139
0.098775
0.106600
0.127281
0.081315
0.073856
0.061738
0.086007
0.108285
0.069797
0.115394
0.083597
0.105455
0.081076
0.063060
0.082117
0.080695
0.061376
0.073918
0.065041
0.105299
0.138077
0.117522
0.115909
0.135447
0.101992
0.107931
0.087519
0.096142
0.117392
0.119878
0.092572
0.078245
0.078470
0.103087
0.063257
0.113761
0.142723
0.117079
0.089803
0.109309
0.108195
0.110096
0.062586
0.120472
0.110150
0.112189
0.102919
0.128940
0.151834
0.115093
0.112470
0.085799
0.104949
0.101002
0.159937
0.104683
0.118163
0.097139
0.084041
0.106881
0.078873
0.109208
0.128777
0.116085
0.131366
0.105213
0.099523
0.156681
0.103726
0.147594
0.092851
0.082208
0.087956
0.127521
0.097671
0.087762
0.080622
0.101756
0.117670
0.123446
0.101269
0.146966
0.089456
0.081058
0.105571
0.172025
0.103063
0.112063
0.106441
0.095572
0.066677
0.085933
0.072381
0.095923
0.063751
0.080996
0.065599
0.088439
0.086793
0.104864
0.097421
0.105673
0.089516
0.081525
0.073444
0.071291
0.085280
0.070772
0.073167
0.111221
0.082709
0.090801
0.080180
0.074733
0.076188
0.097653
0.080456
0.068673
0.068435
0.071497
0.063329
0.076414
0.088798
0.082712
0.065561
0.105980
0.095862
0.098253
0.066991
0.089584
0.075785
0.093989
0.094704
0.101766
0.093229
0.073917
0.084966
0.074582
0.091939
0.063886
