580	187	306	218
574	189	305	223
570	191	312	226
564	194	309	219
559	193	316	222
555	193	316	220
553	192	317	223
547	194	319	223
540	196	330	225
535	198	333	228
533	200	337	227
536	202	338	223
526	202	343	222
531	203	344	227
532	204	346	227
538	203	349	231
537	208	357	211
531	206	364	212
525	212	374	212
527	214	370	212
520	215	377	210
514	217	383	210
513	218	385	207
504	218	393	207
498	218	401	208
491	216	407	211
486	214	415	215
475	216	423	216
474	208	426	223
471	204	428	227
459	199	437	241
460	197	435	234
449	189	444	246
448	184	451	246
444	179	455	261
442	176	462	272
435	173	470	272
431	168	473	281
423	164	479	307
413	159	500	311
416	162	500	323
393	163	517	333
397	169	532	318
413	175	512	318
415	178	509	330
420	193	510	329
429	197	506	336
436	208	504	318
439	222	514	312
452	228	523	315
466	231	521	307
482	227	521	315
491	227	527	304
490	228	542	293
500	226	545	300
503	227	555	303
520	227	549	294
518	228	561	303
529	229	558	292
509	233	582	281
521	235	569	272
526	238	572	266
511	239	575	253
491	238	595	255
503	239	570	244
506	237	558	239
496	235	548	239
481	230	553	237
495	223	554	239
467	216	581	240
500	206	544	238
508	193	535	255
504	189	525	258
503	187	515	258
501	185	508	262
503	187	493	269
502	187	489	270
499	188	487	275
502	190	480	277
501	190	475	275
504	191	473	283
510	192	463	287
513	194	465	290
523	195	454	288
517	198	458	298
526	195	450	296
530	197	451	299
534	199	448	295
542	197	442	302
549	196	439	321
550	201	446	326
556	202	443	308
559	201	443	323
560	201	445	313
563	199	451	342
566	198	445	314
572	198	449	339
572	193	455	328
576	192	460	343
576	191	467	333
575	190	469	354
570	188	476	341
566	187	477	348
578	185	470	349
582	184	466	346
582	183	467	363
553	182	494	367
573	179	474	363
579	180	472	378
569	184	482	355
577	184	472	374
564	185	480	368
585	188	449	364
582	191	451	335
586	192	444	328
578	196	458	343
591	205	449	314
576	209	456	319
586	218	440	315
588	228	428	315
567	235	434	316
571	244	411	313
542	252	391	310
524	261	406	306
530	272	406	303
502	280	422	306
481	282	439	308
459	286	455	302
446	282	444	309
435	283	449	295
430	277	453	295
441	267	456	295
463	267	449	288
456	263	457	287
449	258	467	282
453	257	456	273
460	253	450	277
454	257	450	255
467	257	440	249
462	247	439	256
467	244	424	255
458	235	422	263
464	238	405	260
470	239	395	256
477	248	379	249
474	257	374	239
479	262	359	235
483	268	347	224
490	277	336	215
493	284	323	202
502	288	308	196
500	286	306	193
503	282	303	191
507	277	303	193
518	273	293	191
514	269	306	188
534	265	298	188
529	263	319	185
550	260	309	186
550	262	318	186
579	263	291	185
573	269	293	180
561	274	301	174
556	279	303	173
556	283	304	172
562	288	297	169
559	293	296	167
552	297	299	165
554	300	295	163
553	304	293	160
549	306	295	157
546	308	296	155
560	310	280	154
547	310	292	150
550	308	292	153
553	310	286	152
552	309	288	151
550	308	290	151
552	307	287	150
556	305	280	152
545	304	289	151
547	301	287	151
550	299	285	152
552	297	285	152
551	296	289	151
554	295	288	152
564	296	281	151
564	296	285	149
578	296	275	147
568	297	287	148
565	299	292	146
561	296	296	150
570	293	285	151
570	291	284	152
560	290	292	153
564	286	288	155
564	283	289	155
563	277	290	156
563	274	294	157
562	269	296	159
569	264	288	159
564	258	294	163
565	255	292	163
563	251	295	166
563	247	293	169
567	246	289	169
572	244	285	170
584	245	273	173
589	243	266	175
578	245	276	176
576	245	279	179
582	247	270	178
562	249	292	178
576	250	279	180
573	252	283	179
567	251	293	182
571	259	282	177
571	254	293	183
577	259	292	181
586	262	290	176
579	279	301	160
590	281	297	158
593	288	299	156
602	294	291	150
607	295	288	151
609	298	287	151
612	301	285	148
614	304	270	148
615	306	260	148
612	307	253	149
612	310	240	150
616	311	229	152
619	312	224	152
619	313	226	157
619	311	229	158
617	309	233	154
623	306	231	154
622	304	234	157
627	302	230	153
627	302	230	147
629	298	230	150
628	295	232	150
633	293	227	148
635	291	224	147
626	290	232	148
632	288	226	148
634	286	226	149
637	285	225	153
640	286	222	151
639	284	223	152
638	283	222	154
636	281	223	155
636	281	222	157
639	280	214	154
634	276	215	156
633	274	214	155
630	269	215	158
624	266	219	157
622	261	223	159
615	258	227	161
618	255	224	160
625	251	216	162
618	251	222	161
621	246	220	164
619	246	222	162
622	246	224	165
621	245	229	166
612	249	237	167
613	250	237	168
606	253	243	170
616	256	235	170
622	260	229	172
619	263	232	170
614	266	239	173
621	268	233	175
627	269	231	174
618	271	239	172
616	270	245	173
613	270	250	173
620	269	245	170
623	264	242	173
625	259	245	175
634	254	236	174
631	250	242	175
631	246	240	177
632	241	234	177
634	238	231	173
621	232	244	175
630	229	232	175
624	222	239	177
629	219	236	177
622	216	243	176
630	211	235	178
637	208	227	178
634	205	241	176
640	201	242	179
639	198	246	181
632	197	255	180
632	192	260	183
636	190	265	181
639	186	266	183
647	181	263	186
652	175	268	189
658	165	271	193
669	162	262	193
675	156	256	194
679	147	249	198
688	142	241	198
694	131	237	200
706	117	236	205
720	102	228	206
722	86	222	207
723	73	214	209
728	64	209	212
731	63	203	211
728	59	202	212
721	53	206	215
725	51	204	214
740	51	205	217
753	58	210	219
767	65	216	221
772	72	215	225
754	84	217	221
731	95	210	218
713	99	194	212
700	96	185	213
691	89	186	214
684	78	184	218
678	68	181	221
670	62	182	221
668	57	179	226
665	57	180	225
665	58	181	225
665	62	181	225
668	68	180	224
669	72	181	225
668	79	185	223
667	84	188	223
666	87	191	223
664	88	194	222
663	92	200	221
665	92	208	222
675	93	213	222
676	92	218	224
673	94	226	223
673	95	229	224
674	97	235	222
676	99	239	223
681	98	242	225
684	95	249	226
687	93	253	226
687	92	255	224
684	93	253	224
677	95	249	223
666	99	248	223
658	104	243	222
648	109	240	219
639	114	239	220
634	118	237	220
630	124	235	222
630	128	232	220
628	131	231	218
628	135	227	217
628	139	228	215
626	139	229	216
628	136	226	218
631	134	229	217
635	129	231	221
640	126	233	222
647	125	231	218
652	124	230	215
644	113	230	224
642	112	250	221
638	113	263	219
636	114	270	216
635	111	271	218
633	110	275	216
632	110	278	215
630	105	282	220
636	102	276	217
635	97	277	219
641	93	271	220
641	90	273	221
643	86	264	222
645	84	257	222
643	80	257	225
648	73	248	225
648	63	244	226
653	58	232	227
658	51	220	227
661	48	214	225
665	46	213	226
666	47	217	222
663	49	222	224
659	53	229	222
656	58	235	219
650	62	240	219
645	67	243	216
640	67	249	216
637	69	255	213
635	67	258	212
631	64	261	212
625	64	264	211
621	62	267	207
619	61	271	207
618	61	273	202
611	61	276	198
609	60	280	198
608	57	285	196
607	55	293	196
608	52	298	195
605	49	300	204
602	47	301	212
597	47	306	205
595	44	310	210
598	43	310	214
594	40	317	208
596	36	316	210
592	30	322	222
585	25	322	226
584	19	322	229
583	15	339	230
587	9	341	232
582	6	352	231
581	4	357	228
583	7	363	222
581	7	369	218
581	1	364	219
577	0	362	219
571	0	358	216
566	0	351	215
562	4	345	209
557	7	335	204
556	4	322	209
550	0	315	210
551	0	300	209
543	0	297	209
544	0	287	209
543	0	278	211
543	0	267	212
546	0	261	215
546	0	264	216
546	0	266	219
546	0	267	218
543	0	269	222
545	0	269	221
543	0	274	218
542	0	276	217
543	0	277	213
543	0	278	209
539	0	283	202
538	0	286	197
536	0	291	193
530	0	300	191
529	0	304	190
529	0	305	195
525	0	309	199
518	0	313	208
508	0	315	215
498	0	319	222
495	4	321	222
492	9	325	220
492	11	328	221
490	13	333	222
493	14	333	222
496	13	337	226
503	14	336	227
497	15	346	227
500	19	347	228
500	24	348	226
500	29	353	224
501	37	353	221
498	39	355	222
496	42	360	216
497	41	357	215
496	41	360	213
497	40	359	209
499	37	358	209
500	34	353	207
500	29	357	209
499	25	359	208
502	21	356	206
500	16	354	207
498	10	352	211
494	5	350	215
492	5	348	221
495	3	345	224
496	3	340	224
496	3	330	230
496	0	337	234
493	0	343	235
501	1	343	237
500	3	348	237
504	5	350	238
505	13	350	231
503	20	360	228
504	24	365	227
506	27	370	223
506	31	380	217
510	39	382	205
513	37	385	202
518	37	385	195
520	41	384	186
520	41	377	182
513	38	377	182
510	33	369	185
508	30	358	189
502	27	352	189
499	24	339	189
492	21	330	196
486	18	322	197
486	15	315	197
480	12	318	196
474	8	322	203
470	6	324	202
467	4	324	199
464	0	327	200
462	0	331	196
466	0	330	192
468	0	338	188
473	0	342	184
476	0	349	185
479	0	353	181
483	0	357	183
486	0	362	186
487	0	370	183
487	0	376	185
489	0	384	185
491	0	390	179
492	0	394	181
495	0	401	178
496	0	406	180
497	0	411	184
496	0	419	183
495	0	420	188
492	0	419	191
488	2	422	189
489	1	422	188
493	0	425	185
499	0	422	183
506	0	421	178
510	0	420	176
511	0	422	175
513	0	414	175
515	0	414	174
519	0	415	173
526	0	412	168
533	0	408	165
539	0	416	165
544	0	399	161
546	0	387	162
552	0	368	156
554	0	373	155
555	0	383	155
555	0	392	154
558	0	405	154
559	1	416	153
563	1	425	149
566	1	437	146
566	3	449	144
565	3	454	148
564	3	457	153
561	1	459	161
559	0	456	168
553	3	452	171
552	10	446	170
549	24	438	165
550	35	424	163
550	48	412	158
549	55	401	162
550	62	387	166
549	68	371	174
550	77	351	179
548	86	337	183
547	96	319	182
542	105	310	183
534	120	307	181
529	133	305	182
521	148	302	180
516	162	299	180
512	174	299	178
508	185	301	176
504	196	308	177
502	205	310	173
504	211	315	172
506	219	319	172
505	225	325	172
499	231	331	170
495	237	336	169
492	241	338	170
487	244	345	172
491	249	347	173
493	251	352	178
496	257	354	177
496	264	356	176
502	273	356	171
512	274	354	172
518	281	349	164
528	283	334	157
534	284	319	152
536	285	293	146
533	289	278	138
533	290	267	134
534	295	271	126
541	293	276	127
546	294	287	126
553	293	296	126
559	298	307	118
567	307	315	109
578	313	323	102
589	320	331	104
598	326	331	112
609	331	327	124
619	335	317	133
633	336	302	144
647	334	286	154
655	331	265	158
663	326	245	162
671	321	226	162
674	315	222	160
677	309	217	157
668	304	218	151
662	298	220	144
654	292	226	137
650	286	227	132
645	280	232	128
639	274	237	127
637	270	243	122
635	265	249	120
631	261	255	117
632	257	260	119
632	255	264	115
631	252	269	115
630	250	273	115
630	249	277	115
630	247	279	115
632	246	282	115
635	246	283	115
637	246	284	115
637	246	286	112
640	245	285	112
642	245	285	113
647	244	283	109
650	243	285	109
653	243	282	107
654	241	281	107
656	239	279	106
656	237	279	105
658	236	278	106
661	234	274	106
660	231	272	105
660	227	272	107
659	224	272	106
664	218	270	107
667	212	270	109
671	205	270	112
666	199	277	117
671	196	273	118
674	191	271	122
676	189	274	122
678	187	273	125
678	186	274	127
685	186	268	128
683	186	271	128
684	185	268	133
681	188	269	129
679	187	268	132
678	186	269	135
675	189	270	134
673	191	270	132
674	192	266	134
672	194	263	134
669	195	266	134
666	193	266	137
665	195	264	136
665	194	266	135
668	192	263	136
668	191	263	136
668	189	264	135
666	187	266	135
669	183	263	137
670	181	265	136
670	180	267	135
673	178	268	138
677	177	267	136
678	179	267	137
679	178	266	139
678	181	267	137
681	182	263	138
683	188	263	134
685	190	262	137
687	195	261	133
688	196	258	135
688	198	255	136
688	201	252	136
689	203	245	135
689	205	244	133
689	208	240	131
689	206	237	132
685	209	233	129
684	209	230	129
682	207	229	129
683	205	226	128
683	204	224	128
684	200	221	129
685	194	220	132
687	190	218	134
690	188	217	136
696	184	215	137
701	179	215	141
707	175	209	143
713	172	206	145
716	169	203	148
720	167	202	150
721	168	199	151
724	167	194	153
726	172	193	149
720	167	195	156
718	168	195	156
709	172	198	151
707	174	199	151
705	173	203	151
699	177	206	146
691	177	210	144
686	181	210	139
681	183	214	134
678	188	214	127
676	192	212	120
674	190	210	121
673	185	210	125
674	181	209	127
676	177	204	132
676	177	199	135
680	177	191	138
681	176	188	143
689	175	180	145
692	176	172	148
693	179	165	148
696	181	157	150
700	182	149	155
702	185	142	154
717	186	121	152
712	186	127	155
713	185	128	155
714	184	128	156
714	182	128	157
715	180	129	156
715	178	131	157
717	176	130	158
718	175	132	153
720	172	132	154
721	168	129	155
713	166	131	154
705	158	132	157
703	151	129	155
703	143	129	154
707	134	128	154
709	128	130	153
707	124	134	151
708	118	140	152
714	114	146	150
716	111	148	152
718	114	154	149
717	115	157	148
715	121	159	142
714	125	162	140
713	132	163	136
708	137	167	133
706	144	170	130
704	151	168	131
703	157	168	131
702	165	170	138
696	172	168	139
696	180	165	135
693	188	164	133
691	194	163	136
691	198	161	134
691	204	159	130
690	207	160	129
692	210	161	131
695	213	156	129
695	214	154	127
693	215	154	128
690	213	152	128
693	212	148	126
690	209	145	125
688	206	143	127
691	202	140	127
693	199	138	126
698	194	135	126
697	189	135	125
698	181	135	132
701	175	126	128
704	173	123	124
705	164	121	126
707	159	119	126
706	160	129	122
703	162	133	116
703	161	135	115
704	145	141	128
704	145	142	126
702	144	146	124
701	145	149	121
701	149	151	116
698	152	157	114
694	158	158	109
690	162	160	102
688	165	159	100
684	166	156	98
679	166	152	100
677	165	148	102
675	163	142	104
674	162	140	103
676	159	131	103
676	154	126	105
680	151	119	104
680	148	117	104
685	144	110	104
689	141	106	104
693	138	100	104
692	134	100	105
693	130	100	105
697	127	98	105
701	124	99	104
704	124	102	102
705	125	104	101
705	125	105	101
704	127	107	99
703	130	108	98
702	132	111	98
702	135	112	97
703	136	114	96
704	140	116	95
703	142	117	93
702	145	115	95
697	149	117	93
693	152	119	94
687	158	121	92
681	161	127	93
682	166	127	91
680	170	129	93
677	175	130	91
673	182	134	92
672	189	132	91
671	196	131	91
667	205	130	91
659	217	130	90
655	229	128	88
651	240	121	87
645	247	118	89
639	257	117	87
639	262	112	88
632	263	110	89
627	263	110	88
628	262	108	89
628	257	108	91
626	251	111	92
632	244	103	87
634	241	103	83
636	226	102	88
637	224	98	79
640	222	95	76
640	207	101	82
642	204	101	84
637	203	109	82
639	205	112	80
641	208	118	76
640	215	124	70
642	222	126	67
644	225	127	68
648	231	124	69
655	234	115	70
654	241	112	70
655	248	107	71
656	255	96	71
649	260	93	71
648	265	86	71
644	268	82	71
640	270	79	71
637	270	72	72
636	271	69	69
632	270	70	71
629	268	69	71
628	266	69	70
631	263	69	70
629	259	72	70
629	257	74	70
625	252	81	68
633	248	81	67
640	245	80	64
643	241	82	64
639	239	91	64
638	239	94	61
638	238	95	59
634	238	100	58
634	239	98	59
634	239	98	63
634	241	97	58
633	243	97	58
632	246	99	56
633	249	101	56
634	251	100	56
634	252	99	55
634	252	102	58
631	252	104	56
630	249	103	56
631	247	105	56
632	245	102	55
640	242	95	54
657	239	89	54
660	237	86	53
643	225	108	63
647	219	102	65
651	226	102	56
653	224	108	57
657	223	107	57
662	208	104	73
666	216	100	70
669	221	101	68
668	223	100	68
671	228	98	67
674	231	90	65
675	233	85	66
674	233	87	67
676	234	89	67
676	233	83	70
670	234	83	70
669	236	83	70
664	239	84	70
661	241	76	71
659	244	80	71
659	248	81	71
658	253	81	69
657	258	82	69
657	261	81	71
657	268	84	70
655	273	83	71
654	280	86	72
655	290	85	66
653	297	83	67
651	306	88	66
648	314	91	65
647	322	87	65
646	329	88	64
643	338	89	62
641	344	88	62
641	348	84	64
636	353	86	60
639	353	79	62
632	357	83	55
637	357	79	55
636	356	78	55
636	354	76	54
639	349	72	48
639	346	72	49
637	341	75	47
637	336	76	47
639	331	75	46
639	328	75	41
640	325	76	41
643	323	76	39
639	321	81	40
639	320	87	41
638	319	87	40
637	318	88	40
633	318	90	41
631	317	93	43
633	317	91	46
638	316	83	46
641	316	88	48
645	315	91	48
653	315	87	50
658	314	85	52
661	309	83	47
664	311	78	44
664	307	80	44
667	307	77	38
669	304	75	37
670	301	77	37
672	299	75	37
673	297	74	37
671	294	78	44
665	291	78	45
656	289	83	43
656	288	82	42
653	289	79	41
637	289	86	40
639	289	75	38
627	290	79	37
625	289	79	33
627	286	74	35
623	283	71	33
619	279	71	33
615	275	72	32
607	272	80	32
606	267	75	32
590	263	81	33
574	259	82	33
558	255	81	34
546	250	70	34
520	246	83	38
508	241	85	40
488	238	97	41
478	233	100	41
467	231	100	43
456	228	103	45
454	223	104	50
448	220	108	51
449	214	103	56
449	209	99	59
453	204	94	59
458	198	89	61
468	191	81	64
472	188	79	64
478	182	73	65
479	179	71	63
477	176	70	63
479	176	66	63
469	177	76	57
467	180	77	58
470	184	75	57
473	188	74	65
476	194	71	68
477	202	75	67
479	210	74	67
480	216	73	69
480	222	77	70
479	226	78	72
484	230	73	75
482	234	77	71
480	236	79	73
482	238	77	74
478	241	77	75
475	243	77	75
467	246	76	74
458	250	76	71
449	255	79	68
449	258	80	68
455	259	79	64
455	258	80	60
462	260	75	55
470	264	73	56
480	268	73	54
490	270	71	55
493	271	73	56
493	271	73	56
489	272	72	57
493	272	70	56
505	275	67	54
518	277	65	56
527	282	61	54
533	285	62	54
533	288	65	56
539	293	61	56
541	299	59	52
539	304	63	55
533	308	66	57
532	312	64	57
531	316	63	57
531	320	63	56
534	325	62	57
541	328	61	56
544	331	64	57
544	332	65	58
545	333	64	58
543	333	66	60
537	334	68	61
528	336	74	60
526	335	75	62
523	334	75	66
526	335	68	65
524	336	64	66
519	337	62	64
518	339	59	65
518	341	57	61
517	342	57	63
514	342	59	65
514	345	58	63
519	344	58	67
524	348	55	71
523	350	60	71
523	350	60	67
526	351	57	63
526	354	50	60
523	358	48	52
520	358	47	55
517	361	49	54
517	365	52	53
517	367	56	53
526	369	52	52
534	372	50	47
537	376	51	49
539	379	52	60
544	377	54	59
543	380	60	54
544	381	58	55
