402	320	261	304
404	314	259	303
407	314	260	302
408	314	261	300
410	315	262	300
413	316	261	298
413	318	261	295
415	318	261	301
417	319	261	296
418	321	262	295
419	320	262	296
420	321	264	294
419	324	267	293
421	324	267	290
426	327	270	286
430	328	271	282
432	330	278	282
436	330	278	279
442	331	274	280
445	336	278	275
450	337	280	274
453	337	285	273
458	337	287	269
460	336	292	274
462	335	298	277
461	333	304	275
450	331	322	272
435	327	343	274
418	325	364	283
416	322	378	284
412	322	394	284
419	324	388	281
437	327	376	275
451	327	374	276
467	326	361	275
468	328	367	275
479	330	360	269
488	336	360	258
495	334	352	261
510	336	348	255
520	334	346	251
525	327	348	260
530	326	345	261
532	324	349	260
530	325	357	256
529	323	364	259
534	323	365	262
533	325	372	263
534	324	377	270
537	324	378	272
542	326	378	268
543	324	382	266
553	322	378	265
551	320	382	270
548	319	390	273
543	319	397	270
534	317	409	267
539	318	405	271
545	315	399	281
556	313	392	283
584	309	369	292
612	311	343	292
620	311	338	296
621	310	330	298
628	308	327	300
626	303	328	300
635	300	322	301
632	299	319	295
633	294	310	300
636	296	297	301
639	296	294	295
627	300	298	297
662	303	255	294
626	311	293	285
664	306	251	289
685	308	228	287
690	303	218	282
691	298	216	287
698	296	207	291
702	294	198	289
702	292	194	282
715	287	178	285
717	281	174	291
730	278	156	290
737	277	144	287
741	279	138	284
745	281	133	282
749	284	129	283
753	285	128	283
758	286	126	282
762	287	122	280
769	286	118	279
772	285	116	275
777	281	116	273
784	279	111	274
788	277	109	275
787	278	114	272
787	280	122	272
787	279	128	277
787	278	131	281
785	279	135	282
785	280	138	277
783	283	144	269
779	283	150	267
779	283	155	263
779	280	160	263
776	276	166	263
775	275	185	264
773	273	204	262
770	272	216	261
773	267	231	262
776	264	255	262
777	260	264	263
776	259	245	263
779	257	228	259
780	256	222	263
781	257	216	262
782	259	212	250
783	262	213	245
782	263	212	241
781	264	204	240
779	267	203	235
777	270	204	234
772	271	207	231
771	272	209	232
768	274	213	229
763	273	216	230
759	274	219	228
755	274	224	229
748	273	231	224
747	269	237	231
742	266	240	226
736	264	258	225
735	264	272	228
736	262	278	227
727	261	283	222
724	260	272	220
721	258	268	222
715	260	263	218
714	260	257	221
713	260	255	218
711	258	251	219
710	258	248	218
708	258	250	217
706	258	246	216
704	257	245	215
703	254	237	218
701	254	236	215
699	253	219	212
697	251	210	209
694	251	204	205
691	253	202	202
692	251	198	203
691	252	194	199
691	253	190	196
699	252	180	194
710	250	169	195
719	249	162	190
723	248	161	190
725	242	163	194
728	237	168	199
727	232	181	205
725	228	180	207
726	224	153	210
725	224	139	210
725	226	120	208
726	226	117	206
725	228	116	204
722	237	115	200
718	240	117	196
711	243	119	191
703	248	123	185
700	251	125	176
700	253	125	169
694	253	132	169
689	254	139	165
679	249	152	165
673	251	163	164
669	251	174	164
662	248	178	168
659	247	178	170
653	246	173	168
648	245	173	165
644	245	168	165
639	244	162	165
634	247	164	163
630	248	161	166
628	249	160	164
626	252	158	160
621	253	160	159
618	254	157	161
614	256	157	160
610	257	159	158
608	258	160	157
606	259	156	156
603	260	153	149
603	258	151	150
602	259	154	149
600	258	158	148
598	258	160	145
598	259	164	142
598	262	172	136
599	263	176	134
601	263	182	132
602	264	191	131
605	265	200	129
610	263	198	130
614	264	185	130
618	265	174	129
623	267	165	127
627	266	159	122
630	266	151	119
629	263	146	120
632	265	138	119
632	267	130	116
637	269	117	115
640	269	113	116
644	272	110	116
646	276	111	114
646	281	110	115
651	284	110	113
640	284	126	116
613	285	155	115
599	291	161	115
588	302	160	115
583	301	156	114
586	301	156	116
580	301	161	118
567	320	163	116
550	325	169	115
545	323	176	115
547	319	182	116
551	316	186	116
547	319	193	114
540	322	193	111
538	320	197	111
533	326	201	105
518	334	203	111
507	339	209	105
514	339	203	106
506	357	199	117
487	374	202	118
486	376	175	112
497	373	175	111
492	398	124	90
487	412	172	73
490	413	117	55
500	407	116	47
500	396	118	49
496	390	113	46
498	379	117	55
504	395	119	44
506	396	120	42
511	395	147	47
521	314	111	142
525	348	119	95
517	290	131	155
512	294	129	149
475	289	174	148
460	324	164	105
452	282	164	145
434	281	183	142
423	302	185	118
416	339	186	79
413	339	186	76
407	304	186	109
417	337	187	72
426	331	183	73
422	328	184	77
418	327	186	85
424	331	189	87
429	335	188	89
435	329	186	94
441	332	177	94
446	335	175	94
455	343	197	96
461	344	162	97
467	332	145	94
476	322	158	96
480	319	166	99
485	316	170	100
487	301	167	101
486	292	169	104
483	283	169	106
477	257	169	106
480	260	169	105
478	258	167	104
470	261	169	104
461	269	164	106
454	272	161	111
453	290	154	111
457	305	146	107
461	312	135	106
468	316	124	104
477	319	124	101
488	318	123	101
498	315	126	100
505	319	125	99
509	324	121	98
511	328	118	97
510	332	115	96
509	337	114	93
508	339	115	91
507	341	114	91
505	340	114	92
504	338	105	95
486	287	95	148
500	338	85	93
504	335	82	92
491	330	95	86
479	326	103	94
469	322	108	104
444	312	127	141
430	310	137	157
421	307	146	165
417	285	63	184
400	266	64	195
400	252	65	201
379	231	73	217
369	213	74	227
359	212	79	239
345	238	217	250
319	231	235	279
296	238	249	275
280	249	256	264
273	258	253	250
274	235	236	271
279	265	217	241
293	256	203	240
295	233	225	267
335	254	154	245
353	246	96	239
368	255	99	231
360	271	101	228
350	326	123	190
347	349	121	177
341	205	127	324
358	218	125	299
406	240	96	251
425	248	78	236
454	265	67	204
467	275	62	187
483	279	51	173
484	281	50	172
482	281	57	174
495	285	69	160
496	286	57	160
496	286	57	159
496	288	61	156
495	287	69	156
496	323	58	122
493	320	66	122
491	292	68	148
492	317	70	125
492	291	69	162
492	315	67	131
474	292	77	177
477	283	90	165
481	273	88	183
488	283	82	175
493	272	75	192
493	282	71	176
485	288	76	156
493	285	67	166
473	286	73	166
477	280	76	156
479	283	67	151
481	285	64	144
482	283	68	146
479	283	75	146
477	273	167	169
465	261	188	214
464	260	194	201
464	249	199	206
463	266	204	239
465	273	209	184
462	277	219	242
465	286	220	193
468	292	224	235
471	302	225	202
457	308	242	177
454	307	247	177
451	309	253	170
455	314	250	164
512	314	198	166
497	311	225	177
478	315	248	180
487	317	239	182
465	302	262	194
501	290	233	192
510	273	231	188
452	258	294	195
477	260	273	202
507	272	239	196
524	277	217	195
548	297	184	193
507	307	218	188
520	302	194	192
516	301	199	195
522	288	188	199
477	258	223	210
487	241	205	205
444	204	246	202
456	176	256	220
490	164	238	217
508	174	230	218
515	185	222	221
520	197	216	219
509	212	221	215
490	211	229	214
493	204	231	212
507	208	240	214
514	217	228	214
500	230	240	219
504	240	246	218
520	239	247	220
534	242	246	222
534	245	242	223
536	254	242	222
546	254	239	222
557	259	235	223
567	270	229	220
574	272	226	217
579	278	222	217
589	281	223	214
600	282	222	215
608	287	214	216
616	292	212	216
627	292	209	217
629	300	207	218
629	305	208	218
632	295	208	223
638	286	207	225
634	282	206	222
627	283	208	223
626	285	206	220
632	284	202	222
634	289	198	218
637	284	195	218
642	285	192	221
649	283	190	215
656	278	190	215
657	277	190	213
661	271	193	210
666	265	192	217
664	269	200	216
665	272	196	221
670	275	191	222
680	277	179	226
693	280	170	225
704	282	165	226
708	285	168	226
709	293	166	226
712	298	164	223
718	296	164	223
720	297	170	219
721	296	171	221
725	300	170	216
726	308	169	214
729	309	169	214
733	311	168	211
734	309	165	215
735	306	162	219
724	304	173	217
711	301	185	235
696	297	200	249
681	296	216	248
676	292	220	248
682	293	217	249
692	292	211	247
702	292	205	250
711	293	200	254
724	294	191	246
738	296	182	254
749	299	172	247
750	301	173	246
753	299	171	242
757	296	167	248
760	297	159	241
760	298	153	253
756	296	153	263
764	294	142	263
769	292	137	275
770	292	133	275
771	294	130	276
771	297	130	276
777	301	129	275
780	301	128	274
778	305	129	275
779	309	127	272
781	312	127	270
782	319	125	267
781	322	125	267
781	323	124	263
785	322	124	264
788	319	124	266
790	316	125	275
791	307	124	281
794	300	124	292
797	298	124	296
796	295	128	300
794	294	130	301
790	294	134	302
788	292	140	303
785	294	145	303
783	294	149	300
779	294	154	301
775	293	158	300
771	294	163	300
768	296	168	299
766	296	173	301
761	295	181	302
757	296	189	301
752	296	196	302
746	293	203	306
744	288	207	314
741	284	212	334
741	282	217	338
740	276	218	349
739	268	217	363
737	262	218	368
738	257	217	375
739	255	215	377
739	252	213	379
743	250	209	385
751	247	204	385
755	251	196	391
761	254	187	391
771	254	176	388
778	254	170	385
784	261	159	383
790	265	148	379
786	275	142	373
765	280	159	369
743	280	177	364
722	275	190	364
739	272	170	363
762	259	151	368
757	252	160	368
749	250	165	370
739	255	175	371
730	256	204	373
727	261	220	379
718	268	194	372
705	277	211	368
692	281	229	369
684	284	246	369
675	288	260	367
668	293	274	361
662	300	289	359
656	307	298	358
643	315	312	355
626	318	333	356
614	319	345	358
603	318	358	364
598	318	365	362
586	315	380	367
574	315	389	369
567	315	397	365
540	314	416	360
515	316	436	356
494	322	461	347
454	330	504	340
427	332	533	333
444	327	516	336
471	319	495	339
486	309	483	342
515	301	455	347
522	289	449	351
538	282	437	354
544	275	432	356
543	271	438	363
539	272	444	359
537	272	448	359
545	271	441	359
564	272	420	367
590	272	390	365
606	269	370	370
614	271	356	362
631	268	319	374
632	262	299	384
640	259	279	389
641	261	270	385
643	260	272	388
639	261	282	397
638	266	289	385
645	273	281	376
664	276	270	368
696	284	230	365
722	289	205	358
753	290	172	342
766	289	156	346
771	298	145	341
770	303	139	330
770	314	140	321
768	320	148	318
767	320	149	318
763	318	151	318
760	318	152	318
753	309	149	317
749	291	151	322
737	278	151	309
727	267	154	306
720	264	155	297
715	270	153	291
703	278	159	283
714	284	152	276
719	286	153	276
727	288	154	263
728	287	162	274
735	285	160	275
735	284	162	275
736	280	161	275
744	278	159	270
746	271	158	275
746	271	157	271
747	270	159	261
751	262	158	260
750	256	158	270
750	257	156	269
742	254	165	270
743	254	164	272
745	252	163	270
746	273	163	239
753	282	155	229
736	280	172	226
739	270	169	233
739	273	173	218
734	282	182	211
747	289	166	202
737	292	175	205
731	303	177	194
728	310	176	190
723	314	178	183
727	312	172	181
725	316	169	174
719	318	169	171
710	311	171	172
708	306	160	170
693	290	170	176
671	287	187	177
632	243	219	220
631	245	217	216
629	248	220	214
625	251	217	209
624	257	212	210
681	309	154	159
682	319	151	153
693	333	130	148
696	341	114	135
604	271	209	196
600	270	219	200
585	273	232	199
566	277	241	197
562	286	231	201
561	294	214	171
558	312	216	170
549	329	201	154
549	339	165	144
555	350	151	134
555	345	149	137
557	345	170	149
562	345	171	150
573	343	188	155
572	346	193	151
573	346	194	153
573	351	192	152
573	356	196	150
582	353	205	152
584	354	199	152
576	353	211	154
586	351	211	151
579	348	227	147
567	347	247	146
554	352	261	144
544	356	236	141
542	354	225	141
540	353	216	143
542	350	205	145
543	345	200	149
540	341	200	149
530	340	206	149
523	342	209	148
517	343	214	140
510	340	213	140
503	343	215	138
496	343	215	138
490	344	215	138
482	343	220	142
473	340	230	141
458	339	244	142
448	341	252	138
434	347	261	135
423	352	264	134
419	357	261	132
418	360	252	130
421	357	249	132
429	357	246	134
437	355	244	134
443	348	242	141
447	342	241	147
453	335	240	149
460	328	238	154
462	322	236	156
463	319	232	155
465	315	228	154
465	310	223	158
463	306	219	157
457	301	218	158
451	297	210	158
445	294	205	159
438	292	205	160
434	293	205	157
430	296	201	154
427	296	200	151
428	291	201	151
428	287	197	151
427	286	194	149
423	287	191	150
424	290	189	152
426	290	187	154
433	285	185	153
443	278	182	154
450	270	180	157
450	269	173	156
453	257	173	159
459	255	172	159
462	262	169	156
463	271	163	155
475	271	160	153
471	256	160	159
472	252	159	159
476	267	156	157
463	272	158	163
468	288	143	158
476	292	134	159
483	292	127	162
486	305	120	158
486	308	118	157
483	314	115	156
476	310	115	155
471	310	112	155
467	321	111	154
463	321	109	154
460	319	109	154
457	325	108	152
456	315	104	151
449	308	105	154
437	304	103	158
435	289	101	160
430	278	101	160
432	271	99	163
437	266	97	161
439	262	96	161
438	258	96	161
449	252	92	158
463	243	93	158
468	246	93	160
468	248	93	160
480	256	87	157
490	255	83	159
497	259	86	157
501	266	90	156
501	272	91	158
495	284	95	159
489	289	96	161
484	295	98	165
471	295	100	170
460	295	101	175
454	295	102	179
450	294	102	182
449	296	102	184
450	294	102	184
447	292	103	185
445	292	104	184
447	291	105	184
448	288	106	181
450	288	106	183
451	289	107	183
453	288	108	182
457	289	109	183
459	291	109	179
461	293	109	179
461	295	114	174
449	295	131	174
442	295	141	175
439	293	151	175
434	290	164	180
428	290	177	181
434	289	181	184
460	288	164	184
481	289	156	185
484	288	157	193
486	288	157	199
488	293	156	194
490	299	157	187
486	308	157	179
478	318	168	172
473	326	177	165
470	332	191	161
449	334	208	162
442	346	228	157
464	352	205	160
477	357	188	153
486	359	194	152
496	362	204	159
498	365	195	158
494	365	189	156
497	364	176	154
494	363	176	151
485	366	166	152
477	367	171	159
468	365	188	160
464	367	235	159
454	366	229	159
451	361	225	165
454	339	215	187
470	361	201	173
483	359	196	166
484	288	190	238
487	274	174	248
493	282	181	239
498	266	190	256
502	277	183	243
507	312	184	206
508	274	217	240
512	283	228	235
516	291	230	232
517	297	237	234
519	308	242	226
520	318	247	211
524	330	252	201
523	338	259	201
518	341	265	193
512	339	271	187
513	331	272	191
537	322	245	200
508	316	268	204
530	309	239	206
515	305	249	211
532	301	220	220
517	305	230	206
567	309	179	199
563	309	187	198
565	312	188	196
567	312	191	195
609	315	171	193
596	317	182	198
607	323	170	191
608	326	174	187
599	331	191	181
601	338	199	174
621	341	190	171
623	348	198	168
628	351	195	166
631	352	191	171
633	351	192	171
634	349	189	174
631	348	191	173
632	344	191	177
628	339	193	181
623	335	197	184
624	332	191	185
625	327	181	188
630	323	178	188
643	322	162	190
649	318	158	190
642	315	170	192
635	310	175	197
628	311	176	196
621	311	173	196
614	317	177	190
646	318	145	186
612	318	174	187
608	315	172	190
610	313	162	192
616	307	146	198
622	306	135	203
619	299	129	211
610	297	133	213
605	295	134	217
600	298	136	215
599	294	138	216
610	295	136	217
620	302	136	212
637	302	131	213
648	303	127	209
653	304	118	209
655	310	112	207
651	314	115	200
648	317	117	198
642	322	121	193
631	324	134	190
624	323	143	192
639	324	127	194
665	324	110	196
662	323	134	197
661	317	150	204
661	315	156	210
664	316	152	208
668	320	146	203
672	326	135	198
686	336	119	189
698	336	109	191
696	340	108	188
688	340	114	189
682	340	114	185
676	339	113	184
682	331	110	192
687	319	108	205
673	313	113	211
649	300	132	227
642	290	142	234
641	280	144	242
653	273	132	248
662	267	122	252
657	260	126	259
657	258	126	261
657	253	113	269
653	241	112	277
646	234	105	284
647	228	103	292
647	220	109	298
647	214	118	304
648	212	125	308
647	215	132	307
646	225	137	299
644	237	145	293
651	241	146	287
648	244	154	284
650	251	151	282
647	257	151	275
646	264	151	268
640	273	157	250
639	284	161	240
647	298	165	236
655	317	169	221
655	328	173	206
650	339	181	194
648	352	186	178
648	361	189	167
650	359	188	172
649	355	190	176
653	349	176	183
664	340	163	189
685	330	139	196
697	325	125	202
697	322	121	208
697	323	130	208
688	327	159	205
680	326	167	201
657	326	180	199
649	326	188	195
648	333	183	193
651	337	163	193
675	340	144	191
687	343	135	189
681	345	135	188
682	345	138	182
688	345	137	183
699	348	123	186
705	349	117	186
706	349	121	186
706	348	126	190
709	346	138	194
713	343	134	201
713	344	134	201
713	343	134	201
746	318	145	224
739	318	150	224
768	299	160	239
769	291	163	241
770	279	160	251
772	272	160	257
772	275	159	251
769	279	161	241
766	277	159	249
752	276	169	247
745	275	171	248
740	277	188	251
734	274	200	258
724	268	215	264
719	279	218	257
708	298	219	242
693	308	204	237
684	311	222	236
670	314	245	237
661	332	255	222
654	330	265	228
650	325	258	236
649	331	255	232
647	338	251	229
648	345	248	225
646	353	264	221
644	355	288	229
633	358	297	229
623	347	304	236
614	342	292	241
606	339	286	241
595	330	290	250
596	324	282	254
598	319	274	257
605	313	266	261
615	311	237	267
617	310	238	270
619	313	244	271
614	306	257	281
608	312	271	278
594	319	302	277
591	311	291	288
581	317	274	281
570	327	278	271
552	344	291	252
532	343	307	254
518	341	318	255
501	336	341	259
495	327	351	267
485	335	371	260
485	332	379	264
456	329	391	269
474	322	374	282
488	319	325	287
488	319	303	288
485	323	287	279
478	325	281	275
465	326	273	276
459	325	283	280
455	323	280	281
457	320	267	283
459	323	259	279
468	332	251	271
465	336	263	266
463	341	284	262
465	340	287	265
462	343	281	265
448	343	289	279
449	338	256	288
450	337	223	295
442	336	222	300
425	337	197	302
404	338	208	301
398	342	187	295
402	340	181	297
406	342	171	295
380	346	180	290
400	348	145	291
412	343	126	288
410	337	124	295
409	333	127	295
404	334	134	287
398	328	142	284
390	319	147	292
382	319	153	286
372	320	156	282
365	318	159	277
344	317	175	281
335	319	180	279
326	313	185	283
316	309	188	285
302	300	192	293
293	293	188	297
282	284	186	303
270	278	179	307
260	274	176	310
236	272	195	311
196	274	231	310
173	275	244	304
176	274	241	304
192	278	218	302
200	276	207	304
207	276	205	303
218	276	199	300
236	277	186	298
244	278	171	297
248	277	155	297
250	278	156	295
248	278	172	293
250	282	160	288
249	283	142	288
248	284	118	286
246	287	121	281
247	287	120	274
248	289	118	271
248	289	118	270
239	293	123	267
204	296	153	264
165	297	187	262
159	300	193	259
152	303	195	259
163	304	179	257
188	304	151	255
205	304	128	255
206	303	122	255
211	301	116	253
208	300	114	252
203	300	114	252
201	300	112	251
203	300	109	249
200	300	124	250
192	298	149	251
184	300	158	250
179	300	165	250
175	301	156	250
174	306	136	246
174	305	121	253
178	306	107	253
181	301	103	253
181	301	104	251
176	299	107	252
175	295	113	249
161	292	130	249
155	293	137	245
128	294	169	239
122	291	180	238
122	293	192	236
129	294	194	235
145	297	189	234
169	301	170	232
189	307	155	233
203	310	142	232
205	316	147	227
212	319	149	225
217	322	154	223
220	325	158	220
224	332	163	211
228	337	168	204
230	341	172	201
229	343	178	198
232	345	182	196
234	346	188	195
239	344	192	194
246	346	198	194
246	348	204	192
244	348	214	191
235	343	231	192
224	339	250	192
212	336	267	193
201	335	285	191
193	334	297	183
195	332	301	180
206	329	298	179
212	327	296	177
223	326	292	175
231	325	290	174
239	320	289	174
247	308	289	168
262	284	293	177
278	276	295	175
277	280	298	181
274	288	297	181
271	306	296	180
246	331	303	179
220	355	303	179
239	343	292	162
252	331	276	170
251	350	273	164
239	348	279	168
239	364	277	166
239	362	277	168
241	360	279	170
238	352	278	166
238	350	281	173
245	356	284	171
262	375	280	167
266	394	284	169
275	409	283	169
283	413	291	168
300	413	288	163
315	403	286	151
324	386	285	154
323	379	292	155
316	368	300	155
309	360	309	156
310	352	313	160
312	349	317	161
313	345	319	165
317	343	318	163
317	344	318	162
316	344	319	161
325	346	314	161
329	347	309	161
335	350	302	160
340	351	297	162
345	350	294	156
351	351	289	157
356	351	282	159
360	351	271	157
364	352	261	156
371	352	250	157
374	352	247	157
377	349	248	158
379	347	238	158
383	345	239	162
389	344	228	158
395	345	222	157
397	345	223	157
398	345	227	158
399	346	226	157
401	346	270	157
402	349	276	154
405	348	281	155
410	349	286	156
417	348	282	156
422	346	282	157
427	344	285	156
429	341	285	160
433	340	293	159
437	339	294	163
440	341	269	159
444	340	283	162
448	341	240	156
449	340	281	161
450	340	251	158
452	338	226	156
456	336	259	160
462	336	212	159
464	334	238	160
466	332	233	157
470	333	226	156
475	331	231	157
481	333	229	156
486	327	234	163
490	330	210	159
490	326	210	160
493	325	203	163
497	327	207	162
502	329	258	162
500	323	211	168
505	343	256	148
506	314	231	174
512	365	253	137
518	346	250	155
521	374	255	129
524	376	254	129
525	381	252	132
529	394	253	128
561	392	229	136
576	404	219	152
608	404	188	123
587	392	214	160
568	401	237	164
582	396	224	154
559	393	252	144
555	392	258	160
548	388	265	151
548	384	268	153
558	387	265	156
543	380	275	145
534	377	278	146
529	374	279	148
531	375	277	145
538	375	278	146
542	364	277	147
549	348	268	163
549	342	263	166
550	341	261	165
647	339	169	171
584	347	232	162
637	343	182	168
609	342	212	167
635	340	192	169
615	339	218	171
636	339	204	173
635	339	209	171
609	339	238	173
635	339	216	171
634	339	221	175
637	337	224	179
642	335	227	180
643	335	231	186
648	333	229	192
648	334	227	194
648	335	229	196
647	338	231	197
643	341	234	196
640	344	241	195
639	345	244	195
637	346	246	191
637	351	244	188
633	353	244	190
638	349	240	193
646	348	236	196
656	348	230	199
670	346	217	204
672	345	217	204
663	345	225	205
662	341	222	207
667	341	217	207
665	340	218	206
665	341	216	207
667	340	210	207
664	337	204	211
666	334	194	211
670	326	182	220
671	320	174	228
670	315	170	241
672	312	166	246
677	311	160	248
693	310	146	246
705	308	135	248
713	308	129	251
716	308	125	248
720	309	122	246
723	312	122	249
726	314	121	242
734	315	116	244
742	314	110	248
743	316	112	250
745	317	112	255
746	316	113	265
747	315	113	266
747	317	113	267
748	317	113	266
750	319	111	265
751	319	110	264
751	322	108	262
750	326	109	259
745	333	114	250
744	341	113	245
744	349	116	236
728	353	135	232
732	353	134	238
730	350	153	238
725	336	178	251
716	323	212	273
711	352	231	241
708	338	237	252
701	297	226	299
684	286	223	308
669	289	229	307
653	294	233	299
638	294	237	298
630	298	239	298
626	316	243	283
621	330	250	275
617	342	257	276
615	358	262	261
608	375	272	246
597	392	277	231
593	394	272	227
590	395	265	228
588	396	262	226
588	394	259	224
584	387	254	231
577	382	255	231
568	376	265	238
556	378	279	237
541	377	299	239
522	377	323	245
507	375	352	249
501	373	358	252
483	358	343	271
469	353	351	276
454	354	350	279
446	354	349	282
463	356	327	272
477	352	312	275
472	348	323	283
474	346	325	288
473	356	327	278
491	385	320	255
503	359	319	273
515	354	318	273
514	350	339	275
514	350	348	272
517	349	340	268
528	347	322	265
533	340	298	272
530	335	286	277
529	334	278	272
526	329	279	275
510	329	277	276
496	325	280	279
479	324	278	282
463	325	262	279
454	321	241	281
448	322	233	279
457	323	219	276
462	321	210	273
472	325	180	277
465	328	174	278
469	330	158	282
467	333	147	275
464	334	141	275
460	335	146	268
453	335	149	274
442	332	132	276
419	328	141	279
412	325	135	286
404	322	139	288
397	319	140	293
390	316	138	294
382	315	129	293
374	316	112	289
361	317	109	285
344	316	117	285
335	313	119	289
322	309	123	291
318	306	124	291
314	305	122	292
312	304	121	291
310	306	116	288
306	311	113	282
305	313	111	279
305	316	108	277
304	319	104	275
303	323	101	272
300	327	99	267
296	332	99	263
291	337	98	256
288	341	97	254
284	348	100	244
282	351	103	240
279	353	110	236
277	357	113	231
280	358	110	225
279	360	108	219
277	366	109	211
275	367	110	209
273	362	105	212
274	361	98	210
272	362	98	211
272	362	98	210
275	360	101	209
276	360	104	209
277	359	107	209
279	358	115	208
280	358	122	205
279	357	126	205
275	354	133	200
257	352	151	197
242	351	169	195
230	349	183	195
218	347	199	195
205	346	221	197
205	343	229	202
213	333	227	211
222	327	219	219
229	330	214	215
238	339	210	205
246	349	207	194
250	350	215	180
256	349	213	179
260	348	217	180
268	345	216	182
279	344	208	177
265	343	227	179
271	341	222	179
257	341	240	180
288	340	216	182
287	340	224	182
286	337	231	188
282	333	239	192
282	331	244	194
279	326	250	199
281	321	251	202
278	318	254	203
277	314	255	206
283	313	253	204
292	313	252	201
290	312	259	200
286	312	266	200
285	313	276	195
286	314	282	194
286	315	286	193
279	317	296	189
283	319	295	187
283	320	298	186
287	322	294	184
295	326	286	182
298	327	284	182
300	327	282	183
304	329	277	176
311	332	274	169
317	335	268	167
326	339	261	163
338	339	253	162
343	338	247	161
343	337	244	164
343	336	246	165
349	336	246	163
350	335	235	163
351	335	235	165
356	336	230	164
358	337	227	163
357	340	238	162
355	341	235	161
358	342	249	160
363	344	248	161
371	343	250	162
377	343	246	159
389	342	240	156
395	338	245	161
396	335	251	158
398	331	253	161
399	330	257	161
397	330	259	159
395	331	260	162
393	333	263	160
392	335	265	159
394	339	270	163
400	343	260	159
404	342	259	161
409	344	231	161
412	347	219	154
416	343	232	156
422	342	235	161
429	343	229	155
441	344	215	160
452	345	270	159
457	346	273	161
464	348	275	165
470	350	270	161
477	355	267	157
480	357	269	157
484	356	271	155
489	354	271	156
490	363	272	141
492	352	274	149
495	362	267	141
500	354	264	145
504	360	260	141
516	365	247	143
532	373	235	124
528	379	241	114
527	375	239	113
532	369	231	117
527	382	222	117
496	387	230	115
483	392	225	116
475	398	221	115
457	393	228	116
447	389	231	116
441	386	236	116
426	370	252	128
441	351	224	139
455	334	212	141
459	312	227	148
476	343	214	119
494	325	209	141
503	304	220	163
504	340	218	131
516	315	213	159
516	334	237	142
525	350	240	135
525	358	244	137
529	361	245	135
532	362	246	137
532	352	248	149
571	355	211	152
536	362	248	152
577	356	207	154
533	354	249	157
529	360	254	158
587	358	204	152
596	354	196	154
584	355	207	155
591	360	203	155
596	364	208	153
586	365	219	154
576	367	226	156
572	371	227	157
572	372	226	155
572	373	226	157
573	377	223	157
570	378	224	158
568	375	227	158
570	364	231	158
568	363	235	159
558	365	242	159
562	364	240	159
557	366	250	157
561	367	249	155
555	365	255	156
550	361	260	155
552	363	264	154
565	361	266	154
563	359	274	156
563	361	273	155
574	364	267	154
579	369	267	155
583	373	266	154
587	375	265	155
592	379	265	154
595	383	263	155
596	382	264	152
600	382	262	155
600	379	263	157
603	379	264	159
606	377	265	158
610	377	264	157
614	375	261	158
617	375	255	155
621	376	251	155
622	373	250	155
623	373	251	156
623	373	253	155
627	370	252	155
626	368	254	156
629	363	252	155
632	358	252	156
636	358	248	156
639	355	241	158
644	357	236	157
652	356	233	159
659	353	230	156
668	352	223	155
665	352	227	154
660	352	234	156
670	353	226	153
665	351	236	154
668	350	236	158
676	350	232	155
676	349	237	158
678	348	240	156
679	347	245	153
679	344	251	153
685	341	253	150
680	340	265	153
678	342	270	157
657	342	296	160
657	342	303	162
700	340	266	162
702	342	269	161
709	340	265	164
707	339	270	165
718	332	261	169
718	325	259	175
705	325	270	177
704	324	278	181
712	327	270	184
708	329	262	183
694	334	266	189
694	339	259	185
691	345	258	185
692	342	259	186
687	342	258	185
682	341	257	184
676	338	259	184
678	340	252	179
670	339	257	182
670	333	266	185
664	328	277	186
667	332	275	186
681	340	256	183
679	348	256	180
675	348	260	179
676	343	259	180
675	345	260	178
681	349	257	176
689	351	252	179
698	351	249	180
709	350	244	178
719	351	237	181
724	352	235	184
727	353	238	182
727	350	241	187
729	350	244	185
731	352	246	185
727	356	254	182
731	356	253	180
735	357	252	178
736	359	249	178
737	360	247	178
738	359	249	178
741	357	248	179
743	355	249	180
748	356	249	181
752	355	250	181
754	355	250	182
755	354	250	182
759	357	247	180
763	356	246	179
771	354	247	177
777	356	245	176
782	358	243	174
787	356	245	173
793	357	243	169
794	359	243	171
799	360	242	175
802	358	240	175
808	359	234	171
812	360	230	175
804	364	233	171
795	365	237	175
791	367	239	174
781	369	237	174
772	369	243	172
766	371	245	171
761	372	249	166
755	369	254	167
758	367	252	166
758	369	250	165
753	368	252	166
750	366	258	168
754	365	252	171
754	360	254	173
757	357	252	168
756	355	252	169
756	354	253	170
759	351	254	169
758	348	257	172
758	347	259	171
760	345	259	170
761	343	260	171
761	344	261	167
761	341	262	167
762	340	264	165
760	340	266	164
766	339	261	164
770	338	258	162
771	338	252	157
771	336	249	159
772	333	247	158
770	334	247	157
766	334	249	159
763	336	247	163
762	333	245	165
758	328	246	164
753	329	247	162
754	331	247	161
758	327	252	164
756	327	254	165
746	331	259	163
741	333	251	163
739	336	247	162
739	335	250	160
739	333	250	162
737	331	247	166
743	330	244	166
748	327	243	166
744	326	245	168
742	327	244	167
745	325	242	170
755	327	236	170
758	330	236	168
758	331	234	170
759	331	234	166
757	332	231	168
750	337	235	166
757	340	231	164
753	343	240	162
764	346	225	163
775	348	215	162
788	348	201	164
793	349	194	164
793	347	191	165
793	348	185	164
792	344	180	166
795	335	176	174
794	329	170	174
795	336	164	165
802	330	159	167
815	331	152	161
825	331	144	160
836	335	135	159
851	336	131	166
870	337	122	157
885	338	111	158
893	340	107	165
901	343	106	156
908	345	107	157
911	348	109	157
920	353	103	155
922	361	102	149
938	366	87	151
936	364	91	152
945	351	78	152
941	337	74	150
933	326	79	145
935	316	76	145
937	303	77	144
940	297	69	143
938	289	104	147
926	290	111	140
943	286	85	139
934	286	79	139
927	287	74	140
924	292	73	137
919	298	77	136
911	300	81	141
908	305	85	139
908	307	92	131
909	310	99	134
908	311	104	135
911	311	111	137
914	306	119	130
914	295	125	136
907	300	130	142
904	310	138	140
907	310	147	137
912	310	152	140
904	315	157	136
894	319	164	132
897	325	171	126
902	327	156	127
900	331	178	122
898	329	185	124
905	325	187	119
901	326	196	123
897	330	196	122
895	327	193	120
893	329	189	112
887	335	181	110
887	337	176	113
889	341	171	110
888	347	168	109
885	353	171	104
889	355	166	102
892	359	160	99
892	361	159	95
894	360	159	100
900	359	147	96
883	357	159	96
867	360	174	94
855	358	188	96
851	357	192	99
849	357	198	98
847	356	201	96
852	357	198	95
846	359	200	95
841	358	196	92
834	358	195	89
828	354	190	83
819	362	186	74
813	355	176	74
801	358	133	80
794	357	146	76
786	348	148	82
775	342	141	88
766	342	135	88
759	339	134	93
749	335	141	97
744	332	144	104
742	327	152	106
741	323	154	103
740	321	152	104
736	318	157	108
731	318	171	110
733	317	163	113
735	318	154	113
734	317	148	109
724	322	143	104
705	322	112	104
691	329	112	100
687	329	110	99
681	328	138	100
681	328	126	100
683	326	117	102
680	326	111	100
679	328	109	98
675	326	116	101
673	323	124	112
664	317	135	122
654	322	151	123
652	326	155	121
646	332	162	119
640	339	158	115
637	341	156	114
635	341	150	115
634	340	142	117
633	338	136	121
633	335	131	121
633	334	132	125
628	334	135	127
617	333	147	131
615	332	147	135
617	332	144	137
610	334	147	139
601	334	142	143
602	334	130	149
606	333	105	149
604	331	92	149
596	330	96	152
584	327	101	155
579	322	102	156
567	317	107	163
553	318	113	172
544	316	115	176
542	314	117	185
540	314	120	187
542	315	110	188
547	318	96	188
546	320	79	188
542	321	80	188
537	321	84	190
531	317	85	193
524	315	83	197
518	317	86	196
506	318	96	194
494	323	105	192
478	327	118	196
471	329	121	194
476	333	118	192
481	339	117	187
485	340	117	183
486	339	120	183
466	336	141	185
451	326	157	190
438	318	171	200
433	311	181	209
431	305	188	216
429	304	193	223
416	305	208	223
402	304	222	225
375	308	252	224
381	309	249	224
392	317	239	219
395	320	239	220
396	324	238	217
392	324	241	214
393	322	240	216
392	320	240	213
384	318	246	210
381	313	245	212
377	308	251	212
367	300	255	213
358	296	259	215
353	291	260	215
353	289	261	212
355	287	263	215
352	289	268	217
359	294	267	212
360	296	273	209
364	290	274	212
361	285	282	211
354	278	282	212
333	272	284	211
330	263	281	211
341	247	277	208
345	223	272	209
343	217	259	210
338	211	255	212
334	207	254	215
326	214	253	210
322	213	251	212
324	216	249	214
324	225	250	212
327	226	248	213
329	234	249	211
334	238	248	211
325	242	260	211
323	250	265	209
320	253	267	211
318	261	267	212
321	263	265	213
321	265	263	216
318	272	259	215
317	278	260	216
316	281	259	218
312	282	260	219
317	284	257	218
311	285	260	218
310	287	263	218
316	288	256	217
312	288	260	215
312	283	264	214
317	279	262	213
319	279	264	213
319	280	265	211
322	282	269	211
323	289	272	208
323	297	273	208
329	298	281	208
328	307	283	207
316	316	300	209
319	322	298	208
325	318	293	211
338	313	282	214
353	316	265	216
349	317	265	219
351	320	269	221
357	323	268	220
360	325	267	221
385	325	248	219
397	321	245	220
416	322	226	218
429	308	224	228
430	297	223	229
430	299	237	226
431	297	249	229
431	298	266	228
424	297	282	227
423	303	286	224
434	301	292	229
455	307	270	220
480	326	258	203
500	344	252	186
507	362	236	174
511	366	222	171
513	374	208	166
512	375	190	170
518	371	178	175
533	367	165	177
541	360	162	176
546	351	159	183
551	345	156	189
554	340	149	192
558	338	145	198
561	337	145	201
565	343	146	199
571	342	146	194
575	340	147	195
583	351	145	184
587	352	139	183
590	352	138	181
596	356	130	175
603	358	124	172
608	356	120	174
614	360	118	169
622	376	115	146
625	368	114	148
626	372	112	137
629	370	108	135
634	367	105	136
640	365	112	137
639	361	118	140
636	358	120	141
635	354	113	142
629	348	126	140
627	347	136	137
637	340	123	138
644	346	116	139
641	355	131	136
639	359	143	135
639	357	142	136
638	356	153	140
639	356	158	141
638	353	129	138
637	356	145	134
629	356	162	137
628	316	197	163
622	311	206	167
621	309	206	167
623	309	203	164
638	308	190	162
633	310	194	159
628	309	200	154
633	300	200	154
628	299	204	141
653	290	183	133
708	282	127	147
705	276	127	153
702	270	125	162
728	262	101	155
717	256	112	158
706	251	121	166
732	237	105	170
753	229	98	174
754	232	109	178
777	229	90	180
772	224	95	169
773	220	86	174
771	217	76	168
770	217	83	168
770	214	75	169
771	215	70	169
767	219	71	168
770	220	69	171
770	219	70	173
774	213	70	180
775	213	78	180
775	213	79	185
774	215	80	193
773	219	82	191
774	221	83	193
773	227	82	191
773	235	94	191
769	238	116	193
770	240	110	194
768	248	95	192
756	254	94	184
747	260	105	179
742	264	113	173
736	263	118	173
731	266	123	173
729	267	127	172
727	266	125	172
731	264	120	179
724	263	133	181
722	266	144	175
718	258	149	186
715	257	156	185
716	261	155	181
719	274	154	179
720	288	166	182
725	309	197	175
724	332	201	171
732	364	166	161
737	380	156	167
748	404	142	153
763	409	131	149
770	413	128	147
769	405	129	148
767	390	127	148
764	378	128	152
757	369	128	159
751	354	130	167
751	334	134	181
745	312	141	207
745	310	143	207
744	310	149	211
747	309	160	215
753	326	168	208
752	336	176	208
753	339	180	208
758	341	192	214
758	346	198	219
750	360	207	209
739	367	216	209
734	379	217	203
725	388	218	195
715	391	213	193
708	398	210	183
706	401	211	178
702	405	212	175
699	393	202	184
693	379	203	199
689	368	207	214
689	355	209	229
690	349	212	227
695	350	219	226
703	349	219	230
709	345	229	231
714	344	241	231
710	348	240	228
701	353	217	240
688	351	221	243
680	351	222	250
673	359	227	242
661	365	236	229
660	364	237	223
655	361	250	222
648	356	254	223
635	351	252	222
620	349	259	221
612	349	266	212
601	346	280	213
585	355	285	209
578	353	298	214
575	354	308	212
565	356	315	212
555	352	327	221
558	348	329	223
576	338	319	234
574	328	328	248
566	327	334	245
560	333	328	245
555	331	321	245
552	336	308	242
545	344	292	236
528	338	280	249
528	357	265	240
521	362	258	245
509	369	259	244
499	374	255	246
493	376	251	239
490	376	218	236
480	378	203	235
462	379	203	236
440	381	211	231
427	373	213	235
421	365	217	236
415	358	212	234
412	353	197	240
413	339	183	239
420	324	188	242
419	316	162	245
413	305	168	246
407	293	168	252
403	289	178	257
393	293	176	257
381	296	189	253
371	294	199	252
357	300	206	245
343	298	210	244
335	306	207	241
325	313	202	234
322	326	197	233
317	338	206	231
313	341	212	223
310	342	215	222
308	347	216	225
302	348	223	224
303	344	226	227
301	350	228	224
297	357	232	223
290	360	238	224
288	361	240	222
283	363	235	221
272	362	239	225
265	365	231	223
256	364	219	224
246	364	215	223
240	366	217	221
231	362	224	223
219	359	232	224
207	359	241	223
195	356	249	223
181	359	259	222
173	360	273	220
165	361	292	216
152	361	302	216
137	366	284	210
122	365	291	209
114	360	303	210
111	355	304	208
105	350	304	207
105	343	307	205
115	337	307	211
113	335	316	212
111	335	305	209
114	336	298	207
111	339	303	205
108	337	310	203
107	339	319	200
104	339	323	194
101	343	329	194
100	343	333	193
100	344	335	198
100	344	344	206
98	342	358	206
98	340	360	210
91	339	358	209
85	336	350	211
83	329	330	211
88	328	321	211
88	330	320	206
88	333	316	204
88	335	310	202
91	336	308	197
86	340	310	199
77	346	311	196
70	348	307	193
66	348	305	201
57	349	300	206
55	346	286	211
47	347	284	214
43	348	273	216
38	347	269	213
29	350	268	217
16	356	270	213
9	358	271	211
4	362	268	208
0	366	260	205
0	370	259	206
0	377	255	202
0	380	254	201
0	375	241	210
3	371	203	216
4	373	187	217
2	369	176	218
2	365	168	220
1	363	159	221
1	362	152	225
5	354	148	230
6	344	142	239
0	347	138	239
2	360	132	227
1	364	129	224
0	367	124	223
0	373	112	219
0	378	106	217
0	380	108	221
0	383	120	224
0	385	125	232
0	387	103	230
0	388	107	231
0	388	107	231
0	388	98	233
0	389	106	230
0	386	116	233
0	384	131	234
0	382	149	236
3	379	164	235
13	378	174	227
23	377	183	223
21	375	204	224
7	373	239	221
38	369	231	217
4	367	281	214
25	364	281	215
55	361	269	213
85	358	255	212
111	356	247	213
119	356	254	216
125	351	259	219
131	348	266	219
133	345	274	220
134	340	279	222
131	340	288	219
133	340	294	219
135	337	301	221
141	337	306	218
142	337	312	221
140	335	319	223
138	337	329	219
127	338	339	217
115	340	352	214
108	342	359	216
81	344	387	220
57	347	410	219
49	351	414	222
75	352	386	225
81	356	377	223
76	359	380	223
77	363	381	222
76	366	387	224
74	370	393	224
74	373	397	223
77	373	401	223
90	372	396	222
120	371	369	223
118	368	375	225
121	369	381	222
123	367	385	224
126	365	389	222
128	364	393	227
136	365	394	226
149	364	386	229
159	364	378	229
151	365	390	230
148	361	394	234
143	358	399	234
140	354	404	235
127	350	415	238
120	348	420	242
119	344	420	247
127	343	412	250
133	343	402	247
139	344	391	247
142	342	386	249
150	342	375	246
155	341	371	246
167	340	357	250
177	337	342	258
181	336	337	275
187	328	332	290
191	327	323	300
195	327	316	310
202	327	307	310
208	326	305	306
213	329	305	302
180	333	338	293
196	336	327	290
185	336	346	284
168	342	361	283
164	345	365	290
185	344	344	296
200	343	327	300
213	347	314	308
228	348	300	322
233	348	295	314
239	350	289	320
241	352	285	317
247	356	278	314
259	360	267	306
262	366	262	297
267	368	249	292
273	368	234	294
268	369	227	301
272	374	213	307
281	377	199	299
291	374	184	312
293	379	166	298
282	380	157	315
274	377	153	306
270	371	155	318
260	365	154	324
252	364	150	353
245	359	156	358
230	357	170	360
207	361	195	358
194	357	215	362
181	355	234	364
174	357	245	362
159	356	285	363
146	361	342	358
131	359	411	359
104	366	409	353
89	367	380	352
67	379	392	340
46	379	413	340
40	372	435	346
24	372	459	347
22	371	476	348
30	370	473	348
39	366	481	351
33	367	486	350
30	363	501	356
40	356	510	359
39	348	544	369
43	344	561	366
37	341	591	377
21	339	617	378
11	341	620	378
5	340	604	379
0	345	565	372
0	346	542	362
0	346	521	364
0	346	506	362
0	343	497	360
0	344	493	361
0	342	445	362
0	336	448	357
0	335	454	349
0	333	460	346
0	330	463	346
0	325	460	347
0	331	456	341
3	336	466	341
12	339	484	340
26	342	486	340
38	348	407	336
51	349	410	331
55	350	371	333
56	348	361	340
57	347	354	341
60	348	339	339
56	349	333	336
54	350	325	335
49	349	317	335
49	351	311	335
46	342	305	339
49	330	301	346
52	327	298	342
37	340	302	344
17	345	305	352
3	351	311	351
0	352	290	355
0	353	251	355
0	359	201	360
1	385	157	334
0	394	135	325
0	398	109	320
0	401	92	318
1	431	77	288
1	433	62	284
0	437	31	170
0	460	13	81
0	451	23	94
0	475	10	34
0	478	10	34
0	477	13	43
0	452	20	70
0	413	28	113
0	410	28	121
0	416	26	121
1	419	26	119
0	415	27	124
0	414	29	124
0	411	34	123
0	398	41	128
0	392	54	130
0	391	62	128
0	390	71	127
0	388	84	127
0	381	101	130
0	375	118	127
1	370	130	130
0	363	142	152
1	356	160	252
0	349	179	260
0	345	191	261
0	341	205	260
0	337	221	263
0	336	234	264
2	336	244	266
2	335	257	268
0	332	270	273
0	330	279	279
1	329	287	281
0	325	295	283
0	328	303	287
0	325	312	294
0	324	322	293
2	323	330	287
0	322	340	287
0	324	348	284
0	326	360	282
0	326	370	282
0	325	378	282
0	327	387	286
0	326	402	297
0	324	413	295
1	327	422	286
0	327	429	277
0	332	434	269
0	337	441	265
1	334	448	261
2	337	453	261
3	337	455	254
4	338	459	256
11	337	454	254
17	336	451	258
25	335	444	258
30	337	436	262
35	336	433	259
39	335	422	259
37	335	420	265
36	337	414	257
41	336	403	247
50	331	393	250
56	329	384	244
58	326	382	241
68	324	381	230
78	321	376	228
77	317	377	231
84	314	373	231
76	312	389	226
72	310	406	226
78	311	406	228
99	309	399	226
132	309	385	225
143	309	387	228
150	310	391	228
168	309	386	229
176	308	387	229
182	309	389	229
183	310	386	227
187	310	383	228
185	311	392	224
188	313	396	224
193	315	394	224
190	319	398	226
184	320	400	224
179	324	397	227
175	328	395	228
172	331	395	230
170	330	391	231
173	329	387	231
167	330	384	226
163	330	381	226
159	326	380	223
153	322	378	224
154	317	377	226
163	314	370	226
172	311	364	227
175	310	362	232
175	307	358	228
181	303	354	233
179	301	354	230
180	300	351	231
185	297	350	228
189	297	349	226
195	294	349	228
201	294	345	229
205	294	348	230
211	292	344	229
214	290	345	230
216	289	345	228
213	288	348	231
214	287	346	229
213	286	347	234
211	285	347	231
208	289	348	230
206	290	346	229
215	287	343	230
217	284	346	231
207	287	353	229
200	287	356	231
212	290	341	234
213	291	340	231
212	292	340	230
205	296	341	232
201	301	342	228
202	303	342	230
200	308	342	231
189	311	351	231
179	314	357	231
172	314	359	232
161	317	365	232
168	319	353	235
179	320	340	232
188	319	330	231
184	322	335	231
178	324	336	231
176	324	338	232
175	325	338	231
172	324	339	232
171	325	341	230
171	325	340	227
170	325	339	227
165	325	342	229
155	327	350	227
152	325	353	230
150	326	352	230
152	328	346	230
161	329	337	229
159	330	339	231
157	332	343	230
156	333	344	234
154	335	345	234
158	337	342	235
156	339	343	235
157	341	342	234
157	342	346	232
152	344	354	233
155	344	354	233
176	343	334	231
179	342	331	232
176	342	335	231
170	342	341	233
166	341	344	232
173	340	337	233
170	341	342	233
176	342	338	231
179	342	339	231
177	342	344	231
171	343	350	231
170	341	354	232
176	340	352	231
196	340	335	234
201	339	333	229
195	338	339	230
189	337	345	233
191	337	346	231
198	337	340	231
195	336	345	232
194	336	345	230
196	337	346	231
200	336	345	230
200	336	349	232
201	337	350	229
203	336	352	231
203	334	353	228
202	333	352	231
196	333	356	227
200	330	355	232
200	329	353	229
201	328	350	228
203	327	348	229
202	325	348	226
200	323	348	229
200	322	347	229
199	321	347	231
198	320	349	230
201	320	347	231
201	320	347	232
202	320	348	230
204	320	347	232
204	321	346	229
206	319	346	228
205	318	346	228
204	318	347	230
205	318	347	229
208	318	346	230
211	318	346	230
208	320	348	227
213	318	346	229
214	317	344	230
212	316	343	233
202	316	353	230
208	315	346	229
208	314	345	230
212	315	342	231
212	316	341	232
212	316	341	232
212	317	341	231
210	316	340	229
205	317	342	231
200	318	346	231
193	320	351	232
187	322	356	232
188	323	357	232
196	325	346	232
205	328	337	230
214	332	329	230
210	331	334	231
208	333	337	231
208	334	338	229
206	336	338	231
200	337	344	230
200	338	346	231
201	338	346	232
200	339	347	233
198	339	346	232
197	341	346	232
193	340	348	232
191	341	348	230
190	340	348	230
192	340	347	231
193	338	347	228
192	339	347	231
190	340	349	231
188	340	349	229
183	342	350	231
177	344	352	232
178	345	351	232
178	348	353	235
178	353	355	233
178	354	355	229
179	354	354	232
179	356	354	233
179	355	357	230
180	353	356	232
185	352	355	230
187	352	357	231
182	354	361	231
187	354	359	231
189	355	359	231
189	353	359	230
191	353	356	232
192	355	357	232
194	355	359	233
193	356	362	233
189	358	367	234
187	359	371	234
181	358	376	233
182	360	376	237
178	359	382	241
171	357	390	240
159	356	399	249
148	354	408	249
149	348	408	252
153	346	399	255
167	342	383	259
165	337	386	264
163	334	389	268
164	336	383	269
170	332	376	273
172	330	373	275
171	329	372	277
174	328	370	280
171	328	372	281
165	328	379	284
163	328	383	282
161	331	385	281
160	328	384	285
174	333	372	281
181	330	369	281
175	330	375	281
177	331	371	282
175	333	372	280
180	332	369	283
179	333	370	281
179	332	369	282
169	332	379	282
161	333	385	280
158	335	386	282
153	333	390	285
154	336	385	285
162	334	378	285
159	333	379	280
157	331	381	282
156	330	382	283
147	328	387	283
148	329	383	283
146	324	388	286
142	323	388	284
139	322	391	285
133	321	395	283
129	318	395	286
128	317	390	288
119	314	391	292
117	311	390	291
115	310	382	293
112	313	380	293
113	316	380	288
113	310	379	293
108	315	376	293
108	323	375	292
101	324	379	294
100	323	377	292
107	321	373	292
111	325	372	289
114	322	370	289
118	321	368	289
113	320	368	290
119	321	367	289
124	321	364	287
122	321	367	289
126	320	365	287
121	316	369	291
125	316	366	289
119	316	368	293
114	318	366	292
107	315	372	294
113	316	372	292
114	317	372	292
111	319	377	290
109	316	383	295
121	317	372	293
121	316	366	297
125	319	363	297
126	317	364	299
126	312	363	298
121	313	368	300
110	316	373	300
106	316	375	300
109	313	374	302
104	317	380	299
99	314	383	301
95	315	386	302
96	314	385	299
108	311	375	300
117	313	365	302
112	313	367	299
116	309	366	302
112	311	365	301
111	312	367	301
115	312	366	304
105	315	367	302
98	316	368	301
90	318	376	304
83	320	382	302
73	322	385	301
71	323	389	297
77	323	383	299
87	325	364	301
83	322	364	300
85	320	363	299
80	320	362	300
75	320	364	299
78	318	360	298
74	316	362	302
74	316	362	301
65	314	371	300
55	316	377	302
46	317	381	302
44	314	383	304
65	316	363	299
64	315	366	302
64	311	370	303
59	312	370	303
55	312	370	305
56	312	369	303
58	311	366	305
58	312	368	303
51	312	376	304
38	313	387	304
37	311	390	304
58	311	369	304
70	312	356	303
70	315	356	302
68	317	358	300
69	317	360	302
73	318	356	302
75	317	356	302
73	319	355	301
73	317	360	300
66	316	368	302
48	321	375	303
43	320	380	300
60	316	365	301
66	322	349	303
62	327	349	299
65	325	353	297
64	326	351	299
58	330	347	297
59	328	344	302
60	331	339	299
52	331	342	298
52	330	348	296
45	329	360	296
37	331	361	296
48	334	353	294
65	335	339	293
66	332	342	297
57	335	345	296
55	334	351	293
60	333	348	291
57	336	340	296
50	334	351	296
49	334	354	293
43	333	358	296
33	332	364	296
37	333	357	296
59	334	336	294
60	334	332	297
49	335	338	298
43	334	341	300
36	336	344	300
28	335	346	304
23	341	345	301
15	338	349	305
15	334	351	304
4	335	364	304
7	334	363	304
0	334	363	302
0	333	365	303
2	335	361	301
10	332	349	307
6	334	353	305
4	338	348	304
1	339	345	301
3	335	341	306
0	331	337	304
0	332	326	306
0	335	325	304
0	332	339	302
0	331	350	303
0	338	344	304
0	339	354	302
3	344	355	299
1	350	357	298
3	348	369	297
5	347	375	295
0	346	381	296
0	344	381	296
0	341	383	294
0	339	382	293
0	342	382	288
0	338	394	286
0	338	389	285
0	348	386	277
5	352	383	277
6	358	390	274
1	367	391	268
5	377	393	265
8	383	395	262
4	387	394	261
4	391	398	256
3	391	402	254
2	391	405	255
0	393	407	250
4	395	406	248
10	397	400	248
15	399	394	248
20	400	389	246
15	401	396	246
12	401	394	247
15	400	392	247
15	397	392	246
13	396	398	247
11	400	402	250
8	407	403	250
8	422	401	250
5	434	406	251
8	439	410	251
14	437	407	247
8	431	408	243
11	412	405	239
35	391	400	233
64	369	384	234
80	355	379	234
96	343	371	237
106	337	366	239
112	338	364	244
116	344	361	243
112	353	361	242
103	364	363	238
96	370	365	239
88	375	364	242
77	372	366	238
75	362	364	235
71	345	365	235
65	328	367	232
57	309	368	233
53	293	369	236
50	282	369	235
49	271	368	237
52	267	369	237
54	273	372	243
57	280	369	242
63	282	369	242
61	285	371	242
53	292	375	241
55	294	377	237
66	294	378	240
77	294	375	235
81	293	378	236
90	291	374	234
93	290	377	235
