129	80	64	78
116	76	67	80
109	73	67	82
102	67	68	83
96	62	67	82
92	59	66	81
91	58	67	81
90	59	66	81
90	66	66	81
88	72	66	80
87	79	65	79
82	82	65	78
76	84	65	78
70	82	65	78
63	80	65	78
59	77	64	77
59	73	64	75
59	69	63	75
62	68	63	74
67	69	63	73
72	74	62	73
75	78	61	71
76	80	60	71
80	82	60	70
85	84	60	69
89	85	60	70
94	81	60	70
100	77	59	69
104	68	61	71
113	60	62	71
121	57	62	72
128	57	63	74
132	62	63	74
135	65	63	74
137	67	64	74
138	68	64	75
140	70	65	75
140	70	65	77
138	69	66	76
139	67	68	76
140	64	66	76
139	62	66	76
140	62	66	78
138	65	66	77
138	65	66	78
137	67	66	77
136	67	66	77
136	67	66	77
136	68	66	76
138	67	66	76
141	63	66	75
144	59	65	74
149	55	65	74
152	55	64	74
155	63	65	73
155	71	64	73
154	77	62	70
155	82	62	68
153	83	61	68
150	77	61	70
149	71	61	71
153	67	61	70
159	64	59	67
163	67	59	65
165	70	57	64
166	74	56	61
161	77	55	60
154	77	55	61
150	79	53	59
143	76	54	60
135	72	52	60
131	67	52	60
130	63	52	58
132	61	52	59
134	64	52	58
133	67	51	58
134	68	52	59
134	72	51	58
132	71	52	58
129	74	52	57
127	73	52	57
124	70	52	58
126	68	53	57
129	65	52	58
133	65	53	57
142	70	54	55
148	73	52	58
154	72	54	59
161	69	53	60
165	67	54	59
169	67	54	58
171	66	52	58
173	64	51	58
174	61	50	57
175	58	50	56
176	55	49	56
175	56	47	54
175	59	48	54
177	65	48	55
175	74	48	54
171	79	47	51
167	78	48	53
160	77	48	54
155	73	51	55
155	69	49	56
159	65	50	54
161	63	50	55
162	66	49	53
161	68	50	54
163	74	49	51
164	76	49	51
163	77	49	52
165	81	48	50
166	82	48	51
168	82	48	51
171	78	46	51
170	74	45	50
172	73	46	51
175	79	45	47
175	82	43	46
172	88	43	45
169	87	42	45
166	89	42	44
164	87	41	45
163	86	41	45
159	84	41	44
156	81	41	44
151	78	42	46
148	78	43	46
144	72	45	50
144	67	44	46
140	65	46	48
138	71	45	45
140	71	44	46
140	71	44	48
137	78	44	46
135	77	45	48
136	80	44	46
133	78	44	46
135	77	45	48
142	80	44	45
148	78	44	47
156	79	43	46
160	78	44	48
165	76	43	48
167	82	43	46
166	82	43	45
166	82	42	45
171	77	40	46
168	80	40	41
168	79	39	41
159	76	40	42
158	75	35	38
157	77	37	36
155	82	32	33
155	84	30	33
154	86	28	32
154	89	25	30
159	90	23	29
161	92	23	29
164	92	23	29
165	93	24	29
166	94	25	28
165	91	26	30
165	92	27	29
163	93	28	30
161	93	30	32
158	92	28	33
155	90	28	33
153	89	31	33
149	88	29	32
144	87	31	33
141	88	33	32
140	85	30	34
139	87	32	33
138	83	32	36
138	83	34	37
137	81	35	37
140	78	36	39
142	78	37	39
145	78	37	39
146	77	38	40
147	76	38	40
147	79	37	38
142	78	37	41
142	77	39	40
142	74	38	42
142	74	39	44
143	73	39	42
144	72	39	43
144	71	39	43
147	69	40	44
147	67	41	43
148	65	41	45
142	63	39	45
142	63	39	43
140	66	40	44
135	65	41	45
135	69	41	45
130	66	44	48
133	67	42	46
134	64	43	48
139	61	45	51
141	58	45	51
145	55	46	51
149	56	47	51
154	59	47	52
157	60	46	51
160	60	47	52
163	58	46	52
162	55	46	52
164	51	46	51
167	49	46	51
171	50	47	52
168	55	46	51
168	61	46	51
164	66	46	49
157	69	46	50
150	70	46	51
144	71	46	50
136	68	46	51
135	70	46	51
132	65	47	53
132	62	47	53
134	63	47	51
136	65	47	53
139	66	47	52
142	68	48	53
145	71	48	53
148	75	48	54
152	77	49	55
154	79	50	55
157	76	51	56
158	69	52	59
158	66	52	58
159	65	52	58
160	65	53	60
161	70	55	59
161	69	54	60
160	67	55	61
157	63	56	61
156	59	56	62
155	53	56	63
154	48	57	64
147	43	60	63
148	47	57	62
142	50	57	62
138	53	56	60
136	53	54	60
135	55	54	58
136	55	52	58
136	56	51	57
135	57	49	56
134	56	49	55
136	54	48	54
138	54	49	55
139	60	49	56
142	63	48	54
142	68	48	54
141	71	48	54
143	76	49	53
140	73	49	56
140	66	50	58
143	58	51	59
146	53	53	57
149	55	52	59
151	61	52	60
151	65	51	61
150	65	51	62
149	67	51	62
147	69	50	63
147	71	50	59
147	69	50	60
149	69	50	58
151	69	48	56
147	67	46	57
142	68	46	56
140	69	45	54
135	69	45	54
128	68	45	56
125	67	46	54
118	66	45	54
116	66	45	51
118	66	46	52
120	63	46	52
121	58	46	51
124	59	47	51
127	64	48	51
131	70	48	52
134	75	47	49
140	76	48	49
147	72	47	49
152	68	47	49
155	64	47	48
160	60	47	47
162	58	45	48
164	56	46	49
165	59	45	48
164	59	45	48
163	61	45	48
163	64	46	48
157	65	48	49
155	68	47	46
155	67	46	49
152	66	47	49
152	63	47	51
151	61	47	50
151	60	47	52
149	63	48	53
150	63	48	53
149	63	49	53
152	64	49	54
154	66	49	53
155	66	48	51
154	67	48	52
156	69	47	52
154	71	47	52
150	77	49	54
150	81	47	52
151	85	47	53
151	88	47	52
149	90	47	53
144	87	49	53
144	85	47	52
147	84	47	53
145	81	48	53
145	78	47	52
148	77	48	53
151	78	47	53
155	78	48	53
158	78	47	53
160	80	46	51
162	80	46	52
164	78	47	51
165	75	47	51
164	71	47	52
162	69	47	52
158	66	47	52
153	67	49	55
147	71	48	56
143	74	47	53
139	73	47	53
135	77	48	55
131	78	47	52
126	78	47	54
125	79	46	51
122	75	47	52
122	71	46	52
124	71	46	50
127	72	46	51
129	76	46	52
133	82	45	51
139	87	44	51
145	91	44	49
151	89	44	48
154	88	43	48
161	84	43	48
167	82	43	48
170	83	43	49
173	86	43	49
175	91	43	50
176	94	43	48
174	93	43	47
171	92	43	48
166	89	43	49
165	87	43	47
162	89	43	48
159	88	43	47
158	87	42	47
158	87	42	45
158	88	42	47
155	88	43	48
153	89	44	48
149	89	44	48
148	89	43	48
147	89	43	48
147	89	43	47
146	87	43	46
148	85	45	48
149	84	45	48
153	84	45	49
157	85	47	50
163	88	46	50
166	92	45	49
169	93	46	51
170	95	46	50
171	94	47	52
173	92	48	53
174	89	48	52
175	88	47	52
176	87	47	52
177	87	45	50
178	86	46	52
179	82	45	51
183	78	46	51
186	80	47	50
183	83	47	54
185	85	47	54
189	90	44	53
189	92	43	49
186	94	43	47
184	92	44	49
182	90	44	49
178	88	46	49
173	86	48	51
171	86	46	51
171	87	48	52
170	88	49	52
171	87	47	51
170	86	46	51
165	82	48	54
163	78	47	54
161	75	47	53
161	72	48	54
158	71	47	53
163	71	48	54
166	72	48	53
171	75	48	53
174	79	48	54
176	79	47	54
179	80	48	53
182	79	47	53
181	79	46	52
178	77	46	52
177	75	45	51
176	73	46	52
174	73	45	52
171	76	45	52
170	81	45	52
168	84	45	52
166	85	45	51
160	82	47	52
154	81	46	52
153	79	45	50
151	76	45	51
147	75	45	51
147	74	44	51
144	75	45	51
143	76	44	50
143	79	44	51
144	80	43	49
147	79	43	50
151	79	45	50
156	79	45	49
161	80	45	48
167	77	44	49
169	77	42	48
173	75	44	49
175	76	42	48
176	80	43	49
176	82	43	49
176	87	43	48
174	90	42	47
172	92	42	46
171	92	42	47
168	93	42	46
163	89	42	49
162	85	43	47
158	82	43	49
154	83	43	48
149	87	43	48
148	89	42	47
147	88	42	48
146	87	42	48
143	86	43	49
142	86	43	49
140	85	43	49
137	84	44	50
136	85	44	49
133	83	44	51
130	82	44	51
