0.012979
0.031306
0.029149
0.029543
0.029035
0.028494
0.028859
0.029274
0.028996
0.029074
0.029674
0.028989
0.033146
0.029880
0.033795
0.042281
0.060403
0.052532
0.055597
0.040365
0.065964
0.057975
0.053262
0.053913
0.047299
0.080389
0.045029
0.049483
0.028669
0.029735
0.038222
0.054518
0.049616
0.039383
0.031370
0.028888
0.029264
0.029055
0.028423
0.028659
0.028573
0.029361
0.028404
0.028273
0.027502
0.026466
0.028109
0.027679
0.028161
0.027973
0.028061
0.027019
0.027182
0.027266
0.032023
0.027281
0.027083
0.026948
0.027432
0.027378
0.028629
0.027227
0.030402
0.027932
0.028453
0.027522
0.027611
0.027348
0.027817
0.027712
0.028133
0.027755
0.027967
0.028305
0.028607
0.029200
0.027107
0.028131
0.028132
0.027902
0.027990
0.027635
0.028186
0.027809
0.027862
0.027962
0.027940
0.028318
0.028014
0.028095
0.027768
0.028332
0.027981
0.031722
0.028421
0.027735
0.031770
0.034713
0.027820
0.029605
0.028250
0.027231
0.028194
0.027616
0.027962
0.028628
0.028211
0.028508
0.027618
0.027816
0.028170
0.027446
0.027573
0.028235
0.030697
0.028071
0.027825
0.027300
0.028439
0.028275
0.028120
0.028256
0.028107
0.028032
0.034105
0.031416
0.029824
0.030195
0.030183
0.030597
0.030814
0.030143
0.030902
0.029918
0.030329
0.029465
0.030162
0.029877
0.030847
0.031395
0.038051
0.029408
0.029088
0.029180
0.029044
0.029746
0.029150
0.028910
0.029648
0.028840
0.029950
0.032283
0.030137
0.030370
0.031710
0.031855
0.030185
0.030067
0.029962
0.029825
0.028960
0.033555
0.031316
0.027982
0.027446
0.028358
0.029080
0.027730
0.028370
0.028232
0.027543
0.028156
0.028161
0.028050
0.030596
0.029771
0.029198
0.030277
0.029941
0.030676
0.030375
0.030305
0.029773
0.030171
0.029237
0.029324
0.030344
0.029865
0.029949
0.029738
0.030627
0.029122
0.029794
0.029687
0.029112
0.029928
0.033490
0.031855
0.045357
0.033241
0.031927
0.034906
0.032232
0.032116
0.032365
0.032435
0.032035
0.032547
0.031815
0.032216
0.031903
0.039419
0.029433
0.030023
0.029217
0.029641
0.030153
0.029359
0.029685
0.029760
0.029460
0.029748
0.029872
0.029253
0.029001
0.028552
0.026790
0.027941
0.027246
0.028032
0.027858
0.028013
0.027411
0.027973
0.027051
0.028029
0.027802
0.027912
0.028420
0.027844
0.028160
0.029136
0.027884
0.029331
0.029064
0.029554
0.028744
0.029165
0.029868
0.028967
0.028966
0.029349
0.028632
0.028781
0.029171
0.028688
0.029161
0.038071
0.028926
0.028131
0.028004
0.027690
0.027650
0.027615
0.028023
0.030254
0.028106
0.027215
0.027484
0.028044
0.027747
0.027597
0.027588
0.027828
0.027919
0.032699
0.030081
0.029070
0.029634
0.030640
0.028937
0.029451
0.029527
0.028890
0.031857
0.029310
0.029110
0.029233
0.029212
0.028764
0.029559
0.030770
0.030824
0.030625
0.029754
0.029852
0.030407
0.029555
0.029290
0.029798
0.029971
0.039238
0.038375
0.036918
0.113797
0.088390
0.037374
0.033120
0.035413
0.033710
0.031604
0.032655
0.038310
0.037822
0.033124
0.035569
0.035388
0.035632
0.035185
0.037426
0.034932
0.038804
0.035642
0.039105
0.049898
0.083682
0.034190
0.035005
0.034883
0.035795
0.034214
0.034735
0.033983
0.034749
0.037224
0.046715
0.035921
0.037949
0.039108
0.036599
0.037019
0.037556
0.037888
0.036275
0.041616
0.038320
0.037721
0.036914
0.032550
0.037663
0.037403
0.047437
0.046562
0.037595
0.038742
0.037099
0.038781
0.037750
0.038471
0.037923
0.044881
0.038871
0.037951
0.031512
0.035011
0.036926
0.032159
0.034430
0.032408
0.037152
0.036872
0.029490
0.038833
0.037420
0.031337
0.047317
0.029730
0.031611
0.035119
0.036366
0.038147
0.034274
0.034972
0.037033
0.030957
0.030659
0.031393
0.039639
0.049286
0.030083
0.036719
0.033311
0.032546
0.040890
0.036910
0.040876
0.032137
0.036695
0.034925
0.032559
0.052417
0.029567
0.034259
0.033839
0.031365
0.032812
0.042722
0.033382
0.036647
0.045697
0.036541
0.043108
0.033229
0.036885
0.030298
0.031330
0.046079
0.034071
0.037344
0.048096
0.030556
0.041074
0.045840
0.032520
0.036789
0.040627
0.052732
0.031055
0.031419
0.037146
0.041170
0.043626
0.032747
0.039157
0.048678
0.030904
0.030813
0.045918
0.042515
0.035747
0.032852
0.039958
0.046081
0.039434
0.045420
0.031473
0.030319
0.033331
0.039000
0.040951
0.038898
0.032265
0.034740
0.044034
0.044866
0.032320
0.033050
0.041760
0.031356
0.031113
0.033967
0.036471
0.046341
0.032419
0.045908
0.031348
0.047252
0.031474
0.032309
0.033388
0.047772
0.033980
0.030849
0.033954
0.041492
0.040066
0.033890
0.031236
0.033449
0.029935
0.037951
0.039864
0.033324
0.032124
0.037365
0.032227
0.032468
0.035816
0.037931
0.035208
0.036247
0.035208
0.032306
0.036011
0.038895
0.032048
0.031022
0.046587
0.040364
0.036386
0.045320
0.050252
0.030227
0.031028
0.038506
0.041275
0.040228
0.031284
0.035197
0.033697
0.031514
0.047855
0.034045
0.038552
0.031786
0.039421
0.039143
0.047734
0.041805
0.032596
0.040001
0.031247
0.030023
0.031461
0.034101
0.039448
0.030225
0.032208
0.030556
0.034359
0.031917
0.030133
0.030466
0.030145
0.034062
0.033272
0.030368
0.032746
0.038457
0.030172
0.038097
0.039537
0.037959
0.037427
0.043756
0.029848
0.039377
0.035307
0.034762
0.057947
0.049976
0.035110
0.029284
0.026600
0.033393
0.034942
0.038287
0.036559
0.041743
0.036102
0.038857
0.036074
0.036690
0.038506
0.043823
0.032242
0.030933
0.035374
0.030890
0.033290
0.043078
0.031487
0.033726
0.030746
0.039893
0.036350
0.027132
0.035102
0.027445
0.028893
0.030570
0.029144
0.031947
0.028469
0.043347
0.030628
0.030683
0.036820
0.036945
0.029313
0.037863
0.042890
0.030218
0.028180
0.033869
0.030831
0.036680
0.031179
0.031516
0.029543
0.038529
0.030628
0.030358
0.033254
0.034408
0.034444
0.029456
0.031100
0.034227
0.031968
0.029773
0.036297
0.031384
0.030556
0.029088
0.047983
0.044220
0.046214
0.047228
0.042024
0.030881
0.029028
0.032740
0.030435
0.032679
0.040196
0.044330
0.037560
0.028107
0.037898
0.036160
0.034064
0.041069
0.032343
0.030482
0.032439
0.032048
0.030471
0.028811
0.033587
0.031834
0.046415
0.031626
0.038662
0.029752
0.040547
0.029289
0.029491
0.030022
0.034172
0.041236
0.029023
0.029813
0.032429
0.039175
0.032568
0.035787
0.040576
0.031252
0.035264
0.033134
0.029397
0.043160
0.030283
0.039018
0.031180
0.035372
0.030826
0.030073
0.031981
0.048862
0.029596
0.031145
0.037451
0.032768
0.037935
0.028857
0.029256
0.029655
0.032730
0.034318
0.031598
0.030343
0.033053
0.032377
0.032877
0.029510
0.031795
0.033318
0.037153
0.028470
0.039444
0.031323
0.035569
0.031647
0.032203
0.033953
0.030125
0.039027
0.033643
0.036701
0.029295
0.033078
0.029397
0.030983
0.032671
0.032780
0.034433
0.030802
0.029959
0.033708
0.029832
0.031923
0.031726
0.033106
0.035635
0.033963
0.031484
0.033790
0.032074
0.031076
0.043077
0.042788
0.032014
0.038643
0.037722
0.035771
0.036678
0.029289
0.029603
0.031003
0.029019
0.033664
0.029984
0.031977
0.031857
0.035560
0.030028
0.033262
0.030771
0.031483
0.031599
0.039183
0.030691
0.029728
0.029945
0.030470
0.029855
0.036374
0.031424
0.031859
0.031151
0.030827
0.032742
0.032350
0.029716
0.030703
0.028721
0.031577
0.037276
0.033248
0.033613
0.035033
0.033248
0.030165
0.029511
0.038575
0.033447
0.030260
0.034881
0.030121
0.029816
0.032188
0.037549
0.046679
0.043558
0.041129
0.029566
0.030435
0.038098
0.028965
0.034201
0.032829
0.030613
0.032218
0.032429
0.032431
0.032212
0.030896
0.030001
0.032435
0.032041
0.031701
0.033050
0.030765
0.031949
0.047059
0.038071
0.041731
0.036793
0.037896
0.037381
0.037260
0.037585
0.037314
0.037697
0.037400
0.037672
0.037512
0.037651
0.037301
0.037791
0.036250
0.038613
0.037104
0.036939
0.036793
0.036483
0.037480
0.035930
0.036984
0.036321
0.034118
0.036250
0.034758
0.039390
0.028984
0.028055
0.033114
0.030810
0.029903
0.031795
0.030844
0.029295
0.030056
0.031753
0.029409
0.029835
0.029558
0.030313
0.030575
0.032270
0.029568
0.032022
0.032328
0.042981
0.036450
0.029532
0.031908
0.032489
0.034879
0.036444
0.033734
0.032586
0.040574
0.031899
0.033737
0.036046
0.030809
0.033703
0.038147
0.037326
0.031894
0.029053
0.032042
0.029073
0.031914
0.037215
0.034764
0.030109
0.030684
0.028921
0.035679
0.029417
0.027193
0.032086
0.031520
0.031311
0.031214
0.032895
0.032851
0.030567
0.041956
0.031726
0.035937
0.029420
0.030157
0.039361
0.030107
0.032114
0.046099
0.029780
0.037560
0.030167
0.030122
0.034317
0.030502
0.032554
0.030558
0.028732
0.034307
0.040636
0.030323
0.030397
0.034532
0.032815
0.030955
0.038639
0.032869
0.041737
0.031381
0.037450
0.037457
0.029416
0.039154
0.033231
0.030200
0.030329
0.029849
0.037663
0.036193
0.031215
0.032565
0.032119
0.046987
0.035192
0.029709
0.031786
0.031800
0.030097
0.031880
0.034185
0.041597
0.031527
0.030997
0.028770
0.032666
0.032222
0.030670
0.031406
0.032391
0.046736
0.034626
0.032941
0.035881
0.037032
0.039522
0.035281
0.039922
0.041971
0.039357
0.038477
0.034442
0.031676
0.028229
0.032710
0.030293
0.032015
0.030715
0.034676
0.048395
0.031392
0.033135
0.036978
0.032574
0.039545
0.031962
0.030423
0.026586
0.031107
0.030688
0.044441
0.035168
0.034247
0.030085
0.032173
0.034582
0.038182
0.029736
0.031157
0.036108
0.031943
0.040297
0.030776
0.030564
0.031532
0.034267
0.032549
0.030682
0.030777
0.034932
0.032544
0.037255
0.032171
0.032976
0.030107
0.038675
0.031824
0.034604
0.029903
0.033756
0.029586
0.028767
0.029880
0.038592
0.036543
0.042298
0.040735
0.031137
0.032245
0.036086
0.030870
0.030034
0.038253
0.031366
0.030097
0.044444
0.030022
0.030090
0.037159
0.032327
0.033569
0.034081
0.031420
0.030106
0.043652
0.031102
0.032527
0.039564
0.037209
0.031305
0.032913
0.029760
0.030694
0.037775
0.030463
0.034090
0.031331
0.033109
0.030046
0.036706
0.032614
0.032019
0.030372
0.030013
0.032398
0.031919
0.032185
0.030308
0.032303
0.030562
0.032878
0.032026
0.030015
0.030382
0.030651
0.029299
0.031970
0.032880
0.038351
0.037898
0.045807
0.045015
0.027627
0.032178
0.031670
0.032142
0.032320
0.032255
0.034579
0.030340
0.029505
0.029848
0.033384
0.032883
0.040346
0.030088
0.027099
0.030006
0.039427
0.040811
0.029057
0.028816
0.030701
0.038504
0.032628
0.041569
0.030317
0.030772
0.041718
0.031767
0.029917
0.028427
0.031530
0.029801
0.030520
0.029040
0.031196
0.033977
0.030597
0.031982
0.030796
0.029688
0.048874
0.029333
0.034938
0.040398
0.033476
0.030002
0.032610
0.035096
0.028594
0.031712
0.041072
0.029340
0.038072
0.030868
0.038798
0.039357
0.036153
0.033910
0.036352
0.047203
0.033132
0.033965
0.050207
0.029968
0.030736
0.036524
0.037174
0.039099
0.037439
0.033778
0.040358
0.035717
0.038303
0.036378
0.035426
0.036490
0.037547
0.038908
0.033938
0.038324
0.044880
0.027967
0.037511
0.036156
0.037627
0.034694
0.035664
0.037318
0.040639
0.034803
0.028956
0.027355
0.037359
0.029849
0.031923
0.030977
0.028059
0.028481
0.041742
0.037465
0.032337
0.031745
0.029062
0.032016
0.036105
0.035940
0.046458
0.029182
0.036017
0.034617
0.040425
0.031674
0.037883
0.036302
0.036547
0.042401
0.034803
0.041512
0.031009
0.030821
0.040853
0.029958
0.031474
0.029434
0.035888
0.032115
0.034534
0.038109
0.034434
0.033290
0.034274
0.034118
0.045054
0.036770
0.039008
0.043115
0.031541
0.032277
0.030465
0.033913
0.032253
0.030333
0.037595
0.033138
0.033391
0.030846
0.039919
0.031574
0.046875
0.030915
0.032137
0.028968
0.037643
0.032927
0.031817
0.032102
0.032124
0.034093
0.042108
0.032233
0.051828
0.029850
0.036491
0.029497
0.041415
0.032885
0.031646
0.030956
0.029831
0.032670
0.030823
0.031049
0.031778
0.034173
0.030486
0.033162
0.032746
0.039107
0.029904
0.030818
0.034924
0.032334
0.033574
0.032159
0.032933
0.030751
0.031553
0.034194
0.030484
0.033603
0.036041
0.032422
0.036972
0.038285
0.034197
0.030165
0.032113
0.031969
0.031760
0.031372
0.032344
0.032015
0.030524
0.031310
0.032078
0.030892
0.028451
0.030248
0.028604
0.037672
0.037757
0.041447
0.032547
0.036129
0.041804
0.030951
0.032634
0.028898
0.030120
0.034818
0.033549
0.031989
0.028769
0.035809
0.038841
0.036598
0.038674
0.039312
0.037556
0.030822
0.039057
0.032085
0.032264
0.035224
0.037243
0.031399
0.029650
0.036722
0.034697
0.036369
0.035631
0.030415
0.040617
0.033522
0.029324
0.045777
0.031128
0.031073
0.032759
0.045568
0.033272
0.034171
0.031654
0.038297
0.031056
0.039598
0.040402
0.036113
0.032485
0.035889
0.031135
0.036258
0.035081
0.029425
0.036647
0.030076
0.036720
0.032139
0.032896
0.037202
0.030936
0.035152
0.030367
0.035335
0.031938
0.030458
0.032236
0.032927
0.035656
0.033408
0.029913
0.033882
0.034090
0.033637
0.036897
0.046840
0.035334
0.038503
0.044198
0.037342
0.040556
0.032725
0.035440
0.040819
0.032954
0.032955
0.035720
0.036130
0.033632
0.032494
0.033114
0.055533
0.048954
0.032624
0.032540
0.033737
0.030485
0.034244
0.035412
0.029763
0.031793
0.035593
0.034187
0.031343
0.047544
0.038942
0.033159
0.028279
0.031077
0.029313
0.039235
0.031802
0.031183
0.033017
0.035032
0.032379
0.031714
0.042511
0.055234
0.037730
0.031982
0.032965
0.032705
0.039615
0.030327
0.039749
0.034201
0.049942
0.028533
0.033770
0.039639
0.030290
0.032126
0.035339
0.035942
0.035085
0.038571
0.037874
0.037256
0.042297
0.030600
0.037010
0.037271
0.029990
0.036813
0.032024
0.033243
0.034184
0.033442
0.036739
0.041621
0.029275
0.045844
0.032762
0.035837
0.030743
0.032388
0.031463
0.032295
0.033695
0.041936
0.040252
0.035044
0.034665
0.031285
0.030555
0.046335
0.030222
0.034587
0.032979
0.031709
0.033075
0.034718
0.030046
0.033257
0.039657
0.033382
0.033137
0.029810
0.040101
0.030891
0.040689
0.030155
0.032142
0.030052
0.030564
0.028867
0.030529
0.031922
0.033197
0.031723
0.033053
0.033375
0.039441
0.051760
0.030598
0.029133
0.031823
0.031154
0.042367
0.034045
0.029260
0.042753
0.029551
0.030592
0.030090
0.032279
0.033729
0.032768
0.033559
0.036004
0.031295
0.031165
0.033900
0.035169
0.036320
0.030231
0.039252
0.033947
0.032141
0.032614
0.032776
0.031630
0.030846
0.030789
0.034113
0.032130
0.036197
0.029619
0.029173
0.035816
0.035756
0.038830
0.032047
0.036780
0.032450
0.036022
0.028691
0.036552
0.033393
0.030087
0.043206
0.034583
0.030012
0.028794
0.034438
0.038395
0.032397
0.041888
0.032372
0.033751
0.038031
0.034016
0.029096
0.030001
0.032271
0.036419
0.036209
0.046885
0.044984
0.035841
0.030264
0.031204
0.030571
0.048183
0.031007
0.030836
0.032368
0.028816
0.033306
0.032783
0.035501
0.029717
0.031215
0.033433
0.032300
0.036124
0.034387
0.031349
0.036259
0.035974
0.031011
0.031387
0.031947
0.035322
0.041117
0.031769
0.034093
0.031646
0.031150
0.037177
0.031160
0.037158
0.037496
0.034462
0.030315
0.037004
0.029156
0.033274
0.032174
0.029360
0.032793
0.032361
0.058136
0.083991
0.052055
0.034672
0.035022
0.030189
0.031475
0.034259
0.031626
0.034557
0.030215
0.033227
0.029560
0.030556
0.033873
0.031752
0.030435
0.033835
0.032810
0.037522
0.044842
0.037264
0.033623
0.038799
0.042954
0.028887
0.031740
0.031915
0.032284
0.032241
0.033638
0.038475
0.031518
0.029648
0.033027
0.032331
0.030272
0.035668
0.032042
0.028669
0.035878
0.028271
0.030060
0.032543
0.031660
0.033927
0.028367
0.031527
0.032653
0.037040
0.030921
0.034358
0.035733
0.034267
0.034510
0.042848
0.030087
0.029336
0.032184
0.030782
0.037199
0.036419
0.030024
0.033723
0.035551
0.037456
0.036747
0.035874
0.036561
0.036835
0.032933
0.033587
0.031175
0.029124
0.042697
0.032509
0.034280
0.037064
0.036407
0.036244
0.035604
0.038097
0.036487
0.035731
0.037971
0.037274
0.036613
0.037264
0.031615
0.028949
0.045129
0.032753
0.032272
0.033969
0.035360
0.047442
0.032281
0.031549
0.032530
0.034494
0.032052
0.032095
0.031866
0.032020
0.031456
0.031410
0.034285
0.038665
0.035645
0.040816
0.033034
0.038938
0.030555
0.029485
0.032432
0.033472
0.031043
0.033852
0.031552
0.031457
0.036290
0.032544
0.032338
0.031775
0.032021
0.028353
0.038742
0.032507
0.031263
0.034624
0.038696
0.030254
0.031312
0.030090
0.029608
0.030340
0.033209
0.038324
0.031178
0.033849
0.030352
0.032445
0.030442
0.036772
0.038769
0.033001
0.034344
0.037610
0.032892
0.032382
0.030538
0.029585
0.030055
0.032459
0.033100
0.042942
0.031526
0.031217
0.079789
0.045878
0.031251
0.031013
0.028633
0.029689
0.031616
0.027280
0.033334
0.035462
0.028845
0.029069
0.028163
0.031617
0.030730
0.032244
0.055002
0.030880
0.039512
0.041999
0.029210
0.037206
0.050016
0.029737
0.030332
0.035580
0.036124
0.030974
0.033555
0.029421
0.035936
0.032230
0.034868
0.035721
0.029483
0.032929
0.031343
0.030801
0.029919
0.031230
0.044614
0.033382
0.041248
0.033876
0.030015
0.037726
0.031095
0.032888
0.046705
0.033467
0.031863
0.041182
0.051939
0.028958
0.037595
0.027868
0.031634
0.030007
0.030186
0.032521
0.049151
0.053714
0.033602
0.032621
0.029796
0.037976
0.038286
0.030214
0.035312
0.033480
0.030372
0.039875
0.029077
0.031179
0.031001
0.031634
0.030623
0.032077
0.030143
0.030393
0.041449
0.037651
0.034836
0.032359
0.031232
0.033077
0.031014
0.038201
0.032827
0.032383
0.037868
0.039149
0.029186
0.033484
0.030782
0.033115
0.043490
0.034305
0.030936
0.032920
0.038102
0.032206
0.030739
0.031651
0.041322
0.030133
0.046316
0.039797
0.039539
0.031567
0.033189
0.044262
0.030429
0.037604
0.033139
0.038639
0.037860
0.028826
0.026927
0.031903
0.030306
0.038432
0.040270
0.035713
0.031130
0.032094
0.032710
0.032560
0.031062
0.033633
0.031418
0.031390
0.031252
0.031091
0.032747
0.030996
0.029962
0.031422
0.030981
0.029824
0.031408
0.059419
0.038311
0.038560
0.030383
0.033709
0.030004
0.030389
0.033525
0.035645
0.029031
0.029897
0.037829
0.036230
0.029397
0.033159
0.033520
0.032401
0.032881
0.029925
0.033516
0.031444
0.030676
0.029701
0.031424
0.030317
0.030040
0.030264
0.037889
0.030102
0.030432
0.031077
0.032904
0.031937
0.042792
0.033273
0.032695
0.032699
0.031214
0.029824
0.029851
0.030629
0.031891
0.030539
0.032129
0.031134
0.042928
0.035156
0.039860
0.032554
0.032933
0.029599
0.033424
0.029119
0.031378
0.031938
0.030733
0.032445
0.032441
0.032862
0.031322
0.047101
0.031660
0.034880
0.029625
0.029770
0.041105
0.032568
0.032681
0.030504
0.035256
0.031491
0.031629
0.030774
0.040163
0.030433
0.049418
0.029722
0.031281
0.031878
0.039433
0.031240
0.037838
0.032180
0.033165
0.030781
0.041939
0.047312
0.034281
0.041324
0.030010
0.030560
0.034741
0.034274
0.039677
0.036400
0.038205
0.039932
0.034390
0.042441
0.034025
0.043917
0.030200
0.035815
0.036414
0.034688
0.036980
0.036986
0.040344
0.032135
0.044796
0.031443
0.034653
0.030103
0.038861
0.030273
0.035610
0.044343
0.043986
0.046104
0.042836
0.031373
0.029392
0.030305
0.030392
0.034945
0.033031
0.032452
0.034984
0.044983
0.029512
0.031322
0.034784
0.029997
0.028865
0.034523
0.030217
0.037360
0.033529
0.030089
0.031748
0.030979
0.030996
0.031255
0.031574
0.031040
0.033674
0.038445
0.031782
0.045131
0.033447
0.037976
0.029280
0.027471
0.033608
0.030675
0.034360
0.041864
0.039042
0.037568
0.037136
0.038383
0.036643
0.037608
0.037647
0.037468
0.038111
0.039996
0.038090
0.039642
0.037200
0.034602
0.030424
0.030278
0.031790
0.030961
0.034097
0.031202
0.031409
0.031960
0.036341
0.031492
0.031571
0.031281
0.032886
0.032977
0.036467
0.035842
0.029398
0.026780
0.031837
0.037288
0.035750
0.035541
0.040649
0.035872
0.035798
0.038118
0.038846
0.032618
0.036825
0.046283
0.031507
0.037307
0.038403
0.036930
0.036216
0.035341
0.034910
0.037534
0.032429
0.029673
0.034443
0.030032
0.030870
0.036068
0.038460
0.036749
0.037164
0.036502
0.036808
0.036784
0.030380
0.042462
0.035934
0.036679
0.028832
0.042490
0.040016
0.035935
0.038201
0.035511
0.036415
0.036540
0.035759
0.035864
0.033238
0.037654
0.036846
0.036598
0.035253
0.036368
0.036786
0.037738
0.036930
0.037274
0.036411
0.037664
0.036500
0.032281
0.043995
0.036913
0.028379
0.029317
0.035188
0.038410
0.042840
0.041034
0.050563
0.039109
0.035372
0.031559
0.031074
0.032339
0.035142
0.036047
0.039219
0.041933
0.039797
0.031563
0.036637
0.030654
0.033118
0.032918
0.033548
0.034094
0.038900
0.029238
0.030203
0.032106
0.035164
0.032424
0.032758
0.033699
0.049350
0.031802
0.029701
0.034090
0.032448
0.042126
0.031619
0.031242
0.032798
0.030066
0.029743
0.029825
0.030570
0.035294
0.033126
0.029562
0.029850
0.030207
0.033879
0.034458
0.039575
0.036535
0.035866
0.036068
0.039570
0.032402
0.032983
0.030730
0.035176
0.038795
0.045701
0.033144
0.032589
0.039447
0.030686
0.030993
0.037290
0.031557
0.034812
0.036009
0.030474
0.030137
0.029604
0.031490
0.033977
0.033915
0.031810
0.038174
0.031099
0.032908
0.035128
0.048294
0.037779
0.039508
0.035275
0.031189
0.032416
0.033532
0.032987
0.036403
0.029869
0.033033
0.038720
0.034881
0.031370
0.031245
0.032832
0.035476
0.033558
0.031229
0.033118
0.040372
0.032999
0.033965
0.033538
0.032195
0.037478
0.033131
0.033367
0.033236
0.052276
0.036234
0.032944
0.035236
0.034264
0.035081
0.050011
0.033518
0.036302
0.033631
0.040927
0.039358
0.038089
0.039292
0.038214
0.038720
0.038872
0.038584
0.038285
0.036981
0.030940
0.028380
0.033700
0.032336
0.037885
0.037385
0.035508
0.032713
0.030880
0.031667
0.033419
0.034391
0.037169
0.035762
0.030517
0.046280
0.030014
0.040449
0.029245
0.032781
0.031188
0.038021
0.036446
0.039397
0.041043
0.034966
0.032837
0.031165
0.039176
0.041003
0.036084
0.030771
0.037745
0.033439
0.037352
0.036121
0.032078
0.031403
0.037940
0.032000
0.042437
0.036181
0.034811
0.039190
0.033603
0.034690
0.035524
0.039404
0.046221
0.037513
0.038182
0.035100
0.029874
0.030340
0.034840
0.031940
0.035376
0.035341
0.032238
0.031888
0.032660
0.031977
0.031345
0.036211
0.030358
0.034094
0.030988
0.039155
0.029928
0.046196
0.031605
0.039188
0.036836
0.039412
0.041081
0.045552
0.032778
0.035980
0.031966
0.030332
0.033064
0.035542
0.033530
0.032053
0.033053
0.035918
0.032438
0.034931
0.034048
0.032751
0.031549
0.033508
0.036502
0.029773
0.029934
0.033343
0.032534
0.029932
0.029568
0.032931
0.039747
0.033064
0.030535
0.033208
0.032735
0.032957
0.034717
0.033716
0.035366
0.036417
0.031719
0.035781
0.038110
0.037336
0.030563
0.030119
0.029366
0.041109
0.028899
0.034856
0.032568
0.042798
0.032426
0.031361
0.029636
0.047213
0.037515
0.031976
0.030828
0.036616
0.030777
0.030344
0.032046
0.030779
0.030443
0.046949
0.029701
0.038139
0.031709
0.050172
0.032309
0.030066
0.035648
0.029513
0.029497
0.033471
0.031041
0.032901
0.029913
0.031826
0.033208
0.040177
0.035027
0.030697
0.033352
0.031283
0.033770
0.031012
0.034347
0.030407
0.036798
0.031198
0.034765
0.031684
0.034175
0.033296
0.038207
0.043598
0.031873
0.031292
0.031762
0.035176
0.037637
0.039409
0.038045
0.039651
0.037802
0.034100
0.037435
0.033946
0.033030
0.035061
0.047466
0.040232
0.041505
0.044092
0.046539
0.042145
0.036665
0.039253
0.033451
0.030284
0.037557
0.029727
0.030379
0.033326
0.029551
0.030925
0.038480
0.029347
0.030829
0.039869
0.038598
0.039564
0.032290
0.031173
0.030372
0.034556
0.039716
0.034994
0.035254
0.034434
0.032087
0.033387
0.033018
0.032994
0.032229
0.032032
0.038914
0.032826
0.032238
0.032443
0.031168
0.031845
0.042581
0.030909
0.032849
0.033324
0.031860
0.030747
0.032267
0.029644
0.032580
0.032464
0.033758
0.035917
0.032460
0.031218
0.034046
0.030997
0.032003
0.042051
0.042075
0.036750
0.034499
0.039045
0.041116
0.038130
0.036565
0.040136
0.039768
0.038926
0.038299
0.040323
0.038257
0.035925
0.033058
0.034250
0.032902
0.037904
0.033101
0.032404
0.032915
0.030092
0.032420
0.032369
0.031549
0.032724
0.035082
0.033511
0.037092
0.033328
0.036719
0.029107
0.030490
0.037962
0.031765
0.031487
0.041359
0.029035
0.029706
0.028265
0.037323
0.030136
0.035874
0.029132
0.033973
0.032019
0.029180
0.030859
0.031679
0.030703
0.036042
0.032143
0.031727
0.029676
0.031697
0.038372
0.034275
0.032621
0.031599
0.053717
0.055782
0.032422
0.030085
0.030065
0.032912
0.035754
0.031769
0.035604
0.033362
0.030827
0.030996
0.031822
0.039428
0.038530
0.032144
0.032426
0.048544
0.043134
0.041229
0.035666
0.039703
0.037108
0.037845
0.037008
0.037139
0.036216
0.036613
0.036120
0.035845
0.036427
0.036618
0.036410
0.041998
0.036365
0.036578
0.035903
0.036398
0.036447
0.036607
0.036224
0.037033
0.035784
0.035877
0.035635
0.036502
0.035842
0.036381
0.035818
0.031748
0.036331
0.032333
0.034071
0.037553
0.035650
0.031055
0.031203
0.032150
0.029008
0.029330
0.030135
0.029311
0.028846
0.028783
0.030017
0.029383
0.030259
0.028604
0.028445
0.028445
0.028848
0.029353
0.028324
0.028279
0.028762
0.028056
0.031707
0.041980
0.050839
0.046408
0.053726
0.061299
0.045236
0.050537
0.050575
0.050838
0.041973
0.046406
0.052102
0.049580
0.036693
0.028938
0.028135
0.032174
0.041001
0.063608
0.048962
0.030883
0.034115
0.032520
0.032479
0.031496
0.032130
0.032460
0.031735
0.032602
0.035520
0.031777
0.033134
0.033195
0.033067
0.032267
0.033544
0.027344
0.029455
0.028933
0.029505
0.028491
0.028428
0.028960
0.029009
0.028980
0.029017
0.029126
0.029231
0.028529
0.029326
0.028826
0.028751
0.028445
0.028575
0.028967
0.028425
0.028940
0.028857
0.028778
0.029186
0.029436
0.029049
0.028947
0.028991
0.029612
0.028088
0.029258
0.028812
0.028943
0.029105
0.028665
0.029026
0.028064
0.028218
0.028992
0.029340
0.029772
0.029143
0.029082
0.028516
0.028692
0.028414
0.028578
0.027983
0.028781
0.029360
0.028550
0.031146
0.028560
0.028965
0.027880
0.028149
0.030739
0.028526
0.029348
0.028433
0.031325
0.029360
0.028572
0.028809
0.028364
0.028994
0.030611
0.028742
0.029235
0.033797
0.028075
0.027369
0.027914
0.029832
0.029970
0.029643
0.030018
0.030899
0.031713
0.032018
0.031788
0.032022
0.031957
0.031120
0.029270
0.029576
0.029576
0.029506
0.029637
0.029224
0.029068
0.029220
0.029556
0.028453
0.028638
0.029819
0.029169
0.029042
0.029905
0.028794
0.029139
0.029585
0.029023
0.029940
0.029022
0.029340
0.029523
0.029469
0.029144
0.029536
0.029686
0.029402
0.029579
0.029722
0.029473
0.029055
0.029978
0.029270
0.028674
0.029787
0.028991
0.028817
0.029408
0.029021
0.028453
0.029476
0.028993
0.028736
0.030113
0.028672
0.028504
0.029861
0.032648
0.029145
0.029301
0.028919
0.028883
0.029251
0.029332
0.028326
0.029406
0.029466
0.029123
0.029908
0.029462
0.029471
0.029627
0.029699
0.029449
0.028816
0.029563
0.028655
0.028727
0.029008
0.028448
0.028754
0.029560
0.028712
0.029267
0.028520
0.028722
0.028590
0.028626
0.028831
0.029243
0.029176
0.030643
0.032537
0.027197
0.026903
0.026912
0.027189
0.027108
0.027480
0.026819
0.026944
0.027263
0.026627
0.028251
0.026637
0.026993
0.027529
0.027398
0.027678
0.027824
0.027514
0.027605
0.027727
0.026750
0.027729
0.027480
0.026940
0.027744
0.028216
0.027215
0.027560
0.028150
0.027041
0.027562
0.027714
0.027510
0.027739
0.027373
0.027667
0.027303
0.027999
0.027836
0.027088
0.027713
0.027699
0.027397
0.028437
0.028991
0.029687
0.028526
0.029246
0.028703
0.028570
0.029487
0.029823
0.028497
0.029558
0.029524
0.028787
0.031323
0.028846
0.029629
0.029322
0.028731
0.028461
0.028672
0.029738
0.028799
0.029049
0.029208
0.029418
0.028711
0.029612
0.031346
0.034900
0.028831
0.028636
0.029009
0.029105
0.028928
0.028892
0.029053
0.029125
0.028857
0.029376
0.029546
0.029218
0.029584
0.029409
0.029019
0.031620
0.030918
0.030334
0.031532
0.030808
0.030607
0.029855
0.031096
0.029670
0.030790
0.029378
0.029984
0.029624
0.029586
0.027335
0.028851
0.027807
0.028380
0.028332
0.028034
0.028067
0.027984
0.028375
0.027695
0.028363
0.027632
0.027759
0.028471
0.029603
0.028642
0.027423
0.053658
0.074866
0.055135
0.067192
0.033822
0.029951
0.030253
0.030096
0.030421
0.031376
0.033790
0.031286
0.031583
