0.012656
0.038230
0.057891
0.035682
0.055611
0.046631
0.034019
0.046603
0.045803
0.047026
0.047073
0.049316
0.034122
0.048892
0.036654
0.033769
0.040787
0.040287
0.050114
0.037817
0.037537
0.037488
0.039725
0.038703
0.038448
0.043166
0.037891
0.039073
0.039162
0.041309
0.037361
0.040509
0.039173
0.052783
0.036101
0.050874
0.046655
0.037239
0.037543
0.031960
0.029408
0.039951
0.031894
0.030193
0.046130
0.031220
0.030854
0.037373
0.036319
0.030791
0.049745
0.031038
0.039899
0.033599
0.052142
0.034930
0.039114
0.039938
0.038974
0.031466
0.028795
0.066963
0.062943
0.062765
0.044790
0.033862
0.031500
0.034609
0.031484
0.046791
0.046615
0.039221
0.032778
0.038316
0.031584
0.039031
0.031664
0.053203
0.030529
0.032811
0.041688
0.030283
0.033535
0.033564
0.032383
0.033984
0.029170
0.036086
0.043893
0.040249
0.034625
0.038638
0.032109
0.037196
0.031968
0.034735
0.032959
0.033256
0.032819
0.042531
0.041679
0.036633
0.040787
0.030591
0.030590
0.039342
0.030524
0.030004
0.034149
0.030667
0.031380
0.029321
0.032772
0.031737
0.033042
0.036984
0.040687
0.030741
0.048441
0.035808
0.042174
0.038670
0.037276
0.030611
0.031451
0.040290
0.033037
0.041895
0.031187
0.030167
0.043533
0.049307
0.034857
0.029980
0.037533
0.032877
0.030208
0.029662
0.036820
0.030414
0.034566
0.056468
0.031843
0.031758
0.030693
0.058676
0.030725
0.035883
0.030207
0.036837
0.036572
0.037407
0.030859
0.030860
0.031481
0.028843
0.046685
0.030497
0.036304
0.030874
0.030391
0.031018
0.030398
0.029786
0.033536
0.029063
0.046575
0.033013
0.030444
0.029341
0.035493
0.029236
0.041861
0.034560
0.036596
0.047230
0.042867
0.039638
0.039086
0.040358
0.047894
0.030551
0.030498
0.032552
0.042719
0.033588
0.038321
0.042006
0.044974
0.031560
0.050404
0.050683
0.052238
0.060948
0.063055
0.041828
0.041729
0.040666
0.030882
0.047953
0.045622
0.033855
0.035456
0.036339
0.039320
0.039849
0.037997
0.034725
0.039399
0.038648
0.044820
0.029606
0.059172
0.057570
0.037469
0.035722
0.033122
0.032601
0.035405
0.035469
0.038640
0.034640
0.032248
0.032951
0.031950
0.051263
0.038963
0.036285
0.030042
0.029533
0.029587
0.032441
0.031620
0.031816
0.031684
0.034203
0.034763
0.031414
0.032058
0.032056
0.031330
0.033133
0.029733
0.029607
0.030435
0.031111
0.029189
0.028724
0.028593
0.032528
0.032359
0.030478
0.030420
0.033406
0.029537
0.030134
0.028014
0.036688
0.029221
0.030466
0.031515
0.031182
0.030555
0.030484
0.030517
0.044326
0.031078
0.031559
0.030342
0.031793
0.032758
0.032598
0.039779
0.030840
0.030117
0.038316
0.038059
0.035700
0.031082
0.031290
0.036313
0.038114
0.032936
0.058542
0.031444
0.030001
0.041432
0.033081
0.036028
0.032766
0.035702
0.031654
0.031156
0.034882
0.033750
0.047950
0.081061
0.041772
0.033621
0.038229
0.038760
0.030403
0.032707
0.032385
0.033916
0.034653
0.035060
0.038651
0.031448
0.045748
0.031849
0.029982
0.045750
0.052991
0.034110
0.030867
0.031914
0.032117
0.031586
0.029350
0.029643
0.035832
0.030466
0.033026
0.030987
0.037053
0.029783
0.029447
0.037569
0.026379
0.039569
0.037287
0.031458
0.040825
0.033549
0.029946
0.028676
0.026695
0.038283
0.040440
0.037872
0.037023
0.035962
0.035912
0.035654
0.035808
0.036562
0.035697
0.035933
0.036518
0.036834
0.035525
0.036421
0.036460
0.037452
0.036364
0.037392
0.036064
0.036285
0.039305
0.036785
0.036397
0.036372
0.038222
0.036745
0.035959
0.037866
0.038898
0.036329
0.036284
0.036530
0.035668
0.036737
0.036196
0.036451
0.036656
0.035012
0.036273
0.036434
0.036366
0.036385
0.036320
0.036054
0.036257
0.036252
0.036231
0.036252
0.036290
0.036112
0.036046
0.036320
0.037296
0.036021
0.039260
0.037303
0.036633
0.037023
0.041223
0.036914
0.036315
0.054420
0.035677
0.036889
0.036733
0.036963
0.043665
0.038047
0.037013
0.036911
0.037073
0.045855
0.037579
0.036962
0.037066
0.039423
0.038666
0.037366
0.037409
0.061574
0.038010
0.037545
0.036553
0.036045
0.036086
0.039403
0.043576
0.035018
0.035596
0.036109
0.036407
0.036536
0.051764
0.072626
0.031578
0.031764
0.038437
0.044946
0.038790
0.032875
0.028366
0.041180
0.033640
0.040080
0.029511
0.037987
0.038635
0.030232
0.035027
0.045631
0.027689
0.037431
0.043033
0.035258
0.032966
0.051004
0.040246
0.037119
0.038551
0.032690
0.033229
0.042132
0.030172
0.030012
0.030432
0.031433
0.032037
0.031423
0.030945
0.030948
0.034205
0.032111
0.031667
0.040319
0.032185
0.031257
0.032577
0.029131
0.035863
0.029494
0.038098
0.047271
0.033060
0.062963
0.054986
0.061297
0.031692
0.030013
0.033360
0.032752
0.036403
0.038941
0.029670
0.042603
0.028996
0.039640
0.033047
0.033532
0.030918
0.036838
0.041622
0.042619
0.029700
0.045952
0.031213
0.034635
0.032621
0.030246
0.035195
0.043603
0.033069
0.032239
0.032062
0.031338
0.032256
0.035829
0.029944
0.032747
0.034430
0.031570
0.036535
0.031042
0.038651
0.030106
0.031405
0.035315
0.032841
0.033666
0.029250
0.029730
0.030287
0.031471
0.028631
0.030253
0.040087
0.031226
0.030534
0.034032
0.038278
0.034130
0.028540
0.032361
0.030050
0.039408
0.035429
0.028738
0.039301
0.031920
0.033628
0.054180
0.031031
0.041026
0.030092
0.032522
0.031658
0.042406
0.027783
0.035961
0.038206
0.032293
0.033564
0.032887
0.032963
0.031800
0.044408
0.032766
0.029689
0.032654
0.031244
0.043157
0.033619
0.035582
0.033107
0.032402
0.032457
0.033251
0.033745
0.031523
0.040194
0.040612
0.042271
0.032887
0.032478
0.032555
0.031443
0.031704
0.031920
0.032515
0.040364
0.032236
0.029558
0.033698
0.040634
0.037295
0.034202
0.037603
0.031577
0.032363
0.032222
0.043568
0.030550
0.032006
0.031864
0.044647
0.034793
0.034099
0.037371
0.040876
0.033152
0.031838
0.032515
0.028708
0.032586
0.031334
0.034019
0.031365
0.038997
0.031005
0.030455
0.034958
0.031664
0.030221
0.045502
0.032424
0.029015
0.034494
0.042882
0.033435
0.033453
0.030470
0.040310
0.031387
0.030297
0.030523
0.041397
0.037015
0.040371
0.047494
0.059070
0.036864
0.036784
0.037684
0.036530
0.037083
0.036334
0.035259
0.041084
0.038333
0.038378
0.038485
0.038438
0.037454
0.037926
0.038722
0.038008
0.038703
0.038281
0.037377
0.037831
0.037933
0.038166
0.037497
0.038796
0.033615
0.046576
0.044806
0.039039
0.036326
0.036758
0.036310
0.037137
0.036034
0.037889
0.036310
0.036853
0.035779
0.038654
0.036274
0.043856
0.037259
0.036470
0.036827
0.036810
0.036271
0.036586
0.036532
0.036680
0.036957
0.036428
0.037199
0.036467
0.036892
0.036541
0.039400
0.038156
0.038760
0.037223
0.038332
0.037467
0.038313
0.037598
0.036619
0.038814
0.042016
0.038134
0.038241
0.038070
0.038220
0.037962
0.038842
0.037063
0.038347
0.037548
0.037566
0.037335
0.037196
0.038076
0.035563
0.032449
0.031705
0.032692
0.032045
0.042290
0.032159
0.033774
0.040191
0.043879
0.058326
0.037853
0.040077
0.039590
0.036840
0.035996
0.040211
0.038264
0.038043
0.036960
0.044263
0.037723
0.036209
0.036361
0.036319
0.036251
0.035980
0.035515
0.036249
0.038316
0.036610
0.036538
0.036137
0.036737
0.037212
0.036158
0.036356
0.035966
0.036227
0.036156
0.035907
0.036024
0.036146
0.036202
0.036585
0.036530
0.036064
0.044459
0.036627
0.035800
0.036491
0.039426
0.036764
0.036725
0.036674
0.036695
0.036755
0.036106
0.036898
0.038527
0.036603
0.037169
0.037100
0.036963
0.036297
0.036476
0.040576
0.035487
0.036456
0.036441
0.032295
0.031550
0.036541
0.035629
0.029992
0.029103
0.034150
0.033555
0.031537
0.030013
0.030752
0.030787
0.030591
0.029442
0.034886
0.029169
0.033113
0.031883
0.035277
0.036092
0.029478
0.032328
0.035999
0.030385
0.030255
0.032598
0.033323
0.040058
0.031660
0.041034
0.036841
0.031771
0.043682
0.038273
0.039911
0.037755
0.041836
0.038420
0.036798
0.044431
0.041805
0.037345
0.038202
0.037976
0.038117
0.037057
0.039266
0.035576
0.037444
0.037832
0.041585
0.044076
0.035447
0.035443
0.033419
0.032164
0.041391
0.036059
0.036898
0.034843
0.033905
0.029300
0.045989
0.039798
0.031600
0.033670
0.037927
0.040195
0.038557
0.041851
0.040894
0.036316
0.034601
0.044561
0.045015
0.039299
0.033050
0.032543
0.039876
0.046778
0.039790
0.046637
0.033435
0.039324
0.030188
0.034800
0.032269
0.036203
0.038085
0.040247
0.033242
0.041931
0.030407
0.034235
0.034501
0.034759
0.032785
0.030796
0.032946
0.041514
0.040566
0.034878
0.034634
0.031553
0.039701
0.040879
0.038197
0.041294
0.032734
0.037363
0.051023
0.058250
0.038800
0.041572
0.034682
0.048425
0.052436
0.038535
0.031017
0.034217
0.030787
0.037029
0.033328
0.031454
0.030498
0.031448
0.036499
0.032942
0.034420
0.036383
0.037415
0.037270
0.030748
0.032859
0.033885
0.040073
0.036550
0.037495
0.037257
0.036175
0.036233
0.036091
0.036474
0.036254
0.036434
0.036055
0.035941
0.038437
0.036647
0.036573
0.036529
0.039776
0.036078
0.036462
0.036557
0.036725
0.036185
0.036312
0.036302
0.036424
0.036540
0.036509
0.037200
0.037135
0.038666
0.035835
0.037459
0.036336
0.036926
0.036186
0.036472
0.036739
0.036271
0.036936
0.036663
0.036155
0.037278
0.040095
0.041007
0.035609
0.039428
0.037404
0.037193
0.029714
0.029703
0.033377
0.032436
0.032126
0.032672
0.038076
0.030043
0.030460
0.034057
0.034704
0.030361
0.032885
0.030289
0.037489
0.036395
0.037280
0.031721
0.034259
0.034734
0.034604
0.031722
0.033300
0.036886
0.039548
0.039027
0.040425
0.030627
0.033079
0.030596
0.029644
0.038779
0.033447
0.036863
0.032054
0.034948
0.033112
0.030563
0.030767
0.035602
0.034815
0.030517
0.030092
0.033908
0.030550
0.036931
0.030942
0.033167
0.033336
0.033758
0.031437
0.034088
0.032487
0.037817
0.038160
0.032658
0.033634
0.034582
0.032818
0.031423
0.034759
0.033582
0.032923
0.032014
0.032053
0.032777
0.032076
0.032771
0.032699
0.030372
0.047248
0.032115
0.035420
0.035725
0.030935
0.031153
0.035091
0.034079
0.034417
0.033345
0.041734
0.035302
0.031297
0.031917
0.031458
0.031694
0.034803
0.033602
0.035822
0.032526
0.031827
0.032879
0.031712
0.030631
0.029779
0.035854
0.035110
0.035025
0.037502
0.031045
0.034711
0.030105
0.027843
0.031956
0.034232
0.032759
0.037568
0.033048
0.032396
0.037178
0.032498
0.033722
0.031548
0.034611
0.030029
0.034687
0.031493
0.034886
0.029951
0.029728
0.032083
0.032785
0.031678
0.032163
0.036902
0.033549
0.034268
0.036325
0.031103
0.034192
0.028286
0.035700
0.042716
0.034900
0.031567
0.037904
0.030882
0.030131
0.033955
0.029991
0.028743
0.029516
0.032445
0.031356
0.037945
0.039644
0.032756
0.031546
0.033024
0.031555
0.035897
0.033291
0.033755
0.033839
0.034290
0.031793
0.034149
0.031161
0.030950
0.027771
0.040185
0.038130
0.036596
0.031759
0.033114
0.036257
0.034734
0.034249
0.031312
0.034642
0.033255
0.033169
0.033090
0.033385
0.030968
0.032118
0.033811
0.033839
0.030030
0.031571
0.028478
0.040589
0.030294
0.030357
0.030011
0.040887
0.042457
0.035205
0.030464
0.031345
0.030457
0.036509
0.030380
0.038810
0.034634
0.033967
0.032920
0.035840
0.037469
0.033179
0.030883
0.029452
0.032239
0.047100
0.031183
0.037111
0.039665
0.033925
0.032931
0.030065
0.038411
0.032877
0.039758
0.035649
0.042386
0.034535
0.032932
0.032282
0.031817
0.034939
0.031553
0.035908
0.031859
0.034931
0.030009
0.031334
0.033151
0.032765
0.032355
0.030261
0.033228
0.040357
0.028925
0.032906
0.030501
0.041238
0.039307
0.034594
0.031733
0.038492
0.033041
0.037477
0.045621
0.030674
0.040232
0.039789
0.039116
0.035810
0.034415
0.034029
0.033984
0.040436
0.036294
0.030569
0.029486
0.038236
0.035095
0.029224
0.032964
0.032597
0.033278
0.030197
0.037491
0.033026
0.029932
0.046301
0.028749
0.039722
0.036155
0.035827
0.036458
0.034039
0.036667
0.031793
0.033908
0.034929
0.038651
0.032313
0.028505
0.039714
0.036672
0.041972
0.029623
0.032488
0.032637
0.036497
0.033292
0.033026
0.037722
0.041693
0.031590
0.039974
0.034699
0.028770
0.029305
0.029818
0.029270
0.028948
0.029170
0.029866
0.028912
0.030361
0.030464
0.027972
0.029291
0.029788
0.028445
0.027163
0.027887
0.028386
0.027559
0.029386
0.032800
0.049725
0.047824
0.056804
0.049802
0.048063
0.060945
0.045746
0.053663
0.044883
0.062053
0.055792
0.050557
0.048796
0.055273
0.057323
0.032968
0.030363
0.029911
0.073762
0.047641
0.030632
0.030712
0.028929
0.028265
0.028398
0.028911
0.028821
0.029112
0.030235
0.030044
0.029253
0.028805
0.028794
0.028604
0.028125
0.028176
0.028416
0.028379
0.028266
0.027615
0.028154
0.028019
0.028044
0.029042
0.028172
0.040827
0.049415
0.029958
0.029655
0.030026
0.030043
0.032521
0.030543
0.036739
0.039371
0.030201
0.039083
0.046574
0.042571
0.031322
0.030185
0.031515
0.030513
0.030120
0.032169
0.031147
0.031160
0.030904
0.030448
0.029408
0.029228
0.029269
0.031188
0.029550
0.029144
0.029043
0.031173
0.028816
0.031589
0.027759
0.028097
0.028574
0.029263
0.030745
0.030436
0.030599
0.031252
0.029432
0.029576
0.028321
0.028418
0.028632
0.028669
0.029717
0.027937
0.029656
0.031547
0.030022
0.029831
0.029207
0.028587
0.028137
0.027264
0.027320
0.027583
0.026886
0.026762
0.026501
0.026625
0.026458
0.027569
0.027530
0.027577
0.027314
0.027544
0.028382
0.029342
0.028953
0.029533
0.027317
0.027807
0.029593
0.028610
0.028995
0.028502
0.028627
0.028447
0.028533
0.027508
0.029611
0.029260
0.027836
0.028655
0.028320
0.028833
0.029100
0.029436
0.029138
0.028800
0.028752
0.028493
0.028318
0.028760
0.029829
0.027517
0.028655
0.028146
0.028256
0.028801
0.029130
0.029371
0.029312
0.030097
0.029866
0.029524
0.030693
0.029195
0.029327
0.029874
0.028892
0.028253
0.030221
0.030117
0.029459
0.030353
0.030430
0.031507
0.029814
0.029825
0.028437
0.028900
0.032837
0.029579
0.030518
0.031455
0.030372
0.027672
0.029149
0.029078
0.029059
0.028053
0.029573
0.028296
0.028173
0.026801
0.029511
0.028142
0.028570
0.030012
0.031922
0.028646
0.038151
0.031456
0.033653
0.030672
0.030970
0.030149
0.030311
0.031314
0.029154
0.031236
0.029264
0.029058
0.032283
0.030417
0.030043
0.030020
0.032355
0.032581
0.031272
0.030477
0.029868
0.029297
0.030686
0.030534
0.030861
0.031573
0.030876
0.030148
0.029451
0.028981
0.030399
0.031724
0.031521
0.031879
0.029417
0.029413
0.029318
0.029184
0.028995
0.029341
0.029079
0.029295
0.030533
0.029655
0.028742
0.029337
0.029695
0.029799
0.031507
0.030474
0.030205
0.029354
0.030353
0.029118
0.029906
0.029845
0.029507
0.028858
0.027794
0.028639
0.030371
0.028709
0.027866
0.028549
0.028740
0.037596
0.031299
0.030409
0.030253
0.029712
0.028959
0.029437
0.029565
0.029432
0.029164
0.029070
0.029883
0.031214
0.029876
0.030652
0.029651
0.029386
0.029142
0.029038
0.028922
0.028850
0.028830
0.028641
0.029260
0.027349
0.027800
0.027404
0.027444
0.027293
0.027229
0.029783
0.027966
0.028455
0.027977
0.035138
0.039435
0.041573
0.037757
0.031333
0.031088
0.030299
0.030813
0.029933
0.031527
0.032973
0.031936
0.032293
0.095277
0.075681
0.059721
0.055758
0.029955
0.030050
0.029978
0.029497
0.029986
0.029955
0.030176
0.030037
0.037381
0.028954
0.030781
0.030576
0.030332
0.030623
0.031371
0.031016
0.031095
0.031208
0.030193
0.030444
0.030195
0.029766
0.031348
0.047163
0.048879
0.038154
0.029284
0.029159
0.029186
0.029959
0.029213
0.029585
0.029064
0.029716
0.031447
0.042113
0.030726
0.029027
0.029020
0.050717
0.028881
0.030091
0.030113
0.040245
0.036366
0.033768
0.036444
0.038637
0.030247
0.033070
0.030142
0.036517
0.035805
0.042337
0.039133
0.034009
0.031477
0.031737
0.034693
0.041964
0.040617
0.043294
0.030248
0.033652
0.035582
0.036157
0.029899
0.041423
0.037096
0.036802
0.040013
0.042588
0.039587
0.040874
0.040096
0.039911
0.041076
0.033861
0.032656
0.040910
0.035990
0.039041
0.040933
0.032192
0.031673
0.030548
0.038767
0.032711
0.042054
0.040431
0.038268
0.038795
0.037411
0.038980
0.033527
0.042738
0.044597
0.057753
0.091609
0.061119
0.059229
0.059677
0.034221
0.059216
0.056260
0.049927
0.051831
0.041468
0.035264
0.032328
0.032105
0.041268
0.053979
0.034796
0.031266
0.040223
0.035605
0.032676
0.040759
0.031325
0.033442
0.033871
0.035322
0.044369
0.032772
0.040545
0.031313
0.033467
0.034716
0.045950
0.034844
0.032354
0.044791
0.034774
0.043756
0.035704
0.055127
0.046969
0.034993
0.039618
0.032468
0.048929
0.035883
0.051674
0.053897
0.034990
0.038951
0.031686
0.032485
0.037971
0.034373
0.032114
0.042187
0.040823
0.037924
0.051938
0.030982
0.039269
0.035752
0.041685
0.046643
0.049622
0.030245
0.039254
0.045334
0.044300
0.037890
0.037256
0.032810
0.039406
0.035553
0.032326
0.031569
0.037437
0.040330
0.041818
0.038352
0.039608
0.035691
0.043997
0.040585
0.035542
0.045639
0.032959
0.033172
0.032636
0.048261
0.030651
0.030576
0.035784
0.031950
0.032896
0.037496
0.039996
0.036462
0.052864
0.045535
0.042280
0.037622
0.033869
0.043832
0.045559
0.035846
0.045076
0.032962
0.046968
0.040718
0.051895
0.054868
0.048307
0.044139
0.044011
0.046238
0.041113
0.032617
0.031767
0.033607
0.033764
0.058627
0.047567
0.042028
0.038714
0.042416
0.048913
0.047214
0.036153
0.033878
0.032836
0.034605
0.053469
0.044232
0.041998
0.045310
0.050169
0.035926
0.033415
0.055465
0.033921
0.037637
0.034437
0.034139
0.040203
0.046186
0.041019
0.050210
0.056979
0.038424
0.038188
0.045964
0.038106
0.039160
0.064254
0.050843
0.037338
0.037616
0.038101
0.041420
0.048533
0.038836
0.037980
0.050280
0.051688
0.033149
0.029787
0.036714
0.032358
0.035712
0.033104
0.034915
0.033011
0.030329
0.048597
0.031015
0.030663
0.032048
0.030594
0.030797
0.026755
0.046630
0.034270
0.031632
0.029493
0.033942
0.037990
0.032020
0.032986
0.032929
0.033526
0.030715
0.035124
0.038598
0.034330
0.036615
0.051392
0.033746
0.033070
0.041532
0.038052
0.040031
0.038839
0.054833
0.047074
0.029928
0.036018
0.039798
0.036589
0.036730
0.038870
0.037508
0.033885
0.040593
0.052843
0.027622
0.044082
0.034659
0.037143
0.038663
0.035566
0.036519
0.039117
0.032458
0.036965
0.039291
0.039103
0.038064
0.037381
0.032935
0.031539
0.032486
0.035082
0.030919
0.033358
0.031857
0.032691
0.037582
0.036469
0.066245
0.049945
0.041405
0.031932
0.044094
0.048062
0.043197
0.040146
0.050210
0.047873
0.032440
0.035027
0.040135
0.032463
0.032967
0.032555
0.033215
0.033002
0.035943
0.039933
0.043702
0.034546
0.043484
0.037002
0.040016
0.039838
0.033909
0.034489
0.034509
0.034370
0.034228
0.035193
0.033839
0.033621
0.043945
0.056853
0.040887
0.039096
0.052961
0.054761
0.053484
0.040381
0.031892
0.031571
0.037123
0.040425
0.031871
0.041384
0.032880
0.039579
0.047977
0.032854
0.033170
0.040359
0.036854
0.034381
0.035724
0.037916
0.047467
0.040432
0.035084
0.032693
0.037593
0.031348
0.047695
0.039795
0.047778
0.031925
0.037164
0.031565
0.036427
0.031499
0.039612
0.043919
0.032331
0.037267
0.031456
0.032834
0.032150
0.043098
0.040564
0.035952
0.031793
0.032086
0.037003
0.033363
0.040263
0.034439
0.032108
0.032786
0.050700
0.033902
0.030978
0.037853
0.032373
0.032350
0.031975
0.031279
0.033846
0.032782
0.035401
0.032048
0.032361
0.033951
0.031565
0.041860
0.031242
0.035603
0.032310
0.034858
0.032064
0.034055
0.039905
0.034153
0.035402
0.032993
0.043554
0.047352
0.060121
0.035442
0.031546
0.030811
0.039095
0.029655
0.042989
0.051205
0.032093
0.038250
0.050542
0.031441
0.030388
0.030722
0.033468
0.031793
0.031312
0.031117
0.030515
0.033793
0.031475
0.031323
0.044154
0.031088
0.030723
0.041729
0.041283
0.031446
0.031109
0.030083
0.031818
0.031513
0.045698
0.032233
0.032878
0.033576
0.056872
0.031897
0.033121
0.030127
0.031410
0.031836
0.034715
0.034402
0.030047
0.030277
0.029525
0.042058
0.035375
0.028496
0.041875
0.034947
0.032515
0.038136
0.035190
0.031643
0.038594
0.032170
0.030317
0.029244
0.037400
0.035860
0.035834
0.031769
0.047461
0.031974
0.039913
0.034023
0.041209
0.040934
0.031344
0.031908
0.030679
0.048750
0.048188
0.032306
0.032163
0.031987
0.030313
0.048715
0.033621
0.033499
0.036278
0.031213
0.033913
0.037086
0.032083
0.036608
0.031806
0.030381
0.031040
0.031813
0.033883
0.032066
0.032758
0.032458
0.032897
0.034298
0.039783
0.036259
0.044326
0.032149
0.051861
0.034881
0.047735
0.046890
0.047130
0.049976
0.033820
0.032550
0.053103
0.035202
0.037755
0.032139
0.041596
0.035663
0.033912
0.032622
0.032282
0.032418
0.040842
0.035020
0.032276
0.040581
0.035636
0.040200
0.035111
0.059466
0.034482
0.053734
0.031624
0.029582
0.052389
0.038372
0.042646
0.032568
0.039728
0.032196
0.031676
0.034926
0.035879
0.043831
0.044648
0.045704
0.040709
0.044003
0.044815
0.049881
0.032794
0.032847
0.032578
0.033166
0.049506
0.051054
0.033664
0.039566
0.041938
0.060603
0.051860
0.032961
0.031999
0.046217
0.035029
0.031154
0.031310
0.036936
0.035640
0.030761
0.031812
0.031812
0.031239
0.031578
0.031626
0.031029
0.030319
0.031097
0.032449
0.031473
0.031286
0.035909
0.033428
0.047832
0.054414
0.032876
0.032665
0.038024
0.037127
0.031399
0.034518
0.032946
0.030813
0.032597
0.048091
0.033199
0.057115
0.031684
0.032104
0.045888
0.039481
0.044700
0.037035
0.034260
0.030871
0.030716
0.031242
0.032231
0.043743
0.058592
0.056143
0.037457
0.031892
0.044064
0.040507
0.031882
0.031828
0.037415
0.031818
0.043237
0.035777
0.047062
0.032421
0.037747
0.032749
0.032853
0.053331
0.031542
0.032042
0.031405
0.035555
0.036694
0.044839
0.035028
0.049372
0.040749
0.052988
0.034936
0.033446
0.037644
0.039131
0.038684
0.031178
0.037285
0.033092
0.030945
0.044091
0.034605
0.031344
0.030581
0.048905
0.030575
0.039006
0.030551
0.030594
0.032072
0.042010
0.034794
0.039162
0.046432
0.030890
0.030470
0.033285
0.032236
0.034272
0.033566
0.028820
0.036583
0.030880
0.034377
0.027538
0.036590
0.039838
0.033436
0.037573
0.031071
0.029543
0.030481
0.029887
0.032398
0.031102
0.032770
0.030389
0.035902
0.044466
0.050587
0.031570
0.030092
0.032277
0.029609
0.029114
0.031989
0.035495
0.030725
0.032552
0.031802
0.031381
0.031580
0.031721
0.033251
0.033154
0.032773
0.032457
0.032985
0.032614
0.029968
0.035550
0.035188
0.034765
0.041646
0.029575
0.030958
0.033823
0.051699
0.040998
0.031686
0.029539
0.033411
0.031972
0.032232
0.030858
0.031377
0.031134
0.037303
0.042620
0.033587
0.032429
0.032646
0.033267
0.040745
0.040876
0.039933
0.031696
0.030318
0.039388
0.030609
0.032991
0.034089
0.033434
0.034283
0.030100
0.031630
0.030344
0.039022
0.032377
0.032403
0.033430
0.032356
0.042138
0.027691
0.041096
0.036501
0.031368
0.031648
0.030186
0.029744
0.030129
0.030898
0.033985
0.032794
0.030920
0.030744
0.033720
0.033594
0.039207
0.036988
0.038342
0.049248
0.031202
0.036523
0.032563
0.033317
0.031417
0.033131
0.032995
0.034587
0.031666
0.031440
0.032487
0.032313
0.032091
0.031628
0.032652
0.034650
0.033721
0.032007
0.032727
0.034439
0.035447
0.032640
0.035348
0.039612
0.040111
0.033657
0.035054
0.042350
0.032191
0.032063
0.030204
0.031247
0.028435
0.031848
0.034852
0.030549
0.033068
0.032079
0.032618
0.036134
0.034039
0.039746
0.031399
0.030881
0.031386
0.030756
0.031313
0.033035
0.038917
0.034113
0.038393
0.040626
0.041996
0.037050
0.041943
0.039252
0.034634
0.031484
0.038909
0.030719
0.032010
0.039486
0.033236
0.032319
0.032149
0.033600
0.032946
0.032040
0.036716
0.032425
0.044105
0.033131
0.033683
0.031904
0.032301
0.033529
0.033705
0.030062
0.032022
0.031628
0.037398
0.030722
0.031142
0.029937
0.029512
0.036212
0.031384
0.030352
0.037287
0.037859
0.036891
0.037295
0.037592
0.040479
0.039723
0.038386
0.038123
0.040566
0.037286
0.035641
0.037301
0.030415
0.032419
0.030933
0.039270
0.041424
0.036698
0.037628
0.033708
0.031692
0.033944
0.042387
0.030753
0.037400
0.033104
0.034298
0.048973
0.033919
0.033951
0.034078
0.033767
0.032381
0.030832
0.047630
0.031826
0.030498
0.050216
0.033425
0.037621
0.030955
0.031565
0.040071
0.044766
0.060050
0.037431
0.059503
0.070426
0.042268
0.037564
0.054229
0.071291
0.055706
0.040551
0.034460
0.031997
0.033042
0.032102
0.031189
0.032191
0.050497
0.036146
0.044197
0.037128
0.032118
0.034333
0.043751
0.034643
0.032912
0.031638
0.034403
0.048889
0.034629
0.040308
0.040800
0.035373
0.045680
0.040834
0.032115
0.031223
0.031530
0.035265
0.032759
0.033876
0.031503
0.043480
0.038988
0.031710
0.033822
0.033677
0.030941
0.033329
0.033145
0.033349
0.032835
0.042884
0.031058
0.037791
0.039219
0.036051
0.039611
0.036481
0.050262
0.030692
0.031262
0.040701
0.035782
0.038371
0.036447
0.038619
0.040398
0.042453
0.039671
0.037031
0.038935
0.039766
0.040351
0.041021
0.035253
0.033648
0.035524
0.037962
0.036377
0.032479
0.032491
0.031502
0.033718
0.050043
0.042951
0.028951
0.038351
0.043998
0.038064
0.033505
0.045109
0.044878
0.039265
0.032609
0.032630
0.041407
0.031226
0.037117
0.037881
0.037557
0.040149
0.039942
0.031129
0.031950
0.029413
0.038456
0.039206
0.034198
0.035421
0.028117
0.029732
0.035807
0.031548
0.032723
0.037631
0.032060
0.033687
0.028618
0.030324
0.039854
0.031408
0.034339
0.030100
0.033008
0.031185
0.030374
0.032065
0.036093
0.030287
0.031108
0.030030
0.037043
0.032773
0.029561
0.028985
0.032214
0.032831
0.028810
0.029459
0.038490
0.039798
0.029098
0.030377
0.030304
0.031619
0.031794
0.030550
0.028732
0.035353
0.029865
0.027921
0.030150
0.037365
0.037814
0.036578
0.036654
0.028914
0.030108
0.046069
0.031558
0.032234
0.032938
0.029823
0.030345
0.041549
0.031303
0.034271
0.030696
0.032232
0.031576
0.034988
0.030777
0.030899
0.039894
0.032848
0.031033
0.032397
0.033576
0.030919
0.038605
0.041881
0.049917
0.035161
0.045242
0.033671
0.032479
0.035150
0.030308
0.032042
0.032761
0.035351
0.031592
0.031672
0.033428
0.037788
0.031925
0.032143
0.032110
0.031622
0.034585
0.031993
0.030807
0.030519
0.030340
0.030391
0.031833
0.036105
0.036200
0.036096
0.029534
0.042001
0.031170
0.029534
0.035948
0.031831
0.039781
0.027428
0.029715
0.036247
0.032085
0.029015
0.041267
0.032206
0.032904
0.033520
0.031466
0.033957
0.031213
0.036551
0.031532
0.030573
0.033438
0.038747
0.032034
0.029516
0.028270
0.034673
0.031607
0.045623
0.028543
0.029100
0.036290
0.036387
0.041364
0.034789
0.029039
0.031874
0.029771
0.028862
0.029618
0.035732
0.037935
0.032909
0.038965
0.034222
0.034492
0.029834
0.031774
0.035004
0.030087
0.032486
0.030255
0.030630
0.038532
0.033142
0.034103
0.031828
0.030933
0.033498
0.030662
0.031094
0.032855
0.035463
0.031257
0.036334
0.047282
0.030765
0.030622
0.039866
0.034294
0.031368
0.030996
0.031878
0.034053
0.031727
0.031745
0.032237
0.031400
0.028753
0.041105
0.034256
0.032066
0.032315
0.038792
0.039671
0.035240
0.038481
0.036502
0.036522
0.034932
0.036688
0.037205
0.036081
0.036906
0.038262
0.038041
0.037574
0.037950
0.036809
0.034551
0.038304
0.036466
0.039270
0.038682
0.036445
0.038699
0.034405
0.037751
0.041299
0.034184
0.036890
0.038101
0.037004
0.037516
0.035396
0.039185
0.036018
0.037088
0.036806
0.036303
0.037982
0.037780
0.037164
0.046748
0.031025
0.039065
0.031905
0.034667
0.035660
0.036237
0.033557
0.039534
0.033997
0.042680
0.042579
0.032606
0.034251
0.032832
0.040970
0.037357
0.029703
0.035602
0.035689
0.037275
0.031534
0.042530
0.036146
0.036461
0.051788
0.029274
0.031779
0.035411
0.038448
0.036774
0.033952
0.037634
0.040390
0.039491
0.037664
0.039936
0.037975
0.039921
0.033781
0.035611
0.031753
0.031836
0.032942
0.036289
0.033410
0.031169
0.038091
0.036561
0.030368
0.032823
0.030042
0.030632
0.037720
0.037761
0.032182
0.032277
0.037694
0.031656
0.036631
0.033893
0.031170
0.031275
0.030860
0.041126
0.039845
0.036725
0.037266
0.039064
0.048087
0.040509
0.038001
0.040117
0.037840
0.054555
0.039511
0.038041
0.037111
0.038904
0.038477
0.039405
0.038013
0.037665
0.030739
0.029132
0.030605
0.035486
0.033339
0.041271
0.037980
0.039802
0.029292
0.039152
0.036631
0.036612
0.040334
0.037056
0.039116
0.034529
0.038708
0.049813
0.046398
0.033234
0.031358
0.041663
0.038906
0.037308
0.043185
0.036592
0.033194
0.040427
0.036294
0.038068
0.043521
0.037639
0.046429
0.034793
0.042199
0.034498
0.043897
0.032584
0.030353
0.029246
0.036241
0.040148
0.056144
0.029933
0.036119
0.033955
0.036456
0.037021
0.036840
0.032119
0.030854
0.030169
0.044465
0.031569
0.029372
0.036313
0.036570
0.038614
0.029376
0.031555
0.038872
0.038462
0.039258
0.038365
0.030227
0.028630
0.029442
0.046469
0.029798
0.028870
0.031366
0.033134
0.027265
0.039954
0.029691
0.034585
0.038546
0.037658
0.035256
0.043664
0.032385
0.032775
0.036119
0.037403
0.032786
0.039016
0.031603
0.037977
0.032881
0.030385
0.046396
0.039904
0.032233
0.029889
0.029449
0.036600
0.032561
0.031637
0.041755
0.033207
0.051579
0.036091
0.030668
0.035535
0.035908
0.029883
0.031276
0.039901
0.034662
0.032326
0.044044
0.033303
0.033257
0.031122
0.034819
0.032000
0.029980
0.036592
0.034513
0.031190
0.030892
0.031209
0.033423
0.031044
0.031353
0.033527
0.030872
0.030926
0.034927
0.033717
0.035501
0.035740
0.042072
0.032636
0.043340
0.038206
0.036429
0.037989
0.037543
0.038873
0.030885
0.030801
0.044464
0.029629
0.032305
0.042442
0.027790
0.037663
0.029863
0.048043
0.027921
0.036041
0.030349
0.027622
0.039875
0.030957
0.029664
0.030839
0.029204
0.033173
0.032128
0.036142
0.029859
0.028504
0.029937
0.042136
0.029770
0.033525
0.029980
0.031911
0.031530
0.033755
0.028915
0.035733
0.030945
0.035931
0.030044
0.039486
0.031868
0.033897
0.032586
0.032278
0.040770
0.031153
0.032011
0.042647
0.046926
0.030642
0.031054
0.047790
0.028462
0.032835
0.032672
0.030004
0.052685
0.033572
0.031078
0.031831
0.032538
0.031006
0.034533
0.029539
0.029213
0.029871
0.032013
0.036668
0.033961
0.033696
0.030951
0.039243
0.040414
0.033094
0.038604
0.031487
0.038391
0.033680
0.031454
0.033875
0.030653
0.032023
0.031534
0.035144
0.031673
0.030652
0.039491
0.031081
0.033479
0.030809
0.035064
0.032939
0.029637
0.029331
0.036644
0.029369
0.032387
0.032816
0.031727
0.043170
0.031635
0.031170
0.040784
0.053731
0.037856
0.028363
0.034265
0.039701
0.039941
0.038261
0.037633
0.037283
0.037446
0.037345
0.037512
0.037994
0.039162
0.032484
0.031978
0.031307
0.040854
0.032892
0.030760
0.032345
0.030500
0.031953
0.030377
0.034464
0.034912
0.041482
0.030251
0.030391
0.031350
0.030918
0.033994
0.031619
0.031574
0.031793
0.034383
0.031018
0.036110
0.032134
0.032237
0.031405
0.037247
0.031373
0.033056
0.032328
0.034637
0.033807
0.032483
0.044909
0.031954
0.032072
0.034116
0.039251
0.032246
0.042282
0.030123
0.031688
0.029039
0.033853
0.033661
0.031011
0.031830
0.033149
0.033155
0.033251
0.032018
0.036577
0.038961
0.031916
0.035013
0.030456
0.031056
0.036558
0.038650
0.031325
0.036141
0.047846
0.033583
0.031821
0.042946
0.031328
0.034314
0.030126
0.030747
0.034741
0.033587
0.034354
0.035686
0.034073
0.034575
0.032089
0.035603
0.036830
0.032475
0.031584
0.030437
0.030379
0.038668
0.030979
0.033742
0.041178
0.031930
0.032593
0.029379
0.041420
0.031073
0.030729
0.034567
0.032127
0.031151
0.030930
0.032767
0.032176
0.032248
0.031247
0.031779
0.035365
0.030214
0.032994
0.046854
0.032685
0.040159
0.035914
0.031956
0.031858
0.042848
0.031924
0.033243
0.032164
0.038974
0.031296
0.031232
0.032744
0.031354
0.032533
0.032979
0.034148
0.030466
0.046613
0.076693
0.048704
0.033596
0.039740
0.034217
0.029999
0.042755
0.038498
0.037780
0.032803
0.033642
0.032610
0.037408
0.032873
0.032676
0.032873
0.035675
0.036381
0.034518
0.037756
0.042693
0.033812
0.034034
0.032561
0.032706
0.032112
0.033207
0.032377
0.033653
0.038380
0.034825
0.034590
0.034054
0.033037
0.032489
0.034015
0.029830
0.050300
0.030575
0.030596
0.030125
0.029858
0.031165
0.031539
0.032290
0.033480
0.036410
0.031821
0.032024
0.033459
0.030119
0.032247
0.051900
0.044127
0.059953
0.048369
0.037600
0.037663
0.037838
0.038194
0.039220
0.039071
0.039542
0.039774
0.038483
0.039332
0.039939
0.038298
0.039400
0.039234
0.039171
0.030987
0.030293
0.029920
0.031514
0.034276
0.032948
0.033784
0.034739
0.036949
0.041439
0.030894
0.035348
0.031422
0.030141
0.030105
0.030573
0.030221
0.031485
0.039670
0.036230
0.030631
0.031424
0.026085
0.038461
0.037863
0.028569
0.031932
0.030527
0.028902
0.031383
0.029946
0.030643
0.031940
0.037221
0.033235
0.034008
0.031483
0.031488
0.030784
0.036405
0.033617
0.036160
0.029592
0.030262
0.034451
0.030687
0.040987
0.039734
0.044971
0.039701
0.040395
0.031727
0.033802
0.031752
0.031885
0.035064
0.030715
0.036625
0.032489
0.032482
0.032552
0.031714
0.031967
0.042861
0.031329
0.031103
0.031793
0.039189
0.033948
0.031801
0.037348
0.032349
0.031564
0.034330
0.030631
0.043226
0.031302
0.031706
0.031138
0.041861
0.057029
0.048996
0.043635
0.036077
0.041165
0.043025
0.032019
0.031216
0.030646
0.031565
0.032917
0.042778
0.028924
0.032686
0.037852
0.037970
0.032298
0.029506
0.029748
0.031966
0.029125
0.029232
0.029721
0.030518
0.028641
0.033955
0.031307
0.041712
0.034175
0.043143
0.036184
0.037299
0.036580
0.038483
0.042524
0.038173
0.039994
0.029443
0.027529
0.029536
0.031484
0.028548
0.039176
0.038259
0.036385
0.039260
0.042733
0.033968
0.037247
0.036766
0.035056
0.040469
0.031626
0.038705
0.041425
0.034471
0.036493
0.040276
0.032441
0.031840
0.031611
0.036413
0.029015
0.030251
0.030274
0.032415
0.037014
0.034776
0.029799
0.031456
0.030286
0.031400
0.033310
0.031113
0.030628
0.031155
0.037747
0.033312
0.030936
0.030559
0.035101
0.032565
0.031081
0.034074
0.030896
0.033239
0.029137
0.036304
0.030191
0.049447
0.029610
0.029777
0.030054
0.037809
0.029326
0.039716
0.036932
0.037962
0.035171
0.035439
0.030387
0.031484
0.031223
0.036757
0.034494
0.029900
0.029350
0.030558
0.038200
0.032729
0.034291
0.046169
0.030994
0.033782
0.032588
0.036566
0.035892
0.036513
0.033254
0.037809
0.036477
0.033872
0.036241
0.036100
0.034168
0.036305
0.034068
0.040086
0.032898
0.031840
0.029640
0.042378
0.035330
0.042333
0.031915
0.036043
0.035299
0.030254
0.033608
0.032189
0.029985
0.031121
0.032039
0.033488
0.035301
0.031364
0.033344
0.042135
0.032022
0.031574
0.031580
0.031337
0.031642
0.042422
0.030906
0.031725
0.029995
0.032048
0.031928
0.036741
0.048825
0.043212
0.031625
0.032010
0.038497
0.032582
0.033184
0.038937
0.031897
0.031398
0.031287
0.031620
0.031250
0.031043
0.030939
0.031462
0.031068
0.032165
0.032534
0.033942
0.031714
0.033436
0.040914
0.031386
0.041931
0.031775
0.034671
0.031298
0.031356
0.032884
0.033249
0.031533
0.031274
0.031495
0.032101
0.031756
0.032147
0.040883
0.029749
0.028707
0.031894
0.028730
0.036739
0.036681
0.033573
0.033974
0.031901
0.036833
0.031681
0.029196
0.030103
0.039172
0.026808
0.032979
0.030835
0.029754
0.029696
0.045393
0.031503
0.030337
0.032058
0.037057
0.031670
0.035806
0.029027
0.040216
0.035385
0.032416
0.031734
0.032387
0.030890
0.032396
0.031937
0.033386
0.041322
0.038662
0.037363
0.028921
0.037795
0.035350
0.031803
0.031420
0.031487
0.034807
0.031635
0.031126
0.035464
0.030838
0.036438
0.034591
0.031609
0.031550
0.030371
0.030519
0.031532
0.031285
0.032799
0.028906
0.035979
0.032512
0.031349
0.041319
0.029437
0.029476
0.030974
0.030885
0.028865
0.031722
0.032364
0.031046
0.031297
0.031618
0.031166
0.030843
0.039145
0.040434
0.033084
0.031636
0.028805
0.029565
0.044867
0.032354
0.032142
0.030748
0.030684
0.041153
0.037474
0.028516
0.029074
0.029803
0.029591
0.040227
0.040312
0.033640
0.029546
0.031991
0.029458
0.031317
0.031546
0.031978
0.029797
0.038730
0.030935
0.036025
0.035466
0.031145
0.030387
0.033244
0.032585
0.033466
0.035599
0.035548
0.032236
0.038601
0.032498
0.029445
0.032131
0.047196
0.030068
0.030461
0.048925
0.032896
0.047337
0.032550
0.032055
0.030345
0.028743
0.033077
0.031122
0.049867
0.029602
0.029461
0.030454
0.033474
0.030371
0.038100
0.029699
0.031785
0.031574
0.031468
0.031693
0.031608
0.033212
0.031028
0.032958
0.032381
0.036640
0.029472
0.030311
0.037386
0.030218
0.028720
0.032404
0.032441
0.031775
0.030892
0.041309
0.035229
0.028338
0.038882
0.032874
0.039982
0.031365
0.040312
0.030566
0.032695
0.044797
0.038352
0.040472
0.040075
0.034703
0.037498
0.038781
0.035949
0.029741
0.034095
0.033672
0.030164
0.029727
0.032690
0.030940
0.043436
0.043958
0.032283
0.038306
0.041715
0.032759
0.029646
0.033663
0.043153
0.036522
0.044115
0.040791
0.039181
0.032564
0.030905
0.035554
0.040560
0.033107
0.040458
0.031219
0.030893
0.040028
0.032113
0.041241
0.030744
0.030041
0.032967
0.035830
0.037953
0.033828
0.041345
0.035385
0.035661
0.031636
0.038453
0.035734
0.038078
0.041101
0.031726
0.034583
0.040971
0.032784
0.030815
0.029470
0.030954
0.034633
0.033875
0.035181
0.031317
0.036541
0.030602
0.040642
0.029438
0.035830
0.036191
0.040767
0.040077
0.037204
0.030220
0.030884
0.037341
0.035450
0.031134
0.030736
0.033784
0.031285
0.031234
0.030869
0.032854
0.035076
0.032497
0.032359
0.031475
0.031134
0.029238
0.032586
0.030859
0.028307
0.032940
0.035909
0.042005
0.030099
0.041679
0.032261
0.030112
0.055954
0.035736
0.030790
0.032645
0.032350
0.033077
0.032424
0.035416
0.038270
0.042459
0.029874
0.035106
0.046331
0.032329
0.033856
0.037213
0.038074
0.035761
0.032350
0.030881
0.037757
0.038247
0.039912
0.031020
0.029873
0.027968
0.031821
0.033912
0.035158
0.033415
0.031988
0.033629
0.033838
0.031006
0.031204
0.033043
0.037119
0.033356
0.032361
0.032275
0.033286
0.043914
0.032328
0.031626
0.029527
0.040527
0.030780
0.041256
0.037628
0.031098
0.030656
0.032336
0.054041
0.031503
0.030905
0.031855
0.034891
0.036134
0.033187
0.041555
0.030468
0.030772
0.031998
0.032933
0.031512
0.033416
0.033247
0.030578
0.029689
0.034965
0.045816
0.028398
0.031726
0.040892
0.031613
0.040611
0.032737
0.040065
0.037843
0.035553
0.032198
0.040849
0.037365
0.039117
0.040153
0.037007
0.031887
0.030040
0.030760
0.032840
0.031983
0.036257
0.029253
0.037846
0.037285
0.041441
0.035808
0.029970
0.029305
0.029386
0.031363
0.037011
0.032812
0.037518
0.038599
0.041582
0.040223
0.035878
0.035461
0.041407
0.034636
0.031249
0.031112
0.032561
0.032944
0.031162
0.032489
0.031161
0.033751
0.030936
0.030338
0.041021
0.030370
0.038953
0.035979
0.040365
0.038768
0.032162
0.030920
0.031357
0.029169
0.038311
0.041469
0.031345
0.031340
0.031431
0.031156
0.031793
0.032338
0.030951
0.031466
0.035764
0.031740
0.031389
0.030763
0.033532
0.030977
0.033796
0.031554
0.031307
0.031570
0.032082
0.032753
0.032325
0.032359
0.031396
0.032938
0.032068
0.032273
0.032799
0.030062
0.028867
0.027787
0.029877
0.030810
0.029570
0.030550
0.031667
0.035036
0.034197
0.032811
0.029575
0.030269
0.031749
0.028825
0.031085
0.031409
0.029397
0.028944
0.031688
0.032911
0.032722
0.032642
0.032851
0.033733
0.033227
0.032364
0.032259
0.033951
0.033108
0.032166
0.031474
0.031709
0.032882
0.029938
0.036631
0.039235
0.040547
0.039811
0.032530
0.031538
0.031381
0.031847
0.031525
0.031445
0.031684
0.031777
0.031145
0.032575
0.031080
0.028809
0.040575
0.035522
0.030792
0.030756
0.031724
0.032575
0.030905
0.030940
0.037525
0.038562
0.034128
0.030560
0.029272
0.031967
0.037503
0.040126
0.033193
0.035812
0.033922
0.030952
0.029902
0.034508
0.041510
0.037965
0.038648
0.037421
0.043865
0.039025
0.038988
0.036899
0.038862
0.038438
0.044995
0.031561
0.033868
0.030987
0.045830
0.035039
0.035335
0.033332
0.045275
0.032639
0.031741
0.031640
0.032093
0.032355
0.031902
0.032098
0.031986
0.031301
0.030840
0.029705
0.029217
0.032194
0.030954
0.030644
0.031080
0.029895
0.029951
0.036594
0.029090
0.030504
0.033525
0.030641
0.033957
0.031658
0.030469
0.031794
0.030641
0.032033
0.030012
0.031930
0.030954
0.032358
0.031340
0.036073
0.031805
0.033918
0.031149
0.030838
0.037662
0.064617
0.053838
0.040873
0.043110
0.031410
0.037965
0.039875
0.033592
0.033453
0.030533
0.030680
0.034430
0.030944
0.043476
0.037356
0.035824
0.034974
0.031745
0.037751
0.030409
0.041637
0.033228
0.035561
0.038436
0.028571
0.034777
0.031097
0.029688
0.030131
0.029866
0.031236
0.031753
0.031982
0.039096
0.030160
0.035870
0.029921
0.027868
0.028649
0.037054
0.037622
0.031579
0.029401
0.038839
0.039512
0.031583
0.031522
0.037426
0.044323
0.032108
0.030913
0.031112
0.030788
0.035475
0.030518
0.032067
0.030271
0.031230
0.035443
0.033509
0.034017
0.033336
0.032384
0.032673
0.032856
0.032375
0.031912
0.031595
0.031817
0.033448
0.030855
0.030065
0.029114
0.034924
0.030278
0.029176
0.037081
0.028561
0.044405
0.032460
0.032784
0.037222
0.031332
0.031069
0.030561
0.039088
0.032001
0.030771
0.036952
0.035800
0.036763
0.042112
0.032601
0.034402
0.038821
0.037459
0.039821
0.034451
0.038548
0.041003
0.039129
0.040317
0.036521
0.047140
0.033156
0.033172
0.039202
0.040698
0.034728
0.042420
0.031782
0.031581
0.034056
0.036554
0.037638
0.036738
0.029417
0.027657
0.037272
0.037395
0.036329
0.042937
0.033881
0.029146
0.029429
0.039076
0.032687
0.038513
0.037981
0.039670
0.037404
0.037349
0.033022
0.035021
0.063420
0.061371
0.039900
0.036743
0.031170
0.032721
0.031090
0.033956
0.037362
0.030355
0.031383
0.039875
0.041873
0.034520
0.032735
0.031583
0.033225
0.035556
0.031699
0.039251
0.030169
0.031582
0.035963
0.033682
0.031176
0.032211
0.032508
0.040867
0.031786
0.031701
0.032912
0.031035
0.033720
0.040847
0.036805
0.056403
0.030113
0.034402
0.029656
0.029165
0.039562
0.038265
0.033435
0.029922
0.041857
0.029129
0.041343
0.033064
0.030879
0.030806
0.031826
0.033790
0.032211
0.029716
0.030750
0.029380
0.043963
0.033026
0.044570
0.031767
0.041462
0.029672
0.035948
0.036955
0.047476
0.031454
0.032616
0.036479
0.043034
0.047020
0.031420
0.034904
0.037675
0.032226
0.029051
0.029062
0.028513
0.028422
0.028256
0.030170
0.028301
0.028601
0.028363
0.027931
0.027602
0.028162
0.030354
0.031359
0.030151
0.030031
0.030040
0.030836
0.049239
0.041850
0.078556
0.053660
0.041135
0.059279
0.049364
0.051244
0.047194
0.038997
0.053561
0.048175
0.031806
0.030880
0.051278
0.048700
0.028068
0.035786
0.029597
0.029754
0.029304
0.029309
0.029216
0.028618
0.030160
0.028721
0.028170
0.028615
0.028054
0.028221
0.028725
0.028217
0.036757
0.028512
0.027678
0.027838
0.028728
0.027671
0.027824
0.027989
0.027738
0.027747
0.038213
0.028605
0.028817
0.028756
0.029002
0.027454
0.027914
0.027578
0.027478
0.027758
0.028230
0.027291
0.029082
0.027182
0.027509
0.027685
0.038076
0.027756
0.027909
0.028134
0.029316
0.027616
0.027960
0.028640
0.028089
0.028238
0.029386
0.028797
0.028312
0.031537
0.027936
0.028057
0.028341
0.028412
0.027552
0.029057
0.027915
0.028062
0.027795
0.028307
0.029016
0.028044
0.029450
0.028543
0.028191
0.028294
0.027830
0.027977
0.027825
0.028251
0.027743
0.027951
0.028174
0.027622
0.027699
0.028098
0.027742
0.027905
0.027871
0.028121
0.027755
0.027915
0.028339
0.028331
0.027737
0.027604
0.027949
0.027693
0.028661
0.029967
0.034797
0.028375
0.028780
0.028551
0.028777
0.028370
0.028438
0.028889
0.028918
0.028817
0.028960
0.029456
0.029612
0.029171
0.029140
0.029687
0.027047
0.027752
0.029183
0.027573
0.027308
0.027413
0.027365
0.027011
0.026970
0.027673
0.027435
0.027188
0.027651
0.027188
0.028312
0.028113
0.027344
0.027265
0.026632
0.026463
0.026457
0.026918
0.027145
0.027048
0.027477
0.025775
0.026226
0.025883
0.026150
0.026399
0.026159
0.026289
0.026517
0.026265
0.026777
0.027436
0.027176
0.026731
0.026744
0.026434
0.027683
0.027481
0.026850
0.028522
0.026417
0.027232
0.026424
0.027105
0.026859
0.027773
0.027122
0.027375
0.028179
0.027417
0.028746
0.027751
0.032234
0.030658
0.028715
0.028101
0.029859
0.028616
0.029104
0.029156
0.028447
0.028015
0.028581
0.027021
0.027005
0.027063
0.029033
0.030811
0.041953
0.026980
0.027898
0.027143
0.027591
0.026989
0.026827
0.027381
0.028724
0.028417
0.028064
0.027484
0.028082
0.027951
0.028054
0.028282
0.028737
0.028701
0.028621
0.028835
0.031342
0.028621
0.030020
0.030468
0.029232
0.030990
0.028228
0.028863
0.028018
0.036354
0.034584
0.029557
0.029357
0.028993
0.029493
0.031905
0.029644
0.029946
0.029922
0.030148
0.029079
0.029135
0.027316
0.027024
0.027274
0.028226
0.027856
0.028145
0.028323
0.028258
0.029202
0.027348
0.027808
0.030120
0.030932
0.027907
0.027406
0.027245
0.029166
0.029176
0.027447
0.027834
0.027371
0.027294
0.026831
0.026663
0.027047
0.027467
0.026944
0.029346
0.026970
0.027007
0.027054
0.030056
0.026941
0.029966
0.037782
0.029954
0.033164
0.027336
0.027603
0.027010
0.027369
0.027004
0.027262
0.026826
0.027276
0.027074
0.027674
0.027198
0.027209
0.027050
0.027704
0.028193
0.027600
0.027512
0.027455
0.028015
0.027145
0.028036
0.027226
0.029382
0.027262
0.027189
0.030338
0.028818
0.028190
0.027783
0.027616
0.031317
0.036040
0.028456
0.027867
0.028298
0.028549
0.029556
0.030510
0.031856
0.030309
0.029660
0.029305
0.029125
0.029785
0.029267
0.029140
0.029169
0.029911
0.030268
0.029921
0.030289
0.029988
0.032388
0.032510
0.047599
0.061649
0.050116
0.049099
0.061937
0.060247
0.040278
0.032819
0.032210
0.033123
0.032655
0.032356
0.032143
0.042597
0.031198
0.031130
0.029895
0.030235
0.031546
0.030982
0.029888
0.030770
0.030208
0.030233
0.033381
0.029783
0.032188
0.029840
0.046402
0.059431
0.050098
0.039653
0.048535
0.030321
0.039098
0.028916
0.029651
0.029666
0.029812
0.029923
0.037681
0.028944
0.030468
0.029481
0.037191
0.031256
0.030920
0.040482
0.032476
0.030955
0.033192
0.033380
0.028720
0.029512
0.029692
0.036896
0.033311
0.037510
0.041228
0.040742
0.041461
0.031369
0.034282
0.037501
0.041995
0.038029
0.040334
0.050462
0.032468
0.032826
0.031570
0.034251
0.041051
0.034820
0.044748
0.033363
0.044754
0.035684
0.037340
0.033546
0.032529
0.032503
0.043190
0.038879
0.040435
0.036417
0.038625
0.039407
0.038254
0.030213
0.032489
0.030096
0.039185
0.032260
0.032335
0.030148
0.030190
0.034633
0.043370
0.030488
0.046121
0.033996
0.045835
0.047958
0.036680
0.036106
0.046815
0.035344
0.036814
0.030694
0.032415
0.040474
0.032298
0.031025
0.033313
0.031122
0.030544
0.033887
0.026926
0.050977
0.030059
0.031117
0.029147
0.029227
0.029262
0.029712
0.046733
0.029568
0.028887
0.031005
0.034094
0.037221
0.042096
0.034152
0.032305
0.033435
0.032357
0.031064
0.054390
0.059098
0.045973
0.033247
0.032455
0.038164
0.035861
0.031007
0.031389
0.036170
0.037832
0.038537
0.036909
0.032032
0.034594
0.033922
0.035955
0.039177
0.039567
0.039661
0.035907
0.031125
0.033746
0.032653
0.034546
0.032710
0.039704
0.031090
0.048443
0.033124
0.031869
0.031175
0.037295
0.041388
0.049538
0.032144
0.038669
0.033941
0.034892
0.040863
0.033721
0.031268
0.031308
0.034736
0.032233
0.030276
0.032701
0.031743
0.031411
0.032182
0.033525
0.036038
0.033226
0.041938
0.040765
0.040484
0.034064
0.031374
0.031329
0.031887
0.034586
0.037956
0.045526
0.033076
0.044011
0.037270
0.035117
0.031286
0.031359
0.040125
0.046077
0.036190
0.035327
0.030441
0.035278
0.033528
0.039361
0.028091
0.033727
0.035894
0.032356
0.043005
0.031491
0.031297
0.029523
0.039227
0.036407
0.029638
0.039866
0.041581
0.033868
0.032925
0.037284
0.035054
0.034101
0.032498
0.029685
0.032883
0.033178
0.035837
0.037506
0.031289
0.031762
0.042668
0.030967
0.032036
0.045219
0.029055
0.036744
0.038665
0.032501
0.031660
0.032084
0.031846
0.038549
0.040232
0.030772
0.041028
0.051064
0.041688
0.031467
0.033279
0.031288
0.032085
0.032728
0.034192
0.038258
0.035661
0.032039
0.039608
0.030386
0.043784
0.030291
0.032232
0.033025
0.037573
0.034323
0.042808
0.038156
0.036694
0.036599
0.036545
0.040650
0.062412
0.029594
0.030921
0.047609
0.036086
0.032057
0.031307
0.051646
0.038607
0.031886
0.040205
0.047157
0.027530
0.034975
0.031524
0.037930
0.037363
0.040299
0.040866
0.041410
0.051157
0.043605
0.036770
0.030582
0.029717
0.031600
0.041528
0.040153
0.049817
0.039952
0.034666
0.031907
0.031234
0.033415
0.045086
0.035227
0.040730
0.037710
0.040195
0.030944
0.030366
0.033183
0.036495
0.041167
0.045304
0.030466
0.032862
0.036925
0.035393
0.039892
0.038541
0.038836
0.038687
0.033493
0.041716
0.035969
0.033811
0.029915
0.028694
0.036662
0.032352
0.031323
0.031839
0.031274
0.031083
0.031869
0.029734
0.031000
0.032480
0.043071
0.037558
0.036211
0.040844
0.037856
0.040905
0.038563
0.041051
0.036610
0.037387
0.038754
0.034755
0.032739
0.041637
0.032989
0.032548
0.038089
0.034682
0.031780
0.034981
0.032170
0.036015
0.037263
0.041294
0.032256
0.032712
0.032608
0.030850
0.032715
0.031504
0.034055
0.048684
0.033479
0.044640
0.036920
0.037010
0.038027
0.036334
0.037142
0.036640
0.037053
0.036738
0.036551
0.036328
0.036468
0.037580
0.046323
0.043568
0.043849
0.043440
0.073456
0.046522
0.039406
0.031158
0.048806
0.056526
0.062245
0.050096
0.041993
0.039895
0.036052
0.037648
0.034013
0.039719
0.030896
0.038747
0.044623
0.035358
0.041414
0.033032
0.031370
0.032605
0.039340
0.040492
0.032593
0.030480
0.037450
0.030180
0.034360
0.036781
0.039116
0.039124
0.054928
0.031937
0.037762
0.031161
0.032315
0.032751
0.038589
0.031209
0.039026
0.030162
0.038876
0.029227
0.041758
0.032511
0.031189
0.037760
0.032992
0.041573
0.032199
0.031783
0.042351
0.034483
0.032966
0.037850
0.034040
0.041974
0.029470
0.047361
0.033190
0.041481
0.036570
0.042074
0.032195
0.042840
0.035245
0.033710
0.031583
0.031533
0.031597
0.030459
0.031050
0.032938
0.030480
0.032606
0.031666
0.039640
0.031650
0.032241
0.033362
0.034827
0.043941
0.036469
0.036950
0.034390
0.033573
0.034745
0.036972
0.031141
0.035645
0.044674
0.030281
0.029950
0.038754
0.041943
0.031844
0.032920
0.049207
0.029866
0.032543
0.033569
0.029645
0.043999
0.029399
0.031662
0.039892
0.033801
0.032061
0.035484
0.038455
0.038179
0.046793
0.034032
0.053349
0.061457
0.044613
0.040417
0.033900
0.047482
0.030559
0.040321
0.037575
0.028715
0.044939
0.029680
0.035663
0.029927
0.030167
0.031972
0.029501
0.027689
0.028944
0.028918
0.030915
0.050882
0.030442
0.033597
0.033709
0.029258
0.028075
0.029160
0.029124
0.037598
0.031063
0.029052
0.035061
0.041681
0.031042
0.038063
0.038106
0.036676
0.037076
0.034980
0.039960
0.038453
0.035986
0.035431
0.036221
0.043388
0.035382
0.040261
0.037454
0.029193
0.031117
0.038383
0.037836
0.040802
0.036075
0.047511
0.028697
0.049733
0.040656
0.029861
0.035219
0.037757
0.036658
0.037873
0.037256
0.038513
0.038810
0.038595
0.037405
0.036161
0.039560
0.028354
0.064065
0.032582
0.030222
0.040847
0.035505
0.031744
0.039504
0.038460
0.037025
0.039290
0.042666
0.034540
0.032011
0.033539
0.033673
0.031686
0.032109
0.030849
0.034190
0.031130
0.032273
0.031848
0.032028
0.033528
0.032047
0.036574
0.037003
0.037686
0.037458
0.039841
0.031789
0.031936
0.032448
0.034300
0.037558
0.046640
0.031344
0.037653
0.033486
0.032978
0.034541
0.032628
0.029998
0.032736
0.029744
0.033357
0.030799
0.029429
0.032863
0.030252
0.032209
0.032367
0.030550
0.042047
0.032625
0.046475
0.039434
0.031643
0.048549
0.031432
0.030263
0.034829
0.032341
0.036451
0.032871
0.031998
0.031461
0.033422
0.030809
0.033771
0.036266
0.034096
0.035005
0.032612
0.039389
0.032360
0.034001
0.034531
0.040994
0.032140
0.036250
0.057909
0.036422
0.062914
0.052311
0.049541
0.048248
0.046186
0.033980
0.055545
0.039685
0.033774
0.037296
0.048341
0.036394
0.037004
0.045112
0.032156
0.031403
0.040057
0.033407
0.039682
0.031542
0.033426
0.033161
0.036040
0.032042
0.035536
0.045622
0.029740
0.039485
0.036218
0.038833
0.038043
0.039021
0.035202
0.039851
0.038934
0.036787
0.033351
0.046864
0.033023
0.033146
0.032257
0.037332
0.037072
0.031102
0.035123
0.031251
0.040052
0.037423
0.037325
0.034094
0.031890
0.028663
0.029167
0.029077
0.035625
0.033482
0.028522
0.030680
0.039724
0.030187
0.033798
0.031420
0.032343
0.031929
0.032936
0.033680
0.034120
0.030175
0.032058
0.037573
0.030510
0.035891
0.045917
0.035307
0.032348
0.039729
0.031327
0.032098
0.037199
0.032559
0.043439
0.038196
0.032742
0.032255
0.029420
0.030697
0.028243
0.028937
0.029616
0.030867
0.029990
0.034434
0.042043
0.037609
0.035288
0.044431
0.030158
0.031029
0.030381
0.034467
0.034666
0.029782
0.032439
0.030121
0.033626
0.033961
0.031701
0.032563
0.033569
0.030306
0.029717
0.032369
0.036052
0.032476
0.029213
0.031913
0.030726
0.037595
0.032636
0.031687
0.031174
0.030473
0.031233
0.037031
0.037524
0.033971
0.032288
0.036469
0.035511
0.032658
0.031137
0.034286
0.029357
0.035678
0.029246
0.032892
0.032544
0.031488
0.034053
0.032588
0.034642
0.033065
0.040858
0.038271
0.031602
0.034466
0.032706
0.032629
0.031946
0.032295
0.043225
0.027924
0.047827
0.047280
0.036174
0.031274
0.034741
0.030488
0.030896
0.033923
0.030234
0.030674
0.029689
0.034262
0.028269
0.034535
0.031079
0.029534
0.025883
0.046011
0.037081
0.038462
0.050596
0.041000
0.029804
0.044251
0.029180
0.038040
0.039039
0.036046
0.030806
0.040874
0.035520
0.031502
0.043991
0.035017
0.039714
0.029866
0.035623
0.028740
0.031047
0.033056
0.030247
0.032617
0.036890
0.038728
0.031846
0.036437
0.041563
0.036499
0.039679
0.029188
0.030536
0.039403
0.039689
0.039714
0.038616
0.038546
0.036918
0.035798
0.042775
0.037951
0.036049
0.030041
0.037432
0.030515
0.030902
0.039427
0.033417
0.036149
0.034028
0.032386
0.039108
0.044444
0.037151
0.034995
0.033844
0.031673
0.039709
0.032557
0.033130
0.034607
0.033019
0.036484
0.033644
0.037553
0.033584
0.030781
0.036883
0.035587
0.038208
0.044893
0.033767
0.034685
0.049864
0.053140
0.046292
0.038075
0.034413
0.046535
0.041492
0.028603
0.030235
0.032476
0.039456
0.036166
0.033261
0.033201
0.037831
0.038282
0.035553
0.035620
0.042736
0.047483
0.045037
0.037983
0.031327
0.038344
0.031579
0.052205
0.046502
0.039915
0.038897
0.034914
0.032021
0.050583
0.029241
0.033509
0.040462
0.037023
0.042301
0.040705
0.040901
0.035906
0.037619
0.037232
0.033054
0.033767
0.039594
0.031754
0.033231
0.030473
0.031316
0.035814
0.033118
0.046578
0.045855
0.029448
0.031077
0.037796
0.035131
0.031249
0.040075
0.033681
0.030670
0.048427
0.031957
0.046254
0.038798
0.040463
0.032142
0.036830
0.037312
0.037542
0.044449
0.037350
0.030935
0.038295
0.036050
0.041034
0.036982
0.036150
0.038229
0.039902
0.038524
0.054409
0.028930
0.034610
0.044702
0.035084
0.059305
0.033214
0.031300
0.031987
0.038515
0.036253
0.038253
0.036218
0.034814
0.036744
0.036633
0.035426
0.034696
0.034836
0.037444
0.036150
0.038183
0.034506
0.039086
0.039900
0.041106
0.029371
0.031937
0.033522
0.032283
0.036896
0.031708
0.036147
0.035243
0.029636
0.033736
0.034897
0.034678
0.033954
0.031892
0.038211
0.032884
0.039967
0.040315
0.031361
0.036262
0.032802
0.038535
0.035257
0.040101
0.035636
0.032210
0.035568
0.040942
0.040727
0.031366
0.037648
0.039373
0.033208
0.033203
0.030891
0.036015
0.037529
0.035417
0.033026
0.042711
0.034950
0.042209
0.034800
0.041138
0.049620
0.061853
0.050817
0.037545
0.043432
0.061628
0.050250
0.041834
0.056496
0.038790
0.048637
0.034064
0.040480
0.043034
0.044019
0.036911
0.030006
0.030211
0.031348
0.036566
0.039698
0.036890
0.041146
0.035576
0.039217
0.033842
0.037652
0.040001
0.033225
0.039024
0.036450
0.028536
0.031334
0.032204
0.035426
0.030222
0.038065
0.047247
0.039057
0.034757
0.036755
0.033608
0.031636
0.038605
0.037014
0.034114
0.037626
0.037207
0.033501
0.030492
0.034049
0.039272
0.032396
0.031427
0.040904
0.037188
0.029461
0.035114
0.034983
0.033371
0.032421
0.034992
0.036584
0.033820
0.032224
0.035677
0.035090
0.037417
0.035516
0.039478
0.033048
0.031030
0.039185
0.044906
0.043794
0.031403
0.037117
0.041385
0.042734
0.032995
0.033747
0.029711
0.043989
0.040130
0.049571
0.033698
0.042229
0.046227
0.042046
0.088169
0.052310
0.037205
0.044959
0.036489
0.032418
0.030794
0.030576
0.033482
0.034840
0.031641
0.029504
0.037696
0.033385
0.030953
0.039094
0.036567
0.031653
0.032417
0.032605
0.038559
0.033628
0.036892
0.033820
0.032181
0.037514
0.038129
0.035725
0.032341
0.035474
0.033975
0.036235
0.033284
0.030154
0.035883
0.031483
0.033772
0.033719
0.039855
0.034213
0.044820
0.033424
0.029288
0.032414
0.030221
0.034522
0.034972
0.033879
0.033789
0.030748
0.032650
0.039598
0.033550
0.034409
0.032116
0.031634
0.032436
0.036998
0.030141
0.030884
0.031088
0.036749
0.030973
0.031760
0.030660
0.038504
0.039783
0.029535
0.031680
0.032250
0.037328
0.039500
0.030565
0.034435
0.039028
0.034453
0.032593
0.031859
0.037503
0.032512
0.040290
0.032276
0.044294
0.031451
0.034703
0.035475
0.033636
0.034541
0.037054
0.032147
0.033757
0.037094
0.030463
0.035517
0.032955
0.032564
0.031308
0.030636
0.033790
0.035044
0.033679
0.032027
0.034684
0.039324
0.031202
0.036429
0.037948
0.030001
0.033109
0.033180
0.036711
0.033192
0.035443
0.040373
0.034229
0.036555
0.036938
0.031322
0.033135
0.034072
0.039292
0.036289
0.033388
0.034372
0.040414
0.033780
0.033115
0.036473
0.035555
0.034086
0.038160
0.036966
0.034259
0.031950
0.033084
0.032511
0.036635
0.032479
0.031899
0.038476
0.035251
0.045357
0.030083
0.034016
0.037648
0.038956
0.041679
0.033749
0.036822
0.038512
0.037601
0.043619
0.038630
0.039619
0.036699
0.038086
0.039409
0.035192
0.036959
0.037164
0.040128
0.041994
0.032221
0.041791
0.045619
0.039860
0.045882
0.032202
0.036514
0.050364
0.031981
0.039919
0.036810
0.038814
0.035867
0.033604
0.042681
0.036757
0.031591
0.035160
0.035581
0.030776
0.031364
0.034090
0.034154
0.034843
0.030830
0.035808
0.030410
0.038525
0.032967
0.038709
0.028562
0.039660
0.031958
0.044305
0.032497
0.041352
0.032855
0.041080
0.031239
0.032723
0.045593
0.045209
0.045318
0.035489
0.040054
0.040700
0.037130
0.032048
0.038217
0.037939
0.041545
0.049917
0.044557
0.041386
0.037397
0.038992
0.032618
0.032686
0.032032
0.031797
0.032548
0.032617
0.050847
0.041821
0.031823
0.034996
0.033334
0.044737
0.030322
0.047182
0.034943
0.032526
0.033942
0.034169
0.032225
0.033693
0.031338
0.033209
0.030254
0.038388
0.030948
0.042055
0.033629
0.032766
0.032351
0.033139
0.032714
0.034868
0.038511
0.038654
0.037511
0.037334
0.033140
0.032554
0.032110
0.032412
0.032873
0.038480
0.040763
0.036885
0.037380
0.036326
0.031100
0.031076
0.043419
0.030157
0.031314
0.035637
0.029947
0.038647
0.036457
0.032284
0.037351
0.037091
0.031633
0.030064
0.032413
0.029935
0.035221
0.032363
0.032971
0.035695
0.031534
0.033033
0.039587
0.036372
0.030597
0.032007
0.034355
0.038207
0.029106
0.038658
0.033309
0.031481
0.034271
0.036396
0.029898
0.033832
0.035129
0.037419
0.033528
0.030657
0.042396
0.039172
0.030189
0.032094
0.033866
0.031508
0.032959
0.032229
0.037385
0.032323
0.031433
0.030479
0.035159
0.030014
0.034411
0.034434
0.030528
0.033227
0.032568
0.042792
0.033849
0.041254
0.031922
0.034598
0.030106
0.040922
0.030813
0.035656
0.032190
0.032981
0.031445
0.030406
0.032168
0.032692
0.031048
0.031164
0.036550
0.046417
0.032745
0.031272
0.031294
0.031695
0.042087
0.031684
0.031454
0.033298
0.030936
0.039376
0.026543
0.040046
0.032125
0.032588
0.029781
0.032995
0.029900
0.030408
0.030720
0.033479
0.034163
0.031740
0.032498
0.030731
0.033538
0.030317
0.033408
0.030087
0.030100
0.049945
0.032203
0.029491
0.042765
0.034734
0.036322
0.034444
0.032205
0.037707
0.029742
0.034714
0.048199
0.034247
0.028578
0.039010
0.039039
0.044171
0.034651
0.033297
0.031235
0.038971
0.030542
0.037559
0.031227
0.037916
0.032012
0.034238
0.040060
0.039533
0.033736
0.033213
0.035847
0.033569
0.031484
0.031964
0.030524
0.039910
0.035639
0.031250
0.031260
0.037528
0.039380
0.042891
0.031057
0.033074
0.043598
0.031617
0.038683
0.032305
0.032712
0.031177
0.030280
0.031891
0.029353
0.031312
0.032240
0.030704
0.032170
0.031600
0.032094
0.030927
0.032647
0.035741
0.031790
0.033549
0.030904
0.034507
0.035787
0.030745
0.037807
0.038171
0.032070
0.031677
0.036936
0.032923
0.032837
0.040804
0.035371
0.041251
0.032386
0.033194
0.030499
0.037146
0.031804
0.032662
0.031726
0.039383
0.032382
0.032164
0.032427
0.032721
0.037743
0.034051
0.031044
0.030872
0.034140
0.030412
0.037516
0.030584
0.034725
0.036587
0.030020
0.031916
0.029050
0.033115
0.036645
0.031682
0.031267
0.035402
0.030895
0.030910
0.035791
0.030778
0.034533
0.031757
0.032600
0.036139
0.031530
0.032356
0.034090
0.041022
0.033194
0.032378
0.037334
0.033165
0.032634
0.035087
0.043662
0.032464
0.032855
0.034472
0.036773
0.037560
0.034975
0.039765
0.032960
0.032127
0.033772
0.032729
0.031128
0.041599
0.034213
0.037389
0.032984
0.035387
0.042584
0.031581
0.037623
0.034450
0.033616
0.032456
0.039053
0.033389
0.033190
0.032037
0.032163
0.033475
0.039459
0.036662
0.037029
0.030437
0.033746
0.036437
0.030206
0.034365
0.032236
0.038393
0.037327
0.037850
0.033311
0.036471
0.031839
0.031293
0.037760
0.035247
0.030968
0.031725
0.033590
0.036445
0.034907
0.030482
0.036082
0.030454
0.031674
0.029623
0.039414
0.032795
0.033287
0.033410
0.033796
0.034427
0.034730
0.031194
0.035856
0.038006
0.049762
0.030977
0.039902
0.044634
0.038270
0.033309
0.035363
0.039084
0.035001
0.036218
0.071557
0.042307
0.044684
0.037241
0.036719
0.043051
0.033596
0.050678
0.054665
0.043640
0.044368
0.032666
0.043692
0.040285
0.040382
0.036007
0.031713
0.032875
0.033247
0.048178
0.032404
0.033819
0.045854
0.033751
0.054948
0.042567
0.037913
0.031229
0.043125
0.035017
0.032062
0.037182
0.030274
0.036858
0.033979
0.031978
0.029815
0.034275
0.035210
0.039748
0.051793
0.031708
0.037332
0.036657
0.035502
0.036237
0.043306
0.035032
0.047480
0.048090
0.044011
0.036851
0.054746
0.049719
0.033443
0.034523
0.036202
0.043122
0.036573
0.042850
0.041951
0.037607
0.045064
0.038423
0.035424
0.038581
0.038082
0.035545
0.038347
0.037416
0.037816
0.032583
0.030066
0.036478
0.034492
0.032773
0.040100
0.033682
0.032081
0.038276
0.029769
0.032787
0.041700
0.036653
0.043129
0.030582
0.039469
0.033036
0.030254
0.034715
0.040125
0.031659
0.040259
0.034720
0.033996
0.048358
0.033986
0.040986
0.030907
0.033604
0.038509
0.029292
0.037422
0.038900
0.041243
0.032243
0.033861
0.035048
0.032201
0.031942
0.036910
0.031566
0.033151
0.031343
0.031345
0.029870
0.030644
0.032246
0.030254
0.033972
0.030437
0.030963
0.034624
0.033310
0.030340
0.033148
0.033697
0.031040
0.037487
0.033711
0.031819
0.031705
0.032008
0.031689
0.032490
0.032798
0.031454
0.032465
0.035602
0.032470
0.035311
0.032608
0.031713
0.035914
0.035939
0.032395
0.035386
0.057699
0.063181
0.043821
0.042495
0.033087
0.032519
0.037427
0.037047
0.035826
0.035063
0.036666
0.031334
0.034054
0.038206
0.033437
0.032560
0.034919
0.039476
0.047539
0.028594
0.033115
0.035183
0.034750
0.040898
0.031750
0.033424
0.043570
0.041757
0.034672
0.036726
0.036109
0.032205
0.038031
0.042546
0.032291
0.033749
0.034061
0.040426
0.031956
0.035698
0.031813
0.032710
0.034848
0.046863
0.030383
0.032152
0.032928
0.033861
0.038673
0.036378
0.031904
0.043890
0.031398
0.037111
0.035841
0.033344
0.031642
0.032125
0.038413
0.037408
0.037543
0.037212
0.039157
0.037335
0.032513
0.032091
0.035958
0.041445
0.038141
0.030958
0.030060
0.036980
0.030998
0.034440
0.032135
0.036795
0.031996
0.029672
0.036182
0.039111
0.030866
0.038428
0.030626
0.033523
0.037854
0.034807
0.033580
0.030891
0.029959
0.032426
0.038472
0.053396
0.046234
0.038976
0.030643
0.035448
0.032432
0.035779
0.033401
0.035173
0.034700
0.032498
0.031696
0.033278
0.034137
0.050538
0.032641
0.032161
0.041471
0.032693
0.033340
0.034936
0.038121
0.033942
0.032835
0.032481
0.032820
0.033135
0.034354
0.031564
0.034555
0.031640
0.034708
0.031901
0.032307
0.031532
0.031896
0.031818
0.032575
0.031922
0.032992
0.034322
0.031572
0.036815
0.033075
0.030135
0.037293
0.032002
0.030515
0.036671
0.039262
0.030268
0.033695
0.044622
0.029038
0.033412
0.037374
0.036903
0.034193
0.044703
0.035885
0.035744
0.033095
0.034265
0.033476
0.035937
0.036763
0.032521
0.034288
0.033950
0.033113
0.035573
0.032905
0.035435
0.031963
0.041471
0.031920
0.032635
0.052964
0.038847
0.042803
0.036411
0.032011
0.033490
0.037667
0.030715
0.034962
0.032552
0.043942
0.037931
0.032524
0.036474
0.030889
0.030847
0.037287
0.033610
0.036112
0.031429
0.032442
0.035453
0.033843
0.032789
0.038056
0.037659
0.028964
0.030437
0.044984
0.037923
0.032040
0.041863
0.032034
0.038284
0.032237
0.047654
0.037150
0.034081
0.034590
0.043394
0.035972
0.029638
0.043636
0.033158
0.038034
0.035628
0.031567
0.039304
0.032428
0.038479
0.033979
0.031244
0.034366
0.036591
0.032776
0.034259
0.032300
0.030081
0.033080
0.036129
0.039959
0.039495
0.030015
0.030380
0.030548
0.029968
0.035038
0.032032
0.030900
0.034174
0.046682
0.031143
0.030835
0.031298
0.037209
0.035795
0.030298
0.031308
0.042426
0.030697
0.031625
0.031577
0.029816
0.036139
0.037317
0.037100
0.040841
0.033271
0.036118
0.034703
0.031645
0.035885
0.039598
0.033684
0.046493
0.030223
0.030503
0.033807
0.045259
0.031098
0.036337
0.031406
0.031019
0.038896
0.034024
0.041491
0.031863
0.033223
0.032906
0.042174
0.030971
0.032647
0.040266
0.030241
0.030744
0.034161
0.039649
0.037973
0.039556
0.040859
0.038639
0.037718
0.055757
0.039844
0.040786
0.042783
0.040337
0.037187
0.036647
0.035452
0.039023
0.032044
0.030609
0.031310
0.040820
0.032449
0.039463
0.034178
0.036292
0.035709
0.036036
0.030692
0.031203
0.036138
0.034561
0.043794
0.034657
0.039947
0.044610
0.035934
0.045219
0.031229
0.034384
0.035121
0.044444
0.043586
0.053027
0.036041
0.042327
0.032359
0.031207
0.032906
0.040638
0.040498
0.033090
0.032635
0.032368
0.037292
0.034840
0.030991
0.033079
0.030670
0.037198
0.041383
0.039857
0.040095
0.039653
0.038294
0.044210
0.032947
0.031468
0.032484
0.030241
0.033393
0.032817
0.038782
0.037669
0.031051
0.031090
0.037570
0.031878
0.030573
0.031541
0.038919
0.032256
0.031988
0.036216
0.032255
0.037576
0.043392
0.036008
0.030987
0.035156
0.034882
0.032130
0.036677
0.033393
0.049203
0.032006
0.037276
0.031142
0.033037
0.035731
0.032058
0.035927
0.031461
0.040512
0.032400
0.033005
0.035184
0.041795
0.031663
0.048031
0.031921
0.031248
0.037540
0.036823
0.035230
0.033977
0.032260
0.031723
0.032401
0.035659
0.035979
0.035100
0.037613
0.035398
0.030659
0.036489
0.031399
0.032296
0.031794
0.029447
0.035037
0.031772
0.032690
0.040394
0.032914
0.032889
0.036750
0.048903
0.039378
0.031602
0.039760
0.032391
0.029026
0.038416
0.032789
0.033389
0.031910
0.031433
0.043633
0.039627
0.030557
0.032217
0.032603
0.029379
0.030907
0.036889
0.031025
0.040150
0.031374
0.030742
0.032657
0.039688
0.043530
0.030882
0.036443
0.032265
0.034134
0.032362
0.039887
0.030974
0.031266
0.036392
0.035013
0.030880
0.036622
0.034557
0.032313
0.029124
0.039430
0.030859
0.029675
0.040815
0.042322
0.034721
0.030235
0.030731
0.038867
0.033332
0.029366
0.030463
0.040030
0.037030
0.031683
0.039557
0.032077
0.033329
0.034171
0.035443
0.035491
0.030503
0.032452
0.031400
0.038918
0.029717
0.037257
0.033207
0.030976
0.042008
0.033570
0.033518
0.039706
0.033125
0.042042
0.032881
0.032429
0.032133
0.038656
0.034514
0.029640
0.033256
0.031541
0.036316
0.030407
0.034375
0.041304
0.036080
0.031622
0.030088
0.043162
0.032170
0.029830
0.045379
0.030565
0.039929
0.030701
0.029635
0.040384
0.039702
0.029185
0.037045
0.032019
0.035945
0.029860
0.034186
0.039839
0.035080
0.033948
0.037437
0.034846
0.036449
0.031303
0.029847
0.040699
0.032656
0.033412
0.034988
0.034085
0.043773
0.050374
0.047750
0.029428
0.033420
0.034385
0.029575
0.037432
0.056287
0.043878
0.039433
0.036618
0.037888
0.038698
0.039597
0.040492
0.038465
0.037574
0.038593
0.039109
0.038142
0.038323
0.038040
0.038720
0.038248
0.038040
0.038176
0.038438
0.038369
0.038332
0.038965
0.037537
0.037613
0.037102
0.037347
0.038680
0.035727
0.040949
0.036705
0.036071
0.036357
0.040460
0.035519
0.040516
0.048130
0.036464
0.037124
0.036242
0.036396
0.036529
0.037572
0.038053
0.037892
0.034932
0.036657
0.037668
0.039800
0.038640
0.039268
0.038376
0.036747
0.028296
0.041548
0.031887
0.030795
0.035741
0.037570
0.033061
0.032295
0.032394
0.028517
0.036018
0.032271
0.040932
0.032104
0.033234
0.032629
0.031389
0.034122
0.041193
0.043715
0.029852
0.040868
0.030127
0.030193
0.029865
0.030760
0.039072
0.047561
0.031207
0.042653
0.035769
0.042621
0.035263
0.028988
0.035157
0.039606
0.031390
0.030029
0.031929
0.046729
0.028934
0.037750
0.038982
0.033062
0.034632
0.037063
0.031396
0.035985
0.040564
0.031357
0.031005
0.032981
0.031462
0.034720
0.036802
0.037705
0.040433
0.034330
0.036834
0.041538
0.035796
0.038411
0.036843
0.033215
0.039305
0.033632
0.031633
0.041606
0.033817
0.036044
0.041135
0.035596
0.039504
0.036519
0.037674
0.039471
0.042827
0.039459
0.036997
0.030759
0.032548
0.035901
0.031005
0.037994
0.029390
0.034327
0.030007
0.038382
0.030030
0.034036
0.032161
0.045143
0.041955
0.034399
0.037913
0.030258
0.031014
0.032184
0.031181
0.037879
0.031595
0.040974
0.032002
0.041786
0.039709
0.037042
0.037825
0.032503
0.032500
0.029731
0.032407
0.034032
0.036599
0.039636
0.033395
0.031179
0.035812
0.032089
0.039422
0.038023
0.037531
0.037757
0.034163
0.029850
0.029723
0.044446
0.036011
0.044647
0.047304
0.031600
0.031749
0.031846
0.033967
0.036054
0.033076
0.038368
0.038414
0.038363
0.036352
0.033892
0.045389
0.035572
0.040692
0.041003
0.036487
0.036608
0.031920
0.027715
0.039562
0.036563
0.037797
0.038136
0.035901
0.029689
0.038871
0.036826
0.040843
0.032985
0.032806
0.035864
0.030414
0.035623
0.040674
0.037116
0.036430
0.040661
0.038693
0.034778
0.032931
0.040729
0.041599
0.031206
0.029845
0.049237
0.038752
0.033032
0.031156
0.039754
0.032495
0.031440
0.038366
0.033070
0.031188
0.040065
0.029261
0.043750
0.029962
0.035092
0.037650
0.051770
0.039152
0.038031
0.036661
0.038611
0.036495
0.036916
0.036897
0.036485
0.037469
0.052856
0.047286
0.035794
0.037057
0.041309
0.037035
0.042041
0.039051
0.038390
0.036408
0.036366
0.037565
0.036359
0.036587
0.036505
0.036557
0.036453
0.036352
0.039262
0.035836
0.037350
0.036849
0.036086
0.036402
0.036784
0.037470
0.036811
0.037304
0.036355
0.036830
0.038858
0.037099
0.037596
0.048508
0.036493
0.036664
0.036723
0.036401
0.036491
0.036554
0.037047
0.036775
0.036600
0.035813
0.036191
0.036775
0.036121
0.038337
0.036376
0.037733
0.036721
0.036015
0.038191
0.030447
0.029833
0.032349
0.032744
0.035476
0.031188
0.033369
0.031436
0.031827
0.032444
0.041834
0.035645
0.033845
0.034946
0.032978
0.035654
0.031136
0.036268
0.045705
0.046504
0.040127
0.033783
0.030282
0.038974
0.031861
0.032089
0.029454
0.050246
0.037596
0.037872
0.032563
0.030625
0.029649
0.031862
0.032779
0.031721
0.031888
0.030791
0.032978
0.032469
0.031976
0.039510
0.044904
0.030778
0.029123
0.041494
0.031611
0.037705
0.031774
0.031920
0.036154
0.039428
0.031048
0.031737
0.031441
0.030822
0.045476
0.029271
0.030957
0.034612
0.032973
0.031328
0.038073
0.034415
0.045094
0.045464
0.030410
0.036539
0.031981
0.033132
0.034288
0.032922
0.030968
0.033087
0.030619
0.032874
0.030501
0.033207
0.039132
0.036636
0.034292
0.035664
0.031445
0.036446
0.032054
0.031157
0.032903
0.031987
0.037157
0.033781
0.040177
0.037181
0.043196
0.031842
0.029997
0.030332
0.033776
0.044895
0.035436
0.031605
0.032228
0.040330
0.035541
0.034729
0.038919
0.034000
0.032022
0.034505
0.043358
0.054690
0.035712
0.038790
0.037465
0.039848
0.038959
0.045052
0.041637
0.044125
0.036896
0.036470
0.039488
0.037399
0.036592
0.036431
0.036679
0.035510
0.036348
0.036211
0.036541
0.036343
0.035723
0.036328
0.039848
0.036324
0.036398
0.036580
0.035998
0.036186
0.036305
0.036235
0.035484
0.035731
0.035721
0.038946
0.039445
0.037737
0.037730
0.036942
0.036496
0.036665
0.038220
0.036157
0.037713
0.036488
0.037112
0.036750
0.035423
0.036042
0.036750
0.046324
0.054566
0.036017
0.036665
0.035870
0.038446
0.036575
0.039397
0.040428
0.034549
0.037763
0.037097
0.036193
0.036359
0.036379
0.036515
0.036864
0.036265
0.036480
0.036122
0.036115
0.036943
0.036254
0.038058
0.035926
0.036674
0.036426
0.037498
0.035861
0.036705
0.036382
0.036766
0.036722
0.036534
0.036375
0.036373
0.037621
0.030859
0.029458
0.028975
0.045615
0.032523
0.034420
0.032860
0.036908
0.029825
0.031544
0.035380
0.045803
0.033812
0.032647
0.037556
0.029971
0.034616
0.030461
0.032991
0.047190
0.037123
0.050723
0.043951
0.031097
0.034085
0.031866
0.033023
0.035832
0.034328
0.032520
0.039728
0.032563
0.032801
0.031104
0.034662
0.031204
0.039744
0.041640
0.033501
0.034900
0.030068
0.030154
0.042855
0.031676
0.030313
0.036881
0.037096
0.030260
0.033049
0.034130
0.030866
0.048651
0.043137
0.039638
0.035879
0.036244
0.036354
0.036647
0.036773
0.037197
0.038546
0.038564
0.037846
0.036457
0.035363
0.037372
0.036265
0.036896
0.036499
0.036868
0.037014
0.036667
0.037431
0.035019
0.032593
0.037489
0.038644
0.035036
0.032073
0.031918
0.034473
0.038916
0.035228
0.035772
0.037305
0.035512
0.034107
0.034092
0.030952
0.033035
0.030612
0.034663
0.034231
0.033462
0.034798
0.031759
0.030018
0.036055
0.033264
0.030838
0.031856
0.034227
0.033278
0.032810
0.033437
0.031084
0.033339
0.031839
0.031814
0.031028
0.039368
0.030255
0.031937
0.035599
0.031931
0.031250
0.032154
0.046525
0.045221
0.030529
0.030287
0.034901
0.042649
0.030317
0.033528
0.030685
0.030606
0.030330
0.030745
0.036638
0.032355
0.030599
0.031324
0.033727
0.030305
0.036015
0.033199
0.036473
0.032183
0.031206
0.030831
0.029408
0.034374
0.030123
0.030286
0.030559
0.036000
0.029345
0.032095
0.030007
0.030705
0.036456
0.031022
0.042442
0.033946
0.035454
0.031195
0.031694
0.032277
0.035155
0.030384
0.036364
0.036249
0.029801
0.033035
0.032281
0.033075
0.039757
0.030930
0.033843
0.032897
0.035287
0.031359
0.031759
0.031282
0.031556
0.038116
0.028534
0.032319
0.045504
0.032672
0.033163
0.032605
0.031270
0.045754
0.032085
0.035043
0.032270
0.032923
0.040399
0.042718
0.032057
0.035464
0.046147
0.030657
0.032159
0.033109
0.032812
0.033768
0.030076
0.032526
0.032281
0.033185
0.033530
0.029896
0.027617
0.037724
0.045882
0.041444
0.045108
0.033922
0.032191
0.040061
0.035848
0.028687
0.044059
0.034999
0.038096
0.030755
0.036711
0.031099
0.038445
0.030007
0.031994
0.037090
0.034167
0.035044
0.039418
0.030924
0.034875
0.049397
0.054076
0.090778
0.048757
0.030848
0.029719
0.041109
0.041207
0.033475
0.029888
0.041003
0.041543
