151	108	139	250
150	112	138	246
152	120	135	238
152	125	134	234
152	127	133	232
148	129	136	230
144	132	139	227
143	136	138	223
142	137	138	222
142	137	138	222
141	140	140	219
140	142	139	217
138	148	142	211
137	153	141	206
136	158	141	200
136	165	140	193
130	177	146	182
121	188	155	171
115	200	159	158
115	212	160	147
130	218	143	141
132	215	144	144
136	202	138	157
137	190	135	169
137	177	108	182
135	164	92	193
131	156	96	200
124	150	105	188
127	148	100	156
142	149	85	130
140	153	90	119
136	157	94	115
133	159	93	109
132	161	91	104
130	164	89	96
120	168	84	106
121	173	80	115
121	177	82	120
120	180	84	117
122	183	81	115
120	184	83	113
123	186	81	113
122	188	84	110
121	191	86	108
120	193	88	107
121	195	87	104
120	197	88	101
122	199	95	99
123	196	95	99
124	195	99	99
128	192	102	100
127	189	110	99
124	186	122	100
114	183	140	103
111	180	154	106
115	181	163	105
123	181	163	104
132	185	157	99
133	183	165	101
141	184	170	101
152	184	157	99
168	190	145	97
157	186	158	114
160	181	155	131
155	185	160	137
154	194	158	161
151	196	159	161
150	196	158	162
150	196	158	160
150	196	157	161
151	195	153	162
151	194	156	163
152	193	153	164
153	192	153	164
153	192	152	165
153	192	153	165
149	191	157	166
150	191	156	166
150	190	155	166
150	192	156	167
152	192	155	166
150	192	158	165
151	191	157	166
150	191	156	167
152	191	155	166
150	191	156	165
151	191	155	165
151	191	155	166
151	191	154	165
151	191	156	166
153	191	156	166
150	191	156	166
152	193	155	165
151	191	155	166
153	193	157	163
153	192	155	164
153	190	154	167
145	187	164	170
141	185	167	171
142	187	155	170
143	188	137	168
144	191	124	167
104	191	154	164
101	196	157	161
96	199	159	159
90	200	165	158
91	200	165	157
92	200	165	158
92	198	164	159
94	196	163	162
95	193	162	165
93	192	163	166
97	192	159	166
94	192	162	167
100	191	157	166
94	190	163	167
98	190	157	168
96	190	160	168
99	189	157	168
98	190	159	167
96	191	159	166
98	191	159	167
98	191	159	167
97	191	161	167
100	191	159	167
98	192	160	167
97	192	163	165
98	193	163	166
98	193	161	165
101	197	157	160
98	202	156	157
101	205	143	153
103	208	132	149
103	209	130	149
101	210	132	147
96	209	135	149
93	206	136	152
91	203	135	155
75	200	150	158
69	197	154	161
73	195	148	163
77	196	130	161
64	195	123	164
51	196	136	163
50	194	136	164
50	193	136	166
45	192	141	166
37	192	151	166
30	192	158	165
37	191	150	166
41	192	148	166
43	193	143	166
40	195	144	164
42	196	140	163
52	198	129	161
73	203	103	155
65	209	109	150
61	217	111	142
60	225	112	134
56	235	116	122
58	246	114	113
58	259	115	100
61	271	108	88
61	280	104	79
56	291	99	68
52	300	100	59
48	306	100	53
46	315	98	44
45	319	98	40
43	322	100	37
39	323	104	36
32	322	112	37
30	316	114	43
31	310	112	49
42	310	96	49
46	309	94	50
52	303	89	56
62	298	82	61
72	303	83	56
82	307	78	52
86	307	73	52
87	309	72	50
90	310	76	49
90	310	76	49
88	311	75	48
87	313	74	46
87	314	73	45
86	315	73	44
85	314	73	45
87	315	72	44
87	316	73	43
89	316	72	43
90	316	73	43
92	315	72	44
93	316	73	43
94	317	72	42
95	316	72	42
95	317	72	42
96	317	72	42
97	317	72	42
98	317	71	42
98	317	71	41
98	318	71	41
97	317	74	41
94	314	76	44
94	309	77	50
95	303	79	55
99	298	82	60
105	290	82	68
104	281	86	76
99	270	96	87
100	259	107	99
101	245	109	113
100	231	120	128
100	221	129	137
105	213	131	145
107	211	137	145
72	213	183	144
78	214	181	143
123	215	137	144
101	210	155	148
89	205	168	153
84	201	172	156
100	199	149	158
116	196	131	163
91	198	164	159
93	195	162	162
101	194	145	162
118	192	125	166
89	186	155	172
71	181	172	177
72	181	177	176
106	184	150	174
99	179	152	178
100	182	147	176
102	179	148	179
98	190	153	168
97	192	154	166
98	191	154	166
100	194	155	162
101	200	157	158
97	202	163	156
99	203	161	154
102	205	159	153
98	206	166	152
99	206	167	153
101	204	165	153
103	204	164	153
101	205	165	153
101	206	167	152
100	204	168	154
97	204	171	155
96	204	169	154
76	198	193	160
99	200	169	158
100	196	167	161
79	193	189	166
105	181	159	177
91	183	176	173
65	184	204	173
111	184	159	174
68	183	198	173
62	183	201	176
113	182	141	176
81	184	171	173
77	187	178	170
121	192	136	167
102	197	155	162
99	197	160	160
106	196	153	160
127	194	130	162
129	190	124	169
125	185	122	172
120	181	121	177
119	178	115	180
122	175	107	183
120	170	102	188
118	163	100	194
115	157	102	199
109	151	108	205
112	145	105	210
116	141	104	212
118	137	102	214
120	134	100	210
120	132	101	196
120	130	102	196
116	129	106	197
119	128	107	198
117	127	109	199
121	127	105	200
118	127	109	200
118	125	110	201
117	126	113	201
115	125	115	202
117	126	115	201
118	125	112	201
118	126	112	201
118	125	113	201
117	126	113	200
118	126	111	201
118	126	111	200
117	126	111	200
117	126	111	200
117	125	110	200
118	125	111	200
116	126	111	200
116	126	112	199
116	126	112	199
116	126	111	199
116	126	111	200
115	126	111	199
115	126	112	200
115	127	112	199
115	126	112	199
115	126	111	199
114	126	111	200
116	126	111	199
114	126	111	200
115	126	110	199
114	126	111	200
115	126	111	199
115	126	110	199
114	127	110	199
114	126	111	199
115	127	109	198
115	129	108	195
115	133	108	192
116	137	107	190
113	137	107	191
113	133	104	194
111	128	106	197
110	126	105	195
110	125	104	194
99	123	108	194
92	116	109	200
104	112	94	203
101	110	97	203
97	108	103	204
92	106	109	207
103	105	98	208
97	106	102	207
104	104	94	208
103	106	93	207
103	108	92	205
104	106	93	206
104	108	91	205
104	107	91	206
104	107	92	205
106	108	92	205
106	108	91	204
107	108	90	204
108	107	89	204
109	108	87	203
110	108	85	199
112	109	84	194
113	110	83	189
113	110	83	189
113	111	83	189
112	112	85	187
112	113	85	185
112	116	85	184
110	119	86	179
110	123	87	176
109	129	87	170
109	135	87	163
110	145	86	155
108	152	89	148
107	158	89	141
108	160	88	139
109	161	88	137
109	162	88	137
110	163	87	136
110	165	88	134
109	169	88	130
110	173	87	126
110	175	89	125
109	176	90	126
109	176	91	126
109	173	90	129
109	167	91	136
107	159	93	145
108	150	94	155
107	141	98	165
95	134	112	171
100	132	110	174
106	127	105	178
108	125	106	179
110	123	105	181
108	123	109	182
107	123	111	181
108	123	109	181
108	123	111	181
106	123	114	180
107	123	114	181
106	123	115	180
108	123	114	181
106	124	114	180
106	124	115	179
107	125	115	179
106	126	115	178
106	127	115	176
107	128	114	176
105	131	114	173
104	134	117	169
105	138	116	166
104	142	116	160
104	146	116	156
103	149	117	153
100	151	119	152
99	152	119	150
101	155	116	147
106	160	111	142
100	168	116	135
85	177	133	125
82	185	137	125
89	191	136	138
103	196	122	132
101	197	126	133
79	199	147	133
75	200	151	131
87	204	141	129
91	205	140	127
92	208	143	126
83	206	154	125
75	204	166	127
85	200	158	131
90	196	157	133
93	193	155	137
89	192	161	137
87	189	164	138
94	187	158	139
96	186	156	142
96	185	157	143
96	183	158	143
95	178	157	143
99	173	156	142
100	170	155	144
102	168	154	143
101	166	154	141
100	163	154	139
101	163	153	136
103	162	150	133
103	163	147	132
94	163	153	130
82	162	161	130
86	160	154	132
97	159	138	132
98	156	132	135
91	153	134	137
84	146	133	145
95	141	113	148
94	139	109	151
86	136	113	159
84	136	111	166
82	135	107	176
78	131	108	181
75	128	109	186
67	126	112	185
57	127	112	187
73	129	97	188
72	131	97	185
67	136	107	181
60	146	114	170
62	153	111	147
59	152	115	140
57	150	119	135
56	145	122	139
54	140	124	137
52	135	128	138
47	133	133	146
45	133	132	146
43	138	131	125
43	144	127	120
43	150	130	138
39	153	132	138
38	156	132	135
36	159	134	134
32	162	137	133
27	167	137	130
25	172	135	126
26	178	129	124
26	184	128	120
19	189	134	117
15	192	139	115
3	196	147	113
2	198	147	111
4	199	139	110
1	197	139	113
0	197	137	115
0	196	134	118
0	194	129	121
0	195	126	121
0	195	121	125
14	195	106	131
18	196	96	130
20	196	94	132
20	195	94	133
22	194	98	132
21	194	106	112
23	193	106	101
22	191	109	106
22	190	113	112
23	187	114	117
22	184	118	120
22	182	121	123
24	181	123	125
25	180	129	127
26	179	132	128
25	180	138	128
26	181	144	126
27	186	148	120
29	194	152	112
31	202	155	103
28	205	161	103
28	209	162	102
23	213	166	108
19	218	170	122
12	223	175	125
8	228	175	125
6	228	174	125
2	226	174	126
0	226	173	124
0	229	170	123
0	229	168	120
0	229	167	121
0	229	166	121
0	227	166	126
0	227	166	127
1	227	166	126
0	228	166	124
0	229	165	122
0	230	166	122
0	231	165	120
0	231	165	121
0	230	165	120
0	230	166	120
0	229	166	120
0	228	166	121
0	227	167	122
0	228	167	121
0	227	168	123
0	227	168	123
0	226	169	122
0	227	169	123
0	225	169	124
0	225	169	122
0	226	169	122
0	225	169	122
0	225	170	123
0	225	172	122
0	223	172	122
1	221	175	123
1	220	175	124
1	219	176	123
2	219	176	123
3	219	176	124
3	219	177	123
3	217	177	123
3	217	177	122
3	217	177	122
4	216	177	122
5	217	177	121
3	216	177	120
2	215	177	119
4	215	176	118
6	214	176	118
9	214	174	118
14	212	172	116
19	210	174	118
24	206	182	120
32	204	188	119
38	203	194	116
45	203	197	116
53	203	201	116
59	199	207	117
68	198	208	116
75	198	209	114
80	198	213	113
84	198	214	113
88	195	216	115
92	193	219	116
107	191	210	115
118	188	199	115
130	185	187	122
132	177	182	133
128	173	184	141
129	167	184	154
137	159	172	173
134	152	172	182
132	146	173	188
137	142	166	192
140	141	164	193
141	137	163	196
143	136	159	197
143	133	160	198
146	132	157	200
147	132	157	199
148	131	158	200
147	131	157	200
148	128	157	202
149	129	157	201
149	129	156	202
148	128	157	202
149	128	156	202
149	129	155	203
149	128	157	202
149	128	156	203
150	127	156	202
149	126	156	202
150	126	157	204
149	127	158	203
149	126	157	203
149	127	158	203
150	126	158	203
150	127	158	203
150	126	157	203
149	127	158	204
150	126	158	203
151	125	157	204
150	126	158	204
151	125	158	204
150	126	159	204
150	125	158	203
150	125	158	204
150	127	159	203
150	127	158	202
149	128	159	203
148	128	159	203
147	129	158	202
146	130	158	201
145	131	159	200
146	132	157	198
148	134	157	197
152	137	152	195
157	141	148	191
161	148	144	185
168	149	138	183
165	146	139	164
158	140	141	157
157	129	141	155
174	119	125	153
176	112	117	159
179	106	107	164
177	102	96	170
178	99	92	173
178	97	92	174
179	94	93	176
180	93	94	178
184	92	92	178
184	92	91	179
184	92	90	178
184	91	89	179
184	91	88	178
183	92	88	178
183	94	89	177
183	94	89	177
183	94	90	176
184	95	89	176
184	95	90	176
183	96	90	176
183	97	90	175
181	97	92	175
183	97	91	175
183	97	91	174
183	97	91	174
183	96	90	175
182	97	92	175
184	96	91	176
182	96	92	176
183	96	92	175
183	96	93	175
182	96	94	175
181	96	94	175
183	97	93	175
181	97	96	175
182	97	94	175
183	97	94	174
182	97	96	174
182	97	96	174
181	98	96	174
182	98	95	173
183	100	95	172
181	101	97	171
182	103	95	168
183	105	96	167
182	106	97	166
182	106	96	165
182	106	95	166
182	105	96	166
183	104	95	167
183	104	95	167
183	104	95	167
182	104	95	167
183	104	95	167
183	104	95	168
183	104	95	167
184	104	95	167
183	105	95	167
183	105	94	167
184	106	92	166
184	105	93	167
183	106	93	166
184	106	92	166
184	106	91	165
184	107	90	164
185	107	90	165
185	107	90	164
186	107	89	164
185	108	90	164
186	108	87	164
186	109	84	163
186	111	83	161
187	112	81	159
184	114	83	156
187	119	81	151
185	119	82	150
184	118	84	150
185	115	85	152
182	113	88	155
182	111	88	157
181	109	88	159
182	108	88	160
183	106	89	161
182	104	90	163
182	103	90	164
182	102	89	165
180	101	92	167
179	100	91	168
180	100	92	168
180	99	92	169
180	99	92	169
180	98	91	170
180	97	91	170
179	97	91	170
180	97	91	171
179	97	90	171
180	98	91	170
180	98	90	170
180	99	89	169
180	102	88	167
179	103	88	165
179	105	88	163
179	106	88	162
179	109	87	159
179	110	88	158
178	113	88	156
180	115	88	153
179	117	88	153
179	118	87	151
179	117	87	152
179	115	87	154
178	110	89	158
178	105	88	162
178	100	90	162
177	97	95	161
178	96	100	163
179	94	100	166
179	94	101	168
179	94	101	169
178	94	101	169
179	94	102	170
179	93	102	170
178	94	101	170
178	93	103	171
178	93	103	171
177	93	103	171
179	92	103	171
177	92	103	171
178	93	103	171
178	92	103	171
178	93	102	171
177	94	103	170
179	93	102	170
178	94	102	170
177	94	103	170
178	94	102	170
179	94	102	169
179	94	102	169
178	94	101	169
179	93	102	169
179	94	101	169
178	95	102	168
178	96	102	166
178	97	103	164
178	98	102	164
179	98	101	164
179	99	101	162
179	100	101	162
179	99	101	162
179	99	101	162
179	99	101	162
179	99	101	162
179	98	101	163
179	99	102	162
179	98	102	162
179	99	101	163
179	99	101	162
179	99	101	163
179	100	101	162
179	99	100	162
179	100	101	162
178	102	102	160
179	102	101	159
178	103	102	158
178	105	102	156
178	107	102	155
178	110	102	152
178	113	103	149
177	115	103	147
179	118	103	145
178	123	101	140
178	126	102	137
178	130	102	134
179	138	102	127
180	141	101	125
179	147	103	119
177	150	104	117
179	150	102	116
178	149	103	118
179	148	102	119
180	147	103	121
179	145	106	123
177	141	111	130
177	137	115	136
178	133	115	139
178	130	117	143
179	126	116	147
178	123	118	150
179	119	119	154
181	116	118	157
180	114	119	159
177	112	121	160
175	113	123	160
178	116	122	156
181	121	121	152
180	128	123	145
181	134	122	138
187	142	118	131
193	149	112	129
183	158	120	141
177	166	124	141
175	173	122	139
172	180	119	135
171	184	121	132
171	182	117	134
171	181	112	135
171	182	109	133
170	186	105	128
171	191	104	123
171	191	103	123
169	190	105	124
168	188	106	127
169	186	102	128
170	184	99	130
174	182	97	131
174	179	94	135
173	174	86	140
172	168	85	147
173	165	84	150
175	164	82	150
174	165	84	150
173	165	89	147
174	161	92	143
175	155	92	143
176	154	93	131
177	152	88	107
173	151	90	90
169	150	96	92
163	149	100	92
157	148	103	93
159	146	99	90
161	145	95	86
164	145	98	92
163	145	102	94
157	143	112	96
158	140	118	100
156	136	126	105
156	134	132	106
159	134	138	105
163	136	142	102
165	131	147	108
174	139	149	101
188	135	139	105
200	133	129	105
205	131	124	105
201	128	133	113
201	138	134	111
199	137	131	121
201	142	130	126
199	154	129	115
198	155	130	115
195	158	133	112
184	165	144	106
190	164	136	106
195	162	133	108
182	163	147	108
179	165	152	105
180	162	154	108
189	160	147	110
200	156	138	113
200	154	140	115
201	156	145	114
202	156	144	114
213	155	138	115
223	153	124	119
233	140	113	131
236	139	110	130
235	145	112	128
235	152	113	122
234	169	111	117
234	170	110	119
236	172	109	117
237	172	107	118
236	177	109	113
235	178	109	111
237	170	109	121
238	175	107	115
237	173	110	117
237	173	110	117
237	178	109	112
238	171	109	120
235	172	109	117
236	176	109	114
234	175	108	113
230	166	109	119
227	169	110	110
224	166	111	110
224	164	109	110
223	162	110	111
223	162	109	110
220	158	111	112
220	161	110	108
220	161	109	108
220	161	110	108
217	161	111	108
217	158	110	111
217	159	110	111
214	158	113	111
216	160	110	109
214	162	112	108
214	162	110	109
213	160	111	110
214	159	109	111
213	159	110	111
213	159	110	111
213	158	111	111
212	159	110	111
212	159	111	111
213	159	109	111
213	158	109	111
212	157	110	112
213	158	110	112
211	158	111	111
213	157	110	112
212	157	111	113
212	155	110	114
213	156	109	114
213	157	111	112
214	157	110	112
213	152	108	117
215	145	105	123
215	137	104	132
215	126	105	142
213	113	106	153
212	103	104	163
212	96	104	167
208	91	107	169
207	89	109	168
206	89	102	166
205	93	88	161
208	95	73	161
206	94	72	173
200	95	78	179
192	96	86	181
198	97	80	178
200	100	77	176
199	101	78	176
200	101	78	175
201	101	77	176
201	101	78	175
201	102	77	175
201	102	77	175
201	102	77	175
202	101	77	175
202	102	77	175
202	102	77	174
201	102	77	175
201	103	77	175
202	103	77	174
202	103	77	174
202	103	77	174
202	104	77	174
202	104	77	174
202	104	77	173
202	107	77	167
203	113	76	150
204	119	82	140
207	121	81	137
207	119	81	141
208	113	79	148
206	106	80	152
206	99	82	160
206	93	83	166
206	87	85	172
206	84	86	175
208	83	87	173
211	85	83	164
212	89	85	147
216	93	90	115
218	95	94	102
224	94	85	100
234	94	76	101
237	92	74	102
231	94	76	100
223	97	84	103
222	102	85	113
218	107	89	116
218	112	89	112
218	116	87	108
219	119	84	105
218	121	82	103
218	124	83	102
216	127	84	101
217	129	84	99
217	131	83	98
217	131	83	98
217	129	82	100
218	125	82	105
218	119	83	110
220	115	83	112
220	113	84	111
218	114	84	110
215	116	87	106
212	119	91	98
212	120	92	96
206	121	98	116
208	120	95	128
208	120	94	128
206	119	95	128
205	120	97	128
203	119	99	129
202	119	100	129
202	119	100	130
202	118	100	131
203	118	99	130
203	117	99	131
202	116	99	133
204	115	98	133
203	115	98	133
204	116	98	133
204	116	98	133
202	116	100	132
203	115	99	133
203	115	100	132
203	116	100	133
203	116	100	132
204	116	99	132
202	116	100	132
205	116	99	132
203	116	100	132
204	116	99	133
203	116	100	132
204	116	99	132
206	116	97	132
204	116	100	133
206	117	98	132
204	117	100	132
205	116	98	132
205	116	99	132
206	117	98	132
206	117	98	131
205	116	99	132
205	116	99	132
204	117	100	132
205	117	99	132
205	117	99	131
205	116	99	132
205	117	100	132
205	118	100	131
205	118	100	131
205	117	100	131
204	117	100	131
205	117	100	132
202	118	102	131
204	120	99	131
202	121	100	131
200	123	100	131
199	124	101	130
199	125	100	130
196	127	100	131
195	128	100	130
192	129	102	130
191	129	102	130
187	131	102	130
186	131	102	130
186	132	101	129
185	133	101	129
182	133	102	129
181	134	102	130
181	134	101	129
179	134	102	129
176	135	105	128
174	135	106	128
175	135	105	128
175	135	105	129
175	135	104	128
174	135	105	128
175	136	104	129
172	136	105	128
173	135	104	129
174	136	104	128
174	136	104	128
174	135	103	128
174	135	103	128
174	135	103	128
175	134	103	128
175	134	103	128
175	134	103	128
175	134	104	128
175	133	104	128
175	133	103	128
175	134	104	128
176	134	103	127
176	134	102	127
176	135	103	126
176	135	103	126
175	135	105	127
175	136	103	126
175	136	104	126
175	137	103	125
176	138	103	124
176	138	103	123
177	138	103	123
175	139	103	123
176	139	103	122
176	140	103	121
176	141	103	121
176	142	102	120
176	143	103	119
178	143	102	119
178	144	101	118
178	145	102	117
177	146	102	116
176	146	103	115
176	147	104	115
177	148	101	113
178	148	101	114
178	148	100	113
178	146	101	115
177	146	102	115
176	147	103	116
175	146	104	115
177	146	103	115
177	145	103	117
177	145	102	117
178	144	102	117
178	145	101	117
178	145	102	116
178	144	101	118
179	144	100	117
181	143	99	119
181	144	99	118
181	143	99	119
181	143	99	118
181	143	99	118
180	143	98	118
180	144	100	118
180	144	99	118
180	146	100	117
180	145	100	116
181	145	100	117
181	145	99	117
179	145	101	117
175	144	105	118
175	144	105	118
175	144	105	119
175	144	106	118
177	143	105	118
176	144	105	118
177	143	105	119
177	143	104	118
177	143	105	118
177	143	105	119
176	144	104	119
178	143	104	118
177	143	104	119
176	143	104	119
178	143	105	118
177	143	104	119
176	142	105	119
177	143	104	118
177	143	104	118
176	143	105	118
176	143	104	118
177	143	104	118
177	143	105	119
176	143	104	118
176	143	105	119
176	143	104	119
177	143	104	119
177	143	104	119
176	142	105	120
176	143	104	120
177	140	103	122
177	137	103	125
177	135	103	126
175	134	104	127
174	134	105	127
175	135	104	126
174	137	104	121
175	138	100	108
174	140	100	113
173	139	100	118
174	139	98	118
176	140	95	116
175	141	96	113
177	143	93	111
169	145	100	113
169	147	101	110
169	148	101	111
171	146	99	112
172	143	99	115
171	141	99	119
170	136	101	124
170	131	100	129
168	126	100	133
169	121	100	139
171	118	99	141
172	116	98	143
172	112	98	147
174	111	98	148
172	109	98	152
172	107	98	152
171	106	99	152
172	108	98	151
170	113	100	145
170	120	101	138
170	126	101	132
169	131	101	126
168	136	102	121
169	139	102	117
167	142	102	114
168	145	103	113
167	147	103	111
168	150	103	110
171	151	101	111
172	152	99	115
170	151	102	118
170	150	107	119
170	151	115	119
170	150	126	121
169	149	135	121
170	150	136	120
171	151	142	114
178	154	139	114
180	158	139	130
174	161	153	145
181	164	154	155
187	169	147	158
177	172	156	155
171	176	160	153
175	175	156	154
170	175	160	154
173	173	156	156
173	172	154	158
173	169	153	160
173	169	153	161
173	169	153	161
176	169	150	161
174	170	149	160
174	173	150	158
176	177	145	153
177	183	140	149
176	189	136	145
173	189	137	146
176	181	136	152
176	172	138	160
177	162	127	171
178	156	122	174
177	151	123	180
173	148	128	178
167	146	132	175
159	144	123	160
156	143	105	156
155	137	87	146
154	129	90	128
153	122	92	134
151	116	93	145
148	116	98	149
148	115	97	149
147	118	97	146
146	122	99	144
147	125	97	141
145	129	100	144
146	134	101	141
144	139	101	136
144	144	101	129
143	148	101	128
143	153	102	121
142	156	103	120
144	159	103	113
146	159	100	111
147	154	99	116
151	144	95	125
153	135	93	135
155	126	93	142
150	116	99	158
147	110	101	165
150	107	99	160
153	106	97	149
161	108	91	140
156	113	95	125
152	117	100	106
149	117	103	103
149	117	99	104
152	118	95	102
152	118	89	108
149	121	92	118
147	125	95	119
150	132	92	112
150	133	92	110
150	136	92	108
150	136	92	108
150	135	92	110
150	130	93	114
149	126	94	119
149	120	96	124
150	114	99	132
150	110	106	132
155	109	98	115
166	109	97	99
177	112	92	85
181	112	91	82
180	110	91	83
184	108	86	87
192	108	71	88
184	108	76	102
180	111	77	111
181	114	74	109
182	119	72	105
182	121	71	104
183	123	71	102
182	125	71	100
182	128	72	98
180	129	73	98
179	128	75	99
177	127	76	100
167	129	88	98
168	130	86	97
165	132	86	96
151	133	101	110
142	137	111	123
139	138	112	131
138	138	112	131
138	138	110	132
135	138	113	133
135	135	115	135
134	133	114	137
135	130	112	139
135	129	114	140
134	127	113	142
135	126	112	143
135	126	113	143
136	125	112	144
136	124	111	144
136	124	111	144
136	123	112	145
137	123	111	145
136	122	112	145
136	123	112	146
136	123	111	145
136	123	111	145
136	123	111	145
136	123	111	145
135	123	112	145
135	123	112	145
137	122	113	145
135	123	114	145
135	123	114	144
136	125	114	143
136	127	114	141
136	129	113	139
136	131	112	137
137	135	110	134
137	137	109	132
137	139	107	131
138	140	101	129
138	141	95	127
138	142	97	126
135	147	101	120
134	151	100	115
132	151	101	117
119	151	113	135
108	151	120	137
111	152	112	137
110	153	109	136
109	154	109	136
108	154	109	138
106	153	112	140
106	152	111	141
106	152	110	143
107	151	110	145
110	152	108	145
108	152	110	145
109	154	108	144
107	153	110	145
109	153	108	145
106	153	110	145
109	154	107	145
106	153	110	146
108	154	108	146
107	154	108	146
107	154	108	146
107	155	108	146
109	155	107	145
106	156	110	145
107	157	108	144
107	158	108	143
106	160	109	143
107	164	108	141
107	166	109	138
106	168	109	138
107	169	109	137
106	170	109	139
107	171	107	137
106	171	109	139
106	171	110	137
106	173	109	136
105	175	110	134
106	177	110	132
106	180	110	129
106	182	111	127
108	183	110	126
104	181	112	126
95	180	121	125
78	180	139	124
73	179	146	123
63	177	158	123
63	177	156	124
62	177	157	123
71	177	141	119
77	177	116	119
77	176	104	116
77	176	108	120
78	177	108	121
82	178	107	120
82	180	111	117
81	182	114	118
81	184	115	117
80	186	115	116
79	186	121	115
77	185	124	115
76	185	117	116
76	184	119	117
74	185	117	116
75	185	120	116
73	185	123	115
74	185	121	113
74	183	121	114
76	182	119	114
76	183	118	112
76	185	119	111
76	185	120	110
77	186	118	109
78	185	120	111
79	185	119	113
79	189	116	108
80	192	119	104
83	190	113	106
85	187	113	108
86	185	110	109
86	185	110	109
88	188	110	106
88	187	109	108
90	185	108	110
92	183	107	113
91	181	108	113
91	180	107	113
93	177	105	115
94	172	106	121
94	165	107	125
93	156	107	132
92	149	109	136
92	144	107	139
96	142	107	142
104	142	100	140
106	143	98	141
110	144	93	139
107	143	97	140
105	143	101	139
105	143	98	139
104	142	90	139
106	141	78	140
108	140	74	140
109	141	77	139
110	141	75	139
110	141	74	139
111	139	74	140
109	138	76	140
112	138	75	138
111	138	76	126
110	138	78	117
107	137	80	112
101	135	85	111
97	133	90	117
95	131	91	120
96	130	90	119
97	130	89	120
95	131	91	119
92	133	94	117
94	133	92	116
95	133	92	118
96	132	91	118
96	131	92	119
95	130	93	120
94	128	93	121
97	128	91	119
97	128	91	120
97	127	91	121
97	127	92	121
96	129	93	120
97	132	92	117
97	135	91	115
97	137	92	111
100	139	89	110
100	136	89	112
99	133	93	115
99	128	94	120
98	122	95	126
99	112	97	136
99	101	103	145
98	97	111	149
98	94	120	152
100	93	126	154
101	96	137	144
106	100	130	138
110	103	129	136
115	104	127	136
104	109	138	138
93	112	148	162
92	119	146	154
90	125	144	147
88	132	147	140
88	141	139	133
87	147	133	127
86	150	135	125
87	149	137	125
89	144	137	130
90	135	138	138
89	126	144	146
91	116	151	157
92	108	160	164
103	108	156	163
117	107	147	152
150	107	117	116
157	109	114	117
164	107	109	115
166	104	108	120
172	101	102	124
168	101	104	124
163	102	109	119
153	104	119	135
148	111	123	138
144	115	124	133
141	125	125	125
145	131	118	119
151	135	113	116
147	139	118	113
130	141	139	111
123	142	151	109
124	143	158	107
121	144	168	106
118	144	177	107
120	142	185	114
126	143	186	114
133	146	179	110
134	147	179	115
134	145	179	120
142	144	171	122
150	140	163	126
152	139	164	139
142	151	175	143
139	154	175	158
137	152	174	179
135	150	174	185
136	148	171	188
135	145	168	191
132	143	169	193
130	140	167	196
133	136	163	200
133	133	163	203
130	131	166	204
132	130	165	205
134	129	163	207
134	128	162	208
134	127	162	209
133	126	163	210
134	124	162	212
134	126	163	212
134	125	163	213
133	124	162	211
133	123	164	212
132	123	165	212
132	123	165	213
132	123	165	212
131	124	166	212
131	124	166	213
131	123	166	213
132	124	166	213
131	124	166	213
131	124	166	213
130	124	167	212
130	123	166	213
130	124	167	213
129	123	168	213
129	124	168	213
131	126	169	213
133	129	168	213
135	129	167	213
136	130	167	213
136	130	169	213
137	130	169	212
136	129	170	212
134	128	171	212
134	127	169	213
133	126	170	211
130	126	172	212
125	125	171	212
118	124	173	209
113	125	172	204
104	128	174	201
94	132	175	195
87	135	175	192
82	139	176	186
79	141	177	179
75	142	176	169
73	139	175	162
70	134	175	149
66	131	177	142
63	127	176	140
63	122	177	129
68	119	177	122
78	117	175	118
86	115	175	112
92	111	178	106
98	105	179	98
102	98	180	92
104	95	178	85
105	93	179	84
106	94	178	83
107	94	180	87
103	94	185	89
103	93	185	89
104	92	186	88
103	91	186	89
104	91	186	90
103	93	185	89
103	95	186	87
103	96	185	88
102	97	184	90
101	98	185	90
100	98	185	90
100	97	185	92
99	96	184	95
100	95	183	98
104	93	178	98
105	93	176	99
105	92	175	99
102	92	178	100
99	92	183	100
97	91	184	99
97	90	183	101
98	89	181	101
100	90	180	103
101	89	177	102
102	89	177	104
103	89	177	105
103	89	177	106
104	89	176	107
104	88	174	108
104	87	174	109
105	87	172	110
105	87	171	110
105	88	172	111
102	89	174	112
99	92	175	114
99	97	174	114
100	103	174	110
104	107	168	108
110	114	160	107
102	121	165	108
91	131	173	110
85	145	175	109
98	160	160	103
112	176	144	98
98	191	149	96
74	206	162	92
74	213	154	93
88	212	137	101
85	209	139	115
79	205	146	137
75	198	148	158
70	191	146	168
67	184	120	175
64	173	103	185
64	168	101	191
65	165	102	193
61	167	104	190
59	172	109	186
58	177	115	178
65	188	103	141
71	192	97	128
72	186	96	136
69	179	98	144
68	173	100	152
73	169	102	154
87	166	107	153
98	166	104	150
104	172	104	151
104	185	102	148
102	191	94	144
98	192	91	164
99	194	89	163
94	204	93	154
91	208	97	149
86	211	99	144
77	216	102	139
71	223	102	134
68	220	100	134
69	215	99	139
70	205	101	148
71	187	105	163
74	176	111	173
82	172	113	176
94	169	106	158
104	164	98	134
111	164	100	119
115	164	99	106
117	163	102	101
120	159	100	101
117	157	97	99
110	156	96	101
112	156	90	117
108	158	91	125
105	163	90	121
100	174	90	115
99	184	90	109
99	192	90	105
100	196	93	105
100	201	93	108
99	201	95	111
100	199	101	114
106	197	107	115
107	197	116	115
107	197	119	115
106	195	123	124
103	196	130	140
95	195	141	157
95	197	143	162
99	198	138	161
103	201	134	158
102	203	133	156
103	206	131	152
101	208	131	149
102	210	130	147
88	213	140	144
85	217	140	140
84	224	138	134
80	232	141	127
83	243	133	115
86	255	126	102
82	269	127	88
90	277	118	80
87	280	121	78
94	281	113	77
86	282	120	76
80	281	125	77
83	278	121	81
82	275	118	84
80	272	115	86
76	271	109	87
73	268	96	89
71	267	89	90
69	270	84	89
63	273	84	86
65	277	83	82
66	275	91	84
66	272	92	87
62	272	93	87
60	270	91	89
57	270	91	89
55	270	91	88
54	271	92	88
54	271	94	86
54	274	92	84
53	277	91	81
53	278	95	80
51	280	98	79
53	278	97	81
54	274	96	85
55	270	93	88
55	268	99	90
57	267	105	91
59	267	110	91
59	269	120	89
63	270	129	88
54	269	148	89
53	268	149	91
68	267	133	91
66	269	136	90
67	261	138	98
47	261	155	96
44	264	153	94
58	267	135	91
61	271	130	88
64	273	123	85
69	276	117	82
69	278	115	80
72	279	111	79
75	280	107	78
75	282	108	77
49	281	136	77
44	281	144	78
48	281	141	78
57	279	131	79
69	279	120	80
60	280	132	79
50	278	143	80
46	277	146	81
55	277	137	82
65	277	127	82
72	278	119	81
65	277	127	82
52	277	140	82
44	276	149	82
43	276	149	83
47	276	145	83
58	276	135	83
68	277	125	82
66	276	126	82
58	276	135	82
47	276	146	83
44	276	150	83
47	276	148	82
55	277	138	82
67	277	126	82
74	277	119	82
67	277	126	82
55	277	138	82
49	275	146	84
60	274	135	85
72	273	121	86
75	272	118	87
61	271	133	88
48	271	146	88
41	271	153	88
48	270	146	89
68	268	124	91
76	266	116	93
57	265	134	94
40	264	151	94
35	262	155	97
47	260	142	99
68	259	118	100
71	256	114	101
47	257	138	102
70	257	115	102
72	256	112	102
75	257	108	101
77	259	106	99
78	262	106	96
75	266	105	93
78	270	100	89
77	274	103	85
77	279	102	80
76	285	102	74
59	290	119	68
41	298	137	61
37	301	133	58
40	300	132	59
47	300	128	59
52	300	130	59
55	299	131	60
60	299	131	60
66	296	128	63
74	285	123	74
83	274	114	85
90	267	108	91
91	264	105	94
84	265	113	93
78	266	119	92
86	263	110	96
85	260	113	99
90	255	108	103
87	251	107	107
84	251	109	107
81	251	109	108
77	249	111	110
80	248	109	110
73	247	115	112
71	245	117	114
65	244	125	114
54	243	136	114
52	243	137	114
65	243	124	115
74	243	115	114
74	241	115	116
57	241	133	116
49	239	142	120
54	237	136	120
70	236	119	121
70	235	120	122
68	234	121	123
53	234	136	123
44	234	145	123
51	231	137	125
65	231	124	126
62	230	126	128
49	227	137	130
40	224	144	133
46	217	136	139
60	208	120	151
64	197	113	161
65	184	112	175
67	165	110	194
70	148	104	211
72	134	103	225
71	123	108	236
69	119	117	238
67	116	128	241
76	114	120	216
83	119	112	173
96	116	103	145
103	109	98	151
106	100	97	160
100	95	103	165
97	88	106	171
94	86	109	174
96	85	108	174
102	86	103	174
97	87	106	179
99	87	104	181
99	87	104	180
99	88	106	179
98	90	107	179
99	92	107	176
99	97	106	173
99	102	108	168
100	107	110	162
98	109	110	161
99	107	110	164
99	102	113	165
105	99	110	161
122	100	99	135
136	100	88	116
146	99	81	97
147	94	85	98
147	93	88	99
147	94	88	97
146	94	88	93
147	97	86	90
149	100	83	93
143	104	88	104
143	106	87	103
143	109	86	100
143	110	85	100
142	114	85	97
143	118	84	95
142	124	84	90
139	126	87	86
127	126	101	97
119	128	112	99
101	131	136	103
93	133	136	111
91	132	135	126
91	129	135	131
93	128	132	133
90	126	131	135
82	121	137	141
71	118	146	147
64	116	155	149
58	116	173	149
55	116	177	148
49	116	184	152
51	115	182	163
55	116	175	172
56	116	178	183
52	117	178	193
53	120	178	194
50	122	181	190
46	128	185	185
41	135	187	179
43	141	189	173
35	148	188	167
17	159	197	157
20	170	191	149
11	182	198	147
4	193	203	144
0	200	202	147
1	206	199	148
0	209	197	148
0	209	191	150
0	210	183	149
0	213	175	145
0	217	166	140
0	219	163	139
0	224	158	135
0	225	151	133
0	229	142	128
0	233	132	126
0	234	126	123
0	237	124	122
0	238	123	120
0	239	122	118
0	242	122	117
0	242	122	116
0	242	122	115
0	242	121	115
0	242	120	115
0	243	120	115
0	243	120	116
0	243	120	115
0	243	120	115
0	243	119	114
0	244	120	114
0	243	120	115
0	238	124	120
0	232	125	126
0	225	129	132
0	218	132	140
0	210	138	148
0	199	140	160
0	186	145	172
0	178	147	180
0	171	150	188
0	163	151	193
0	158	153	198
0	152	151	203
0	146	150	203
0	141	153	204
0	137	157	207
0	131	157	210
3	123	159	213
7	112	163	222
17	106	168	232
29	101	169	236
36	97	177	238
46	97	177	229
68	91	165	193
100	82	140	158
109	71	137	149
123	62	125	151
133	47	117	172
141	38	111	182
143	36	114	183
145	34	115	182
144	37	119	157
150	37	113	149
159	39	106	137
158	40	107	134
158	41	107	133
160	42	106	133
171	43	94	135
166	47	95	148
163	54	97	149
162	60	97	146
160	71	98	138
157	80	101	131
156	90	100	127
155	103	99	119
155	107	96	118
153	107	98	118
152	103	98	123
151	100	98	128
150	97	99	133
148	92	101	140
147	89	103	142
143	91	107	145
140	94	111	142
136	99	120	138
130	102	128	137
125	112	127	131
124	121	126	127
124	127	126	128
121	131	128	146
106	135	140	147
99	143	144	157
99	152	141	169
97	162	142	162
96	170	141	158
93	176	146	152
92	179	150	150
88	180	158	151
83	184	171	147
80	189	179	142
66	194	201	137
61	200	213	132
62	205	221	128
67	209	226	122
69	212	235	120
74	214	234	120
82	213	230	122
81	213	231	121
79	207	230	123
75	198	227	128
72	200	224	124
68	201	224	124
64	193	222	130
58	187	226	135
54	185	227	137
54	183	227	139
57	179	221	144
62	176	214	147
56	173	221	150
51	172	226	152
50	169	227	154
51	167	226	156
55	167	221	157
59	166	217	158
53	165	224	158
52	165	227	160
53	164	230	161
58	159	223	166
69	158	211	167
67	158	210	167
63	158	216	168
63	156	217	169
65	155	216	169
66	154	214	171
68	154	213	171
69	154	212	172
71	154	212	173
68	153	213	172
70	153	216	175
68	153	221	172
70	155	221	170
73	156	221	170
70	158	226	167
71	159	228	166
71	162	227	163
72	163	227	163
71	164	228	162
70	164	229	161
71	164	229	160
70	163	228	161
67	161	231	161
68	160	227	163
69	153	225	167
69	147	221	172
70	142	221	177
72	139	220	179
68	139	228	177
66	140	231	175
68	142	227	173
65	143	230	173
66	144	228	171
65	145	227	170
64	146	222	170
52	143	236	171
59	139	230	175
60	137	221	175
58	135	221	177
57	134	219	178
57	133	219	181
54	132	220	180
52	132	222	182
55	132	217	180
59	133	212	180
60	134	209	179
58	131	211	182
58	131	209	183
57	130	206	182
60	129	203	184
66	126	190	187
66	125	187	189
67	125	185	188
68	125	186	185
76	121	179	189
85	115	168	189
100	109	150	185
109	103	142	171
115	95	133	168
116	88	129	181
115	81	130	187
118	78	128	190
119	77	128	189
117	75	131	175
118	74	128	168
119	73	127	171
119	71	126	173
119	70	125	173
120	70	124	174
120	69	124	173
120	70	126	173
120	70	127	172
122	73	127	169
131	75	120	166
142	81	111	162
157	87	98	155
158	93	99	149
170	102	88	139
171	105	90	136
171	105	95	135
173	104	97	129
174	105	100	118
175	105	102	111
176	105	104	109
176	103	106	107
178	99	109	109
177	94	111	117
179	89	114	125
179	86	116	129
179	83	118	132
181	82	118	134
185	80	116	134
193	77	112	136
200	74	103	138
199	74	106	138
199	73	105	138
199	74	106	140
197	79	106	138
195	84	106	132
193	93	111	125
190	101	112	119
185	108	114	111
179	113	120	108
175	117	127	105
173	118	129	105
172	119	131	103
172	124	131	98
170	129	131	93
169	131	130	91
169	133	130	90
172	135	127	88
180	134	121	91
175	130	124	95
171	127	125	104
160	121	132	120
152	118	137	136
154	116	136	165
158	115	126	167
161	115	119	169
147	116	130	169
148	115	126	172
146	117	127	183
146	116	126	196
145	119	123	201
143	124	126	203
142	131	126	199
143	139	125	192
147	148	121	186
150	155	119	181
154	165	116	173
151	174	117	171
154	182	115	164
151	186	118	161
144	190	124	159
133	192	134	160
128	190	141	165
125	187	142	168
123	184	144	170
119	183	147	171
115	181	152	172
109	182	159	172
102	179	165	173
97	177	173	172
92	178	177	167
85	180	182	162
76	183	178	156
69	185	165	155
63	183	158	152
62	185	151	153
59	181	143	157
53	176	142	162
53	169	136	168
51	160	131	177
51	154	128	180
53	145	125	178
51	138	123	157
54	131	119	150
57	124	115	158
66	116	108	164
70	112	103	169
71	109	100	173
71	107	99	176
69	104	99	177
68	104	99	177
67	104	93	176
67	106	92	173
66	110	93	170
65	115	95	165
65	119	96	160
66	126	97	153
66	133	97	147
67	140	97	140
65	142	98	138
61	145	102	134
60	147	103	134
58	144	100	136
58	147	94	134
58	147	92	134
57	149	93	134
56	151	95	131
57	148	97	133
55	151	104	130
53	156	111	122
50	159	106	120
48	162	112	117
45	164	128	114
48	164	130	114
52	160	128	118
51	158	120	117
53	160	118	116
55	157	120	118
58	158	123	116
64	154	114	119
67	157	106	114
71	159	103	113
74	157	103	117
77	157	103	119
80	158	102	118
83	160	98	117
88	167	98	113
95	161	98	123
99	159	98	123
102	159	97	123
104	158	99	122
108	166	96	113
110	164	96	114
111	159	94	120
113	160	97	118
114	158	97	119
117	160	94	118
117	165	95	113
119	161	93	116
120	157	97	120
121	154	103	122
122	145	99	131
122	135	89	142
137	122	83	157
143	111	83	167
142	104	97	172
144	101	101	174
143	100	108	174
141	101	114	162
136	106	121	144
135	109	123	138
131	110	131	135
123	110	137	138
117	110	144	137
111	109	148	140
104	111	151	140
100	113	150	141
97	117	148	163
91	123	148	157
85	130	145	153
84	137	140	147
82	145	137	141
73	152	138	136
69	156	139	135
65	157	137	135
65	156	131	137
63	156	128	139
57	153	130	144
51	143	137	153
62	130	127	167
65	119	124	181
67	113	116	186
64	112	120	182
64	113	121	163
72	115	111	142
82	120	106	117
98	123	92	111
97	121	93	115
99	119	92	117
101	119	88	117
100	120	89	117
99	122	89	120
98	125	89	130
93	129	91	129
91	140	91	122
87	149	91	115
85	157	93	111
85	165	93	107
84	170	92	106
85	172	91	105
82	172	99	108
78	173	110	107
77	172	113	109
76	171	117	113
73	173	130	113
74	180	134	131
76	192	142	153
71	205	156	144
65	211	170	139
59	217	182	133
42	221	200	129
32	227	211	126
32	233	205	122
38	235	192	121
36	234	190	123
23	233	200	126
18	233	200	126
18	231	198	128
16	230	197	129
7	229	204	129
5	229	204	130
6	230	204	129
4	230	204	129
8	229	199	130
9	230	199	129
5	229	201	129
5	230	202	128
4	229	205	129
3	229	205	129
5	230	204	129
4	230	205	129
4	232	206	127
4	231	207	128
3	231	206	128
3	232	209	127
4	232	207	127
4	231	206	127
4	231	206	128
4	230	204	129
5	230	203	129
2	227	207	132
2	228	205	131
1	225	205	134
3	225	201	134
2	225	203	134
3	225	201	133
1	226	203	133
3	226	201	133
3	228	202	131
3	229	203	130
3	230	204	129
4	231	204	128
2	232	208	127
1	232	209	127
2	231	211	127
3	230	210	129
8	229	205	130
13	229	200	130
11	227	205	131
9	230	208	129
9	228	207	131
6	228	213	131
7	227	212	132
10	226	208	133
9	224	210	135
7	223	214	136
6	222	213	137
6	221	212	138
6	222	211	137
7	221	209	137
6	222	209	137
3	223	212	136
4	224	209	135
3	225	206	133
7	226	200	133
9	227	194	132
9	225	194	134
8	223	195	136
10	221	193	138
12	220	191	139
15	219	189	140
17	220	189	139
13	218	198	141
19	219	192	139
20	216	190	143
36	210	173	148
52	201	158	157
57	189	153	168
57	174	155	184
63	162	152	185
65	159	155	163
70	155	155	161
79	155	153	151
95	158	142	136
110	161	128	130
114	164	123	125
122	162	115	126
123	161	113	129
117	162	118	139
113	165	122	139
112	168	122	136
112	175	119	130
113	184	114	121
114	187	109	120
114	182	111	126
113	172	115	136
112	168	120	141
114	166	122	142
127	160	109	139
141	158	95	115
147	158	90	108
153	160	86	96
152	159	88	87
151	159	88	86
151	160	85	91
145	159	89	113
142	162	90	113
141	165	87	110
140	168	85	107
140	171	80	105
140	177	81	99
139	181	83	95
137	186	85	92
137	190	84	88
137	192	80	87
135	192	83	87
131	192	86	88
123	190	87	117
121	188	89	131
114	185	94	136
117	181	90	138
116	180	92	142
118	181	90	143
120	181	89	145
120	182	87	146
122	182	86	147
119	181	89	147
122	182	87	147
120	182	88	147
121	183	87	146
120	186	88	143
120	192	90	137
120	199	87	130
112	205	96	130
109	210	98	126
110	214	95	124
110	214	95	126
110	215	95	126
112	215	95	128
115	216	92	130
117	217	90	131
116	217	90	130
115	216	91	131
118	217	90	132
116	218	91	131
119	217	89	135
115	219	91	133
115	218	92	136
111	219	97	136
118	220	90	135
111	221	98	135
113	222	96	136
114	222	95	135
116	219	93	138
115	209	93	145
116	197	94	154
117	186	92	163
119	178	91	162
117	171	93	168
114	168	95	169
107	169	106	167
105	170	108	159
104	172	105	141
100	171	108	126
97	168	110	120
96	162	111	128
94	158	112	132
94	158	110	131
96	159	101	129
94	160	100	146
95	164	98	143
95	169	95	138
97	176	92	133
103	183	87	127
107	191	81	133
104	199	80	130
102	204	77	126
100	207	79	123
98	208	82	122
97	210	89	122
96	211	100	118
93	214	109	115
93	216	117	113
93	214	125	115
94	212	126	117
95	211	126	118
97	211	126	118
98	214	126	115
93	219	131	110
87	224	138	115
95	227	133	129
106	230	122	128
106	232	119	126
104	235	121	123
107	237	120	121
109	237	119	121
107	237	121	121
105	237	122	121
98	237	128	121
101	237	124	121
107	237	118	122
106	237	119	121
109	237	118	121
108	237	118	122
106	238	121	120
102	237	126	122
106	237	123	120
108	238	122	121
107	238	122	120
107	239	122	120
106	239	123	120
105	238	124	120
104	239	125	119
106	239	123	119
106	239	122	120
105	239	123	119
104	239	124	119
106	240	122	118
105	240	123	119
104	239	125	120
104	237	124	121
104	238	122	121
104	236	119	121
104	236	117	123
104	235	114	123
107	234	109	124
105	236	106	123
108	235	99	123
107	236	95	123
102	237	95	122
103	239	92	120
107	242	86	117
98	247	95	112
95	249	97	110
96	252	96	106
93	253	100	105
94	254	100	105
96	255	96	103
98	256	95	103
104	255	90	104
100	253	98	106
96	252	104	107
105	252	98	107
112	250	90	108
114	250	90	108
112	250	90	109
108	250	95	108
109	250	94	109
112	250	90	109
112	250	90	109
112	251	91	108
112	250	91	108
112	250	92	108
111	251	91	108
113	250	90	108
114	252	91	107
114	251	90	108
114	251	91	107
113	251	92	108
112	251	93	108
113	252	92	107
114	251	91	108
114	251	91	108
114	249	89	110
109	245	94	113
105	240	95	119
113	236	87	122
112	234	85	125
111	232	87	127
101	230	96	128
100	230	102	129
107	228	92	130
113	229	86	129
113	229	86	130
114	226	86	133
105	224	97	135
106	222	103	136
110	220	106	138
113	220	103	139
114	219	102	138
112	219	105	139
109	219	108	140
107	219	109	139
109	219	108	140
112	218	106	140
113	218	104	140
112	218	105	140
111	218	106	139
109	218	109	140
111	219	106	139
113	221	105	138
112	220	105	139
112	221	106	138
109	220	109	137
103	221	118	138
105	221	118	136
109	223	114	134
109	224	113	134
108	225	113	133
106	223	116	135
110	219	112	139
110	212	111	146
109	199	113	159
107	187	116	170
110	174	115	183
112	162	115	196
114	155	118	201
113	151	123	206
109	150	128	207
113	153	127	192
123	155	117	166
119	155	123	146
123	148	126	144
127	142	118	151
126	135	119	157
125	129	123	163
126	126	121	167
127	125	120	168
127	127	121	170
123	128	123	168
124	132	122	165
125	134	113	162
126	137	105	168
125	142	108	164
128	147	107	158
125	157	111	149
125	167	111	139
125	175	112	132
126	181	114	128
122	187	117	125
118	190	127	124
120	191	131	125
119	192	141	125
116	191	152	126
113	191	161	123
116	192	167	121
117	194	177	119
114	198	189	115
112	202	201	111
108	203	209	111
113	206	206	106
129	206	190	106
146	200	173	113
140	193	177	118
134	183	181	128
141	175	169	135
156	171	150	139
156	165	146	145
142	160	159	149
141	158	158	149
144	157	153	151
154	156	143	151
155	155	141	151
153	153	142	154
148	150	145	155
150	149	145	157
153	149	143	156
154	148	143	156
154	147	145	156
153	147	147	157
154	147	148	156
157	148	148	154
159	152	147	151
158	156	151	147
158	163	156	140
157	171	161	133
160	168	157	133
162	165	156	127
165	152	154	125
165	153	154	126
163	146	156	134
165	138	153	142
167	131	152	150
173	127	145	153
183	123	135	157
187	120	128	163
186	116	129	166
181	115	134	167
177	112	137	170
174	110	143	171
172	108	145	173
174	108	145	172
174	108	146	173
176	109	146	175
175	111	148	175
175	116	154	171
180	123	155	164
184	127	155	159
198	133	141	150
207	135	130	141
209	134	124	138
204	130	126	142
202	126	122	147
198	121	121	149
196	116	125	156
196	113	123	163
193	111	122	167
192	108	120	169
192	107	115	171
190	105	117	173
191	104	111	174
189	104	116	174
192	102	113	175
193	99	113	176
192	98	115	174
191	96	115	176
190	96	116	176
189	95	116	174
190	94	117	175
189	93	116	175
189	93	117	174
189	93	118	173
188	92	117	173
187	92	118	173
186	92	118	172
185	93	122	172
183	95	117	173
179	98	118	173
176	99	119	173
173	101	120	173
169	102	119	172
167	103	121	171
166	104	120	171
164	105	122	171
162	106	125	172
160	107	127	171
158	108	127	170
157	108	129	170
155	108	129	169
154	109	130	171
152	108	134	172
151	109	135	172
151	109	134	172
150	109	135	172
150	110	136	171
150	111	137	171
150	111	137	170
151	112	137	169
149	115	139	167
150	116	140	167
151	117	142	165
150	119	144	163
150	119	143	161
149	121	146	162
151	119	142	162
151	120	148	163
151	121	146	161
150	119	145	163
150	119	146	162
150	119	146	162
149	118	147	163
150	116	146	164
149	116	147	163
148	116	147	163
148	115	145	164
148	114	147	164
148	113	145	164
148	112	144	165
147	111	144	164
147	111	143	165
147	110	141	164
146	110	138	164
147	110	134	164
147	110	132	165
147	110	131	164
147	107	131	164
148	108	130	163
147	107	127	163
149	106	123	162
146	106	126	160
146	107	126	158
148	110	126	155
147	113	125	151
147	116	127	139
147	118	125	127
145	117	125	119
143	115	124	119
143	113	124	122
140	111	122	125
137	113	120	126
136	115	118	122
137	115	115	122
141	116	108	124
151	117	98	123
155	116	97	125
159	116	98	125
158	116	103	125
157	116	107	125
160	116	104	123
161	116	102	121
162	116	103	110
162	116	101	103
164	118	99	103
165	118	99	107
165	116	99	110
165	117	98	109
164	117	99	109
165	117	100	109
166	117	100	109
166	116	100	109
165	117	100	110
165	115	100	111
166	115	100	111
166	114	99	111
167	115	99	111
165	115	100	111
166	115	100	111
167	115	99	111
167	115	100	111
167	114	99	112
168	114	99	113
169	112	98	115
171	109	95	118
175	109	92	118
179	109	88	118
180	112	87	116
179	107	88	121
178	114	89	115
178	106	88	121
177	109	88	120
176	111	90	117
177	108	89	119
177	109	88	119
177	113	88	116
177	109	89	118
178	113	88	115
178	112	88	116
177	106	89	121
181	107	86	121
179	103	88	126
179	101	88	128
178	101	88	128
179	102	88	126
180	101	87	128
179	102	88	127
179	102	88	128
180	102	87	127
178	104	88	126
179	103	87	127
179	103	87	127
179	103	87	127
180	103	87	127
180	103	87	127
179	102	88	128
179	102	87	129
180	101	87	130
181	103	86	128
179	102	88	129
180	103	87	129
180	101	87	130
179	103	88	128
180	100	87	131
180	104	88	128
179	100	88	131
180	102	87	129
180	103	87	129
180	101	88	130
178	101	88	131
178	101	89	131
179	99	88	133
180	98	87	135
179	98	88	134
180	100	87	132
178	101	88	131
179	103	87	130
178	103	88	129
180	104	86	128
179	105	88	127
179	106	87	126
180	104	88	128
179	105	88	128
181	105	87	127
180	106	88	126
179	106	89	127
180	105	88	126
180	106	88	126
179	105	89	127
180	107	89	126
179	105	90	128
180	106	89	127
179	110	90	124
180	108	88	123
180	109	89	124
179	109	89	123
180	109	89	123
179	110	90	123
180	109	88	123
181	109	88	123
181	110	89	123
181	109	89	123
181	110	89	123
181	109	90	124
181	110	89	123
181	110	89	123
181	110	89	123
182	109	88	124
182	108	89	126
182	106	89	128
181	104	90	129
182	104	90	130
182	103	89	130
182	102	88	132
182	104	89	131
181	102	90	133
182	104	89	131
182	103	90	131
182	103	91	132
184	101	88	133
184	100	89	134
185	98	88	136
190	97	84	138
187	98	88	138
177	99	99	137
165	97	110	145
157	98	117	152
154	105	118	147
153	105	116	149
153	110	118	144
151	112	118	141
145	116	122	146
142	118	122	155
137	121	123	174
134	121	123	182
135	124	115	182
129	125	116	181
119	124	126	182
95	125	148	182
83	125	162	183
80	128	168	182
70	130	175	183
67	131	178	181
67	131	177	181
66	131	176	182
65	131	176	182
65	131	174	186
65	130	171	195
65	130	169	205
68	130	167	214
67	129	167	213
68	130	166	212
69	129	164	214
70	130	164	215
69	130	165	214
70	130	164	215
70	130	164	216
70	130	164	215
70	130	165	215
69	130	166	214
69	130	166	215
70	130	166	214
69	130	167	214
70	131	166	213
70	130	166	215
71	132	165	213
71	130	166	214
72	130	166	215
72	132	166	213
72	131	165	214
72	132	166	213
72	131	166	213
72	131	166	213
70	131	167	213
72	132	165	214
73	132	165	213
72	132	164	212
72	132	164	212
74	131	162	211
73	130	164	211
75	129	162	212
74	128	164	211
73	127	164	211
75	126	163	212
75	125	163	212
76	124	162	212
74	123	165	211
77	123	162	212
76	121	164	211
77	121	163	212
80	119	162	212
80	118	163	212
83	116	161	213
83	115	161	212
84	115	163	212
84	113	161	212
84	113	164	212
85	112	162	211
85	112	163	212
87	112	163	212
87	112	162	211
86	111	163	212
86	111	163	211
88	112	161	210
86	112	164	209
86	114	164	209
85	116	164	206
84	119	165	204
83	124	167	199
83	129	168	192
77	137	174	186
70	146	181	176
62	156	191	167
58	165	193	156
66	170	185	152
51	172	197	150
48	169	198	152
45	168	198	151
55	163	180	157
66	156	146	164
67	145	133	175
67	138	120	180
63	134	107	186
66	132	98	187
65	129	98	187
65	125	98	191
65	123	99	194
66	121	99	196
65	118	99	200
64	117	102	201
67	116	99	203
68	116	98	202
69	116	97	202
68	115	98	202
69	116	96	201
67	117	98	202
67	117	99	202
68	117	98	201
68	118	98	199
69	119	98	198
63	123	103	195
63	129	102	190
68	137	96	181
68	148	96	170
70	157	99	161
54	163	114	155
57	165	113	154
69	165	105	156
69	158	116	167
53	151	145	174
49	143	158	182
52	138	166	187
59	135	173	190
63	138	195	185
72	141	202	181
84	146	198	174
104	151	181	168
104	150	183	173
99	150	192	191
109	150	189	207
106	149	198	207
109	151	195	205
107	152	195	203
108	154	193	201
106	155	194	201
104	156	194	199
105	155	195	200
104	156	197	200
104	156	195	202
104	156	197	202
106	155	194	202
106	154	194	203
106	155	194	202
107	153	194	204
108	154	193	203
108	154	190	203
108	153	191	203
107	153	190	204
108	152	189	205
108	153	190	205
108	152	189	203
108	153	189	205
108	152	189	204
107	152	190	206
109	154	190	202
106	153	190	202
108	154	189	204
105	155	190	202
105	155	189	200
104	155	190	201
103	158	190	197
99	162	192	194
85	167	206	192
71	172	216	187
79	173	213	186
88	172	199	187
68	170	214	189
59	168	197	191
70	166	144	193
76	162	112	197
76	157	97	202
65	149	100	210
62	143	100	216
68	138	94	220
69	135	87	224
65	135	90	223
63	139	106	220
59	145	114	206
51	153	114	182
51	157	102	177
45	156	105	174
40	153	112	175
35	144	117	182
33	136	117	188
32	127	120	192
32	120	119	198
28	113	119	197
28	108	114	190
30	106	98	190
33	106	88	188
32	102	97	189
33	99	96	187
38	98	91	172
46	98	85	153
47	97	87	140
43	101	92	129
34	102	102	128
28	102	108	127
27	99	108	127
25	100	110	122
24	99	109	118
23	100	109	119
23	104	108	120
20	106	107	119
20	116	102	123
16	124	106	117
8	128	114	114
4	130	117	111
15	132	107	111
14	133	107	109
14	132	105	110
15	132	105	111
12	130	109	111
13	127	111	115
12	120	117	121
4	113	133	129
3	109	144	133
9	109	146	132
10	111	154	130
6	116	168	123
16	124	166	118
18	132	170	124
23	135	173	135
40	135	160	162
19	138	179	161
21	142	177	159
18	146	174	155
14	153	175	149
12	158	169	144
7	163	171	140
7	165	170	136
7	166	172	136
6	166	170	136
2	165	176	136
4	162	172	139
5	159	170	142
5	157	166	146
4	155	160	146
1	155	152	148
4	150	145	151
6	144	140	158
8	135	134	168
7	129	124	175
7	126	122	178
8	127	126	173
11	131	124	152
25	131	114	126
46	130	106	106
58	129	95	104
63	127	90	106
63	128	90	105
63	131	93	102
65	135	99	100
70	140	97	113
68	144	106	111
69	149	109	107
62	151	129	109
67	155	128	131
69	156	129	134
65	154	136	138
62	153	149	139
63	151	162	140
72	153	167	139
80	153	166	137
87	155	182	134
100	157	178	131
97	158	187	129
102	157	184	129
121	153	167	133
120	148	170	138
125	144	167	154
123	141	169	170
131	136	161	188
135	134	154	192
131	131	159	196
132	129	157	198
135	128	154	199
137	126	154	201
138	125	154	202
138	124	154	203
136	123	155	202
137	123	155	203
137	123	156	204
136	123	156	204
139	121	154	205
138	121	155	204
138	122	155	204
139	122	154	205
141	120	153	206
141	121	152	205
142	120	153	206
142	121	153	205
140	123	154	204
140	123	155	204
140	122	155	204
141	123	154	204
141	123	153	204
142	123	152	204
143	123	152	204
143	123	154	204
142	122	155	205
142	123	155	204
142	123	155	205
143	123	155	204
141	124	154	202
143	129	152	199
143	133	150	193
136	137	154	190
140	137	147	189
143	132	145	194
145	125	142	196
146	119	138	188
142	116	137	165
145	113	124	163
146	111	113	165
148	112	106	167
148	112	106	167
145	113	108	166
148	113	108	165
150	115	107	164
151	116	108	164
150	117	109	163
151	117	110	164
150	118	112	161
151	119	112	161
150	120	114	158
151	120	115	158
157	119	108	159
164	117	103	161
167	114	100	165
168	111	99	168
168	108	100	171
168	106	100	173
167	104	104	176
166	101	103	179
167	98	103	181
168	96	102	183
167	93	103	185
169	92	100	186
175	92	95	186
176	89	94	189
177	88	94	189
179	89	93	188
177	89	96	187
175	91	97	186
174	93	97	185
174	94	98	184
174	94	98	183
174	92	100	183
176	92	99	175
173	90	99	165
174	86	99	164
177	85	98	163
177	86	100	159
179	89	100	154
179	90	100	150
187	89	92	142
192	91	87	136
196	91	84	133
196	93	83	133
198	94	82	133
196	97	83	133
200	103	79	130
201	110	77	127
202	117	77	121
202	121	77	117
202	125	78	114
203	127	79	112
204	125	78	113
204	121	82	119
204	116	84	124
204	113	90	127
203	111	95	130
200	110	98	130
203	109	100	147
211	110	102	164
223	108	98	192
236	109	88	198
245	111	80	198
248	117	77	201
248	123	79	213
248	131	77	212
246	139	85	207
244	149	99	200
243	157	112	195
238	164	124	191
237	171	127	187
236	177	129	182
235	183	129	176
236	187	129	170
236	190	129	167
238	192	126	167
240	193	122	166
243	193	119	164
244	194	120	164
242	192	122	166
239	191	124	168
235	190	127	167
229	189	134	168
219	194	143	162
208	196	152	156
206	197	152	155
211	196	138	156
207	196	134	154
209	194	124	157
209	194	119	155
209	195	111	155
205	196	110	156
199	193	108	155
190	191	110	158
188	188	109	155
186	184	121	155
185	183	127	160
187	182	106	172
190	182	96	171
191	185	94	172
189	188	99	170
189	192	119	166
190	196	116	162
189	203	130	155
191	208	128	151
191	214	130	144
190	217	133	141
189	220	135	138
189	221	138	136
190	222	137	136
192	223	133	134
193	226	133	131
192	227	135	130
191	224	134	132
186	222	139	135
184	219	143	138
179	217	146	141
172	213	155	144
146	211	183	146
136	214	193	143
131	214	197	145
129	219	198	139
119	232	206	124
112	244	211	114
113	241	209	118
113	237	206	121
113	232	194	126
113	231	186	127
113	229	192	127
115	226	197	131
120	228	194	129
122	231	193	126
132	233	186	122
138	235	178	122
150	238	167	120
153	240	162	119
159	240	160	118
155	241	169	116
148	240	188	116
144	229	202	127
149	233	225	125
152	223	229	134
156	206	235	152
162	198	238	160
167	198	246	161
167	189	257	169
169	177	264	172
175	176	262	159
176	177	260	150
174	177	265	145
173	172	262	143
173	163	257	145
172	156	253	145
169	150	254	150
169	144	255	151
165	138	256	158
168	133	251	160
172	129	243	161
176	124	238	165
179	121	234	167
179	117	233	168
179	114	233	171
182	114	230	170
181	114	231	169
183	114	230	170
182	114	228	168
183	114	226	171
183	114	226	170
185	113	220	171
186	112	220	172
188	112	217	171
187	112	220	173
189	111	216	172
189	110	217	172
190	110	216	172
191	110	214	172
190	108	214	173
191	109	215	173
192	107	214	174
192	107	212	174
190	105	214	175
191	103	212	175
190	101	213	176
190	98	213	178
188	97	212	179
192	96	209	180
191	95	207	182
192	95	206	183
194	95	207	184
193	95	209	183
194	94	201	183
196	94	198	185
197	92	196	184
197	92	198	185
197	92	195	184
197	91	194	185
198	91	194	184
196	89	197	184
195	91	198	182
195	92	197	182
194	92	198	181
193	92	200	179
191	91	203	176
193	90	205	175
194	83	190	182
199	66	172	196
201	42	163	214
198	21	146	230
193	3	138	246
188	2	135	249
194	0	126	248
198	0	120	246
202	0	110	239
197	0	112	206
180	0	123	180
168	0	130	158
169	0	117	163
167	0	118	170
167	0	120	179
165	1	123	192
166	7	121	202
167	18	123	205
168	32	127	209
171	46	128	210
172	59	127	208
172	69	128	208
173	78	127	208
173	86	128	207
174	97	126	208
172	103	131	208
174	108	130	208
174	111	131	207
175	114	132	207
175	117	132	209
174	121	132	208
175	125	131	208
175	128	131	207
175	130	131	208
175	131	133	207
173	133	134	207
173	132	135	207
173	132	133	206
175	131	133	207
174	129	133	207
173	128	134	207
175	127	133	207
174	125	134	208
174	124	134	207
175	124	133	207
174	125	134	207
174	125	135	207
174	123	135	208
173	123	134	207
175	123	134	208
173	122	134	208
174	122	132	208
172	123	135	207
172	122	133	208
173	122	135	208
172	120	134	207
173	121	132	207
173	121	133	208
173	122	133	207
172	121	134	208
172	122	133	207
173	122	133	207
172	122	133	207
173	123	132	207
173	122	134	207
173	123	133	207
172	123	133	207
170	123	136	206
172	126	135	203
170	130	136	199
172	138	134	191
172	146	132	180
177	153	129	176
175	157	127	174
174	158	128	173
173	157	128	174
176	154	126	176
174	151	128	180
175	149	128	183
175	147	130	184
176	147	129	185
176	145	131	187
176	147	129	188
173	149	128	190
169	152	129	191
163	155	131	191
160	157	132	192
161	158	132	191
162	161	132	192
162	163	133	191
165	173	130	185
170	186	115	173
181	195	105	164
186	199	104	160
187	198	105	161
189	198	108	160
179	199	124	159
170	196	112	161
173	178	90	142
175	160	84	134
175	141	83	143
171	130	85	151
166	119	89	157
163	114	90	154
158	113	96	147
158	115	97	138
159	119	98	123
160	124	97	110
168	128	84	97
180	136	70	106
174	145	79	122
173	150	84	124
178	155	80	122
179	161	79	121
175	170	83	119
166	177	90	117
159	182	96	116
153	191	99	115
150	201	99	111
148	211	97	107
149	214	97	106
151	216	93	107
150	212	94	124
148	210	97	132
142	209	101	134
133	210	109	135
124	210	117	135
116	213	117	135
106	217	113	135
109	225	109	134
112	231	121	128
115	238	123	120
117	245	120	114
121	247	111	111
122	250	111	108
121	255	110	102
121	257	115	100
123	254	118	104
124	252	121	107
126	250	120	108
128	250	121	107
130	251	120	108
134	251	117	108
137	247	115	111
140	245	120	113
145	243	130	115
150	239	129	119
154	236	127	123
163	232	123	126
172	231	115	126
181	229	103	128
187	227	98	132
191	220	97	137
188	214	105	144
171	203	130	154
173	193	130	151
182	185	124	156
191	176	112	159
196	165	108	154
193	152	108	137
198	134	101	129
197	127	106	125
200	120	100	123
203	115	96	123
207	113	90	116
213	115	81	105
213	118	81	98
207	119	88	106
199	123	95	126
199	128	94	122
199	134	91	117
199	138	89	114
200	141	85	111
200	143	83	111
199	145	87	111
190	147	95	108
190	149	93	106
198	153	84	102
199	157	81	98
196	158	83	98
193	156	84	100
173	153	102	122
171	151	103	134
167	149	109	134
166	149	107	135
164	151	101	134
161	153	101	132
162	155	98	131
164	155	98	141
169	156	94	147
169	159	95	145
165	161	98	144
167	163	95	143
170	165	92	141
168	168	94	141
164	172	98	141
164	175	98	139
165	177	96	139
168	180	94	137
165	183	98	134
165	187	96	132
165	193	95	127
163	195	98	123
158	201	103	117
154	205	109	111
153	204	112	111
154	203	112	112
153	202	113	112
154	201	115	114
155	200	115	116
156	201	117	116
156	203	120	112
157	198	121	119
164	189	113	130
169	180	104	140
177	175	94	149
180	175	86	152
179	176	85	151
180	177	83	150
180	179	83	149
179	179	83	151
178	180	83	153
178	180	83	153
178	181	83	153
179	181	82	153
178	182	82	153
179	184	82	152
179	184	81	150
178	186	82	149
177	187	83	150
177	188	83	150
177	188	84	150
176	190	85	150
178	192	85	147
175	197	86	146
177	201	85	142
173	201	89	142
174	195	99	145
171	188	98	148
164	182	94	154
159	176	99	161
155	172	102	164
149	166	108	168
145	161	112	169
143	159	115	171
138	157	117	172
133	157	123	173
133	154	122	175
131	145	123	182
129	140	116	189
129	137	116	193
128	136	121	194
128	134	123	198
128	133	123	198
127	132	124	200
125	132	124	199
125	132	125	201
126	132	125	201
126	130	127	202
126	129	126	203
126	131	126	202
126	130	127	202
126	129	127	202
128	130	126	202
128	129	127	202
127	130	126	200
128	133	127	198
128	135	126	196
127	140	124	190
127	147	109	184
128	155	97	176
127	161	97	170
128	162	100	169
130	160	103	169
130	153	105	172
130	146	98	167
131	138	97	157
133	131	96	150
136	123	94	154
137	119	89	153
139	113	88	157
141	113	90	158
143	112	89	161
147	111	88	162
147	114	84	160
148	120	85	151
149	124	83	138
141	126	90	115
131	124	98	102
130	123	96	94
127	118	98	97
125	112	102	102
120	112	107	99
125	112	102	98
131	115	93	96
137	120	74	102
137	126	72	98
139	133	71	93
140	135	69	90
140	135	69	91
140	135	68	93
140	133	69	94
140	130	69	97
141	124	68	103
142	120	68	106
140	114	70	109
140	115	72	108
136	119	77	102
134	124	80	95
137	127	77	89
137	131	77	92
133	131	83	101
133	132	83	102
128	134	87	105
127	134	88	105
130	140	85	100
130	145	87	95
126	150	92	100
122	155	102	96
124	157	102	94
125	162	100	92
125	165	100	94
128	168	101	92
129	172	105	90
126	174	115	89
126	174	116	89
126	175	122	89
126	175	123	93
123	173	127	111
120	172	129	112
120	171	130	113
117	171	127	114
118	172	128	114
118	173	124	113
119	174	120	112
120	173	117	113
120	172	115	114
120	172	113	114
122	171	111	115
122	170	110	115
121	170	109	116
120	171	109	115
119	171	111	115
118	170	112	115
119	172	112	115
119	172	112	114
119	172	113	113
118	173	114	112
121	172	108	112
122	169	108	116
121	165	111	120
120	161	115	124
116	158	126	127
114	156	137	129
114	157	145	127
114	160	150	124
115	167	154	116
114	173	160	111
114	175	166	108
114	176	170	108
114	176	173	107
112	176	176	111
110	174	177	128
101	171	183	145
89	168	194	168
91	165	186	173
84	160	186	178
76	155	185	182
74	154	184	184
70	152	181	187
70	152	173	187
74	150	164	188
79	149	156	189
77	148	154	190
69	147	160	190
59	147	169	190
62	146	162	193
68	144	153	196
71	143	148	197
72	142	147	198
68	141	151	199
64	141	155	199
66	139	154	200
73	140	147	200
74	142	147	200
66	146	154	193
52	150	165	190
56	154	156	188
65	155	140	186
73	155	126	185
76	152	119	191
78	145	116	198
79	142	116	203
77	141	120	195
83	142	113	182
93	135	96	164
103	127	86	145
109	118	85	137
113	109	86	132
112	104	89	141
113	99	87	146
110	97	90	146
108	98	91	145
112	101	88	139
119	105	81	136
120	109	80	141
121	116	78	142
121	121	78	138
123	128	81	132
124	134	79	128
123	141	80	122
122	145	80	124
121	147	82	123
120	148	82	123
121	147	82	124
121	146	82	126
121	143	83	129
122	134	82	138
122	128	84	143
121	122	89	147
121	122	95	143
127	122	105	134
136	124	93	120
141	124	86	118
138	125	91	115
138	125	94	116
135	125	98	117
123	126	109	127
118	129	113	126
118	134	112	121
118	138	112	118
120	138	112	117
120	138	111	116
119	135	114	120
117	129	119	128
117	121	125	135
119	117	128	138
125	118	129	135
136	118	118	122
148	118	105	119
150	116	104	119
147	117	107	119
143	120	112	116
138	122	114	116
133	124	117	121
127	126	121	122
127	128	118	120
128	130	115	119
134	130	111	119
136	132	108	118
135	135	110	121
133	135	111	121
130	135	115	122
121	134	123	131
120	136	123	151
127	135	115	169
132	135	111	185
131	134	110	191
130	134	109	191
129	135	111	190
133	134	111	192
143	134	102	191
146	136	103	196
142	136	111	204
131	138	122	213
131	138	125	217
130	140	125	216
130	142	125	217
133	142	124	217
136	141	122	217
136	140	124	217
133	140	127	217
136	141	123	217
133	141	127	217
136	141	123	218
133	140	126	217
133	140	124	218
134	141	123	216
135	141	122	216
134	141	123	217
133	140	123	217
134	140	121	217
134	140	122	219
134	140	122	217
134	140	122	218
134	140	122	218
134	140	122	219
133	141	122	216
134	144	121	214
133	147	120	210
134	151	118	207
135	156	114	201
138	162	111	196
138	170	110	187
137	180	113	177
142	192	106	165
140	204	107	153
127	210	122	148
121	219	127	140
122	230	129	127
113	235	133	122
110	243	137	115
107	246	144	113
109	245	142	114
108	242	145	116
108	242	145	115
109	243	146	115
114	245	140	113
117	247	136	111
120	234	133	124
120	228	129	129
126	215	123	142
135	206	112	152
136	202	110	156
137	199	107	159
135	196	109	162
132	195	111	162
133	194	108	164
134	193	107	165
133	193	107	165
134	193	106	164
134	192	106	164
135	193	105	164
136	193	103	164
136	195	102	163
135	195	103	162
138	196	100	161
137	196	100	161
135	193	103	166
133	187	103	171
132	183	108	176
127	175	114	183
123	168	118	189
119	161	128	196
115	155	131	202
113	151	134	206
110	149	139	209
109	146	141	211
108	145	142	209
106	144	130	208
109	145	110	209
111	145	96	209
115	141	91	214
119	135	90	213
121	128	95	202
124	126	85	183
132	127	74	152
133	126	73	147
135	124	69	147
137	122	67	145
137	123	71	137
138	126	75	125
142	124	72	127
141	124	71	123
141	122	76	116
139	122	81	110
141	122	92	111
139	124	93	109
146	126	88	107
142	128	91	106
145	130	88	105
147	132	88	103
143	133	90	102
149	133	85	102
140	130	92	107
141	123	92	114
139	117	94	120
139	113	95	122
138	112	97	124
138	113	96	116
138	115	97	100
133	116	103	92
132	114	103	93
130	113	104	94
133	111	90	96
131	112	87	106
134	113	87	107
133	118	86	103
132	122	88	101
132	125	88	100
130	126	89	102
129	125	91	103
127	126	92	104
127	125	93	106
124	125	94	106
123	124	96	106
124	125	95	106
124	125	95	105
124	125	95	105
124	125	95	104
120	126	99	103
122	126	97	102
122	127	98	101
119	127	101	100
116	128	104	99
118	128	102	99
120	128	100	99
120	128	99	99
119	128	102	99
118	128	102	98
120	129	100	98
121	129	99	98
124	129	97	98
123	128	98	99
122	128	98	98
122	129	98	96
122	129	98	97
124	130	97	96
124	130	97	96
123	131	98	95
124	131	96	95
123	132	97	93
124	132	96	94
124	132	97	93
125	133	96	93
125	133	96	92
125	133	96	92
125	134	97	91
124	134	97	90
125	135	97	90
125	135	96	89
125	135	96	90
126	134	95	90
126	134	95	90
127	134	95	89
126	134	95	90
128	135	94	88
126	135	95	89
126	134	94	89
127	135	94	88
127	136	94	88
126	136	95	87
127	136	95	87
124	137	96	86
127	138	95	86
127	138	95	86
126	137	96	85
127	137	95	86
125	138	95	86
126	138	96	86
126	138	96	86
125	138	97	85
123	139	100	85
124	139	99	84
125	140	98	84
125	140	98	84
125	139	99	84
123	139	99	84
123	140	100	84
125	140	98	84
123	140	99	84
127	140	96	84
125	141	98	84
125	140	98	84
124	140	100	84
124	141	99	84
125	140	98	85
125	141	98	84
126	141	97	84
125	141	99	84
124	140	99	84
125	140	98	84
126	141	98	84
125	142	99	83
126	141	98	83
127	141	97	83
125	142	99	83
123	142	102	83
123	142	101	83
123	141	101	83
123	142	101	83
123	142	100	83
123	143	101	83
122	142	102	83
123	141	101	84
123	140	100	85
122	139	101	85
124	140	99	85
125	141	97	82
125	142	100	82
124	141	100	82
128	141	96	82
128	142	96	81
129	142	96	81
128	142	96	80
128	141	96	81
128	141	97	80
131	140	94	82
130	140	94	82
126	141	99	83
121	140	104	83
125	139	99	83
127	139	96	82
130	137	81	83
131	136	80	92
134	135	78	96
133	132	77	102
133	130	77	105
136	129	75	106
137	128	75	106
131	128	81	106
128	131	84	113
118	133	95	140
112	137	100	145
109	140	103	146
109	142	98	144
107	146	95	140
105	146	89	140
100	147	94	153
88	147	108	190
85	149	112	189
88	152	110	188
83	154	111	188
83	158	109	183
89	166	101	180
99	173	93	184
96	178	94	180
94	185	113	174
87	192	114	165
85	201	116	157
96	210	111	149
96	210	111	148
92	210	114	147
94	210	112	148
99	212	107	146
100	214	108	145
107	215	102	144
105	216	104	143
109	216	100	143
108	217	98	140
109	219	99	139
109	220	100	138
109	221	113	137
106	224	126	135
101	227	129	132
97	233	129	126
94	235	126	124
92	233	129	126
90	237	129	121
89	242	132	117
89	249	134	109
90	249	134	109
90	247	138	112
91	243	134	116
87	238	131	121
88	234	135	125
87	229	128	130
89	225	124	134
91	219	117	140
93	215	116	144
96	211	115	148
97	209	123	150
96	206	120	153
97	204	112	155
96	203	112	156
95	201	114	158
94	201	115	158
92	199	117	160
90	199	117	160
93	198	115	161
93	196	116	162
93	194	116	165
92	191	118	168
94	189	117	169
97	185	115	173
100	182	115	176
102	178	114	181
103	171	116	188
107	164	116	194
111	155	116	202
112	145	119	205
113	144	115	195
117	143	113	186
123	144	112	181
123	143	112	179
114	144	122	176
101	144	136	173
96	150	141	162
93	150	146	159
95	142	148	165
98	140	148	166
103	135	148	166
103	130	153	158
99	125	170	144
96	126	199	128
95	122	208	133
94	110	215	140
98	91	209	161
97	80	216	170
107	74	229	175
122	64	217	185
133	62	207	186
139	65	198	181
148	65	186	182
156	64	186	186
157	63	188	190
161	61	187	190
160	60	188	192
162	61	185	192
161	61	184	192
163	61	182	192
163	60	181	193
165	62	178	193
163	63	181	193
162	63	181	192
163	63	178	191
164	66	172	190
163	67	170	188
163	70	165	186
161	70	162	185
160	71	166	184
157	69	167	187
155	69	180	187
151	70	187	186
145	68	182	189
137	65	181	195
124	57	190	206
105	55	209	209
89	57	224	207
79	68	221	193
71	75	205	174
63	83	170	134
50	85	163	97
46	80	155	110
52	60	143	130
40	54	133	135
46	50	125	143
44	42	122	151
45	42	121	151
43	43	119	150
44	41	118	153
44	39	118	155
43	35	121	158
41	33	122	160
43	32	119	163
43	28	119	165
45	26	116	168
47	24	114	170
48	24	112	171
47	24	114	171
47	24	112	171
47	23	111	173
50	21	104	176
53	20	95	177
59	20	97	177
65	18	97	178
71	17	93	179
73	16	90	179
77	15	87	175
82	14	83	164
87	15	84	154
89	18	87	142
92	18	86	137
95	18	85	137
94	18	90	138
94	18	93	138
91	19	97	138
91	19	98	138
93	21	96	138
96	22	93	138
96	25	93	138
96	25	92	138
96	27	92	138
97	29	89	138
100	31	88	137
99	31	87	138
101	33	85	137
101	32	86	139
102	32	86	139
103	32	86	139
104	32	86	139
104	32	86	140
104	31	86	141
104	33	86	139
103	37	86	134
100	44	89	126
98	52	85	119
98	57	84	118
98	60	81	119
99	60	81	120
98	58	81	125
96	54	83	133
94	49	84	140
92	45	86	144
93	43	84	147
92	41	85	149
88	41	89	151
86	42	92	162
80	44	97	180
72	46	105	182
69	46	105	190
63	46	106	198
58	45	109	198
57	46	109	199
58	45	107	201
56	46	107	200
53	48	109	199
53	50	109	198
43	51	118	196
52	52	107	195
51	53	108	193
50	55	108	190
50	57	109	187
50	60	109	178
39	61	119	166
46	62	111	164
47	66	110	160
42	70	110	157
35	75	106	149
32	77	93	148
32	77	94	147
29	77	95	145
27	77	99	143
25	78	100	133
25	81	98	124
23	82	101	122
23	83	102	121
22	82	103	122
22	83	102	122
20	85	105	120
20	85	105	120
24	85	100	120
25	86	100	121
25	86	100	121
25	86	100	121
26	87	101	119
24	89	101	119
26	90	100	119
26	92	100	117
27	93	100	116
27	92	100	117
25	91	102	118
26	92	106	117
26	92	107	121
26	90	108	124
28	87	107	128
28	83	107	132
27	78	109	137
26	73	109	142
27	69	108	147
28	66	107	150
27	64	108	151
27	63	110	152
27	62	111	154
27	62	110	153
26	62	111	154
26	63	111	153
27	63	111	153
27	63	111	153
28	64	110	152
28	65	110	151
27	65	111	151
27	66	111	150
28	66	111	149
28	67	110	148
28	70	110	148
28	72	109	148
26	74	112	148
26	74	111	150
23	76	113	150
18	80	112	152
16	83	113	153
17	88	114	156
18	91	114	152
17	93	114	152
17	94	114	152
16	95	115	154
17	96	116	153
18	97	116	152
18	98	116	153
17	99	117	154
16	97	118	154
16	97	116	154
16	98	116	154
17	100	116	151
18	101	117	151
20	102	116	151
19	103	117	153
21	105	116	157
19	108	117	161
17	109	118	162
16	110	115	162
19	111	103	162
20	114	88	162
20	113	78	163
20	115	80	163
20	116	83	161
17	119	85	158
14	121	88	156
17	127	85	152
18	125	86	154
18	124	85	155
16	126	85	155
13	124	89	159
9	119	91	167
6	121	91	175
3	128	94	169
1	128	96	170
0	129	95	172
0	128	94	186
0	128	94	187
0	128	93	186
0	128	93	186
0	128	91	187
0	128	91	186
0	129	91	186
0	129	90	186
0	129	90	186
0	128	89	187
0	129	89	186
0	128	89	187
0	128	88	186
0	129	88	181
0	132	80	180
0	140	73	172
0	149	72	163
0	153	71	196
0	155	73	203
0	155	73	202
0	155	72	202
0	155	72	201
0	157	72	200
0	160	82	198
0	169	63	189
0	179	82	179
0	185	82	151
0	195	81	154
0	201	82	155
0	206	80	150
0	210	81	146
0	210	81	147
0	218	79	138
0	222	80	134
0	226	80	127
0	232	79	119
0	228	76	121
0	221	65	123
0	210	59	147
0	200	58	159
0	199	60	160
0	196	64	162
0	191	66	166
0	187	69	172
0	187	78	170
0	186	86	170
0	183	91	172
0	183	94	173
0	182	102	175
0	177	115	180
0	174	133	185
0	166	155	193
0	159	169	200
2	154	174	205
4	147	179	212
5	144	185	215
10	142	187	217
16	139	186	220
20	137	187	222
25	136	185	222
29	134	185	225
33	133	184	226
36	133	184	226
38	134	185	225
39	133	184	226
42	133	184	226
43	133	182	226
43	135	184	224
45	138	186	221
45	139	190	218
41	138	194	219
44	136	192	222
56	136	178	222
73	135	158	223
80	135	152	223
62	133	172	225
58	131	175	227
62	130	170	226
76	129	158	228
92	130	146	225
94	130	140	222
93	129	143	221
91	126	145	222
92	120	145	222
97	116	141	213
103	113	138	206
104	109	145	210
101	106	149	214
103	102	152	216
104	99	151	219
107	99	148	220
107	97	143	221
107	96	149	220
108	95	147	222
110	94	149	222
110	92	153	222
110	91	156	222
111	90	161	219
118	89	158	218
130	83	152	219
144	78	140	220
152	73	131	218
145	74	144	216
143	72	152	215
154	75	147	214
164	77	144	208
158	79	152	202
152	79	160	194
153	78	165	193
175	74	143	209
175	67	145	221
177	61	144	230
176	58	145	235
175	56	145	238
176	56	144	239
178	57	143	240
178	59	146	240
173	63	153	237
171	66	157	234
170	68	160	230
169	73	164	207
167	79	170	180
168	94	176	155
165	99	183	145
170	101	183	140
184	99	175	140
202	95	164	144
221	88	154	154
221	81	159	160
253	76	134	164
255	76	136	166
256	75	136	168
254	73	133	167
249	72	129	168
236	72	129	172
227	69	126	172
204	68	126	174
179	67	127	175
154	69	130	179
138	75	128	181
124	81	129	180
113	87	131	177
106	102	130	169
110	116	119	161
121	132	109	142
122	140	103	116
120	144	107	116
120	148	110	122
119	145	118	128
119	139	116	135
120	134	110	140
121	132	108	143
119	132	107	147
119	135	108	149
117	139	110	148
116	143	113	147
115	146	115	168
116	149	116	173
117	153	115	172
117	158	117	168
116	162	123	164
116	169	125	158
119	175	128	153
118	179	132	150
117	185	137	146
119	188	150	143
122	193	159	141
120	197	167	138
128	203	165	133
141	206	165	128
160	200	156	134
164	196	160	137
168	196	166	137
171	198	170	134
179	192	169	134
197	186	161	127
207	182	149	134
209	180	152	137
213	177	150	148
216	167	152	165
223	154	140	176
233	149	125	180
251	145	101	185
262	143	85	187
262	141	80	191
260	140	78	191
257	139	76	191
253	137	78	185
252	138	88	176
253	138	96	162
258	141	92	149
260	143	89	144
258	149	92	142
256	149	95	142
257	150	94	141
256	151	93	141
253	150	97	143
253	151	98	144
254	151	100	144
252	148	104	147
253	146	104	150
254	143	101	154
254	143	98	153
255	142	95	153
254	142	95	153
254	143	94	153
254	145	94	151
253	144	94	151
253	143	94	152
253	142	93	153
250	139	96	156
252	139	93	154
250	137	95	155
252	140	91	152
249	140	94	151
247	142	95	151
252	139	91	153
254	144	88	148
258	147	83	146
261	147	80	146
263	148	79	145
262	147	80	147
261	148	80	147
262	150	80	145
261	150	79	145
262	148	79	147
262	147	78	147
262	146	78	148
262	144	78	150
262	143	78	151
262	142	78	151
261	141	78	153
261	140	78	153
260	139	78	155
259	137	79	157
260	142	78	152
260	141	78	152
260	145	79	147
264	149	81	139
270	155	78	131
271	161	77	128
273	167	78	130
269	173	88	126
268	176	101	133
272	176	99	161
276	177	98	164
278	176	94	168
279	175	94	169
281	172	92	173
293	170	83	177
298	166	88	183
305	164	83	187
305	161	79	188
305	159	71	191
305	157	71	192
306	155	70	193
305	155	74	195
305	154	76	195
300	156	79	193
297	155	82	195
299	156	80	195
298	156	87	196
298	155	86	196
298	155	81	196
297	155	81	197
297	155	81	195
296	155	79	195
295	156	88	194
297	158	87	191
296	166	84	178
296	175	88	171
297	185	87	163
300	193	84	157
302	197	84	154
300	194	91	159
298	192	103	159
300	191	103	160
301	191	123	160
301	188	124	162
298	188	129	163
296	187	132	164
297	184	136	168
298	180	139	176
300	179	137	179
296	179	140	179
305	179	133	179
305	179	132	177
325	180	114	178
341	179	96	179
344	179	94	179
341	182	95	177
330	181	103	177
317	183	105	175
305	182	104	176
292	182	103	176
278	183	103	176
267	182	103	177
258	180	100	179
256	178	93	181
255	176	91	183
252	175	90	184
242	174	95	185
232	173	95	186
223	172	93	187
213	168	92	190
203	166	91	193
200	165	85	193
194	167	85	191
185	173	89	186
176	181	89	178
165	188	98	170
159	192	107	167
154	198	130	161
144	201	142	158
131	203	133	155
119	199	150	160
100	193	169	166
80	187	181	171
63	184	197	174
48	185	210	173
35	186	211	170
25	183	189	172
18	175	173	170
18	165	154	148
17	154	160	183
19	143	153	198
28	131	147	201
43	123	152	201
64	120	153	195
78	118	156	197
88	120	161	194
98	121	164	191
112	126	166	184
122	133	167	175
134	144	159	163
146	145	143	143
155	134	124	136
158	128	106	122
159	121	96	128
162	112	97	137
163	103	98	145
165	102	97	147
168	101	96	147
171	106	96	144
174	115	95	132
176	124	93	123
179	131	97	119
182	134	97	118
185	141	93	112
187	147	93	109
188	150	91	107
190	149	91	108
186	140	93	116
188	128	92	127
185	119	95	134
183	114	97	140
182	111	100	140
179	111	102	128
174	112	104	108
174	117	96	96
175	118	90	94
169	118	96	95
178	118	78	100
172	119	77	103
173	122	76	100
173	126	75	97
173	126	75	98
175	121	74	103
174	113	73	110
168	107	74	115
161	104	81	117
159	81	82	136
158	103	82	103
155	98	86	100
155	99	87	97
160	102	84	94
161	104	84	91
163	107	83	89
165	109	81	89
165	110	83	92
166	114	82	91
168	116	82	89
172	118	78	89
168	118	80	92
168	119	74	99
166	120	78	117
167	119	76	133
165	118	78	137
166	117	76	138
165	118	82	138
164	121	93	135
168	121	94	134
166	125	96	150
161	128	102	160
153	131	109	164
150	137	113	162
151	145	111	159
149	155	113	159
153	167	106	148
159	177	99	139
159	184	95	134
154	187	94	132
158	188	88	132
154	191	91	132
153	192	92	132
152	194	92	130
153	194	90	130
153	190	91	135
151	181	94	143
148	171	98	152
144	158	102	164
140	149	106	173
139	141	109	180
140	140	108	178
140	140	109	176
137	143	107	171
130	152	103	151
130	161	99	126
124	162	106	120
128	161	103	130
125	162	105	131
125	165	103	129
130	170	99	125
133	177	97	119
134	183	96	117
134	185	95	115
133	187	97	116
133	187	98	116
133	187	99	116
134	186	98	116
136	184	95	118
129	180	103	121
130	177	103	124
132	172	99	128
131	165	100	133
130	161	109	137
126	154	119	142
124	152	131	144
122	152	141	144
122	154	146	140
124	160	147	129
137	164	134	114
151	165	121	114
148	164	124	114
139	162	133	123
133	161	137	128
133	161	136	140
134	161	132	157
136	167	129	151
135	175	129	146
134	182	134	139
131	190	141	131
129	194	149	128
129	198	153	126
132	202	156	121
132	206	163	118
130	205	172	118
132	204	175	120
133	204	178	119
135	193	181	130
134	191	183	131
133	199	183	123
133	203	185	121
133	212	181	112
129	203	178	122
127	197	176	127
122	207	174	118
119	208	169	117
116	209	165	115
115	204	161	118
112	198	161	120
102	189	165	124
101	185	162	123
103	184	159	123
102	184	159	122
103	183	157	122
