633	1	62	266
625	2	61	261
607	1	62	254
597	0	60	257
596	0	60	261
595	1	60	265
597	4	60	268
600	4	61	271
597	5	61	270
599	4	62	268
602	4	62	267
604	5	61	269
604	4	62	268
603	5	62	269
602	4	62	270
600	3	61	272
598	5	61	270
598	4	61	270
599	5	62	271
597	5	61	271
595	5	61	273
594	6	62	273
593	9	62	273
591	10	62	270
592	7	63	273
594	9	62	272
594	9	63	272
594	6	62	275
594	7	63	275
596	7	63	272
597	8	63	273
597	8	63	274
596	6	63	273
595	7	62	271
595	7	63	273
595	7	62	273
592	7	63	274
591	8	63	274
590	6	64	275
590	5	64	275
588	5	64	276
586	4	65	276
585	3	65	277
580	2	66	277
580	0	66	275
581	0	67	273
583	0	68	273
582	0	69	272
581	0	69	271
581	0	70	272
582	0	71	271
584	0	73	272
588	0	73	271
589	0	72	271
588	0	72	273
587	0	72	270
587	0	74	271
588	0	73	269
590	0	74	268
590	0	72	266
591	0	74	269
590	0	73	266
591	0	73	265
593	0	73	264
592	0	74	264
591	0	73	263
590	0	75	263
583	0	79	265
582	0	76	263
580	0	78	264
577	0	79	265
570	0	80	262
570	0	80	262
545	0	86	257
522	0	79	257
514	0	81	259
512	0	79	261
509	0	80	261
512	0	83	260
515	0	83	259
521	0	86	259
530	0	85	254
534	0	85	259
536	0	82	258
535	0	82	257
532	0	83	260
529	0	83	259
529	0	82	256
529	0	83	259
532	0	82	259
532	0	79	258
532	0	79	254
532	0	80	252
533	0	80	253
534	0	81	252
536	0	82	253
539	0	82	252
535	0	83	249
532	0	83	250
532	0	83	254
530	0	82	252
527	0	83	257
528	0	82	254
527	0	83	254
528	0	83	255
531	0	84	250
536	0	83	252
538	0	84	252
537	0	85	251
538	0	84	249
538	0	85	251
540	0	86	252
542	0	87	254
543	0	86	256
542	0	86	257
540	0	86	256
541	0	87	258
541	0	87	256
542	0	86	257
544	0	85	255
545	0	84	254
545	0	84	255
544	0	86	258
544	0	84	258
546	0	87	260
549	0	87	262
551	0	90	264
552	0	88	267
554	0	87	268
554	0	86	274
552	0	87	275
555	0	87	274
555	0	86	276
555	0	85	276
557	0	86	275
559	0	87	275
557	0	86	278
556	0	87	277
556	0	87	278
556	0	87	282
557	0	87	285
556	0	87	289
556	0	87	292
556	0	87	289
553	0	88	295
556	0	86	292
556	0	87	301
557	0	84	300
557	0	86	302
557	1	86	302
556	0	85	301
554	0	85	308
556	0	86	308
557	0	86	306
558	0	85	308
558	0	85	309
557	0	85	312
558	0	85	312
561	0	86	312
563	1	86	311
566	0	87	312
568	0	87	312
572	0	86	315
572	0	85	317
572	0	86	320
575	0	86	318
580	0	84	321
578	0	88	322
578	0	89	323
578	0	86	320
576	0	88	327
575	0	86	327
576	0	87	323
580	0	88	320
584	0	86	318
584	0	84	317
583	0	85	321
581	0	85	322
582	0	85	318
584	0	84	314
584	0	84	307
586	0	86	305
586	0	83	301
588	0	84	297
591	0	83	293
592	0	83	291
593	0	84	291
595	0	84	292
597	0	87	290
600	0	84	290
600	0	82	293
599	0	82	293
597	0	82	294
594	0	83	295
594	0	83	296
594	0	83	296
595	0	83	299
596	0	83	294
597	0	83	295
596	0	84	291
594	0	85	293
593	0	86	293
593	0	87	291
593	0	87	290
594	0	87	291
595	0	88	294
596	0	89	299
596	0	88	301
596	0	88	302
596	0	88	302
597	0	89	301
597	0	88	299
598	0	89	301
599	0	88	302
600	0	87	301
602	0	87	302
602	0	85	297
604	0	86	297
606	0	84	297
608	0	82	300
608	0	82	301
611	0	81	298
612	0	81	300
614	0	79	302
618	1	80	297
619	0	78	298
620	0	78	300
622	0	79	297
624	0	80	294
626	0	80	291
629	0	84	295
630	0	83	292
630	0	84	299
632	0	82	292
634	0	81	296
633	0	81	299
634	0	81	299
636	0	79	295
635	0	78	301
634	0	79	308
636	0	80	311
636	0	78	312
636	0	79	313
637	0	78	312
637	0	77	308
636	0	78	304
636	0	77	303
634	0	76	298
632	0	79	299
629	0	80	295
626	0	81	298
625	0	82	299
623	0	85	300
621	0	87	302
619	0	92	304
619	0	94	306
618	0	95	304
616	0	101	305
614	0	101	309
614	0	101	309
613	0	105	311
613	0	104	305
612	0	105	302
611	0	106	305
610	0	108	308
609	0	106	307
610	0	108	311
613	0	106	313
613	0	104	311
615	0	103	313
616	0	103	315
618	0	102	313
621	0	101	310
623	0	101	308
626	0	100	306
630	0	98	298
634	0	100	291
637	0	99	291
642	0	98	289
646	0	96	287
654	0	92	284
659	0	88	282
667	0	84	276
672	0	81	288
671	0	83	275
671	0	82	290
676	0	82	279
677	0	86	297
679	0	93	296
678	0	100	294
677	0	101	290
678	1	103	286
677	0	104	290
677	0	105	287
677	0	104	286
676	0	105	286
678	0	105	291
677	0	106	290
679	0	106	292
677	0	107	295
677	0	105	296
676	0	109	298
675	0	109	293
673	0	108	288
671	0	104	285
666	0	104	287
662	0	105	281
657	0	99	277
653	0	102	278
645	0	96	279
640	0	111	281
637	0	102	284
633	0	105	289
630	1	109	292
625	0	113	296
625	0	108	299
622	0	107	302
620	2	109	303
617	3	113	306
613	2	117	305
610	0	121	307
606	0	130	302
605	0	155	295
602	0	180	293
597	0	181	300
598	0	183	293
595	1	187	297
593	0	189	300
592	0	191	299
588	0	193	299
588	0	190	297
593	0	184	298
594	0	187	299
594	1	187	299
596	0	187	303
603	0	183	307
609	0	178	309
613	0	179	307
618	0	172	307
624	0	168	303
630	0	155	303
637	0	149	306
642	1	129	303
644	0	132	307
648	0	126	305
650	0	121	293
652	0	109	296
655	0	101	292
658	1	97	282
661	0	96	277
664	0	97	275
666	0	93	273
667	0	91	272
669	0	88	270
672	0	87	268
674	0	84	266
681	0	79	266
681	1	78	266
680	1	76	264
682	0	74	266
681	2	76	266
681	1	76	266
677	1	77	264
675	1	80	264
672	1	83	261
667	0	89	262
664	1	96	265
658	0	104	267
651	1	107	271
645	0	107	278
637	1	111	279
624	0	117	274
611	0	119	280
601	0	124	293
591	0	134	306
589	0	134	312
586	0	139	314
586	0	139	315
587	1	143	314
589	0	144	318
589	0	144	318
589	1	143	319
590	1	147	318
591	0	144	315
592	0	145	315
594	1	141	309
597	0	136	310
600	0	133	308
608	1	129	304
614	1	121	283
621	2	122	278
628	0	114	277
636	1	113	269
644	0	107	270
648	1	106	266
652	0	105	266
656	0	106	266
662	3	104	257
671	2	100	259
670	1	104	227
653	1	125	221
688	0	88	202
694	3	81	219
694	3	80	224
695	3	78	235
695	1	78	239
696	1	79	248
697	1	78	259
696	0	75	271
692	0	75	271
691	0	74	289
690	1	74	301
692	1	72	301
687	0	78	301
683	1	82	302
674	1	90	300
671	1	95	297
666	0	102	297
659	0	109	300
655	2	111	299
645	1	117	300
635	2	118	282
630	3	114	296
623	0	118	267
617	2	110	268
615	0	104	267
616	0	108	273
616	1	108	271
620	0	105	271
630	0	96	270
636	0	85	268
641	0	81	270
642	0	78	270
644	0	73	270
642	1	74	271
642	2	74	270
641	2	77	269
639	0	79	273
640	1	84	274
638	1	82	277
636	2	87	281
634	0	84	287
628	0	88	293
626	1	88	299
622	0	88	300
614	0	95	305
607	0	99	308
599	0	108	315
594	0	114	313
589	2	120	313
584	0	126	292
578	3	135	287
575	2	138	285
573	3	140	289
573	4	141	289
570	4	143	298
568	3	148	295
568	2	147	296
566	4	148	289
565	4	148	292
564	4	148	288
562	4	149	291
556	4	152	286
553	3	153	293
551	3	150	293
550	4	150	290
545	6	151	285
544	10	146	286
544	9	139	288
540	7	142	295
536	9	147	300
536	9	144	300
542	9	143	293
552	5	139	297
568	5	126	292
575	5	120	299
588	2	113	309
592	1	110	319
599	1	103	321
607	0	98	317
609	0	97	310
617	1	94	309
619	3	94	302
632	4	88	295
639	1	83	293
649	2	75	291
660	1	68	286
665	4	62	279
668	2	60	288
667	2	66	282
666	2	68	280
666	3	70	281
665	3	72	279
664	1	76	274
664	2	81	275
664	1	81	275
665	1	87	279
665	1	88	279
665	2	89	281
665	1	90	284
661	1	96	283
662	0	97	290
661	0	98	289
661	0	99	289
660	0	100	289
657	0	102	288
655	0	103	286
653	0	103	287
651	0	105	288
648	0	108	286
644	0	110	287
643	0	111	287
639	0	113	286
638	0	111	287
637	0	111	291
637	0	110	296
635	0	110	297
634	0	111	290
632	1	116	287
631	0	119	282
628	1	120	280
625	2	130	276
622	0	135	273
619	1	132	276
613	0	145	271
614	1	139	272
611	0	144	274
610	0	146	276
604	1	152	280
605	3	151	275
598	2	158	284
599	1	158	282
599	0	159	284
600	0	155	287
599	1	155	274
604	0	156	276
602	2	155	274
605	1	146	276
610	1	143	279
613	0	138	281
616	1	144	275
617	1	138	276
622	1	139	273
623	0	139	275
629	2	130	265
635	0	128	261
639	0	131	259
642	0	119	236
646	0	126	241
656	0	122	243
655	0	129	260
660	0	128	263
673	1	117	253
679	1	113	257
683	0	113	261
689	0	107	256
703	0	96	260
710	0	92	264
710	1	93	265
709	0	95	265
707	0	99	266
704	0	104	267
705	0	107	270
704	2	111	270
704	0	117	272
704	0	125	272
701	0	126	271
700	1	128	270
697	0	131	265
697	0	135	260
692	0	139	262
688	2	129	260
686	0	123	265
682	3	111	268
675	2	115	268
668	1	122	265
666	0	125	270
666	2	125	269
664	1	128	271
662	2	130	268
661	1	130	271
659	1	134	268
654	2	138	267
654	2	139	268
646	3	147	264
645	0	149	268
641	0	152	272
641	0	155	267
631	0	166	265
635	3	160	263
639	0	158	267
641	0	157	264
644	1	161	262
645	0	159	259
647	0	158	258
647	1	161	260
650	0	163	262
653	1	173	250
657	1	176	249
663	0	173	247
667	0	168	237
671	0	167	232
677	1	167	233
684	0	167	233
694	0	167	236
704	0	156	244
718	1	153	255
731	0	138	261
737	0	137	258
752	0	122	259
759	0	119	254
765	0	119	258
762	0	129	261
764	0	128	259
767	1	127	257
766	2	127	258
759	0	138	260
765	0	135	258
758	0	147	261
765	0	147	255
754	0	162	251
758	0	164	248
751	0	170	246
752	0	172	246
753	0	172	240
753	1	171	241
752	0	172	247
751	0	174	244
747	1	173	246
748	0	172	250
745	0	175	248
743	2	175	245
738	0	178	242
738	0	172	239
734	1	171	241
733	0	163	239
728	0	156	238
719	0	151	238
716	2	146	241
707	0	146	246
700	1	149	247
693	1	148	240
688	2	149	236
682	0	156	241
683	0	155	240
677	0	161	243
677	0	162	245
674	1	169	248
672	0	171	257
668	1	177	258
663	0	184	262
660	0	191	263
656	0	197	263
654	0	199	263
650	2	205	256
656	0	200	255
666	0	191	252
678	1	177	250
686	0	170	243
694	0	164	243
705	2	158	216
719	3	156	213
738	1	142	232
750	1	133	233
757	1	130	235
760	1	132	236
764	0	129	245
767	0	128	248
773	2	125	244
780	0	121	245
777	0	119	252
775	0	116	253
773	1	118	256
770	0	126	259
766	1	134	260
763	2	139	259
761	2	144	260
760	2	155	260
754	0	163	261
752	2	158	257
752	1	147	253
750	0	140	256
745	0	133	256
742	0	121	254
740	0	114	251
737	1	109	253
730	0	116	259
726	0	121	259
720	1	128	264
722	1	127	259
716	0	134	267
715	0	137	264
712	0	143	263
704	0	146	279
703	0	152	271
699	0	157	273
697	0	161	274
700	0	159	272
700	0	160	269
696	1	164	268
693	0	169	268
691	0	173	270
686	0	179	272
694	0	173	270
707	0	162	269
719	0	155	266
730	0	149	261
738	0	144	260
745	0	140	265
752	0	141	265
763	0	138	257
777	0	127	248
781	0	128	246
789	0	129	249
796	1	131	256
797	0	136	265
796	0	134	266
828	0	108	262
838	1	102	263
837	2	106	264
836	0	106	267
836	1	103	269
836	2	103	269
835	1	106	272
835	1	107	271
817	0	124	272
816	0	124	273
817	1	126	273
814	0	128	271
812	0	132	270
812	0	128	264
813	1	122	263
811	1	128	259
811	1	122	262
808	0	121	267
807	0	119	268
805	1	117	267
804	0	116	266
802	1	114	265
797	2	111	262
793	0	115	261
790	0	111	249
783	1	114	256
774	1	105	253
771	1	102	248
763	0	105	260
753	0	112	261
749	0	117	265
740	1	127	271
734	2	133	277
731	1	135	271
717	1	144	275
708	3	147	276
702	2	155	276
700	0	161	278
696	0	165	277
696	0	168	277
691	0	173	274
687	0	178	274
687	0	179	276
685	0	182	275
680	1	189	272
687	0	183	269
681	0	190	270
683	0	188	265
686	1	187	270
687	0	189	266
695	2	183	265
704	2	175	260
705	1	174	258
714	3	166	257
722	0	160	257
727	2	155	259
734	0	149	265
742	1	142	261
749	2	136	262
751	1	136	265
762	0	125	265
771	1	118	265
782	2	107	265
791	0	98	266
801	1	90	262
804	0	88	263
813	1	80	262
819	1	79	263
817	2	86	261
812	1	90	266
804	0	100	262
792	1	108	261
786	0	120	263
781	0	121	263
775	3	130	260
772	2	132	263
768	0	134	260
764	0	140	258
759	0	150	257
754	0	154	260
747	1	158	261
743	0	161	263
739	0	167	257
731	0	175	247
728	1	176	240
724	0	179	243
718	0	184	242
715	1	187	240
717	1	186	244
717	2	187	243
714	0	188	245
715	0	189	247
713	2	192	250
709	0	196	257
709	1	196	260
709	0	197	268
708	0	199	272
707	0	203	277
707	0	204	276
701	0	210	271
699	1	213	260
690	3	224	253
686	1	230	251
683	0	234	248
679	0	236	246
696	0	219	248
698	1	219	239
701	0	211	223
698	0	199	232
696	0	196	236
697	0	191	236
700	1	183	232
707	0	172	235
712	0	163	238
718	0	151	242
726	1	139	247
721	0	141	261
716	0	146	265
716	0	147	266
710	0	152	270
703	0	156	268
699	0	159	260
695	0	160	267
697	0	157	251
694	0	158	248
691	0	159	247
687	0	162	249
682	0	167	250
676	1	173	252
674	1	175	252
670	0	179	251
665	0	185	253
657	0	194	253
651	0	198	258
648	0	200	260
646	1	202	262
648	1	201	262
644	1	206	265
644	0	211	265
640	0	214	270
638	2	218	267
637	0	222	270
637	1	221	273
645	3	214	270
643	1	215	272
643	0	217	275
641	0	219	274
638	0	224	275
657	1	204	263
665	0	195	259
675	1	185	256
678	2	183	249
691	1	169	244
691	0	170	242
695	0	165	241
705	0	155	246
715	2	146	252
723	0	137	255
727	1	133	252
727	1	133	257
725	2	135	257
726	1	135	259
719	1	142	263
712	0	151	267
711	1	153	266
709	1	156	266
706	0	161	271
706	2	163	268
706	2	165	269
707	0	163	267
707	1	165	269
706	1	168	272
705	0	170	274
701	0	176	277
698	1	179	282
695	1	183	286
692	1	185	281
691	0	186	279
688	1	190	274
689	0	188	273
679	0	198	272
677	0	201	270
677	0	201	271
676	1	205	270
674	1	209	271
678	2	207	269
683	0	202	269
685	2	199	265
687	0	196	265
690	0	194	261
691	0	193	259
693	0	191	256
696	0	188	258
703	0	181	252
706	2	178	251
718	0	168	246
725	0	162	249
731	0	156	251
740	1	147	269
749	3	135	270
749	1	135	275
746	0	136	271
742	3	140	270
735	0	145	274
737	0	143	274
728	0	150	270
726	0	153	267
732	0	151	252
732	2	161	243
727	1	163	245
723	0	166	247
717	2	168	245
711	1	173	250
698	0	184	258
692	2	189	262
680	0	196	271
670	1	206	259
661	0	211	262
654	1	220	262
642	0	233	256
630	0	243	263
628	0	244	267
619	0	252	264
611	0	259	267
598	0	270	264
595	0	267	262
597	0	264	258
593	0	267	259
593	0	264	256
593	0	262	254
594	0	262	257
591	0	266	257
586	1	270	255
590	0	265	258
589	0	266	260
593	0	264	264
600	1	259	265
610	0	249	269
620	1	240	265
630	0	230	274
647	0	216	256
647	0	212	247
662	1	199	254
676	0	183	247
689	0	170	267
706	0	156	269
713	0	144	269
706	1	150	261
696	1	158	255
692	1	161	254
673	1	176	260
664	2	177	265
657	1	184	269
648	2	193	268
638	2	203	270
629	0	213	264
612	0	228	265
610	0	233	258
605	0	237	246
595	1	247	244
595	1	248	240
585	0	261	243
571	0	277	243
563	2	289	239
565	0	290	242
558	0	294	242
555	0	300	243
554	2	299	244
553	0	300	247
553	1	300	247
554	0	302	250
554	3	302	250
555	1	299	254
556	1	302	264
556	3	300	268
556	2	300	275
551	2	301	284
543	0	303	285
534	4	308	281
524	1	307	291
516	2	310	296
518	0	301	293
536	1	278	279
548	3	265	265
551	0	258	256
556	2	253	256
562	0	249	259
574	0	240	254
579	1	233	249
599	0	214	258
618	1	195	263
631	0	183	259
642	2	173	279
656	2	163	269
663	0	152	266
660	0	157	270
648	0	170	289
638	0	182	280
633	0	190	285
628	0	196	284
627	0	203	279
616	0	218	279
606	0	230	279
600	0	237	274
594	0	246	267
594	1	246	262
579	1	260	258
569	1	270	257
572	0	268	250
563	0	282	252
555	0	287	248
544	0	298	248
533	0	312	245
527	0	319	253
520	0	321	243
507	2	331	242
498	1	337	238
488	0	345	240
479	3	349	240
476	1	355	235
472	1	356	235
471	1	360	235
473	1	359	234
472	0	360	237
474	1	359	238
476	1	362	237
473	2	360	239
476	3	360	244
476	0	356	252
479	0	356	257
482	1	349	266
480	1	358	275
484	1	349	281
486	4	343	277
485	3	345	282
483	2	342	284
495	3	331	289
503	0	317	290
503	0	316	297
505	1	310	296
504	0	312	298
507	3	313	294
509	1	314	285
521	1	305	266
532	0	321	262
538	4	306	246
549	1	262	257
561	2	244	262
571	0	232	263
579	0	219	267
595	0	202	278
586	0	207	285
589	0	203	286
587	1	204	286
588	1	200	286
589	0	201	285
589	1	204	284
587	0	204	283
588	0	206	284
583	0	213	286
581	2	217	284
577	0	221	292
573	0	222	303
570	0	222	311
564	0	226	310
559	0	222	317
561	0	215	317
562	0	212	315
563	0	211	312
558	1	215	314
561	0	212	313
554	1	213	314
552	1	210	313
549	2	206	312
545	1	204	316
545	2	201	312
543	2	204	310
545	2	204	307
546	0	204	305
550	1	201	302
552	0	199	304
551	0	200	307
554	0	201	305
551	0	202	309
551	1	207	305
548	2	210	307
547	2	210	306
545	2	211	308
544	2	213	311
541	3	215	309
537	2	217	309
532	0	218	313
530	0	219	312
527	2	214	310
524	2	215	312
520	1	215	314
518	2	213	310
515	2	213	314
513	2	209	312
509	0	208	315
506	1	206	316
505	1	207	316
503	0	204	314
502	0	202	312
502	0	200	308
498	0	200	308
497	0	199	308
496	0	199	301
494	2	202	304
489	0	208	305
491	0	207	303
493	0	205	302
495	0	204	303
498	0	204	305
497	1	205	306
497	0	206	312
497	0	205	307
496	1	206	311
505	0	197	309
504	0	199	311
510	0	194	313
518	0	186	311
529	0	177	302
532	0	170	301
538	0	167	294
541	0	163	299
548	0	160	297
557	0	151	300
561	1	149	305
563	0	150	307
568	0	148	305
567	0	149	310
568	1	148	311
569	0	147	312
570	0	148	314
572	0	148	316
574	0	145	317
574	0	145	323
579	0	141	326
583	0	137	327
589	1	130	328
593	0	129	338
595	0	127	337
594	0	128	336
594	1	127	339
592	0	129	339
594	0	128	341
595	0	129	333
594	1	130	337
594	1	134	331
594	1	131	331
594	0	130	332
593	0	130	333
592	0	129	333
593	0	128	333
591	1	129	335
592	2	129	336
590	0	134	338
589	0	133	341
587	0	133	348
589	1	131	346
589	0	132	351
589	1	133	349
589	0	132	352
589	0	133	351
590	0	133	349
589	1	133	346
587	0	134	343
585	0	137	344
584	0	137	343
585	1	135	342
586	0	133	345
587	0	133	345
587	1	134	343
589	0	133	343
588	1	134	342
590	0	133	341
590	0	135	338
593	1	132	333
592	0	134	337
593	0	136	337
595	0	135	338
595	1	136	336
598	1	135	336
599	0	135	337
600	1	133	334
600	0	133	340
600	0	133	339
600	0	135	342
601	0	135	347
599	0	138	343
597	1	141	351
597	0	141	351
594	0	144	351
592	0	145	356
591	0	146	358
592	0	143	351
591	0	143	355
593	0	142	355
594	2	139	352
594	0	138	354
597	0	136	352
596	0	137	353
599	0	134	346
598	0	135	340
598	0	134	340
600	0	133	329
606	0	130	318
606	0	129	330
606	0	130	324
610	0	126	319
614	0	123	323
617	1	120	318
619	0	120	325
619	0	119	321
620	0	119	321
621	0	118	319
623	0	115	321
623	0	115	319
625	0	114	315
625	0	113	312
627	0	112	312
626	0	112	310
629	0	110	308
630	0	109	307
630	1	110	305
629	1	110	304
623	0	113	310
624	0	113	308
620	0	117	311
619	0	116	314
615	0	120	317
613	0	121	320
608	0	124	325
605	1	128	328
604	0	131	333
604	0	130	333
603	0	131	337
602	0	131	340
603	0	129	339
603	0	126	340
605	0	124	339
608	0	121	341
607	0	117	345
610	0	112	340
612	0	105	338
613	0	104	331
614	0	96	331
617	3	92	326
621	3	84	329
623	3	79	329
626	4	72	327
628	6	70	328
629	11	65	323
629	14	65	322
629	28	62	308
630	34	60	302
629	48	62	293
628	52	58	289
629	56	58	281
628	63	57	274
631	70	54	265
630	77	54	258
631	78	53	257
631	78	53	258
631	80	53	256
633	80	52	255
632	81	53	254
632	80	53	255
632	80	54	255
631	79	54	255
630	78	56	258
630	81	55	253
629	78	56	257
630	79	56	255
630	80	57	255
631	80	56	252
631	80	57	253
630	82	57	253
631	82	56	249
631	83	56	251
631	84	55	249
632	84	55	249
632	82	54	250
631	82	55	248
633	82	54	249
632	83	55	247
631	81	55	248
634	81	53	249
634	81	53	249
634	81	53	248
635	81	52	247
636	82	51	246
636	82	51	246
637	82	50	246
635	82	52	245
636	84	51	244
636	83	51	244
637	82	51	246
637	84	51	243
636	83	50	243
637	82	50	245
638	81	51	248
637	83	50	244
637	81	51	247
636	83	52	244
638	81	52	246
636	82	52	245
637	83	52	246
638	80	52	249
638	80	52	249
639	81	52	247
638	81	51	248
638	79	51	249
638	78	52	250
637	78	53	250
639	75	53	253
638	75	53	252
639	73	55	252
638	72	54	252
638	72	56	254
638	72	56	253
638	70	58	255
639	71	57	254
639	67	58	258
640	67	57	259
641	62	57	263
642	62	57	263
641	62	57	263
641	60	58	265
642	59	58	265
642	58	58	266
642	55	59	268
643	55	58	268
643	50	59	271
644	48	58	274
644	47	59	276
643	47	60	275
644	45	59	277
644	44	59	279
644	42	59	280
644	40	59	282
644	35	59	287
644	37	59	284
643	38	60	285
642	38	60	284
642	36	61	285
641	35	61	286
641	34	63	287
640	36	64	285
638	32	65	290
634	33	69	288
632	31	71	290
630	31	73	291
630	28	73	292
629	26	73	296
627	25	74	298
624	27	77	296
622	24	80	298
620	19	82	307
619	19	84	308
619	18	83	308
618	14	84	311
619	18	85	309
618	12	87	316
618	15	87	312
617	11	88	315
618	12	88	314
618	8	89	318
617	8	90	318
617	9	91	318
618	7	90	320
618	6	92	320
620	6	92	323
618	4	93	327
621	4	91	325
620	3	93	327
621	3	92	325
621	2	92	326
621	0	92	325
623	0	92	327
624	0	91	327
624	1	92	326
626	0	92	326
627	0	92	331
627	0	92	332
629	0	91	330
630	0	91	331
631	0	90	332
633	0	90	330
635	0	89	329
637	0	88	328
639	0	87	325
641	0	86	322
643	0	89	321
649	0	85	318
650	0	87	319
654	0	84	317
655	0	83	316
657	0	84	317
659	0	83	316
661	0	83	315
661	0	83	316
662	0	83	316
662	0	82	315
662	0	84	315
662	0	85	314
662	0	85	314
663	0	84	314
664	0	84	316
665	0	85	315
666	0	83	316
665	0	83	315
665	0	83	314
665	0	81	313
666	0	82	314
666	0	82	314
666	0	83	313
667	0	80	311
666	0	80	311
667	0	81	313
667	0	80	313
667	0	81	311
667	0	81	312
668	0	81	312
668	0	82	313
668	0	82	311
669	0	82	310
669	0	83	310
669	0	84	310
669	0	86	309
669	0	87	309
669	0	88	310
669	0	88	310
667	0	90	311
665	0	91	310
665	0	91	310
665	0	92	311
665	1	92	310
665	0	92	311
664	1	92	310
665	1	91	309
665	0	91	310
666	0	91	310
665	0	90	309
665	0	89	309
666	1	88	308
665	0	89	310
665	0	87	311
663	0	88	310
663	0	88	310
661	0	90	310
661	0	90	310
661	0	89	310
659	0	91	310
659	0	92	308
659	0	92	309
660	0	92	308
659	0	93	309
659	0	94	312
659	0	94	312
660	0	95	313
660	0	96	315
661	0	96	314
660	0	97	314
660	0	98	313
659	0	98	313
659	0	98	314
660	0	98	313
660	0	97	313
662	0	95	313
663	0	95	313
663	0	95	313
662	0	95	313
663	0	93	312
662	1	92	311
663	0	91	310
663	0	89	310
663	0	89	310
661	1	90	308
662	0	90	308
662	0	88	309
659	1	91	308
658	0	90	310
657	1	92	310
656	0	91	313
656	0	91	312
655	0	93	314
653	0	95	316
654	0	94	315
652	1	95	313
652	1	96	313
650	1	96	315
649	0	99	315
645	0	102	317
642	0	104	316
642	0	104	316
640	0	106	315
640	0	106	314
638	0	107	313
637	0	108	313
634	0	112	312
631	0	114	312
627	0	116	312
624	0	119	313
620	0	122	315
617	0	125	314
615	1	126	313
614	0	127	317
611	0	130	315
609	0	131	316
608	0	132	317
604	0	135	318
602	0	138	318
600	0	140	319
597	0	142	322
596	0	143	322
596	0	143	325
595	0	144	324
594	0	145	323
595	0	144	323
596	0	143	321
596	0	143	322
597	0	142	319
598	0	141	319
600	0	140	317
602	0	138	317
602	0	137	315
604	0	135	313
606	0	134	314
609	0	131	314
611	0	129	314
614	0	126	314
617	0	124	314
618	0	122	311
620	0	119	309
624	0	114	307
626	0	112	306
628	0	109	303
631	0	105	301
632	0	103	297
635	0	101	300
636	0	100	297
635	1	101	298
636	1	101	296
636	1	102	296
638	0	101	296
637	1	101	297
641	0	99	299
641	0	99	298
641	0	99	292
644	0	98	289
644	0	97	287
641	0	100	288
645	0	95	289
642	0	97	284
643	0	95	285
643	0	95	284
645	2	92	283
643	0	93	286
643	0	94	287
641	0	95	287
639	0	95	288
637	0	97	289
636	0	96	289
636	0	96	289
635	0	95	289
635	0	94	290
634	0	93	287
634	0	93	288
632	0	94	286
631	0	94	288
628	0	96	289
625	0	97	290
623	1	99	290
621	2	99	289
618	0	102	294
616	0	105	296
613	1	107	301
610	1	110	298
608	0	112	300
604	0	114	302
600	0	119	299
600	0	118	296
597	0	120	295
594	0	121	295
591	0	124	293
588	0	126	294
585	0	129	292
582	0	131	293
578	0	134	296
574	0	136	296
569	0	139	297
566	0	141	299
563	0	143	300
561	0	143	299
559	0	144	296
557	1	144	294
556	0	144	299
553	0	144	296
552	1	144	299
551	0	143	300
550	0	142	297
548	0	142	299
549	0	140	301
547	0	140	298
548	0	138	302
546	0	137	300
547	1	136	303
545	1	137	303
545	1	135	306
546	0	133	309
547	0	130	306
547	0	126	304
548	0	123	303
549	1	116	300
550	0	107	300
551	0	105	297
553	0	93	293
553	0	88	289
552	2	84	286
554	2	73	283
555	3	66	284
556	3	71	286
556	2	59	287
558	2	64	289
557	2	65	288
557	3	81	287
559	2	79	285
560	3	74	281
560	0	77	278
557	1	79	136
562	0	78	147
589	2	52	165
593	3	45	187
585	0	51	255
565	1	69	258
568	2	65	267
551	1	80	287
550	2	79	291
547	2	82	298
544	3	85	299
542	0	82	300
540	2	82	300
540	2	82	299
539	3	83	298
545	3	80	300
547	3	79	303
550	1	77	302
550	0	77	300
556	2	74	303
561	3	71	302
564	1	73	301
565	2	73	297
567	1	69	298
568	1	68	296
569	2	68	297
570	3	65	298
573	0	65	293
575	0	62	294
576	0	60	292
578	0	58	293
580	0	57	297
582	0	55	297
582	0	56	297
582	0	54	297
583	0	50	298
582	0	49	298
583	1	44	297
584	2	42	294
587	3	39	295
590	3	38	295
593	3	38	293
596	3	39	291
597	3	40	291
597	4	38	289
600	5	39	285
602	9	34	264
605	13	32	241
610	30	29	218
617	45	30	205
600	28	192	264
691	5	76	359
696	1	70	376
680	2	83	356
674	0	86	373
663	2	97	370
656	3	100	368
654	0	94	357
653	0	91	381
653	3	90	368
641	0	95	371
641	3	92	368
640	3	93	366
642	2	91	378
637	2	96	395
631	2	102	384
626	3	105	395
623	1	110	383
618	1	113	388
619	0	110	378
627	0	102	392
618	0	120	373
615	0	126	353
654	0	79	298
684	0	45	178
693	1	34	150
695	1	34	146
698	2	34	145
701	2	33	145
703	0	34	148
704	1	34	148
706	1	30	141
708	0	33	146
709	0	34	145
711	1	33	141
712	0	34	140
711	2	34	141
712	1	34	143
713	1	35	146
713	1	37	145
715	2	36	147
716	1	36	147
716	1	38	149
717	1	38	147
719	1	38	148
720	0	40	148
722	2	41	150
724	1	42	150
724	1	44	152
726	1	44	151
728	1	44	154
730	1	45	155
733	1	45	161
736	2	45	161
737	2	46	162
737	2	46	163
738	2	47	164
738	1	47	164
738	1	48	166
738	1	47	167
737	1	49	169
737	1	47	167
737	2	48	168
737	1	50	170
739	2	49	169
738	1	53	174
737	1	54	176
738	1	55	177
737	1	52	176
739	1	53	176
738	2	52	175
740	1	53	174
738	2	52	173
734	2	54	173
732	1	54	176
729	1	54	176
725	2	57	177
721	2	59	181
718	1	61	185
716	1	61	185
712	0	62	185
709	1	62	186
705	1	63	187
702	1	63	187
699	1	62	190
696	1	63	199
692	1	65	218
689	1	61	224
685	1	60	231
679	1	59	236
675	2	59	237
668	2	59	239
659	3	59	251
651	3	59	247
643	3	60	261
634	2	59	273
628	2	58	281
617	2	59	284
608	0	60	277
599	1	58	253
589	3	58	245
580	2	60	245
571	1	62	249
558	0	66	274
551	1	64	265
543	1	67	270
533	0	71	264
524	1	74	272
514	2	78	278
504	2	84	279
493	0	85	291
481	0	90	296
469	0	92	279
454	0	98	317
440	0	102	305
428	0	101	290
414	1	99	305
398	0	101	288
385	1	96	274
368	0	96	274
350	0	92	268
327	0	98	275
314	0	93	294
296	0	99	302
277	0	99	301
258	0	99	298
244	0	97	316
219	0	99	296
198	0	103	324
180	0	102	322
159	0	105	328
139	0	105	326
116	1	109	325
95	0	106	326
76	0	101	297
53	1	108	326
38	0	99	267
20	0	78	255
0	1	83	252
0	3	68	269
0	2	46	267
0	37	32	299
0	152	35	214
1	98	42	120
0	106	35	99
0	107	30	97
0	111	26	99
0	115	16	92
0	104	16	117
0	140	56	129
76	212	30	58
76	215	26	46
76	215	27	45
73	215	28	46
71	215	29	45
67	214	29	45
63	213	29	45
61	213	28	45
58	211	29	46
57	211	28	47
56	211	28	47
53	211	29	47
53	211	28	47
50	212	29	46
49	210	28	47
48	210	28	47
45	211	29	46
40	211	31	47
39	209	29	47
35	210	29	46
35	209	29	47
34	209	29	46
34	209	29	47
34	210	28	45
30	207	29	49
31	209	28	48
32	209	27	47
31	208	28	47
31	207	30	48
31	208	30	47
31	208	30	47
31	207	29	48
31	208	29	48
30	209	29	47
31	209	28	48
30	209	29	48
30	207	29	48
29	208	29	48
30	208	30	49
31	209	29	49
32	209	29	50
33	209	28	48
32	209	29	48
33	209	29	50
32	208	28	47
32	209	29	49
32	209	30	50
32	209	29	48
33	209	29	50
35	209	28	47
36	209	28	48
36	208	28	48
36	208	28	49
37	209	28	47
37	209	29	48
37	209	28	48
