0.012706
0.040230
0.030759
0.030450
0.030419
0.034384
0.034159
0.029904
0.033159
0.029566
0.028410
0.035802
0.029914
0.035911
0.029482
0.032273
0.033282
0.034020
0.037027
0.035552
0.034077
0.036398
0.036472
0.030306
0.030000
0.037454
0.030139
0.030294
0.028845
0.038243
0.039539
0.033922
0.032675
0.029676
0.034842
0.028695
0.039363
0.033734
0.032167
0.030581
0.029689
0.030137
0.031204
0.030047
0.030430
0.033478
0.033645
0.036806
0.033153
0.033177
0.038408
0.033034
0.054924
0.033922
0.033149
0.038046
0.040851
0.031859
0.031235
0.043362
0.031112
0.029030
0.034627
0.030394
0.041808
0.030028
0.030525
0.030148
0.030073
0.033460
0.033859
0.027464
0.031481
0.029129
0.029554
0.026300
0.038846
0.034238
0.036382
0.031501
0.025885
0.032722
0.039953
0.030359
0.030500
0.030225
0.028264
0.030859
0.029222
0.029172
0.036590
0.026467
0.036473
0.037477
0.037133
0.033751
0.031843
0.033248
0.030335
0.034513
0.036398
0.028233
0.038126
0.036678
0.031207
0.029906
0.027408
0.030289
0.030667
0.030613
0.029983
0.034262
0.030856
0.039387
0.032526
0.032712
0.033311
0.032753
0.033782
0.034039
0.032845
0.032363
0.034896
0.031797
0.032353
0.029757
0.028667
0.031510
0.036523
0.034919
0.027624
0.030590
0.031138
0.030453
0.033576
0.042357
0.029786
0.029963
0.029668
0.028977
0.035901
0.041523
0.030691
0.030464
0.042447
0.030542
0.036518
0.030533
0.030306
0.039751
0.042421
0.034569
0.033570
0.029986
0.032833
0.033534
0.038424
0.030769
0.028830
0.034405
0.031203
0.035609
0.033272
0.035528
0.032830
0.033008
0.036939
0.032300
0.037986
0.031900
0.030991
0.031363
0.031839
0.032428
0.032566
0.030683
0.032023
0.030738
0.028308
0.029973
0.032997
0.039540
0.029773
0.029557
0.030136
0.029701
0.029672
0.030507
0.029513
0.029155
0.031603
0.026314
0.030667
0.027291
0.038045
0.031935
0.036243
0.031617
0.028493
0.050130
0.038639
0.030104
0.030031
0.030181
0.046092
0.030640
0.030520
0.030787
0.039142
0.030951
0.030501
0.031783
0.031016
0.030648
0.030343
0.029743
0.030618
0.030100
0.030271
0.033360
0.030796
0.029958
0.043044
0.030411
0.031365
0.028910
0.026592
0.032044
0.033175
0.030731
0.032238
0.037352
0.031316
0.030749
0.030445
0.030983
0.030024
0.030215
0.034429
0.030328
0.030221
0.030940
0.032789
0.032818
0.031404
0.030172
0.030398
0.030445
0.030151
0.031664
0.035492
0.029763
0.028985
0.028505
0.032861
0.036352
0.036402
0.040570
0.036796
0.036413
0.035912
0.035267
0.032229
0.032428
0.035681
0.032452
0.030324
0.030180
0.026921
0.032995
0.036976
0.036646
0.030145
0.030267
0.032145
0.029821
0.031097
0.030827
0.029734
0.030134
0.030096
0.035167
0.037171
0.030108
0.025950
0.031047
0.043460
0.034190
0.032168
0.031660
0.029704
0.030230
0.031945
0.028227
0.048341
0.037292
0.037939
0.043093
0.038299
0.030341
0.029412
0.038645
0.031000
0.030136
0.032661
0.033321
0.029740
0.027159
0.034950
0.030947
0.039782
0.036102
0.031227
0.030364
0.029105
0.029011
0.030217
0.032932
0.030669
0.029121
0.029968
0.030141
0.032963
0.029904
0.031517
0.031169
0.032706
0.028550
0.034559
0.031644
0.036267
0.030825
0.030543
0.029837
0.033779
0.029643
0.031353
0.029281
0.028767
0.028573
0.029927
0.028628
0.030579
0.041354
0.038603
0.032667
0.028973
0.029777
0.031964
0.031390
0.029849
0.041628
0.030575
0.029712
0.029254
0.029532
0.034606
0.029608
0.031520
0.030476
0.030549
0.030272
0.030081
0.032070
0.030981
0.047575
0.069722
0.042703
0.041823
0.050250
0.032014
0.036829
0.034183
0.031321
0.029998
0.037512
0.029175
0.029525
0.029659
0.029534
0.030832
0.031150
0.030463
0.029907
0.030127
0.027822
0.039190
0.031644
0.034545
0.035342
0.030848
0.031390
0.029021
0.037621
0.038198
0.028437
0.030658
0.029060
0.035868
0.034857
0.041045
0.031240
0.032230
0.031327
0.032688
0.030707
0.030504
0.032794
0.030701
0.032789
0.034281
0.032234
0.030686
0.030036
0.030255
0.030740
0.030933
0.030529
0.032773
0.031101
0.031577
0.032844
0.033034
0.032801
0.032958
0.038389
0.032492
0.032604
0.033588
0.032899
0.033104
0.039590
0.036901
0.040460
0.031784
0.031500
0.030186
0.033939
0.034423
0.035208
0.034992
0.034586
0.038522
0.030401
0.031387
0.028217
0.038792
0.035894
0.036473
0.032856
0.035141
0.030145
0.035667
0.031035
0.032790
0.031758
0.029133
0.044971
0.034077
0.032001
0.035433
0.032072
0.034050
0.030770
0.030168
0.031141
0.026580
0.031647
0.031824
0.031453
0.028238
0.038759
0.041371
0.031163
0.033016
0.040069
0.030586
0.030686
0.040148
0.030286
0.031320
0.029403
0.030672
0.036729
0.030330
0.032214
0.043133
0.030598
0.040577
0.030861
0.036060
0.030188
0.027670
0.045549
0.032820
0.030483
0.031028
0.033544
0.030554
0.031334
0.039443
0.030313
0.030890
0.030449
0.030696
0.031150
0.032475
0.030434
0.030555
0.034905
0.036483
0.029732
0.030319
0.030814
0.032187
0.031837
0.041276
0.033707
0.031569
0.032111
0.030770
0.029689
0.032178
0.030416
0.029780
0.044230
0.032329
0.029531
0.030007
0.037104
0.056856
0.028758
0.036605
0.037812
0.028298
0.070700
0.032862
0.039351
0.037368
0.040679
0.040673
0.038541
0.038511
0.038406
0.038933
0.038206
0.037482
0.043813
0.032316
0.037311
0.031494
0.037905
0.030774
0.029942
0.032959
0.030314
0.032138
0.030817
0.025937
0.031333
0.030233
0.029728
0.030649
0.030162
0.029657
0.029716
0.030109
0.031252
0.029924
0.030639
0.031003
0.030279
0.030535
0.045306
0.035640
0.033003
0.029893
0.034750
0.037250
0.043749
0.051019
0.030158
0.030372
0.029774
0.029771
0.031572
0.030905
0.030336
0.031848
0.030503
0.030738
0.031492
0.029680
0.036706
0.030150
0.030433
0.032206
0.031496
0.033049
0.031103
0.038135
0.032492
0.030824
0.035501
0.031074
0.031024
0.031009
0.030385
0.030872
0.030529
0.030556
0.030474
0.031944
0.033817
0.032212
0.032099
0.031013
0.031836
0.038767
0.031481
0.030950
0.030834
0.033977
0.030722
0.039975
0.043464
0.031137
0.030760
0.040852
0.044669
0.030550
0.045727
0.031698
0.030951
0.030833
0.030931
0.036853
0.037177
0.036071
0.030968
0.031193
0.031923
0.029004
0.031773
0.031651
0.034670
0.030032
0.031217
0.030743
0.037852
0.036645
0.030985
0.031002
0.030702
0.040188
0.031147
0.030136
0.035866
0.037365
0.036853
0.035944
0.031880
0.043708
0.030014
0.032557
0.032906
0.031285
0.031876
0.031867
0.047763
0.035911
0.033672
0.030891
0.047405
0.030033
0.039921
0.030348
0.029779
0.039083
0.040131
0.036050
0.036922
0.035762
0.038749
0.029864
0.034641
0.031472
0.029650
0.031480
0.030755
0.035172
0.031116
0.030900
0.032021
0.045480
0.037105
0.031958
0.030928
0.031192
0.042239
0.042739
0.038750
0.039633
0.037789
0.038014
0.039848
0.038736
0.040447
0.047158
0.057976
0.053514
0.032962
0.030913
0.032519
0.031259
0.031022
0.030905
0.031635
0.031621
0.039101
0.033037
0.030772
0.031084
0.037266
0.037400
0.042154
0.038378
0.037657
0.038229
0.035741
0.040670
0.035354
0.046393
0.031863
0.040796
0.030632
0.031517
0.031670
0.031624
0.038987
0.029766
0.034912
0.030561
0.038246
0.043700
0.031348
0.037058
0.036972
0.036456
0.037070
0.046082
0.027479
0.039902
0.037378
0.033393
0.031973
0.030509
0.036178
0.045754
0.036577
0.039639
0.033489
0.028333
0.032698
0.033357
0.030925
0.030896
0.031992
0.031749
0.044654
0.031795
0.029372
0.037682
0.039160
0.034057
0.037228
0.031489
0.031713
0.034002
0.031244
0.037966
0.033283
0.039839
0.040615
0.031529
0.032051
0.032690
0.031482
0.046724
0.042705
0.035312
0.031814
0.032076
0.031558
0.037119
0.034546
0.031334
0.032193
0.031651
0.046530
0.040842
0.044513
0.031263
0.034407
0.046766
0.031778
0.031809
0.031827
0.031693
0.031985
0.033317
0.034796
0.031595
0.032025
0.032114
0.032034
0.032409
0.031061
0.031058
0.031075
0.045946
0.030788
0.038806
0.039276
0.035850
0.034722
0.029166
0.039775
0.032787
0.038462
0.034825
0.040226
0.032306
0.036108
0.044249
0.037080
0.041165
0.033459
0.032183
0.032599
0.031647
0.032402
0.031946
0.035560
0.041662
0.034402
0.041886
0.031999
0.029703
0.040529
0.039152
0.030931
0.039023
0.035922
0.031836
0.031215
0.045349
0.030700
0.031175
0.039759
0.030446
0.033830
0.030496
0.038742
0.039230
0.033360
0.047709
0.030239
0.031701
0.030874
0.032968
0.031476
0.032783
0.030895
0.031111
0.035860
0.035334
0.037067
0.027303
0.040781
0.035776
0.042852
0.035162
0.035613
0.035064
0.035335
0.037813
0.032242
0.032036
0.039534
0.040943
0.044123
0.037293
0.035832
0.049045
0.040797
0.034144
0.032201
0.032052
0.032066
0.035105
0.030983
0.032439
0.032077
0.032152
0.032539
0.029121
0.037424
0.038192
0.030929
0.030366
0.030255
0.031371
0.032483
0.032170
0.031043
0.028172
0.037395
0.040195
0.031998
0.032369
0.033320
0.032143
0.032128
0.030054
0.045573
0.031787
0.046896
0.032314
0.033048
0.034136
0.031878
0.032294
0.033662
0.032218
0.036236
0.032587
0.033066
0.032959
0.047257
0.032433
0.032112
0.032372
0.030776
0.042440
0.031918
0.038724
0.038994
0.049764
0.033935
0.031063
0.029064
0.029487
0.030390
0.031586
0.030779
0.030472
0.030928
0.030221
0.030063
0.030813
0.030335
0.029874
0.030418
0.030455
0.032036
0.051669
0.051659
0.059047
0.057415
0.056408
0.054117
0.053065
0.052654
0.046785
0.155607
0.055483
0.059476
0.053304
0.034927
0.036232
0.058434
0.065484
0.039858
0.046728
0.041756
0.035457
0.031856
0.035026
0.036319
0.034114
0.032057
0.032187
0.032345
0.031920
0.031717
0.033574
0.032524
0.034923
0.034048
0.040609
0.035115
0.035991
0.034479
0.034509
0.033818
0.032546
0.032182
0.030936
0.030607
0.035361
0.042768
0.038609
0.035331
0.034395
0.031827
0.029669
0.028998
0.029596
0.029479
0.030135
0.029680
0.029438
0.028859
0.029514
0.031813
0.028627
0.028892
0.028108
0.028131
0.029210
0.028778
0.028698
0.029689
0.029208
0.028814
0.028856
0.028079
0.029218
0.029135
0.028492
0.030442
0.029669
0.030047
0.029413
0.029403
0.030135
0.029545
0.029521
0.029815
0.032777
0.030669
0.030594
0.031216
0.030483
0.030249
0.030581
0.029526
0.029696
0.029245
0.029489
0.028377
0.029376
0.029382
0.028659
0.028941
0.029170
0.028553
0.028963
0.028746
0.028868
0.028555
0.029123
0.028517
0.028581
0.030092
0.027804
0.028990
0.029597
0.028823
0.029409
0.029671
0.029575
0.029449
0.029927
0.029835
0.030464
0.030380
0.030236
0.030473
0.030466
0.030778
0.029968
0.029695
0.030025
0.030354
0.030355
0.030233
0.030140
0.030366
0.032104
0.029459
0.030310
0.030363
0.030228
0.030553
0.030620
0.028899
0.031193
0.030042
0.030207
0.030193
0.029326
0.029305
0.029646
0.029366
0.029733
0.029449
0.029886
0.051907
0.056708
0.034150
0.033067
0.041987
0.035048
0.033358
0.030945
0.030185
0.031391
0.033895
0.032881
0.030966
0.032413
0.032709
0.031862
0.037465
0.031400
0.031181
0.033070
0.030204
0.034168
0.033190
0.032326
0.032398
0.031802
0.032128
0.033097
0.032335
0.031604
0.031576
0.037260
0.032461
0.032101
0.031537
0.031062
0.031519
0.031656
0.033094
0.032640
0.032786
0.033809
0.032541
0.032442
0.032237
0.032259
0.031684
0.031122
0.031939
0.032057
0.034096
0.032079
0.034294
0.035299
0.032735
0.036319
0.040864
0.031531
0.031623
0.032402
0.033127
0.032885
0.032601
0.032858
0.033527
0.033173
0.033851
0.033621
0.033514
0.032681
0.038016
0.032682
0.032344
0.033340
0.033238
0.033360
0.032795
0.032831
0.035334
0.034148
0.033163
0.033845
0.030545
0.031408
0.031352
0.031379
0.031772
0.031927
0.031148
0.030991
0.030490
0.030793
0.032778
0.037971
0.031308
0.077204
0.062918
0.059360
0.033278
0.033218
0.034045
0.032828
0.034332
0.034319
0.035634
0.034537
0.034196
0.032496
0.033562
0.030795
0.031778
0.030997
0.031371
0.030930
0.030631
0.031024
0.046478
0.045998
0.051486
0.033132
0.033166
0.031781
0.031826
0.032274
0.031560
0.036529
0.032990
0.031510
0.030945
0.045736
0.040538
0.040378
0.037114
0.036845
0.038589
0.037021
0.037225
0.036851
0.037923
0.037143
0.035155
0.035182
0.034625
0.035679
0.038382
0.035088
0.034462
0.035076
0.035312
0.034111
0.034033
0.033565
0.035548
0.035806
0.035898
0.034204
0.048009
0.036052
0.036419
0.036016
0.037561
0.034080
0.033356
0.033843
0.034836
0.035176
0.034394
0.035556
0.038468
0.034654
0.034021
0.034367
0.034163
0.040610
0.032843
0.034803
0.039635
0.032247
0.036942
0.038014
0.034487
0.048588
0.034433
0.043584
0.041181
0.038489
0.037838
0.034420
0.035607
0.036177
0.035192
0.035079
0.034381
0.034304
0.033235
0.034664
0.032179
0.033750
0.040446
0.039056
0.035056
0.035625
0.037977
0.033621
0.030920
0.040549
0.049686
0.034533
0.034040
0.036458
0.046105
0.047441
0.051315
0.038567
0.031596
0.041730
0.046152
0.038663
0.034085
0.033790
0.040030
0.034544
0.038977
0.038479
0.032730
0.033379
0.031445
0.031818
0.031042
0.035941
0.041470
0.037535
0.035284
0.033198
0.038641
0.032764
0.030602
0.037103
0.037373
0.033444
0.034125
0.042728
0.041801
0.034628
0.037204
0.043498
0.033021
0.030677
0.031541
0.031904
0.038958
0.032133
0.030461
0.038819
0.040341
0.041803
0.041979
0.032537
0.028182
0.041656
0.032089
0.030119
0.045418
0.041212
0.032055
0.047366
0.052179
0.053109
0.044210
0.033978
0.042059
0.045067
0.031781
0.030161
0.031866
0.029714
0.044685
0.030597
0.027756
0.034417
0.042297
0.042872
0.052787
0.040401
0.033197
0.032206
0.030964
0.034664
0.032193
0.035408
0.033053
0.030231
0.046636
0.032283
0.031037
0.029288
0.041877
0.039662
0.036690
0.037176
0.032116
0.031738
0.031080
0.030959
0.030055
0.039373
0.040413
0.031296
0.028467
0.044794
0.038972
0.042732
0.031507
0.027311
0.030905
0.030147
0.032886
0.040024
0.045245
0.046521
0.027734
0.031424
0.031414
0.028968
0.031855
0.032144
0.029338
0.037386
0.041347
0.032721
0.031124
0.035730
0.027894
0.038250
0.036189
0.031543
0.031031
0.029454
0.042676
0.032528
0.030566
0.030100
0.038587
0.042637
0.036469
0.041748
0.035287
0.031541
0.031812
0.036695
0.026095
0.031537
0.029931
0.026855
0.035515
0.039169
0.042534
0.030344
0.030997
0.033820
0.033129
0.033003
0.030837
0.030459
0.027380
0.039643
0.044953
0.033996
0.032548
0.033752
0.031193
0.040127
0.028760
0.031715
0.027575
0.030875
0.031145
0.029286
0.038519
0.036299
0.030762
0.035846
0.030656
0.028724
0.042514
0.036964
0.034892
0.028807
0.039222
0.043469
0.033030
0.040998
0.040707
0.043062
0.039596
0.027750
0.038255
0.037845
0.033605
0.037112
0.033487
0.032267
0.031018
0.049093
0.031544
0.031175
0.035125
0.029801
0.043078
0.086394
0.030794
0.040629
0.034624
0.032027
0.028502
0.035222
0.042857
0.030610
0.030241
0.027393
0.037710
0.039665
0.043363
0.038700
0.031034
0.034910
0.033859
0.032743
0.032259
0.031886
0.031793
0.028610
0.033437
0.038029
0.028616
0.032320
0.029479
0.027827
0.027498
0.030534
0.028155
0.030751
0.030062
0.027397
0.035805
0.032562
0.027247
0.035277
0.035298
0.039297
0.039463
0.032310
0.027675
0.041406
0.033938
0.036467
0.041629
0.036373
0.039708
0.041785
0.030401
0.028400
0.031222
0.027994
0.031664
0.028814
0.031003
0.028268
0.030279
0.029622
0.044313
0.029946
0.031806
0.027848
0.036417
0.029652
0.036478
0.042406
0.039282
0.030394
0.028092
0.037788
0.030611
0.028584
0.030632
0.030363
0.034245
0.038821
0.030997
0.029830
0.031474
0.028068
0.030904
0.026780
0.030935
0.027200
0.031760
0.026311
0.032367
0.030542
0.048151
0.030828
0.030858
0.026938
0.031962
0.029999
0.027111
0.030980
0.030439
0.026737
0.031779
0.027470
0.038761
0.032099
0.025984
0.031548
0.027397
0.030496
0.031557
0.026783
0.031106
0.028315
0.039678
0.032553
0.026984
0.036471
0.032216
0.028914
0.037104
0.027412
0.031485
0.033323
0.025556
0.032007
0.026230
0.031514
0.032177
0.026914
0.028682
0.033024
0.041588
0.069185
0.052548
0.029892
0.046444
0.030613
0.028180
0.037468
0.029659
0.027500
0.030145
0.027763
0.031200
0.036478
0.034913
0.033610
0.039791
0.038151
0.034193
0.031749
0.045029
0.037765
0.033899
0.035867
0.034711
0.037761
0.037310
0.035362
0.026151
0.030034
0.029407
0.030695
0.028992
0.031871
0.029861
0.030759
0.026969
0.030664
0.027425
0.030067
0.027537
0.033463
0.026124
0.030427
0.027484
0.035903
0.028891
0.033632
0.032309
0.032103
0.029279
0.031199
0.029899
0.033024
0.030714
0.025796
0.042715
0.033812
0.030517
0.040205
0.032267
0.029430
0.034272
0.029992
0.031012
0.031498
0.032372
0.028279
0.029940
