0.029322
0.040213
0.037001
0.033462
0.030887
0.032046
0.042965
0.030998
0.029983
0.032191
0.029815
0.031686
0.029865
0.043623
0.035177
0.033353
0.030299
0.030853
0.030173
0.047286
0.044081
0.031224
0.033574
0.031151
0.033166
0.032288
0.035340
0.034494
0.043780
0.039057
0.035693
0.047000
0.032048
0.044481
0.039505
0.039716
0.039407
0.038421
0.038545
0.051675
0.037948
0.046143
0.030138
0.034115
0.034986
0.030001
0.029638
0.030188
0.029883
0.030081
0.033060
0.030215
0.029878
0.033285
0.029706
0.029781
0.030115
0.030422
0.029923
0.031700
0.034199
0.030725
0.031086
0.030327
0.031620
0.030984
0.030066
0.035277
0.031896
0.030869
0.030868
0.030643
0.030488
0.030569
0.030739
0.039146
0.031676
0.031309
0.042023
0.031293
0.029074
0.031547
0.033724
0.034804
0.033867
0.035574
0.032938
0.036219
0.036321
0.033154
0.033410
0.036429
0.033469
0.030313
0.033514
0.034681
0.034768
0.035933
0.038935
0.034873
0.041385
0.031358
0.042553
0.030516
0.035490
0.037081
0.033458
0.032337
0.033368
0.032221
0.032157
0.031930
0.029583
0.031991
0.032957
0.030951
0.039042
0.030353
0.060285
0.031139
0.031218
0.030683
0.037685
0.035879
0.029398
0.049812
0.029527
0.034369
0.047762
0.045731
0.029732
0.031394
0.044819
0.030428
0.037266
0.045869
0.030241
0.036241
0.030678
0.029914
0.032944
0.030076
0.031631
0.032115
0.029731
0.029310
0.029737
0.031069
0.029956
0.030082
0.039082
0.030218
0.056415
0.038959
0.036855
0.036708
0.036349
0.036808
0.036536
0.036968
0.036959
0.037193
0.041295
0.052970
0.037850
0.036994
0.037656
0.036404
0.046027
0.030710
0.033607
0.030448
0.031789
0.030444
0.031729
0.049557
0.033801
0.030824
0.031709
0.032222
0.031006
0.031744
0.027508
0.038192
0.032512
0.029949
0.033518
0.029510
0.029634
0.036159
0.038149
0.030356
0.038451
0.030493
0.034177
0.034582
0.030851
0.030902
0.034187
0.031089
0.043370
0.030578
0.030519
0.030763
0.031710
0.036449
0.040123
0.030696
0.035980
0.030544
0.030619
0.030533
0.030185
0.030461
0.030255
0.030745
0.044108
0.030761
0.031805
0.031296
0.030429
0.030969
0.030156
0.031460
0.029795
0.044716
0.030694
0.030689
0.030340
0.029984
0.029912
0.030349
0.029835
0.031666
0.030776
0.033777
0.029377
0.034132
0.030951
0.030201
0.029810
0.031585
0.041880
0.031498
0.031409
0.026464
0.041787
0.035240
0.043203
0.043510
0.034736
0.029572
0.029953
0.033040
0.029905
0.031339
0.029768
0.030259
0.034508
0.039082
0.031085
0.030294
0.030241
0.029844
0.029907
0.032151
0.033262
0.038831
0.037135
0.035600
0.033190
0.034322
0.037739
0.038959
0.033174
0.034586
0.032722
0.033005
0.032525
0.031283
0.030570
0.031756
0.031775
0.032343
0.029982
0.038364
0.031723
0.031731
0.031802
0.034281
0.030554
0.031080
0.028191
0.040629
0.032170
0.030410
0.030690
0.030221
0.031216
0.030675
0.032829
0.031109
0.029594
0.030466
0.030242
0.029160
0.031487
0.032302
0.029489
0.032632
0.029653
0.035922
0.031670
0.031012
0.029255
0.030076
0.030067
0.030492
0.031559
0.029735
0.038182
0.030198
0.028926
0.032831
0.036491
0.036012
0.030099
0.039561
0.030692
0.030681
0.033168
0.029690
0.030905
0.030013
0.030194
0.031653
0.029824
0.029801
0.030207
0.031405
0.029995
0.031180
0.029006
0.027994
0.041202
0.029854
0.027670
0.031521
0.034125
0.035375
0.047871
0.029394
0.027897
0.036307
0.032008
0.035575
0.032727
0.034046
0.033830
0.033926
0.033419
0.028600
0.038234
0.030763
0.028456
0.037523
0.031458
0.029490
0.030670
0.030425
0.028661
0.032155
0.032396
0.029407
0.030064
0.035253
0.029856
0.029972
0.029657
0.042320
0.030210
0.029525
0.041368
0.045418
0.035736
0.032975
0.033030
0.032843
0.033639
0.032925
0.037174
0.031087
0.044078
0.029466
0.032314
0.029412
0.032373
0.030598
0.040069
0.043915
0.032523
0.029250
0.029824
0.030714
0.032175
0.031065
0.029406
0.029823
0.045976
0.029727
0.030728
0.029064
0.028790
0.030582
0.031246
0.029255
0.039728
0.029725
0.031163
0.030054
0.029443
0.043356
0.029771
0.029717
0.029972
0.044093
0.029504
0.038455
0.035507
0.031876
0.035938
0.036626
0.040922
0.030041
0.034642
0.028672
0.029498
0.036501
0.030372
0.032026
0.030478
0.035107
0.045627
0.030241
0.062257
0.072699
0.044603
0.044871
0.049042
0.041437
0.057203
0.038015
0.045006
0.043937
0.039022
0.037218
0.038073
0.044404
0.030326
0.037190
0.030709
0.030813
0.030427
0.030182
0.031088
0.031001
0.046905
0.031825
0.031509
0.031034
0.030025
0.030556
0.044243
0.043377
0.031142
0.033676
0.030003
0.029428
0.029532
0.029705
0.029350
0.035284
0.029671
0.033868
0.030199
0.029550
0.029650
0.029778
0.029806
0.030652
0.030148
0.029943
0.045218
0.044146
0.041920
0.030246
0.029498
0.036749
0.030073
0.030336
0.032985
0.029695
0.033136
0.031207
0.030263
0.038390
0.032122
0.030135
0.030954
0.030775
0.030727
0.030594
0.030490
0.030265
0.030505
0.031700
0.030855
0.030290
0.030180
0.031519
0.033929
0.030270
0.030679
0.031231
0.031681
0.032822
0.029781
0.029944
0.031395
0.030414
0.030173
0.030768
0.030522
0.033341
0.031333
0.030566
0.042842
0.031406
0.037223
0.031177
0.030595
0.030088
0.030313
0.031850
0.030585
0.030608
0.030028
0.029989
0.030774
0.030488
0.034652
0.030968
0.029063
0.032137
0.031976
0.030998
0.034185
0.030422
0.030208
0.030295
0.030792
0.031026
0.030717
0.031133
0.030175
0.031626
0.032239
0.030616
0.031250
0.031102
0.030313
0.030421
0.029778
0.028733
0.033138
0.032232
0.030114
0.030269
0.031378
0.030626
0.030442
0.030168
0.031887
0.030154
0.029191
0.030010
0.029881
0.031061
0.032063
0.031244
0.030275
0.031816
0.030715
0.030155
0.031751
0.030738
0.030628
0.030808
0.030312
0.030384
0.033441
0.030055
0.029949
0.030643
0.033273
0.067005
0.042798
0.031749
0.029873
0.035699
0.032986
0.031327
0.029998
0.035859
0.032426
0.033095
0.035479
0.032024
0.033196
0.033173
0.037784
0.030563
0.032067
0.047221
0.031807
0.035013
0.031340
0.030097
0.033605
0.031151
0.031341
0.035684
0.048969
0.044818
0.038813
0.030492
0.045132
0.030701
0.030245
0.030330
0.030204
0.031747
0.030494
0.032703
0.030108
0.030030
0.030360
0.030884
0.029837
0.030722
0.041821
0.031330
0.030742
0.030576
0.031354
0.031164
0.031962
0.032580
0.031591
0.031619
0.041821
0.031244
0.039714
0.030828
0.030346
0.036321
0.030618
0.030633
0.030341
0.043220
0.030563
0.030455
0.030310
0.030441
0.030572
0.033287
0.030151
0.030044
0.030045
0.029874
0.038101
0.030201
0.029977
0.030032
0.030497
0.032773
0.035877
0.031585
0.030727
0.030522
0.030240
0.029546
0.031578
0.031576
0.030183
0.030156
0.030089
0.036678
0.030584
0.033927
0.038576
0.029847
0.030216
0.039242
0.030570
0.031412
0.029514
0.028044
0.033715
0.036604
0.027894
0.036089
0.029612
0.033522
0.031347
0.032660
0.036363
0.027977
0.033321
0.029766
0.034016
0.032584
0.030413
0.035883
0.035837
0.046846
0.031379
0.028591
0.031246
0.034667
0.035854
0.029022
0.029615
0.033560
0.033769
0.034966
0.034590
0.034736
0.037669
0.036054
0.028405
0.033661
0.053379
0.049788
0.035170
0.032211
0.030935
0.029169
0.031450
0.032013
0.043318
0.030250
0.027639
0.029609
0.035092
0.033631
0.034088
0.035744
0.035024
0.031435
0.032790
0.035023
0.034589
0.029951
0.029485
0.027655
0.032699
0.031729
0.035172
0.033341
0.034426
0.036516
0.030950
0.033402
0.033181
0.051723
0.028327
0.027460
0.030275
0.030253
0.035287
0.030263
0.028308
0.028969
0.037804
0.038919
0.030314
0.028871
0.032645
0.038333
0.028582
0.031512
0.030963
0.034043
0.032571
0.034097
0.032237
0.031177
0.031145
0.031438
0.038118
0.029070
0.030547
0.032818
0.032886
0.033770
0.031549
0.038618
0.034803
0.035384
0.034395
0.034311
0.032709
0.031579
0.031062
0.034580
0.031093
0.031139
0.031335
0.030586
0.031193
0.031267
0.030816
0.030840
0.030788
0.033186
0.031121
0.030717
0.030609
0.032876
0.032666
0.030801
0.030116
0.031210
0.030210
0.031121
0.047139
0.039935
0.036558
0.036343
0.031650
0.031099
0.031016
0.030818
0.030743
0.032347
0.031087
0.031200
0.032240
0.031337
0.039266
0.029985
0.031961
0.030298
0.030052
0.030696
0.030747
0.031266
0.032543
0.031408
0.033214
0.030005
0.030194
0.030034
0.029838
0.041425
0.034759
0.031507
0.041169
0.031419
0.033253
0.030699
0.030976
0.031595
0.030193
0.039431
0.054226
0.056039
0.056017
0.057806
0.058419
0.035574
0.030465
0.030023
0.043864
0.029651
0.035234
0.032690
0.031203
0.031227
0.030080
0.031873
0.030173
0.031003
0.029912
0.029610
0.029793
0.031717
0.028687
0.029929
0.039367
0.039513
0.031729
0.031522
0.032540
0.029812
0.030165
0.029995
0.029013
0.029721
0.030144
0.031073
0.029336
0.039384
0.042837
0.031764
0.029841
0.030226
0.031342
0.029260
0.033112
0.031624
0.029735
0.035477
0.030510
0.034096
0.030863
0.037381
0.030794
0.036094
0.030495
0.032650
0.030579
0.029831
0.031080
0.032235
0.037202
0.036373
0.038412
0.037597
0.035390
0.048114
0.029772
0.030108
0.030826
0.030727
0.028780
0.029853
0.030547
0.029580
0.035529
0.036602
0.036254
0.036618
0.035510
0.035751
0.034141
0.046774
0.035651
0.043804
0.032812
0.029784
0.031520
0.029795
0.029501
0.030234
0.029760
0.029628
0.031253
0.034315
0.030161
0.028974
0.031081
0.032168
0.036077
0.033818
0.029919
0.030043
0.030981
0.029755
0.029845
0.030180
0.029865
0.029817
0.029649
0.029928
0.030354
0.040178
0.030393
0.033775
0.031980
0.032244
0.038894
0.031696
0.029567
0.032740
0.032381
0.031976
0.032860
0.032406
0.034457
0.032214
0.031552
0.031634
0.038640
0.036764
0.046127
0.036889
0.046902
0.036876
0.035294
0.037644
0.035689
0.030615
0.034661
0.029893
0.029980
0.031414
0.030961
0.030299
0.030639
0.030606
0.030782
0.030905
0.032160
0.033255
0.029835
0.030470
0.030662
0.032200
0.040891
0.039943
0.033950
0.032100
0.035779
0.030371
0.031854
0.034819
0.030804
0.032527
0.030300
0.032456
0.030781
0.031667
0.029908
0.032477
0.028749
0.030844
0.029688
0.030166
0.036047
0.030068
0.029877
0.032226
0.033140
0.033627
0.032670
0.030073
0.029961
0.042160
0.030367
0.030360
0.031245
0.029770
0.032109
0.030619
0.038455
0.030872
0.033732
0.032748
0.032751
0.030881
0.029759
0.030720
0.029585
0.032252
0.035794
0.030815
0.031835
0.032424
0.038239
0.032671
0.030072
0.030194
0.030982
0.030207
0.029694
0.029907
0.030363
0.032804
0.029827
0.032160
0.029368
0.031806
0.028988
0.029847
0.045484
0.029549
0.041010
0.032319
0.046922
0.035190
0.035671
0.035139
0.035290
0.035744
0.030540
0.029572
0.028363
0.035027
0.030426
0.030290
0.031982
0.029680
0.028939
0.032397
0.030066
0.029649
0.031587
0.027150
0.030952
0.030355
0.034910
0.034828
0.029676
0.038502
0.029689
0.030196
0.030748
0.030300
0.036574
0.029758
0.030684
0.033260
0.031578
0.032327
0.032323
0.031871
0.031731
0.030974
0.029812
0.038307
0.034375
0.029866
0.030221
0.030777
0.034367
0.030283
0.029890
0.030211
0.033072
0.026584
0.029414
0.030506
0.030244
0.027292
0.026633
0.028263
0.029647
0.029320
0.029064
0.029649
0.030177
0.029047
0.029530
0.028921
0.028904
0.030035
0.029634
0.029392
0.029857
0.029430
0.029499
0.032018
0.044132
0.077294
0.055329
0.052896
0.048225
0.048878
0.048611
0.049137
0.048195
0.060107
0.062258
0.049166
0.027819
0.028335
0.034198
0.051075
0.050380
0.034639
0.028624
0.028491
0.028466
0.028815
0.028600
0.028494
0.029302
0.029368
0.029533
0.029326
0.029526
0.030824
0.030068
0.030322
0.028825
0.028929
0.027163
0.028347
0.029330
0.030040
0.029774
0.083866
0.030766
0.030670
0.029328
0.029005
0.028449
0.028686
0.028357
0.028975
0.029646
0.027022
0.027715
0.030573
0.028600
0.028736
0.028546
0.028669
0.028780
0.029471
0.028906
0.029478
0.029556
0.030260
0.029856
0.029510
0.029509
0.029394
0.028503
0.028641
0.029043
0.028983
0.028388
0.029410
0.029289
0.029346
0.028958
0.027597
0.029929
0.028663
0.029006
0.029393
0.028688
0.028707
0.028877
0.029103
0.027980
0.028240
0.028995
0.029071
0.029752
0.030114
0.029192
0.029744
0.030157
0.030350
0.029684
0.030479
0.029841
0.030430
0.030129
0.030035
0.030908
0.032174
0.029871
0.030623
0.031073
0.030423
0.030805
0.030255
0.030473
0.030641
0.030385
0.030383
0.030110
0.030074
0.030149
0.029921
0.029727
0.029427
0.029904
0.030779
0.029423
0.029844
0.029602
0.029491
0.029863
0.029971
0.031934
0.032504
0.029880
0.029957
0.031748
0.030368
0.033442
0.032085
0.031202
0.033844
0.029765
0.029352
0.028952
0.028664
0.027637
0.036017
0.030186
0.029664
0.029822
0.030456
0.030051
0.030858
0.029857
0.029969
0.030066
0.031693
0.030950
0.031216
0.030677
0.029463
0.028267
0.027865
0.028008
0.028525
0.028267
0.028096
0.028164
0.027849
0.028296
0.028030
0.027791
0.027965
0.028090
0.028415
0.028412
0.028293
0.028529
0.028134
0.028198
0.028312
0.030312
0.028307
0.033198
0.028587
0.030295
0.027539
0.028286
0.027977
0.029010
0.027101
0.029535
0.030527
0.030418
0.029853
0.029502
0.033663
0.029000
0.031136
0.032962
0.096009
0.039435
0.037874
0.038569
0.038114
0.038429
0.036412
0.035355
0.035375
0.033045
0.033807
0.033886
0.033799
0.034062
0.033557
0.034065
0.033631
0.033663
0.034588
0.032218
0.033032
0.032870
0.032375
0.032471
0.033409
0.032652
0.032674
0.032601
0.032441
0.032594
0.032625
0.033406
0.032681
0.032096
0.036654
0.046584
0.032507
0.033705
0.031924
0.033444
0.033586
0.033096
0.034496
0.033301
0.033813
0.033852
0.032955
0.033951
0.034407
0.032999
0.033247
0.033142
0.033302
0.033818
0.033249
0.038296
0.031625
0.029362
0.029576
0.029664
0.029233
0.029388
0.029283
0.028092
0.027291
0.027635
0.027478
0.026956
0.028098
0.027431
0.027856
0.027938
0.028423
0.028100
0.028307
0.028129
0.027497
0.028181
0.027652
0.027011
0.028134
0.028893
0.026756
0.028118
0.028025
0.065021
0.072445
0.073899
0.045092
0.029032
0.031415
0.029382
0.029314
0.028900
0.029176
0.046800
0.027484
0.029619
0.030507
0.030352
0.030089
0.029983
0.030393
0.030060
0.030243
0.029086
0.030746
0.028488
0.028853
0.046224
0.067301
0.059785
0.031077
0.030111
0.032725
0.029552
0.029839
0.029219
0.044404
0.030104
0.029206
0.029207
0.030912
0.029891
0.036829
0.042130
0.029733
0.026066
0.040884
0.036140
0.028548
0.050206
0.029473
0.029876
0.030429
0.029717
0.031265
0.028965
0.029465
0.030261
0.030269
0.029825
0.029483
0.030386
0.036911
0.029823
0.031286
0.031760
0.032625
0.033926
0.031343
0.029872
0.030818
0.032952
0.041776
0.036079
0.032911
0.036017
0.035286
0.048933
0.039108
0.031591
0.029415
0.030906
0.028757
0.029176
0.028878
0.035064
0.030119
0.032804
0.029220
0.032313
0.029668
0.031650
0.031907
0.031463
0.037250
0.032019
0.030820
0.033015
0.030028
0.032391
0.030312
0.029539
0.029394
0.031451
0.029186
0.035263
0.029664
0.031572
0.032997
0.029723
0.029172
0.029428
0.030727
0.031069
0.029002
0.031909
0.032860
0.031766
0.032565
0.040151
0.035862
0.033796
0.035928
0.039618
0.046564
0.029541
0.038903
0.047434
0.034255
0.039213
0.031659
0.028012
0.042213
0.030360
0.039541
0.035987
0.029818
0.030029
0.029721
0.037008
0.038928
0.029973
0.031909
0.033477
0.033133
0.034158
0.032470
0.046842
0.037749
0.038619
0.029183
0.038208
0.041018
0.030592
0.035371
0.030832
0.038229
0.039529
0.027070
0.036716
0.030092
0.031116
0.030961
0.036057
0.042291
0.029209
0.037388
0.041124
0.036763
0.033253
0.035481
0.041602
0.034814
0.033090
0.030034
0.029489
0.029210
0.038251
0.029326
0.039466
0.030786
0.051955
0.041544
0.036295
0.027668
0.044391
0.030056
0.037760
0.032526
0.029752
0.032092
0.030556
0.032016
0.029504
0.030065
0.036076
0.031752
0.036357
0.040464
0.035139
0.036875
0.034470
0.032602
0.033307
0.033821
0.035691
0.034054
0.031855
0.034228
0.031562
0.031775
0.033133
0.033229
0.031101
0.029956
0.036161
0.038465
0.044277
0.036332
0.043087
0.036827
0.036344
0.035997
0.037663
0.038798
0.038214
0.037165
0.037180
0.057335
0.051029
0.036064
0.036350
0.035800
0.036612
0.035890
0.033792
0.047293
0.035583
0.029881
0.037316
0.030249
0.038179
0.029592
0.049964
0.039410
0.036277
0.032733
0.029312
0.034764
0.037773
0.029668
0.029460
0.031816
0.030460
0.030359
0.033644
0.031457
0.031281
0.031769
0.058993
0.049248
0.051079
0.039501
0.038978
0.029662
0.034200
0.033652
0.038132
0.041003
0.037815
0.045652
0.032522
0.038182
0.030945
0.045350
0.029079
0.029101
0.037261
0.034354
0.038451
0.032834
0.035147
0.033993
0.032266
0.034893
0.035352
0.034762
0.038077
0.028492
0.039807
0.039369
0.032573
0.028113
0.029850
0.038965
0.030290
0.036287
0.029069
0.031112
0.052273
0.029946
0.030450
0.039933
0.029736
0.038462
0.030425
0.028842
0.031822
0.025906
0.039741
0.033389
0.033887
0.029508
0.029380
0.033111
0.030338
0.030559
0.030607
0.030033
0.029319
0.039493
0.040562
0.029591
0.030052
0.032260
0.028928
0.029592
0.030187
0.029332
0.027522
0.040617
0.031922
0.030213
0.030152
0.027697
0.039196
0.034849
0.029689
0.026816
0.029494
0.029528
0.029108
0.035231
0.041650
0.029368
0.029542
0.029288
0.028718
0.038258
0.047070
0.029212
0.031869
0.031877
0.029860
0.029160
0.028591
0.032393
0.033012
0.028990
0.029144
0.039959
0.029168
0.036391
0.039506
0.032095
0.040108
0.039853
0.029133
0.039534
0.029264
0.029788
0.032130
0.033468
0.033781
0.042627
0.029287
0.030454
0.033499
0.033560
0.031245
0.029842
0.036404
0.035252
0.029079
0.029284
0.029044
0.031371
0.031618
0.030252
0.029579
0.038511
0.031028
0.031761
0.038013
0.034085
0.029831
0.037761
0.042717
0.037072
0.036738
0.029774
0.040616
0.029936
0.030357
0.040277
0.030517
0.037675
0.032079
0.033474
0.031748
0.039892
0.028928
0.033114
0.032704
0.032592
0.033198
0.032700
0.032549
0.032540
0.029246
0.037171
0.038612
0.029938
0.074901
0.055707
0.029657
0.031695
0.029775
0.029691
0.030046
0.029244
0.039274
0.031023
0.029626
0.029157
0.031851
0.028827
0.039479
0.030147
0.029666
0.030123
0.030873
0.029937
0.029109
0.035217
0.028842
0.032074
0.028807
0.033528
0.035589
0.036507
0.029153
0.031272
0.028543
0.030112
0.036587
0.028950
0.051199
0.029838
0.032009
0.027232
0.041141
0.031588
0.038139
0.028095
0.032316
0.029336
0.035871
0.028984
0.035297
0.031559
0.028968
0.040994
0.032467
0.034149
0.028031
0.030005
0.043671
0.036909
0.030232
0.029207
0.030175
0.029324
0.029707
0.029452
0.030180
0.035595
0.030324
0.031837
0.029699
0.031395
0.031979
0.031104
0.039029
0.029193
0.030495
0.040956
0.029767
0.029327
0.034683
0.028854
0.049372
0.044465
0.029418
0.029404
0.029013
0.031300
0.032274
0.032793
0.045458
0.030222
0.032520
0.028219
0.034866
0.028659
0.042873
0.031034
0.028692
0.042951
0.043730
0.031560
0.029443
0.035928
0.038510
0.046884
0.029263
0.031236
0.030954
0.037287
0.029534
0.029987
0.034784
0.038188
0.033423
0.031622
0.031557
0.031626
0.031746
0.031349
0.031199
0.031236
0.031328
0.031597
0.031654
0.029611
0.026082
0.039427
0.043608
0.033651
0.037157
0.034060
0.031989
0.031738
0.028430
0.038675
0.031696
0.032801
0.031358
0.029794
0.032316
0.028500
0.032073
0.030669
0.039500
0.041850
0.029551
0.031627
0.030046
0.033048
0.030160
0.032175
0.029623
0.030433
0.041981
0.036608
0.029268
0.029406
0.031137
0.029746
0.031673
0.031953
0.029353
0.028398
0.037557
0.028813
0.028984
0.040440
0.029341
0.027186
0.042364
0.029460
0.029144
0.029262
0.029555
0.046694
0.046586
0.036844
0.043581
0.034481
0.041182
0.035485
0.036043
0.043628
0.030337
0.030530
0.030615
0.030489
0.030152
0.030333
0.029048
0.032929
0.039672
0.031642
0.030913
0.044627
0.029441
0.031286
0.029189
0.032313
0.029668
0.037560
0.029310
0.032685
0.030072
0.048632
0.029563
0.029387
0.029349
0.029263
0.031556
0.030432
0.030049
0.029322
0.029365
0.031224
0.031083
0.029659
0.044569
0.029021
0.041802
0.041623
0.030720
0.042466
0.029010
0.041274
0.029572
0.028878
0.028660
0.028676
0.047045
0.031216
0.029958
0.029824
0.029450
0.031693
0.033709
0.031843
0.028976
0.031272
0.043163
0.039853
0.036009
0.031118
0.041088
0.031840
0.029746
0.031476
0.029426
0.031502
0.032225
0.035192
0.038061
0.038765
0.029284
0.034141
0.028092
0.032736
0.028080
0.029415
0.031957
0.041805
0.031654
0.032214
0.039611
0.032154
0.037227
0.033043
0.041328
0.033557
0.042338
0.036172
0.037615
0.031997
0.031460
0.038624
0.029576
0.029445
0.031049
0.033140
0.031910
0.037234
0.031779
0.032079
0.028844
0.040632
0.032943
0.029626
0.031606
0.035190
0.031570
0.045474
0.030675
0.032122
0.050213
0.062216
0.042105
0.030201
0.044175
0.031655
0.030918
0.032297
0.030109
0.030889
0.029297
0.034966
0.032092
0.029067
0.033122
0.038504
0.030169
0.033282
0.044075
0.041934
0.030570
0.032869
