0.024881
0.037655
0.028411
0.034275
0.039088
0.044303
0.035100
0.035725
0.035551
0.033974
0.032838
0.028755
0.035626
0.034893
0.030239
0.031919
0.035836
0.031036
0.031826
0.036662
0.040318
0.029640
0.028827
0.031785
0.036279
0.050924
0.030404
0.034497
0.029828
0.025659
0.029530
0.026274
0.034817
0.028938
0.029072
0.039757
0.039464
0.035656
0.038289
0.039144
0.039485
0.031145
0.041716
0.039548
0.033554
0.031567
0.038810
0.039283
0.039586
0.039005
0.030140
0.032518
0.035773
0.044335
0.037228
0.034433
0.034545
0.038244
0.028638
0.046940
0.029693
0.028385
0.032886
0.029544
0.032704
0.027651
0.035515
0.032364
0.029612
0.028558
0.029145
0.028280
0.027235
0.028628
0.028437
0.034967
0.032554
0.031946
0.033452
0.032976
0.032474
0.032849
0.038235
0.031172
0.029999
0.035573
0.026289
0.029752
0.027272
0.034721
0.032526
0.033700
0.032506
0.028676
0.027944
0.031096
0.032297
0.029261
0.029832
0.029249
0.034919
0.032205
0.034368
0.032558
0.035914
0.033770
0.031393
0.038980
0.039094
0.032766
0.033527
0.028919
0.029675
0.026710
0.032461
0.038955
0.039188
0.033573
0.032383
0.038920
0.038851
0.032662
0.029756
0.030199
0.030063
0.028921
0.032763
0.033782
0.031647
0.033750
0.028857
0.025640
0.029933
0.025756
0.029082
0.028811
0.030813
0.029037
0.029720
0.031615
0.033235
0.035036
0.028693
0.028264
0.030962
0.038548
0.037953
0.032765
0.038043
0.029484
0.033084
0.035457
0.036671
0.029337
0.039093
0.036786
0.032111
0.032284
0.031315
0.031779
0.031740
0.049185
0.034957
0.040345
0.042174
0.035678
0.033100
0.034065
0.030189
0.027528
0.034076
0.035766
0.032477
0.036453
0.034525
0.043239
0.028978
0.032847
0.034694
0.030353
0.036304
0.030013
0.023849
0.029604
0.025043
0.030123
0.025647
0.029777
0.024914
0.030081
0.025054
0.029088
0.028540
0.031186
0.029057
0.028685
0.030495
0.035026
0.031724
0.035476
0.040689
0.029025
0.029823
0.033575
0.039512
0.029479
0.029596
0.036194
0.028241
0.029145
0.043082
0.042262
0.033175
0.037495
0.036163
0.030102
0.025704
0.038995
0.038406
0.033415
0.029314
0.027845
0.028570
0.030458
0.026928
0.033809
0.034198
0.029267
0.027989
0.040024
0.033792
0.027969
0.029670
0.035894
0.029346
0.026037
0.039937
0.043730
0.036846
0.029603
0.026661
0.031469
0.034979
0.032725
0.034067
0.030026
0.029121
0.038270
0.034184
0.036325
0.031189
0.031631
0.048589
0.033228
0.035344
0.037677
0.040756
0.037087
0.041193
0.037136
0.035836
0.038967
0.041158
0.038268
0.037972
0.036402
0.029129
0.027789
0.035801
0.043088
0.046290
0.037733
0.033901
0.035614
0.035525
0.039221
0.033638
0.029784
0.031932
0.033917
0.029461
0.031596
0.032498
0.043242
0.028808
0.027711
0.034748
0.035458
0.041277
0.029356
0.029159
0.034797
0.033555
0.030226
0.028514
0.028125
0.033541
0.029297
0.028860
0.033952
0.030258
0.029453
0.032088
0.032417
0.039264
0.029213
0.029533
0.029257
0.034753
0.038573
0.037048
0.036296
0.028733
0.031005
0.030083
0.029574
0.033856
0.030509
0.029490
0.029191
0.034493
0.031383
0.030190
0.035025
0.032427
0.033741
0.038100
0.030314
0.030014
0.034977
0.028945
0.028901
0.035940
0.033781
0.029790
0.027864
0.036797
0.042203
0.033364
0.028621
0.028641
0.034236
0.031178
0.030172
0.027418
0.034168
0.035177
0.032796
0.032055
0.033052
0.032010
0.032408
0.041278
0.039133
0.037663
0.035454
0.037471
0.047192
0.035337
0.040158
0.027471
0.034998
0.032230
0.035960
0.031914
0.032228
0.039678
0.040210
0.036067
0.038186
0.047826
0.029574
0.034789
0.031821
0.034137
0.034130
0.034122
0.037487
0.030152
0.035282
0.039419
0.037996
0.044622
0.032643
0.028337
0.029654
0.033366
0.033925
0.028190
0.028109
0.031716
0.035481
0.034096
0.033423
0.028589
0.027313
0.034768
0.038039
0.035147
0.032824
0.031847
0.032385
0.034462
0.035059
0.028534
0.036739
0.037682
0.032447
0.028364
0.034328
0.035673
0.035258
0.035701
0.034234
0.032763
0.032540
0.034143
0.033540
0.032927
0.032438
0.034173
0.031599
0.033677
0.038346
0.036618
0.034122
0.032205
0.032388
0.034298
0.032237
0.032452
0.034047
0.032624
0.032287
0.033123
0.035988
0.034676
0.028220
0.036237
0.031546
0.031891
0.031583
0.035144
0.047704
0.046665
0.030137
0.034464
0.039196
0.034401
0.041133
0.090685
0.033476
0.049721
0.035394
0.030082
0.034721
0.045994
0.038709
0.048207
0.046539
0.037082
0.029955
0.032735
0.030160
0.034967
0.046542
0.039310
0.034583
0.036590
0.031544
0.029530
0.036105
0.032440
0.034280
0.032491
0.033954
0.039931
0.033802
0.032212
0.037056
0.032278
0.037050
0.030062
0.033863
0.034151
0.033922
0.028265
0.029321
0.033146
0.032348
0.028513
0.029481
0.029252
0.033702
0.032037
0.029369
0.029249
0.038494
0.037643
0.033237
0.035950
0.039722
0.027995
0.028430
0.031484
0.034418
0.030878
0.028708
0.033677
0.034819
0.040771
0.034643
0.029084
0.043267
0.041957
0.039694
0.029779
0.025376
0.029785
0.029373
0.034713
0.037435
0.028655
0.027052
0.029089
0.026083
0.029072
0.029635
0.035993
0.028722
0.030515
0.036420
0.040787
0.036281
0.031199
0.028096
0.035453
0.031647
0.044617
0.033112
0.031817
0.033710
0.034442
0.036206
0.044154
0.037994
0.034128
0.030730
0.042704
0.038616
0.050147
0.033099
0.041267
0.030183
0.034127
0.035056
0.032869
0.037083
0.029275
0.039318
0.034428
0.035345
0.034768
0.029452
0.038186
0.027972
0.038741
0.049291
0.028811
0.036356
0.037709
0.035049
0.044272
0.051036
0.030110
0.027789
0.032827
0.035325
0.034540
0.035407
0.034045
0.032349
0.033114
0.032363
0.035308
0.032455
0.032242
0.032520
0.030350
0.038266
0.033048
0.032359
0.032842
0.033645
0.032528
0.033653
0.033748
0.040013
0.035591
0.028891
0.028486
0.037348
0.039598
0.029322
0.030299
0.034593
0.032333
0.036071
0.031989
0.034027
0.031302
0.036000
0.033477
0.035771
0.067086
0.040802
0.038522
0.030750
0.034450
0.031452
0.038051
0.038448
0.034531
0.038649
0.032537
0.032112
0.032387
0.032731
0.033759
0.033796
0.032838
0.034543
0.032732
0.034372
0.041739
0.035631
0.030579
0.035491
0.032842
0.029376
0.028245
0.030947
0.032743
0.028751
0.030474
0.031589
0.038785
0.029753
0.031418
0.031653
0.037817
0.031572
0.030888
0.029000
0.036372
0.037798
0.036422
0.035885
0.033569
0.028212
0.032912
0.031181
0.036433
0.028578
0.029292
0.028425
0.029323
0.034879
0.038948
0.029265
0.029134
0.039397
0.031894
0.036237
0.039732
0.032693
0.031336
0.036105
0.036771
0.032425
0.034971
0.041116
0.033416
0.031573
0.033182
0.032410
0.032595
0.031971
0.031579
0.035655
0.029771
0.038048
0.037036
0.031921
0.036507
0.029844
0.035897
0.038146
0.033269
0.036616
0.032647
0.032254
0.035375
0.038866
0.038457
0.034536
0.032125
0.034245
0.033761
0.035135
0.034441
0.032185
0.039612
0.036439
0.034699
0.035252
0.035204
0.035585
0.035221
0.038080
0.038190
0.036220
0.036056
0.035930
0.035261
0.036268
0.036616
0.036218
0.036716
0.036847
0.036230
0.039415
0.037064
0.036772
0.035191
0.030299
0.034101
0.032175
0.033996
0.036928
0.037383
0.040341
0.035719
0.035728
0.032324
0.031961
0.030772
0.041449
0.032485
0.028862
0.028604
0.032226
0.038454
0.034227
0.029330
0.028775
0.031276
0.037129
0.035233
0.035059
0.034242
0.040251
0.038155
0.031862
0.032642
0.036168
0.032144
0.033717
0.030029
0.028298
0.037230
0.033237
0.034468
0.032799
0.035635
0.035772
0.039239
0.038548
0.048053
0.028835
0.032368
0.042171
0.033926
0.035798
0.029041
0.028579
0.029711
0.034084
0.033107
0.036812
0.037810
0.032557
0.034024
0.034659
0.039039
0.029576
0.035337
0.032349
0.032079
0.032035
0.032102
0.035457
0.035887
0.034275
0.035820
0.032838
0.035005
0.040699
0.033643
0.034700
0.033327
0.032181
0.034477
0.045051
0.039466
0.039129
0.032708
0.032835
0.037050
0.038270
0.032246
0.031798
0.033931
0.033194
0.032208
0.032697
0.032160
0.037990
0.036605
0.031710
0.033726
0.035390
0.029438
0.039177
0.031305
0.030399
0.033134
0.028623
0.032393
0.036608
0.035435
0.032647
0.036622
0.035165
0.036509
0.033230
0.034356
0.028256
0.029705
0.034326
0.035722
0.031908
0.033014
0.034681
0.038728
0.030469
0.028245
0.028950
0.034318
0.032063
0.031909
0.037515
0.039331
0.033851
0.034665
0.035618
0.032913
0.033093
0.033709
0.035484
0.036369
0.032423
0.035760
0.031573
0.032119
0.046346
0.027790
0.032768
0.034065
0.032932
0.033467
0.033292
0.040874
0.042548
0.036073
0.028834
0.028598
0.030898
0.035905
0.038635
0.034862
0.036723
0.033750
0.037329
0.033601
0.035708
0.034330
0.033496
0.027644
0.029359
0.036178
0.027772
0.031199
0.042567
0.035609
0.030506
0.034149
0.029568
0.025640
0.028537
0.027146
0.030665
0.033967
0.032799
0.029623
0.029068
0.028549
0.033396
0.032508
0.031523
0.039948
0.036559
0.030979
0.038191
0.033432
0.036501
0.030104
0.038644
0.028798
0.032951
0.028581
0.032178
0.038356
0.028736
0.028438
0.030981
0.038908
0.028318
0.031339
0.035476
0.034632
0.034610
0.038359
0.036524
0.035002
0.032336
0.033179
0.033517
0.032556
0.037015
0.039437
0.028673
0.031134
0.040315
0.032916
0.043522
0.028190
0.049370
0.029562
0.036097
0.033925
0.032858
0.032042
0.043036
0.030783
0.044326
0.042554
0.045963
0.027884
0.033641
0.036750
0.037858
0.049687
0.027988
0.042664
0.036395
0.029434
0.028668
0.038924
0.033613
0.033620
0.035346
0.050110
0.028324
0.053803
0.028858
0.029432
0.043583
0.034666
0.048635
0.034694
0.036301
0.037512
0.040545
0.039274
0.029123
0.036453
0.030996
0.029284
0.039456
0.034740
0.037360
0.033301
0.035038
0.038843
0.034053
0.031955
0.033089
0.035722
0.033767
0.033266
0.039492
0.040069
0.039060
0.029830
0.037563
0.029236
0.026485
0.033793
0.041026
0.044670
0.043101
0.038513
0.038488
0.040803
0.037462
0.038801
0.038388
0.032986
0.031347
0.029375
0.031056
0.040081
0.040583
0.040252
0.038916
0.029634
0.028991
0.053198
0.029089
0.039671
0.037034
0.035821
0.037948
0.028915
0.034734
0.048131
0.037360
0.028874
0.033527
0.033701
0.035598
0.037274
0.032443
0.037294
0.047327
0.036765
0.028786
0.028925
0.031314
0.033572
0.040619
0.038459
0.036611
0.029420
0.032274
0.034086
0.032404
0.032058
0.034416
0.032758
0.037680
0.056994
0.041335
0.034731
0.028600
0.028646
0.035120
0.032504
0.028472
0.031297
0.038679
0.035478
0.037764
0.036613
0.033717
0.033410
0.032715
0.031999
0.032578
0.031799
0.032593
0.032298
0.033688
0.035542
0.033106
0.032773
0.032928
0.037425
0.031398
0.036111
0.035359
0.032015
0.034358
0.033668
0.031874
0.034949
0.034079
0.033290
0.031077
0.033619
0.028971
0.031013
0.032882
0.036423
0.034427
0.031644
0.033237
0.038312
0.028563
0.029428
0.032260
0.035237
0.037472
0.040378
0.038701
0.038066
0.030128
0.034718
0.035274
0.036612
0.037354
0.032900
0.034701
0.034922
0.042054
0.033194
0.032131
0.036564
0.038839
0.031837
0.029420
0.031916
0.031677
0.030986
0.028572
0.029093
0.047232
0.028841
0.035967
0.032972
0.032685
0.028497
0.026525
0.028039
0.029770
0.030992
0.028492
0.029932
0.029705
0.028407
0.027335
0.036093
0.039154
0.032874
0.034216
0.032780
0.045506
0.031588
0.031971
0.027107
0.029169
0.029791
0.028153
0.032759
0.031478
0.037646
0.039497
0.026930
0.028781
0.029093
0.031104
0.036465
0.028873
0.030606
0.044372
0.039436
0.039546
0.045134
0.029347
0.039631
0.038642
0.033208
0.046646
0.030321
0.029644
0.035561
0.030935
0.029997
0.038383
0.030492
0.028658
0.032647
0.033360
0.036841
0.028635
0.033247
0.028666
0.027484
0.028416
0.027459
0.041289
0.030464
0.029063
0.033269
0.031840
0.030570
0.041009
0.028547
0.031214
0.027769
0.028770
0.029211
0.030976
0.032250
0.034631
0.028935
0.030884
0.029020
0.031188
0.032016
0.038942
0.037576
0.036616
0.029773
0.035718
0.034478
0.029769
0.029424
0.037390
0.029649
0.038445
0.029530
0.034087
0.034266
0.038440
0.040088
0.038074
0.042006
0.035206
0.028732
0.028958
0.038833
0.034959
0.035338
0.031517
0.035568
0.031706
0.031840
0.031210
0.029016
0.030854
0.029619
0.034628
0.036058
0.032516
0.032315
0.032607
0.034878
0.030421
0.028282
0.032357
0.032846
0.032658
0.031994
0.040530
0.027271
0.030323
0.032957
0.032927
0.038702
0.030908
0.033333
0.033403
0.032017
0.031934
0.033855
0.033485
0.033760
0.043612
0.031343
0.031933
0.032388
0.029747
0.029865
0.029133
0.040969
0.051503
0.041202
0.034534
0.038583
0.034281
0.040914
0.036077
0.050260
0.072494
0.041683
0.030096
0.034426
0.032308
0.029334
0.034064
0.033748
0.029109
0.032141
0.029840
0.031497
0.032616
0.028766
0.028581
0.031410
0.032361
0.031309
0.033840
0.036783
0.031858
0.029320
0.027823
0.030170
0.028754
0.030699
0.027526
0.031081
0.025557
0.044009
0.031424
0.028714
0.026815
0.028419
0.029232
0.038177
0.027248
0.043833
0.037406
0.036515
0.035605
0.035327
0.034916
0.035294
0.035210
0.029894
0.034786
0.034569
0.038793
0.035837
0.038494
0.033533
0.035411
0.034111
0.032741
0.037588
0.034388
0.031801
0.032011
0.036919
0.032528
0.034828
0.029121
0.028669
0.032023
0.037349
0.034472
0.037340
0.033302
0.033421
0.030203
0.030403
0.028864
0.028245
0.028931
0.036584
0.036534
0.034163
0.030557
0.030044
0.031966
0.029230
0.034366
0.031123
0.038921
0.031379
0.032343
0.029449
0.036745
0.039012
0.032058
0.030559
0.033973
0.036107
0.030676
0.035558
0.043252
0.033462
0.037174
0.036406
0.031016
0.032664
0.031917
0.040052
0.040626
0.030367
0.032860
0.031595
0.030297
0.037142
0.032270
0.030556
0.033291
0.035204
0.033782
0.036331
0.029337
0.031946
0.032922
0.032270
0.041636
0.034016
0.031982
0.031865
0.032337
0.032178
0.035455
0.044067
0.033111
0.030549
0.031353
0.035279
0.030828
0.030801
0.032207
0.035304
0.032943
0.042628
0.036260
0.036017
0.035924
0.034784
0.037199
0.035144
0.035304
0.036335
0.036050
0.035853
0.036872
0.035286
0.035796
0.036418
0.034482
0.035994
0.029665
0.028569
0.028484
0.033708
0.035114
0.039934
