0.015953
0.032134
0.031789
0.039355
0.031345
0.031515
0.047701
0.032006
0.037511
0.032533
0.031980
0.032032
0.070604
0.038269
0.040390
0.029516
0.029668
0.036426
0.039077
0.030956
0.031990
0.031887
0.031673
0.032032
0.027097
0.032376
0.031690
0.029778
0.031210
0.032567
0.034686
0.029830
0.030985
0.033344
0.030728
0.029831
0.030125
0.031878
0.033795
0.035192
0.035315
0.038939
0.028747
0.029870
0.028834
0.029615
0.028439
0.030317
0.030365
0.031557
0.040103
0.030140
0.028225
0.037943
0.029763
0.032475
0.029806
0.031615
0.036780
0.032024
0.030013
0.033711
0.029493
0.029974
0.038641
0.040545
0.033419
0.032550
0.030886
0.034522
0.047665
0.031658
0.031543
0.031492
0.041034
0.041463
0.031206
0.031365
0.031932
0.031474
0.038701
0.030022
0.031765
0.032127
0.034528
0.033519
0.033213
0.029986
0.030796
0.031072
0.031759
0.034114
0.033015
0.030876
0.029691
0.031489
0.030682
0.030094
0.029404
0.031477
0.038193
0.029423
0.028955
0.037693
0.047395
0.029350
0.036741
0.055725
0.030599
0.033021
0.038594
0.027665
0.041453
0.027545
0.029817
0.043971
0.044035
0.030398
0.029816
0.039238
0.039284
0.038059
0.033518
0.033804
0.038566
0.046263
0.030633
0.030324
0.032901
0.031869
0.031792
0.031356
0.034642
0.029939
0.030063
0.034394
0.030504
0.035450
0.029541
0.029800
0.030005
0.034431
0.029647
0.031793
0.032245
0.030888
0.030496
0.030790
0.030447
0.037800
0.057269
0.045884
0.028001
0.039902
0.035521
0.034787
0.034319
0.040992
0.038652
0.039906
0.039112
0.040684
0.039005
0.039139
0.039076
0.039872
0.038745
0.036688
0.039260
0.035999
0.036301
0.035669
0.035777
0.035704
0.035505
0.036880
0.035279
0.035320
0.036195
0.036760
0.036419
0.035994
0.034491
0.043157
0.035886
0.035299
0.035958
0.035989
0.031600
0.030830
0.033846
0.032496
0.030257
0.033223
0.029941
0.029462
0.029756
0.029318
0.030607
0.029579
0.038094
0.029309
0.031590
0.032563
0.030534
0.033025
0.031118
0.031798
0.032393
0.035474
0.032593
0.043950
0.029447
0.027052
0.029651
0.037628
0.030620
0.027884
0.026713
0.039290
0.033711
0.032056
0.035540
0.031341
0.031971
0.038148
0.030542
0.028632
0.030835
0.031646
0.031402
0.033085
0.029883
0.029557
0.032254
0.035254
0.031800
0.037266
0.029642
0.039003
0.031587
0.029374
0.032445
0.032141
0.030060
0.029435
0.029460
0.029471
0.035209
0.029357
0.036279
0.028816
0.029341
0.037601
0.032707
0.030411
0.032627
0.030657
0.029965
0.029697
0.033095
0.040852
0.030350
0.028612
0.037403
0.030354
0.034322
0.031962
0.028245
0.029757
0.028759
0.029088
0.034221
0.028996
0.031885
0.038176
0.029184
0.027825
0.032216
0.037287
0.029375
0.034580
0.030553
0.030094
0.034815
0.030949
0.030062
0.034502
0.033589
0.032952
0.032557
0.031724
0.045717
0.033288
0.032928
0.045318
0.055387
0.049485
0.038750
0.035432
0.036498
0.035617
0.035633
0.035758
0.035551
0.035641
0.036937
0.035996
0.036215
0.036185
0.034486
0.037179
0.036500
0.036536
0.036028
0.035732
0.036079
0.035743
0.035841
0.029940
0.029383
0.031085
0.029703
0.031831
0.032795
0.038042
0.029022
0.048401
0.029410
0.032188
0.038549
0.037243
0.038254
0.037751
0.039798
0.035810
0.030557
0.029316
0.029817
0.029734
0.029064
0.029567
0.036620
0.036297
0.046440
0.034947
0.039073
0.037224
0.037046
0.031605
0.042722
0.029517
0.031258
0.038968
0.041502
0.032575
0.035715
0.037303
0.036786
0.037661
0.036545
0.040251
0.041055
0.033676
0.039332
0.034503
0.037130
0.036991
0.031517
0.032601
0.036270
0.037288
0.039671
0.044531
0.041680
0.036353
0.030304
0.030112
0.033290
0.031937
0.033385
0.030145
0.030149
0.029915
0.029433
0.029308
0.029733
0.029588
0.030555
0.037359
0.030542
0.031157
0.033378
0.029763
0.037779
0.030244
0.029650
0.028205
0.037180
0.040009
0.044340
0.031738
0.025454
0.030597
0.029967
0.035832
0.029797
0.032767
0.030687
0.029990
0.032084
0.032290
0.044837
0.030596
0.042029
0.029761
0.038060
0.030765
0.029984
0.032406
0.030111
0.032050
0.033651
0.035075
0.036614
0.037900
0.029780
0.031315
0.033153
0.032256
0.032357
0.031807
0.036015
0.029109
0.029273
0.033742
0.027830
0.039108
0.042624
0.061861
0.047745
0.036535
0.044657
0.043331
0.033175
0.029313
0.052688
0.044501
0.036721
0.037407
0.041092
0.036876
0.037746
0.037922
0.037693
0.032570
0.046985
0.041854
0.039657
0.038682
0.038615
0.038244
0.035835
0.037292
0.033506
0.029334
0.028586
0.030482
0.032333
0.030022
0.031403
0.032621
0.046102
0.030158
0.045230
0.039773
0.030918
0.028104
0.038527
0.030616
0.033475
0.031549
0.035749
0.026978
0.037170
0.033480
0.030951
0.034804
0.036608
0.032201
0.031751
0.030971
0.032615
0.033652
0.033499
0.033857
0.030613
0.032655
0.033315
0.033345
0.041885
0.028510
0.027663
0.029105
0.028264
0.035424
0.029873
0.029220
0.032645
0.036350
0.039910
0.039429
0.042568
0.038242
0.036556
0.030294
0.028821
0.028913
0.029947
0.035814
0.040384
0.029846
0.030056
0.036897
0.037662
0.042868
0.029820
0.029653
0.042286
0.031013
0.031731
0.033805
0.044547
0.031655
0.031100
0.029897
0.032199
0.040849
0.035649
0.030302
0.032748
0.036634
0.033301
0.036695
0.032227
0.031066
0.030194
0.029868
0.038695
0.031268
0.039210
0.029355
0.034113
0.033633
0.031990
0.029833
0.029699
0.030381
0.032261
0.032017
0.031249
0.029882
0.030414
0.029686
0.029776
0.037749
0.031392
0.029621
0.031278
0.031923
0.031431
0.037777
0.038693
0.035713
0.041920
0.039702
0.030373
0.029641
0.030847
0.031709
0.033252
0.029970
0.031225
0.032309
0.032115
0.030141
0.029781
0.030607
0.032046
0.030950
0.053153
0.061022
0.051407
0.041502
0.051506
0.032986
0.028957
0.029414
0.038776
0.029207
0.040327
0.028520
0.029108
0.029308
0.038547
0.028719
0.036727
0.033339
0.039591
0.033304
0.029619
0.031815
0.028945
0.030004
0.035325
0.028811
0.030318
0.032198
0.029499
0.031747
0.029350
0.037051
0.032589
0.029868
0.031805
0.031654
0.031022
0.029422
0.028998
0.034256
0.031138
0.029832
0.029378
0.028096
0.034604
0.033111
0.030468
0.029432
0.032379
0.028768
0.033344
0.030218
0.036961
0.035058
0.028896
0.036437
0.029907
0.029755
0.041947
0.030681
0.034775
0.028851
0.032235
0.031993
0.031101
0.031125
0.033986
0.033184
0.038115
0.031570
0.032139
0.030242
0.031677
0.033899
0.030617
0.031731
0.031629
0.032099
0.037124
0.033162
0.032926
0.032945
0.035194
0.036568
0.029873
0.032281
0.029619
0.029173
0.031359
0.028400
0.030761
0.029340
0.027801
0.036590
0.035177
0.034086
0.037458
0.032021
0.032331
0.038233
0.037861
0.038224
0.037912
0.038868
0.045859
0.033349
0.038147
0.042647
0.030244
0.040524
0.040358
0.043969
0.031332
0.040059
0.054445
0.053586
0.043640
0.042232
0.034137
0.037738
0.032796
0.035644
0.038094
0.034996
0.031964
0.032015
0.028866
0.039830
0.028886
0.029231
0.036395
0.027824
0.029625
0.027122
0.028355
0.028407
0.026653
0.028203
0.028398
0.028115
0.028115
0.027489
0.027617
0.027887
0.029011
0.028301
0.028401
0.028284
0.027964
0.028426
0.028494
0.029329
0.029155
0.038379
0.040483
0.046690
0.046830
0.050966
0.050749
0.049022
0.059125
0.044132
0.048112
0.049895
0.042204
0.028862
0.029733
0.033103
0.050181
0.043381
0.028637
0.028028
0.028197
0.028696
0.029129
0.029418
0.027910
0.028287
0.028191
0.027360
0.029154
0.029232
0.028120
0.028286
0.028075
0.028749
0.027682
0.028237
0.028105
0.028123
0.028447
0.028126
0.028524
0.028301
0.028343
0.028013
0.028447
0.028093
0.028005
0.035224
0.026045
0.027188
0.027588
0.027082
0.027820
0.027972
0.027424
0.026540
0.031054
0.027354
0.036050
0.027873
0.027185
0.032819
0.025470
0.027262
0.033198
0.025541
0.030818
0.032762
0.026267
0.029547
0.026734
0.026949
0.027817
0.026453
0.027581
0.027229
0.027526
0.025989
0.028322
0.026311
0.026294
0.028011
0.027809
0.028286
0.026890
0.027497
0.027916
0.028543
0.028506
0.028510
0.029973
0.027131
0.026806
0.027507
0.027543
0.026891
0.030247
0.029342
0.028720
0.029263
0.028985
0.030745
0.029862
0.029028
0.029564
0.030161
0.029285
0.029869
0.031340
0.029168
0.029781
0.030170
0.029929
0.030148
0.030038
0.029803
0.030090
0.029503
0.028863
0.028961
0.029340
0.029038
0.029750
0.029707
0.029959
0.030354
0.029268
0.029119
0.029542
0.029682
0.029312
0.029515
0.028444
0.029539
0.027730
0.028327
0.028136
0.028573
0.028519
0.028228
0.028661
0.029328
0.028649
0.028466
0.028238
0.028329
0.027870
0.028271
0.028570
0.028620
0.028739
0.028283
0.028062
0.028403
0.028369
0.028705
0.029814
0.028859
0.028947
0.028302
0.029134
0.029098
0.028813
0.028768
0.029307
0.029221
0.028704
0.029684
0.029284
0.028748
0.029320
0.029504
0.029295
0.029256
0.029068
0.029001
0.028273
0.029864
0.028915
0.028950
0.029378
0.029292
0.044930
0.038811
0.038222
0.037244
0.037144
0.034482
0.032928
0.032989
0.032329
0.033926
0.034178
0.033114
0.033677
0.033479
0.033762
0.033268
0.032979
0.033520
0.035255
0.032280
0.033600
0.033082
0.032851
0.032681
0.033205
0.034850
0.032270
0.028812
0.027969
0.028377
0.029134
0.027982
0.027913
0.027481
0.028035
0.028010
0.027530
0.027018
0.027952
0.027951
0.026233
0.027452
0.026783
0.027441
0.027135
0.027318
0.027215
0.027836
0.027712
0.030202
0.035820
0.027704
0.026778
0.027817
0.027440
0.027166
0.028415
0.028756
0.029281
0.029011
0.028362
0.028456
0.028685
0.038748
0.029167
0.029150
0.030099
0.029564
0.029682
0.029666
0.030015
0.027908
0.034058
0.028931
0.029858
0.028696
0.030349
0.028596
0.028919
0.027934
0.027089
0.027353
0.027782
0.027810
0.028797
0.036170
0.031958
0.029330
0.038068
0.029979
0.031832
0.035980
0.027564
0.032725
0.027468
0.027563
0.039807
0.086651
0.071996
0.049153
0.028600
0.028425
0.027263
0.028347
0.028351
0.028008
0.029992
0.038748
0.028124
0.031111
0.030247
0.029942
0.030320
0.030179
0.030132
0.030568
0.030707
0.030185
0.030487
0.048862
0.048683
0.044178
0.028910
0.026293
0.027098
0.026845
0.027705
0.026124
0.026838
0.027417
0.039299
0.027735
0.027782
0.028751
0.030471
0.030569
0.035964
0.028966
0.036349
0.032771
0.031873
0.029571
0.035962
0.034637
0.029562
0.030715
0.036117
0.029868
0.030974
0.028574
0.029899
0.039492
0.028533
0.039348
0.031306
0.032081
0.031026
0.029032
0.030384
0.032764
0.032823
0.030071
0.029131
0.032852
0.034833
0.034259
0.038850
0.035714
0.041877
0.040221
0.039274
0.029990
0.028282
0.035702
0.030595
0.035982
0.040289
0.026983
0.046116
0.032052
0.036948
0.029482
0.030473
0.029446
0.030151
0.043594
0.031656
0.030724
0.041846
0.030701
0.030123
0.037463
0.031129
0.033686
0.030544
0.033313
0.030787
0.032801
0.035565
0.037341
0.031511
0.046964
0.029790
0.030883
0.032593
0.032523
0.030033
0.029764
0.034741
0.028728
0.029877
0.030810
0.031911
0.034079
0.035794
0.033747
0.034296
0.033986
0.036374
0.033685
0.032538
0.033936
0.033415
0.033825
0.035321
0.033017
0.045571
0.029438
0.038346
0.036178
0.033172
0.036838
0.034293
0.030038
0.029273
0.025655
0.030908
0.029144
0.029463
0.028982
0.029721
0.033696
0.031971
0.033252
0.030055
0.031237
0.031033
0.049062
0.052258
0.048786
0.030389
0.043721
0.027564
0.031237
0.030131
0.029750
0.032889
0.030679
0.029530
0.030642
0.028308
0.039662
0.032753
0.033549
0.034338
0.043863
0.036233
0.030849
0.032073
0.031453
0.035772
0.030107
0.031059
0.032866
0.032313
0.031410
0.038405
0.029725
0.029932
0.033122
0.035701
0.034304
0.029500
0.030768
0.042161
0.039456
0.031536
0.031953
0.032225
0.032920
0.029514
0.031060
0.029218
0.029596
0.034965
0.032060
0.029987
0.031368
0.029716
0.030027
0.029741
0.038845
0.026701
0.030392
0.035031
0.032208
0.032027
0.032918
0.031227
0.029113
0.031682
0.037418
0.028812
0.037288
0.046490
0.031007
0.035500
0.032398
0.030489
0.032346
0.029009
0.032115
0.036585
0.030443
0.030154
0.029810
0.036917
0.029399
0.027111
0.030789
0.030095
0.029430
0.034712
0.033429
0.029315
0.029717
0.040269
0.039988
0.028932
0.039930
0.029258
0.027995
0.030569
0.029156
0.026757
0.030729
0.030038
0.032435
0.029971
0.029670
0.040634
0.048083
0.030285
0.029090
0.028037
0.030943
0.033903
0.031960
0.031647
0.044416
0.031849
0.030228
0.036011
0.030906
0.030839
0.034216
0.030628
0.038440
0.030170
0.037110
0.034348
0.031710
0.043315
0.036124
0.050985
0.040402
0.036931
0.035680
0.035746
0.038621
0.039647
0.047906
0.037412
0.035426
0.035696
0.030743
0.039511
0.029469
0.028406
0.038309
0.038858
0.029392
0.036151
0.033750
0.073584
0.029871
0.033704
0.028518
0.030502
0.029431
0.036464
0.041785
0.026560
0.035156
0.040299
0.030102
0.034026
0.039234
0.038255
0.031408
0.030157
0.030610
0.029417
0.029331
0.033947
0.031840
0.029910
0.032719
0.030205
0.030267
0.033083
0.030077
0.045353
0.029385
0.028459
0.035255
0.033712
0.029805
0.045756
0.032421
0.035032
0.031531
0.030029
0.030349
0.030872
0.031384
0.034377
0.035773
0.033696
0.030725
0.030102
0.031228
0.032377
0.030069
0.031356
0.032672
0.030061
0.032281
0.032470
0.029768
0.031143
0.040561
0.032943
0.030356
0.033276
0.038612
0.033747
0.032449
0.032708
0.032272
0.031967
0.034712
0.037192
0.033769
0.029711
0.032364
0.031878
0.031421
0.031824
0.032081
0.031302
0.031267
0.027439
0.040574
0.035736
0.030534
0.032820
0.030493
0.028250
0.030735
0.038976
0.033084
0.031144
0.028313
0.031463
0.030359
0.031311
0.049905
0.038327
0.031516
0.037374
0.042770
0.033149
0.033087
0.032556
0.029658
0.035225
0.032346
0.031201
0.029610
0.030240
0.031045
0.030134
0.030818
0.029959
0.028048
0.031948
0.028207
0.030275
0.030618
0.026943
0.031467
0.030499
0.031055
0.028198
0.030389
0.028965
0.033965
0.029392
0.030854
0.030154
0.030018
0.034438
0.056974
0.057847
0.030513
0.034436
0.028224
0.030643
0.035649
0.034478
0.031094
0.028237
0.043144
0.032849
0.028869
0.058995
0.031457
0.030921
0.030473
0.030256
0.033754
0.034038
0.034064
0.032218
0.035974
0.033218
0.037880
0.048345
0.043689
0.041452
0.038532
0.029628
0.030679
0.030195
0.032845
0.035884
0.039702
0.039881
0.029396
0.039497
0.031797
0.028214
0.030778
0.030139
0.028182
0.030460
0.029040
0.029794
0.033751
0.031187
0.029623
0.030899
0.031752
0.028932
0.029515
0.033434
0.029263
0.030758
0.029594
0.029661
0.026671
0.030970
0.029564
0.034151
0.029736
0.031506
0.032343
0.034765
0.043323
0.034914
0.031003
0.031738
0.034305
0.025941
0.030200
0.026975
0.036575
0.040578
0.029314
0.029444
0.036979
0.027128
0.029631
0.029612
0.043130
0.030193
0.029964
0.031340
0.047268
0.033905
0.033772
0.038261
0.031661
0.027457
0.031631
0.032282
0.029695
0.030990
0.031593
0.029524
0.031032
0.032446
0.028710
0.029788
0.029962
0.036846
0.027364
0.030517
0.030198
0.029315
0.034754
0.027569
0.027298
0.029512
0.029340
0.033666
0.030248
0.029970
0.029380
0.028602
0.033729
0.030027
0.029575
0.029040
0.030601
0.030234
0.028322
0.031684
0.030291
0.029941
0.031061
0.029519
0.044570
0.032045
0.036372
0.038210
0.030179
0.028906
0.033994
0.031818
0.035450
0.043111
0.031128
0.035775
0.025839
0.031256
0.030109
0.030167
0.026825
0.027305
0.032621
0.027832
0.030257
0.027744
0.029782
0.032016
0.032012
0.031663
0.032235
0.050172
0.029319
0.029028
0.029282
0.030062
0.030960
0.030422
0.028571
0.033202
0.029819
0.029635
0.029834
0.027413
0.029670
0.030145
0.031070
0.030820
0.029609
0.029014
0.038060
0.031053
0.032958
0.029333
0.028483
0.040244
0.035697
0.029787
0.028313
0.035764
0.038629
0.042952
0.036871
0.038921
0.040158
0.031849
0.030195
0.029675
0.034277
0.029870
0.031830
0.029124
0.052839
0.035699
0.034024
0.033487
0.036444
0.039344
0.029037
0.039994
0.059965
0.046634
0.031134
0.039654
0.035699
0.032070
0.027251
0.030206
0.030529
0.029294
0.030904
0.030360
0.026773
0.043362
0.033920
0.029565
0.029199
0.039251
0.040157
0.035056
0.033048
0.040693
0.043089
0.030378
0.031150
0.040788
0.039061
0.028383
0.046004
0.034595
0.031575
0.046656
0.035594
0.041844
0.034140
0.029836
0.031969
0.030022
0.029105
0.031751
0.031000
0.029917
0.031754
0.031872
0.030731
0.027987
0.044285
0.044375
0.037428
0.037751
0.037740
0.036922
0.037066
0.037952
0.037841
0.037226
0.038042
0.036786
0.039399
0.038601
0.040202
0.037176
0.036641
0.035725
0.036449
0.036712
0.036259
0.035832
0.035551
0.034580
0.028553
0.044064
0.031411
0.029630
0.027385
0.037188
0.029984
0.030446
0.029729
0.031729
0.029965
0.030689
0.030171
0.029755
0.027824
0.038380
0.029679
0.029254
0.041793
0.027463
0.031880
0.027623
0.030915
0.029944
0.032263
0.042088
0.032133
0.048364
0.030074
0.028691
0.030411
0.029210
0.027315
0.030001
0.031276
0.032044
0.030540
0.048855
0.044652
0.045270
0.040783
0.027504
0.031523
0.034251
0.029135
0.026640
0.038664
0.029321
0.028213
0.042594
0.040011
0.030096
0.036387
0.029029
0.031378
0.029876
0.032126
0.032574
0.029840
0.029296
0.033216
0.031513
0.033125
0.030420
0.026833
0.030081
0.029687
0.026959
0.029711
0.029581
0.030617
0.032327
0.031370
0.035987
0.031276
0.029986
0.029251
0.036353
0.026925
0.042387
0.038022
0.036766
0.027270
0.030690
0.031539
0.078688
0.046263
0.037544
0.035095
0.041771
0.030065
0.030407
0.038244
0.026739
0.030251
0.029174
0.029642
0.029960
0.031935
0.034281
0.031626
0.030091
0.032775
0.029879
0.030348
0.029863
0.035094
0.031665
0.030102
0.037844
0.034570
0.035100
0.035089
0.044781
0.041459
0.041067
0.030373
0.030649
0.034918
0.030777
0.031588
0.036422
0.029572
0.026875
0.030389
0.029005
0.027447
0.040119
0.029769
0.029302
0.035689
0.044281
0.030592
0.030865
0.029855
0.030401
0.033499
0.032955
0.029763
0.045162
0.032944
0.059145
0.036776
0.036274
0.034927
0.035923
0.035892
0.035824
0.037522
0.038579
0.037002
0.044430
0.047095
0.054748
0.044047
0.039428
0.038386
0.034966
0.030490
0.041273
0.030559
0.031951
0.030241
0.030776
0.030552
0.027566
0.030905
0.030835
0.031862
0.029173
0.029639
0.030180
0.026541
0.030638
0.029451
0.031475
0.031196
0.036924
0.029648
0.027308
0.036695
0.041970
0.039961
0.038725
0.029348
0.035066
0.036256
0.036063
0.040816
0.032003
0.028081
0.038352
0.037908
0.029165
0.030334
0.029577
0.036869
0.039705
0.030802
0.032435
0.032111
0.032054
0.040566
0.032365
0.029970
0.032074
0.030097
0.030329
0.048701
0.035458
0.029680
0.032866
0.033184
0.036665
0.032631
0.039292
0.032511
0.032855
0.032998
0.048940
0.035265
0.036109
0.035785
0.036158
0.036174
0.037881
0.032478
0.037400
0.038230
0.037221
0.044814
0.038858
0.039340
0.039024
0.030486
0.028670
0.028402
0.029333
0.030163
0.029345
0.030943
0.028726
0.041058
0.037148
0.030896
0.030337
0.032920
0.029892
0.027527
0.035696
0.029668
0.027133
0.038696
0.028587
0.040514
0.039876
0.038630
0.029163
0.026858
0.029367
0.032264
0.030351
0.029709
0.042156
0.029711
0.029109
0.036791
0.027767
0.034645
0.031116
0.028968
0.030751
0.033497
0.029488
0.031414
0.030323
0.030607
0.031986
0.030370
0.025654
0.028044
0.044060
0.029670
0.029690
0.029161
0.028028
0.031775
0.030191
0.029518
0.029603
0.029343
0.030912
0.036214
0.032623
0.033884
0.026329
0.030360
0.027829
0.029150
0.031599
0.029505
0.029244
0.043810
0.026837
0.030371
0.026711
0.030046
0.030163
0.027715
0.031086
0.037404
0.030439
0.027899
0.034139
0.032025
0.036724
0.034514
0.048769
0.042191
0.034762
0.038731
0.033618
0.029630
0.029903
0.038204
0.032255
0.034675
0.043370
0.029649
0.029422
0.029116
0.032293
0.029560
0.031319
0.031826
0.033427
0.033886
0.030863
0.030897
0.030373
0.033826
0.030319
0.031413
0.034834
0.030902
0.038531
0.045067
0.036556
0.036662
0.034723
0.038076
0.036654
0.109270
0.042412
0.031151
0.039939
0.029611
0.030153
0.029532
0.030184
0.028618
0.040063
0.029470
0.029549
0.029751
0.033036
0.034238
0.029571
0.035201
0.046692
0.031059
0.030908
0.036512
0.030351
0.029262
0.033905
0.027882
0.030911
0.028452
0.031310
0.031708
0.037199
0.033118
0.030813
0.037897
0.034384
0.030864
0.040553
0.028118
0.030622
0.032961
0.042106
0.035393
0.029503
0.031929
0.036226
0.035393
0.027927
0.035188
0.034247
0.033387
0.031695
0.032112
0.026061
0.029867
0.039699
0.035126
0.029793
0.029261
0.030498
0.027689
0.029849
0.029632
0.029336
0.039905
0.032979
0.031770
0.034159
0.033226
0.033480
0.034739
0.031165
0.034087
0.040975
0.033139
0.032069
0.033270
0.038641
0.040022
0.033451
0.038599
0.032993
0.036582
0.032130
0.046483
0.031418
0.032410
0.033484
0.033588
0.031226
0.032043
0.030856
0.032536
0.031566
0.032715
0.032572
0.032262
0.039960
0.037715
0.029889
0.036027
0.029660
0.029694
0.030730
0.028531
0.032902
0.028654
0.030159
0.029992
0.035413
0.030781
0.031833
0.042096
0.039716
0.040874
0.046283
0.031710
0.028936
0.030690
0.031382
0.036805
0.040727
0.038754
0.041245
0.030945
0.029429
0.029974
0.046892
0.030364
0.028822
0.041465
0.039614
0.032941
0.035223
0.029327
0.033834
0.033149
0.036640
0.033719
0.034808
0.029094
0.030629
0.038515
0.028596
0.028159
0.040313
0.037946
0.031952
0.032844
0.033321
0.032494
0.034173
0.038553
0.029260
0.028967
0.041583
0.051403
0.042533
0.034137
0.030060
0.036555
0.033913
0.036321
0.036720
0.032192
0.029789
0.032419
0.033464
0.038439
0.030042
0.029523
0.027271
0.042608
0.036894
0.037405
0.041973
0.031749
0.046204
0.028228
0.030510
0.030242
0.033023
0.032832
0.033270
0.044354
0.029302
0.030968
0.031764
0.032099
0.029776
0.029789
0.037657
0.026659
0.042086
0.032481
0.029403
0.028942
0.031829
0.031795
0.032959
0.031771
0.037524
0.032087
0.029230
0.029711
0.039635
0.035777
0.033062
0.042224
0.036040
0.029539
0.027830
0.032568
0.028992
0.029783
0.035671
0.030174
0.027968
0.043053
0.039385
0.036103
0.035622
0.036095
0.041867
0.046034
0.037287
0.037474
0.037994
0.036175
0.036153
0.029532
0.029800
0.037925
0.039499
0.037477
0.029730
0.048789
0.036676
0.031416
0.029228
0.038838
0.027977
0.030896
0.030936
0.029118
0.029042
0.036280
0.032353
0.041478
0.025712
0.030452
0.034756
0.051776
0.031344
0.034595
0.031411
0.029578
0.034753
0.036924
0.029782
0.031633
0.028616
0.043930
0.028939
0.029978
0.040964
0.036068
0.030236
0.027506
0.035432
0.039477
0.040310
0.040523
0.030572
0.029326
0.037938
0.029410
0.027405
0.029329
0.027286
0.030063
0.031294
0.029415
0.030807
0.027084
0.036495
0.039776
0.033396
0.031874
0.030159
0.031559
0.033002
0.032486
0.029530
0.029451
0.034504
0.035931
0.028091
0.032562
0.033691
0.039868
0.030216
0.042009
0.030009
0.034008
0.029338
0.038468
0.036533
0.037109
0.032239
0.036074
0.032236
0.029754
0.048227
0.050705
0.036230
0.038012
0.030777
0.030300
0.027973
0.035755
0.030536
0.032184
0.036171
0.028728
0.040407
0.029948
0.038737
0.030246
0.028905
0.034619
0.028976
0.032524
0.028976
0.030970
0.029632
0.030511
0.034325
0.029756
0.027466
0.043344
0.028395
0.030328
0.029964
0.030785
0.033092
0.033550
0.031968
0.032166
0.031407
0.030486
0.036273
0.039430
0.029392
0.030952
0.029859
0.029483
0.031683
0.030238
0.029237
0.032667
0.029501
0.030764
0.030657
0.031878
0.030301
0.029894
0.029637
0.031286
0.031938
0.032175
0.031117
0.030050
0.027453
0.028396
0.028635
0.028055
0.029468
0.028542
0.028220
0.028630
0.028760
0.027725
0.028169
0.027448
0.027768
0.028277
0.028388
0.028074
0.028431
0.028229
0.030189
0.039159
0.048987
0.045741
0.052555
0.057045
0.056493
0.045792
0.046351
0.047311
0.041507
0.067920
0.049594
0.028900
0.049868
0.042038
0.028358
0.028704
0.027910
0.028363
0.031225
0.029387
0.029954
0.027262
0.028466
0.027709
0.028274
0.028296
0.028045
0.028381
0.028018
0.028442
0.028133
0.027735
0.027600
0.029090
0.028969
0.026902
0.027795
0.029139
0.027580
0.028238
0.027509
0.031954
0.067698
0.036311
0.028473
0.028528
0.032449
0.036641
0.029172
0.029588
0.030736
0.033143
0.028698
0.028330
0.030114
0.029310
0.026874
0.028766
0.037049
0.064651
0.044453
0.030423
0.039412
0.039705
0.029778
0.028225
0.031477
0.031509
0.029870
0.028114
0.028416
0.028974
0.028718
0.028923
0.028795
0.029890
0.029377
0.028673
0.028852
0.029276
0.028265
0.029148
0.028884
0.028173
0.029642
0.028931
0.030140
0.028934
0.028767
0.030188
0.029618
0.032652
0.031312
0.032002
0.030994
0.030321
0.030167
0.029863
0.030215
0.029706
0.030571
0.029982
0.029557
0.030281
0.029062
0.028292
0.028399
0.027976
0.029206
0.029521
0.027651
0.029504
0.029635
0.028197
0.028308
0.028248
0.028082
0.028611
0.028758
0.027878
0.028457
0.028632
0.028127
0.028287
0.029193
0.028220
0.028493
0.028171
0.027717
0.028815
0.029456
0.028831
0.029025
0.028340
0.029591
0.028300
0.029623
0.028786
0.029108
0.028867
0.028859
0.028450
0.028793
0.028740
0.028462
0.028957
0.028836
0.028668
0.028614
0.028643
0.029193
0.028983
0.028661
0.028886
0.028313
0.028570
0.027822
0.029826
0.028905
0.032364
0.027499
0.028157
0.028006
0.028357
0.028384
0.027969
0.028198
0.031130
0.030531
0.030525
0.030220
0.030435
0.030387
0.029996
0.028066
0.027860
0.027259
0.026305
0.027208
0.026694
0.026893
0.026545
0.026974
0.028303
0.082943
0.031502
0.040307
0.029791
0.028467
0.029283
0.029529
0.029341
0.028980
0.028360
0.030103
0.029587
0.030088
0.028500
0.028153
0.028206
0.028316
0.029227
0.027577
0.026748
0.026859
0.027865
0.027879
0.027954
0.028612
0.029393
0.027624
0.030373
0.027868
0.033607
0.031062
0.032109
0.026516
0.030806
0.040566
0.028226
0.027922
0.027562
0.028050
0.028282
0.027726
0.028165
0.028231
0.028064
0.027855
0.028099
0.028066
0.027606
0.028267
0.028262
0.029686
0.028254
0.029137
0.028310
0.028733
0.028044
0.029576
0.028763
0.028894
0.027982
0.027930
0.028245
0.027842
0.028833
0.027703
0.028451
0.029456
0.029251
0.029918
0.028767
0.027791
0.027549
0.027259
0.027656
0.027866
0.027927
0.027085
0.057494
0.068869
0.051144
0.032341
0.032138
0.031741
0.031319
0.031440
0.038499
0.040763
0.029063
0.030109
0.030622
0.030052
0.030482
0.030354
0.030560
0.030611
0.030601
0.030536
0.031236
0.042426
0.054592
0.076903
0.028519
0.028208
0.028910
0.028766
0.028814
0.028471
0.029202
0.031432
0.028739
0.028225
0.029586
0.038951
0.037387
0.030808
0.029000
0.049741
0.050535
0.047264
0.039173
0.051661
0.038748
0.029296
0.028319
0.048360
0.037366
0.028966
0.031515
0.044168
0.044446
0.036408
0.034761
0.028500
0.046583
0.038377
0.029752
0.042528
0.037861
0.039728
0.026984
0.051132
0.029460
0.029072
0.060634
0.031019
0.030950
0.040524
0.030433
0.026109
0.029778
0.040595
0.026372
0.030710
0.028312
0.030573
0.029875
0.033257
0.030954
0.030721
0.026224
0.046369
0.028430
0.027513
0.029225
0.028948
0.037249
