0.012219
0.028536
0.027121
0.028449
0.028002
0.028351
0.028953
0.029060
0.029027
0.028296
0.027811
0.027174
0.027566
0.028340
0.028410
0.028255
0.026853
0.028519
0.026386
0.027606
0.027593
0.026519
0.027944
0.027916
0.027740
0.028432
0.027373
0.027602
0.028323
0.028358
0.028780
0.028116
0.028362
0.027802
0.027938
0.028731
0.027982
0.027879
0.031157
0.027892
0.027760
0.028812
0.027926
0.028493
0.027623
0.027720
0.027807
0.027964
0.027698
0.028057
0.037374
0.038815
0.042889
0.036605
0.044492
0.035352
0.044909
0.032081
0.035789
0.032879
0.034780
0.033331
0.032601
0.034144
0.034226
0.033154
0.034458
0.033863
0.034564
0.035417
0.034655
0.034319
0.033106
0.031630
0.039932
0.039096
0.034938
0.036074
0.028561
0.029088
0.028599
0.028415
0.028626
0.028583
0.027659
0.028258
0.026658
0.027462
0.027341
0.026701
0.025941
0.026481
0.026744
0.025198
0.028279
0.027047
0.026972
0.027188
0.026584
0.026179
0.027154
0.026046
0.026464
0.026681
0.027492
0.029293
0.026446
0.026563
0.026495
0.026078
0.026908
0.026861
0.026565
0.026785
0.026759
0.026782
0.026553
0.026843
0.027823
0.028754
0.027015
0.027059
0.026656
0.027191
0.030620
0.027524
0.029546
0.029361
0.029422
0.029676
0.031084
0.030204
0.028920
0.028974
0.028903
0.031075
0.032272
0.039683
0.034481
0.031032
0.028661
0.028151
0.028111
0.028354
0.028857
0.029164
0.028151
0.028007
0.028286
0.027978
0.034723
0.028989
0.029063
0.028344
0.028731
0.029044
0.029527
0.029878
0.032637
0.034680
0.032609
0.027050
0.030283
0.028480
0.029165
0.027901
0.027959
0.028296
0.029664
0.028829
0.029378
0.029017
0.028118
0.028923
0.029060
0.029288
0.027842
0.028943
0.027584
0.027651
0.028622
0.028078
0.027948
0.028311
0.032233
0.032282
0.034434
0.035332
0.039630
0.028324
0.029691
0.037237
0.026336
0.030144
0.030795
0.026437
0.039530
0.026973
0.026681
0.027829
0.028055
0.026570
0.028165
0.027549
0.028354
0.028195
0.028617
0.026968
0.027208
0.026662
0.027034
0.028008
0.028794
0.028411
0.027739
0.028217
0.028456
0.026337
0.028235
0.028174
0.028645
0.028677
0.027184
0.027565
0.026661
0.026964
0.026020
0.027269
0.027486
0.027227
0.027464
0.027014
0.027068
0.031943
0.029793
0.029960
0.029338
0.027738
0.028001
0.029544
0.028808
0.028771
0.029412
0.028371
0.061563
0.127546
0.045745
0.031487
0.031492
0.031937
0.032521
0.031119
0.033390
0.030745
0.032020
0.031475
0.032614
0.028846
0.029412
0.029251
0.033020
0.032758
0.030479
0.032924
0.064823
0.054925
0.030303
0.028000
0.027614
0.028044
0.030799
0.027928
0.028421
0.030967
0.038595
0.028468
0.027449
0.029917
0.037519
0.024787
0.046939
0.033836
0.030186
0.031202
0.031622
0.031417
0.030820
0.030760
0.031717
0.030512
0.032304
0.028313
0.033209
0.029157
0.030420
0.045594
0.031974
0.030271
0.032236
0.031735
0.035433
0.028536
0.041648
0.031379
0.032465
0.035474
0.031005
0.031049
0.030925
0.029940
0.039994
0.030991
0.030784
0.030388
0.030698
0.034134
0.031374
0.028147
0.040542
0.030495
0.037179
0.031765
0.030362
0.030677
0.034542
0.044641
0.032256
0.033141
0.031227
0.034766
0.030865
0.030704
0.030288
0.039744
0.028988
0.032747
0.032254
0.041009
0.034492
0.038065
0.029505
0.029178
0.038335
0.029236
0.030575
0.039908
0.054995
0.041873
0.030502
0.026772
0.059920
0.038102
0.032204
0.034677
0.045038
0.031392
0.032045
0.030288
0.029152
0.030822
0.038791
0.036876
0.038044
0.031296
0.029493
0.029286
0.033921
0.028630
0.030855
0.028589
0.032040
0.028982
0.028126
0.039973
0.039882
0.051944
0.039404
0.037112
0.030203
0.029385
0.029591
0.028186
0.045554
0.030023
0.034658
0.037238
0.039580
0.030463
0.033111
0.031870
0.033457
0.043656
0.028858
0.032492
0.029212
0.041293
0.034624
0.034017
0.030431
0.045219
0.039263
0.041539
0.039799
0.034892
0.031873
0.030694
0.034730
0.041282
0.032487
0.033001
0.040525
0.029454
0.041572
0.029334
0.028496
0.031073
0.028314
0.028830
0.039686
0.034699
0.039934
0.028961
0.028570
0.032054
0.029785
0.038219
0.029581
0.031233
0.030541
0.032423
0.029589
0.040196
0.029109
0.037560
0.031807
0.029156
0.037809
0.031420
0.032554
0.031045
0.032835
0.031327
0.031141
0.031625
0.041191
0.031131
0.031351
0.031936
0.043166
0.042347
0.035818
0.028973
0.036963
0.035242
0.040481
0.030265
0.029278
0.028882
0.031182
0.029063
0.029492
0.031233
0.034737
0.036740
0.032839
0.028733
0.028895
0.031111
0.033831
0.031667
0.038656
0.030468
0.044311
0.040335
0.031420
0.035493
0.029556
0.030794
0.032829
0.035926
0.034289
0.042449
0.030787
0.031398
0.042166
0.029395
0.028880
0.031194
0.048157
0.040990
0.036626
0.042333
0.052212
0.044069
0.037883
0.028449
0.037595
0.038288
0.031969
0.031838
0.040989
0.028744
0.033305
0.029252
0.028510
0.039913
0.033035
0.030205
0.031131
0.028847
0.031277
0.030852
0.028972
0.028941
0.029259
0.029267
0.030860
0.029219
0.031051
0.033000
0.035897
0.030864
0.040684
0.028446
0.029219
0.037805
0.028389
0.029445
0.033128
0.029858
0.031069
0.028877
0.032104
0.030552
0.031375
0.031909
0.036504
0.031691
0.035530
0.028865
0.039079
0.031256
0.030997
0.031218
0.052325
0.035626
0.036722
0.028251
0.036069
0.031343
0.035755
0.039855
0.027701
0.032063
0.032919
0.029963
0.031187
0.037171
0.047184
0.039643
0.032121
0.042442
0.030943
0.029247
0.029357
0.033986
0.030769
0.031395
0.028572
0.028936
0.029545
0.030695
0.037662
0.028197
0.031615
0.041716
0.029736
0.030818
0.038935
0.029107
0.041502
0.028866
0.032793
0.031750
0.044553
0.041896
0.045566
0.040767
0.031929
0.031209
0.031404
0.032422
0.032007
0.030433
0.027984
0.040587
0.028699
0.030466
0.029859
0.029465
0.052914
0.033234
0.031473
0.036144
0.030492
0.033080
0.027718
0.038764
0.027091
0.036254
0.033666
0.029714
0.031258
0.033545
0.028153
0.031164
0.031160
0.031922
0.031755
0.031559
0.032657
0.029847
0.034992
0.041293
0.040136
0.050945
0.036596
0.039558
0.031325
0.028697
0.029887
0.029600
0.029261
0.031490
0.030031
0.034778
0.036095
0.031709
0.040123
0.032353
0.031172
0.040035
0.043831
0.050604
0.029511
0.034566
0.031273
0.036998
0.039952
0.029651
0.044920
0.028712
0.035005
0.031997
0.039505
0.049597
0.029673
0.030903
0.041591
0.040936
0.052287
0.038203
0.034778
0.031372
0.029221
0.031587
0.035272
0.040748
0.034602
0.047314
0.029399
0.049007
0.038950
0.035471
0.044243
0.038664
0.028437
0.044279
0.036919
0.036765
0.044362
0.030197
0.031366
0.035554
0.036685
0.040240
0.027327
0.036510
0.034849
0.034139
0.032299
0.031592
0.038307
0.039275
0.030893
0.033787
0.042104
0.036440
0.036062
0.032046
0.036310
0.030172
0.030525
0.030337
0.040642
0.038357
0.028404
0.035599
0.040447
0.034835
0.030772
0.036464
0.028780
0.044292
0.029463
0.037009
0.035415
0.044674
0.033620
0.032732
0.053761
0.045449
0.040513
0.044453
0.031152
0.038077
0.028344
0.030304
0.045152
0.029243
0.038531
0.032039
0.041864
0.035833
0.042096
0.039652
0.040255
0.046925
0.042349
0.030862
0.033279
0.031326
0.029799
0.033633
0.032645
0.030624
0.037367
0.031633
0.030590
0.033021
0.039716
0.031428
0.029213
0.035311
0.030095
0.043216
0.030199
0.031322
0.032146
0.031659
0.029351
0.032178
0.045594
0.032287
0.032764
0.039332
0.033167
0.044150
0.032707
0.032065
0.031441
0.031329
0.031444
0.031270
0.028829
0.031277
0.029747
0.031615
0.029845
0.029004
0.044519
0.029930
0.029642
0.031252
0.036921
0.032036
0.031254
0.032612
0.040953
0.029425
0.028741
0.029463
0.031024
0.028907
0.030514
0.035733
0.029068
0.032926
0.030857
0.046925
0.032330
0.029052
0.030658
0.028980
0.030554
0.031129
0.032439
0.049442
0.029456
0.042083
0.027899
0.032870
0.037325
0.028689
0.034019
0.029130
0.028452
0.033780
0.029362
0.029538
0.034811
0.030047
0.036731
0.031416
0.031941
0.040299
0.029184
0.032382
0.031519
0.045352
0.043434
0.032110
0.048158
0.028958
0.037913
0.030029
0.032774
0.031241
0.029729
0.043133
0.030719
0.029247
0.029309
0.037881
0.035858
0.030281
0.030758
0.040244
0.028845
0.039421
0.031557
0.028446
0.029619
0.031149
0.041966
0.029777
0.028785
0.029799
0.038426
0.028490
0.033641
0.029110
0.031668
0.028486
0.053246
0.034901
0.038383
0.038158
0.030399
0.043607
0.040758
0.029082
0.028723
0.029471
0.029527
0.043536
0.041593
0.032894
0.052956
0.037948
0.031060
0.030651
0.030363
0.037856
0.029891
0.031143
0.042286
0.031314
0.028279
0.031172
0.029607
0.029012
0.029603
0.029146
0.029347
0.039104
0.028850
0.031189
0.040660
0.029515
0.037391
0.030286
0.030601
0.031458
0.030538
0.032989
0.031511
0.031180
0.029123
0.032359
0.032527
0.031958
0.029948
0.032331
0.042759
0.028855
0.028561
0.030154
0.029868
0.030711
0.029680
0.028464
0.030608
0.036731
0.043288
0.050053
0.038286
0.030625
0.038051
0.031796
0.041709
0.028975
0.033480
0.029033
0.030839
0.030524
0.028724
0.028258
0.030813
0.037891
0.029167
0.039895
0.029245
0.033511
0.043115
0.040077
0.042813
0.035221
0.030686
0.030632
0.031913
0.030350
0.031430
0.030343
0.032044
0.030471
0.030147
0.030020
0.045393
0.032376
0.030515
0.030024
0.030200
0.037454
0.028031
0.036350
0.034997
0.035887
0.034810
0.031109
0.037688
0.031781
0.035997
0.038144
0.038252
0.040664
0.029139
0.029604
0.034977
0.029147
0.034269
0.035809
0.030230
0.030551
0.030852
0.029919
0.038954
0.033501
0.027637
0.041258
0.027712
0.038133
0.030773
0.030439
0.031099
0.035709
0.036630
0.035286
0.045882
0.037376
0.038104
0.037096
0.037559
0.036738
0.037289
0.048206
0.036211
0.036357
0.037352
0.036760
0.036757
0.036725
0.036981
0.036281
0.035918
0.035519
0.046059
0.036782
0.034948
0.034875
0.049413
0.036475
0.031137
0.029079
0.032895
0.034905
0.026102
0.039884
0.031044
0.037997
0.031414
0.031614
0.031306
0.028444
0.028879
0.031271
0.039640
0.028027
0.031580
0.028813
0.029108
0.030735
0.034470
0.034059
0.025332
0.033916
0.037840
0.033728
0.034075
0.029307
0.032409
0.028589
0.038502
0.028778
0.030948
0.034649
0.031172
0.028918
0.031191
0.028878
0.043475
0.037178
0.036095
0.034439
0.051288
0.036436
0.035612
0.045174
0.042441
0.029069
0.030677
0.036518
0.031045
0.043816
0.028829
0.034033
0.028659
0.037740
0.035636
0.031027
0.030966
0.029945
0.028408
0.030803
0.037272
0.029295
0.027844
0.032279
0.033639
0.040661
0.030384
0.035711
0.030249
0.029749
0.028461
0.028739
0.028356
0.028373
0.027829
0.028215
0.046982
0.028090
0.030895
0.039843
0.030352
0.031839
0.034158
0.032382
0.031703
0.036513
0.032706
0.029252
0.034173
0.036212
0.028333
0.033840
0.042373
0.030920
0.028478
0.032415
0.035774
0.045876
0.041272
0.032921
0.030890
0.031946
0.036214
0.040440
0.028975
0.028542
0.029753
0.031322
0.032012
0.052886
0.042621
0.031798
0.035810
0.029859
0.028731
0.040929
0.028795
0.039651
0.034652
0.040577
0.032379
0.033427
0.036200
0.056720
0.042746
0.037329
0.056110
0.044981
0.044503
0.030296
0.029774
0.031278
0.029451
0.028611
0.049449
0.028596
0.035646
0.056688
0.035921
0.032705
0.038780
0.040480
0.029198
0.032979
0.035407
0.029718
0.029581
0.028945
0.030752
0.029050
0.028700
0.027785
0.039122
0.042258
0.045474
0.036453
0.029869
0.029037
0.029035
0.041617
0.030328
0.032451
0.028450
0.028668
0.033164
0.031166
0.037966
0.039342
0.029469
0.028248
0.041163
0.028771
0.037395
0.028404
0.044065
0.025305
0.041551
0.034086
0.035703
0.028666
0.030456
0.028939
0.032346
0.039253
0.029058
0.035304
0.036921
0.048583
0.038490
0.041585
0.052116
0.050155
0.045253
0.030818
0.030665
0.030665
0.030702
0.030472
0.031402
0.035370
0.030849
0.036500
0.029063
0.034120
0.031096
0.029778
0.027330
0.041636
0.030791
0.031214
0.028721
0.038117
0.029535
0.043826
0.030100
0.030207
0.040370
0.028705
0.028838
0.029122
0.028573
0.028189
0.028579
0.028443
0.029177
0.028661
0.048750
0.030941
0.035915
0.035554
0.035105
0.035292
0.035147
0.035408
0.034620
0.034768
0.034629
0.033872
0.035197
0.034572
0.035118
0.036581
0.035268
0.036376
0.035658
0.034897
0.035210
0.034516
0.048864
0.038304
0.035937
0.035396
0.034302
0.028898
0.028533
0.029671
0.034232
0.029207
0.030129
0.031882
0.033751
0.030580
0.047890
0.029691
0.028755
0.030059
0.035943
0.028839
0.026280
0.034804
0.037090
0.048447
0.035909
0.034749
0.036137
0.036192
0.036097
0.036474
0.029363
0.028007
0.033645
0.029139
0.029097
0.037680
0.043257
0.055247
0.029675
0.046502
0.048648
0.029362
0.030695
0.029948
0.031616
0.030703
0.029664
0.027828
0.031336
0.044036
0.030852
0.028994
0.063690
0.047208
0.029495
0.029556
0.029023
0.028891
0.031824
0.028842
0.028791
0.029299
0.032705
0.028316
0.028240
0.032260
0.028661
0.039548
0.028158
0.030176
0.033095
0.035578
0.028841
0.043791
0.031676
0.030563
0.035692
0.028435
0.033018
0.028280
0.028902
0.029095
0.043202
0.036688
0.035805
0.036002
0.028837
0.026418
0.032207
0.028745
0.044390
0.029797
0.034229
0.030389
0.038852
0.040292
0.036450
0.031016
0.030379
0.039572
0.027630
0.028252
0.030449
0.040961
0.027828
0.028228
0.028646
0.030474
0.030066
0.029209
0.032657
0.029914
0.030699
0.028755
0.028189
0.031588
0.045649
0.028002
0.043863
0.031979
0.032291
0.042825
0.034144
0.032566
0.031728
0.034131
0.030147
0.039418
0.042654
0.025763
0.044782
0.028952
0.026688
0.030968
0.030089
0.037278
0.042917
0.042820
0.032012
0.039799
0.026759
0.029755
0.032355
0.041980
0.033298
0.044848
0.031331
0.028932
0.029572
0.030243
0.034746
0.031252
0.033160
0.040417
0.038501
0.037091
0.028730
0.028396
0.040032
0.028190
0.027878
0.026136
0.029042
0.027892
0.028460
0.025191
0.037874
0.038705
0.031769
0.032077
0.034062
0.028816
0.028608
0.036825
0.037261
0.030927
0.026754
0.032138
0.044961
0.026945
0.026595
0.028776
0.038798
0.029812
0.028595
0.034201
0.028510
0.028585
0.028531
0.029011
0.028979
0.028343
0.040314
0.035373
0.035409
0.029731
0.028201
0.029176
0.028365
0.033170
0.032128
0.040791
0.032424
0.046774
