0.013175
0.031346
0.030294
0.030933
0.029522
0.028932
0.028571
0.030057
0.028287
0.028174
0.028883
0.027803
0.027085
0.028376
0.028985
0.028310
0.027631
0.027855
0.027809
0.027103
0.027546
0.027793
0.027462
0.028416
0.028045
0.029454
0.029347
0.029321
0.029800
0.028985
0.030396
0.031756
0.029622
0.030501
0.029910
0.029991
0.030157
0.030289
0.030471
0.029879
0.029937
0.030039
0.029356
0.030819
0.033344
0.031739
0.028996
0.031441
0.028612
0.028340
0.030184
0.028720
0.029228
0.029504
0.028683
0.030881
0.029962
0.031681
0.030195
0.031314
0.031607
0.030662
0.030591
0.030772
0.030308
0.031467
0.030805
0.030120
0.031397
0.031777
0.030337
0.031758
0.030126
0.029931
0.031713
0.032223
0.029965
0.030644
0.029718
0.030338
0.031461
0.030951
0.031578
0.031526
0.030860
0.030527
0.031146
0.031799
0.031547
0.031859
0.030225
0.031962
0.030518
0.028337
0.028353
0.029525
0.028908
0.029168
0.028775
0.028093
0.029942
0.027908
0.028994
0.028235
0.029020
0.039490
0.026715
0.028123
0.028307
0.030215
0.028183
0.027616
0.028600
0.028870
0.029253
0.029196
0.028902
0.028527
0.027593
0.029187
0.028225
0.028037
0.027652
0.028053
0.028170
0.029143
0.028130
0.027998
0.028864
0.028037
0.030190
0.028608
0.028387
0.028113
0.028551
0.028178
0.027714
0.027796
0.028589
0.027924
0.028603
0.027468
0.029579
0.028433
0.028385
0.028396
0.028341
0.029241
0.027617
0.028328
0.028991
0.026999
0.027529
0.028150
0.027478
0.027910
0.027982
0.028162
0.027783
0.027740
0.028039
0.029594
0.028505
0.027970
0.035198
0.026334
0.027199
0.030315
0.027663
0.028084
0.028018
0.027901
0.027632
0.027890
0.027486
0.027860
0.029688
0.027545
0.027474
0.027429
0.028146
0.028212
0.027529
0.027429
0.030223
0.027916
0.027239
0.027879
0.028375
0.028392
0.028077
0.028196
0.027071
0.028049
0.028331
0.027201
0.027288
0.027647
0.027387
0.027589
0.029391
0.027766
0.027865
0.028118
0.028731
0.027947
0.028311
0.028463
0.027355
0.027009
0.031340
0.028235
0.033420
0.028702
0.028135
0.092960
0.067860
0.059992
0.045460
0.033771
0.031804
0.037605
0.033057
0.031257
0.034864
0.032728
0.034310
0.032878
0.033022
0.032629
0.031309
0.028329
0.030148
0.031204
0.027943
0.030004
0.045226
0.059294
0.051066
0.032825
0.032917
0.032139
0.028589
0.028990
0.029885
0.031083
0.029469
0.029525
0.030644
0.035621
0.031914
0.030800
0.030540
0.031673
0.030481
0.035908
0.029013
0.038069
0.032534
0.030331
0.031036
0.030530
0.030523
0.030813
0.031878
0.030200
0.046072
0.030869
0.032269
0.029891
0.030882
0.040174
0.033064
0.045432
0.044671
0.035149
0.031553
0.044474
0.031814
0.033985
0.044944
0.035797
0.037839
0.032529
0.030138
0.030808
0.035393
0.039238
0.031196
0.031172
0.042806
0.030209
0.035937
0.032759
0.035685
0.034942
0.033557
0.035555
0.044968
0.036568
0.034705
0.030591
0.031616
0.031570
0.031141
0.031106
0.029492
0.029801
0.034217
0.037035
0.030962
0.032461
0.030577
0.031347
0.032448
0.029924
0.037555
0.030941
0.040951
0.042711
0.039326
0.030121
0.029950
0.045521
0.035600
0.038281
0.052917
0.041623
0.046529
0.037235
0.037723
0.036879
0.037804
0.038991
0.046841
0.041488
0.054765
0.037285
0.031119
0.029640
0.030920
0.029853
0.030232
0.029914
0.029585
0.035698
0.030242
0.030114
0.029510
0.031324
0.040125
0.029640
0.032457
0.031496
0.031081
0.033282
0.037021
0.035261
0.031074
0.030513
0.029741
0.029405
0.030524
0.032724
0.034121
0.029481
0.032880
0.038524
0.031696
0.036905
0.036424
0.031402
0.032534
0.031432
0.030711
0.030305
0.031447
0.029428
0.031905
0.031294
0.030043
0.031507
0.030797
0.030161
0.036474
0.040662
0.030593
0.031092
0.036761
0.037609
0.031865
0.029962
0.038721
0.031291
0.031316
0.038054
0.031031
0.030032
0.030149
0.031758
0.038261
0.029415
0.029720
0.031004
0.029520
0.039764
0.040863
0.029909
0.030530
0.029496
0.031658
0.029631
0.031152
0.029814
0.029664
0.035333
0.030157
0.029790
0.031623
0.030941
0.030694
0.031852
0.031283
0.037633
0.029748
0.037916
0.028924
0.039029
0.031711
0.043341
0.029902
0.030432
0.029993
0.042508
0.030111
0.030396
0.029802
0.031558
0.033191
0.031388
0.030105
0.030282
0.029826
0.029821
0.031494
0.029634
0.029266
0.038837
0.031079
0.031605
0.049438
0.041938
0.031890
0.035236
0.044832
0.030871
0.031143
0.029316
0.031416
0.029417
0.039329
0.031676
0.042500
0.031526
0.030649
0.035378
0.035064
0.031246
0.032292
0.029724
0.044303
0.030285
0.033026
0.040294
0.030715
0.033921
0.029758
0.029941
0.029762
0.031046
0.036348
0.031930
0.031750
0.029413
0.030825
0.026480
0.044027
0.029668
0.029521
0.031637
0.037533
0.031895
0.030995
0.031945
0.030931
0.031090
0.029284
0.034597
0.031562
0.033246
0.038434
0.029941
0.030171
0.031960
0.029709
0.030500
0.029961
0.034867
0.035781
0.032191
0.029557
0.030509
0.036192
0.029674
0.036506
0.029913
0.035924
0.029855
0.030396
0.037125
0.042225
0.040198
0.035139
0.044327
0.031177
0.034109
0.029250
0.029543
0.040326
0.038867
0.034770
0.031674
0.029533
0.029236
0.029982
0.029686
0.029531
0.029084
0.034862
0.037048
0.039768
0.030450
0.031680
0.033108
0.029526
0.051065
0.041057
0.029816
0.029916
0.033342
0.053068
0.043064
0.031409
0.029048
0.040340
0.029872
0.034151
0.029045
0.033004
0.034310
0.038208
0.036365
0.034075
0.028356
0.034659
0.036839
0.031829
0.034272
0.038473
0.029748
0.031344
0.032786
0.037281
0.033010
0.034749
0.046676
0.029199
0.028254
0.034629
0.031202
0.031714
0.039185
0.034766
0.033808
0.033433
0.032676
0.034920
0.035401
0.029804
0.039704
0.037098
0.034367
0.028507
0.028971
0.035122
0.029436
0.032111
0.030489
0.040223
0.029703
0.032396
0.043401
0.029402
0.034782
0.031169
0.029861
0.041215
0.035783
0.029452
0.028410
0.029826
0.032268
0.028113
0.032199
0.029003
0.029519
0.027983
0.040668
0.031918
0.045942
0.036814
0.029648
0.032021
0.028621
0.028565
0.034237
0.028324
0.028557
0.037639
0.029331
0.043694
0.032705
0.029333
0.031089
0.029700
0.029516
0.030144
0.029007
0.029737
0.030445
0.030847
0.033674
0.037327
0.040079
0.029284
0.030550
0.029483
0.029183
0.029365
0.032667
0.042217
0.030220
0.031008
0.033162
0.034513
0.029291
0.033308
0.031315
0.029069
0.030581
0.031255
0.030873
0.029923
0.029624
0.029180
0.031631
0.041751
0.028947
0.039017
0.032245
0.032960
0.044556
0.030655
0.038973
0.036219
0.034618
0.040520
0.031170
0.038867
0.033022
0.048153
0.034537
0.033700
0.033788
0.034318
0.045743
0.033998
0.050393
0.040799
0.029626
0.042416
0.048934
0.041364
0.029704
0.055227
0.035810
0.029099
0.035183
0.032157
0.029121
0.034819
0.029361
0.031001
0.039368
0.041372
0.031520
0.040176
0.043638
0.029885
0.029766
0.029904
0.042509
0.035542
0.031458
0.041519
0.031797
0.031054
0.038299
0.070464
0.054036
0.036209
0.034616
0.031341
0.035643
0.029508
0.048100
0.029409
0.035902
0.032857
0.042411
0.031005
0.029254
0.032645
0.040891
0.035198
0.037520
0.032514
0.030339
0.029771
0.044622
0.029972
0.035785
0.029665
0.029706
0.041450
0.029398
0.042379
0.030023
0.029926
0.030221
0.038459
0.030201
0.031077
0.030006
0.040586
0.031009
0.028942
0.028541
0.030207
0.039937
0.042368
0.040063
0.037665
0.031754
0.029008
0.060515
0.056000
0.042366
0.039489
0.032176
0.030808
0.032424
0.030330
0.035780
0.030850
0.035260
0.028698
0.029495
0.031119
0.029042
0.039097
0.031229
0.043074
0.029422
0.030583
0.028986
0.043709
0.055056
0.057840
0.037390
0.029241
0.030652
0.037141
0.030902
0.034198
0.037643
0.041466
0.041291
0.029671
0.030765
0.046654
0.034513
0.032576
0.045620
0.034062
0.032504
0.033747
0.030987
0.029998
0.041709
0.038618
0.029553
0.031472
0.040154
0.030383
0.030560
0.044679
0.030959
0.030875
0.028429
0.032783
0.033419
0.031873
0.029436
0.028005
0.045968
0.029346
0.028950
0.032077
0.029346
0.040559
0.029708
0.030247
0.032080
0.040555
0.028605
0.039342
0.029479
0.030432
0.044475
0.029581
0.029737
0.031245
0.041165
0.030179
0.029727
0.030950
0.029686
0.029410
0.029706
0.035309
0.028521
0.029613
0.029469
0.029655
0.031261
0.039507
0.029697
0.029958
0.040877
0.031080
0.033785
0.030452
0.033017
0.030029
0.031336
0.030376
0.029369
0.029753
0.029637
0.055240
0.063396
0.046116
0.029404
0.040121
0.045832
0.029267
0.042229
0.031727
0.030899
0.031981
0.030684
0.028511
0.040505
0.029282
0.031596
0.031752
0.035014
0.029965
0.030592
0.035768
0.040705
0.028906
0.043326
0.031904
0.038850
0.035341
0.040797
0.033256
0.041719
0.034710
0.029435
0.038192
0.036647
0.029528
0.029225
0.028581
0.033376
0.032640
0.030119
0.032596
0.044827
0.029537
0.041321
0.032990
0.031287
0.030196
0.029497
0.040392
0.028978
0.035066
0.029530
0.029298
0.035210
0.030857
0.041474
0.036596
0.030243
0.030822
0.033460
0.042669
0.035929
0.029159
0.049092
0.030699
0.041432
0.031011
0.030368
0.029188
0.032048
0.031573
0.038150
0.033882
0.034370
0.036698
0.031429
0.032114
0.034437
0.033984
0.034489
0.043510
0.029292
0.045301
0.031392
0.030006
0.029463
0.031877
0.029177
0.042604
0.036209
0.031815
0.030935
0.045138
0.039550
0.035419
0.035191
0.030947
0.035174
0.030046
0.030581
0.033077
0.029964
0.031860
0.030028
0.030090
0.037297
0.030178
0.030367
0.036351
0.030083
0.030244
0.049033
0.030049
0.037123
0.045860
0.036804
0.030848
0.030312
0.034874
0.032676
0.048352
0.046741
0.030589
0.029703
0.033752
0.031194
0.032149
0.030497
0.030773
0.033659
0.035667
0.030406
0.032433
0.030541
0.033101
0.035130
0.030416
0.029934
0.031312
0.032261
0.031652
0.030170
0.034678
0.030253
0.030491
0.038922
0.044703
0.036429
0.037005
0.036721
0.036825
0.036938
0.050250
0.035597
0.049018
0.048986
0.049685
0.036573
0.036276
0.044965
0.037313
0.035753
0.036339
0.035702
0.035483
0.035553
0.045868
0.035477
0.034902
0.041316
0.038139
0.035965
0.035027
0.035292
0.045057
0.035669
0.035901
0.048574
0.036947
0.035357
0.035145
0.035058
0.034808
0.048848
0.035542
0.035951
0.036605
0.045186
0.035567
0.036826
0.037887
0.034432
0.034170
0.030258
0.041928
0.036339
0.036620
0.039459
0.030540
0.031460
0.031851
0.030988
0.030273
0.032924
0.038548
0.036200
0.029656
0.031007
0.034591
0.039602
0.034034
0.028998
0.041490
0.029717
0.030431
0.035873
0.042151
0.038875
0.035730
0.032201
0.033773
0.032810
0.036510
0.028925
0.029384
0.033089
0.036424
0.028412
0.030115
0.036042
0.034414
0.028652
0.030086
0.028154
0.028806
0.037013
0.028420
0.042269
0.045032
0.030611
0.031529
0.033729
0.039309
0.032839
0.031207
0.041794
0.029058
0.032947
0.030163
0.028797
0.038362
0.032315
0.031671
0.031874
0.041542
0.039510
0.031907
0.043429
0.033359
0.046391
0.039362
0.030987
0.029221
0.032259
0.028946
0.031394
0.036458
0.042066
0.038760
0.043032
0.037629
0.033043
0.030839
0.031665
0.033369
0.030386
0.030522
0.029294
0.029381
0.030479
0.040719
0.030321
0.029287
0.029331
0.030986
0.029698
0.029573
0.029634
0.029198
0.029065
0.033348
0.029263
0.032773
0.031330
0.035089
0.038513
0.040972
0.036078
0.031473
0.034764
0.045856
0.034479
0.033617
0.029525
0.029989
0.036802
0.028483
0.038951
0.032960
0.029381
0.028891
0.029201
0.029169
0.036516
0.030334
0.029253
0.030523
0.029389
0.028800
0.032403
0.031261
0.033979
0.031617
0.029776
0.029668
0.030267
0.030118
0.032501
0.030253
0.033445
0.035050
0.030226
0.033931
0.033511
0.029001
0.029711
0.031373
0.037836
0.029560
0.030921
0.029818
0.031980
0.030071
0.030825
0.030565
0.032064
0.028778
0.028901
0.031379
0.029121
0.029168
0.031999
0.028516
0.029230
0.032394
0.033899
0.029594
0.030408
0.030381
0.033032
0.031784
0.029476
0.030132
0.031380
0.029828
0.030759
0.031469
0.031245
0.029963
0.029847
0.029417
0.038707
0.031471
0.029641
0.030502
0.031069
0.029834
0.030515
0.029618
0.029559
0.032378
0.035713
0.032988
0.030911
0.030565
0.029989
0.028668
0.033553
0.029548
0.029523
0.032919
0.029671
0.029318
0.032604
0.030705
0.030891
0.036763
0.031688
0.030735
0.034508
0.029333
0.029433
0.031335
0.033591
0.032983
0.033048
0.029248
0.040828
0.045425
0.038644
0.029590
0.041749
0.040919
0.031535
0.030452
0.044577
0.042393
0.030647
0.031933
0.029550
0.041955
0.041561
0.039927
0.032060
0.031440
0.030643
0.033972
0.043910
0.033096
0.029348
0.032499
0.029789
0.040647
0.032937
0.042370
0.031929
0.044490
0.035818
0.031489
0.031726
0.032451
0.042535
0.043375
0.029220
0.034837
0.044131
0.041254
0.029792
0.030580
0.041269
0.030011
0.029360
0.030341
0.030182
0.032084
0.035439
0.030540
0.041712
0.030522
0.039443
0.030090
0.040834
0.029550
0.029461
0.028578
0.030020
0.029282
0.029246
0.029274
0.029593
0.029832
0.041879
0.030247
0.030046
0.030221
0.029298
0.031838
0.033067
0.031036
0.032696
0.033343
0.032289
0.045238
0.030278
0.031222
0.030861
0.031877
0.029985
0.029319
0.029212
0.030484
0.030762
0.028989
0.030123
0.031221
0.037540
0.034569
0.029754
0.030740
0.030515
0.030287
0.030751
0.031317
0.029990
0.029461
0.037659
0.029404
0.030272
0.030688
0.031513
0.036001
0.034139
0.038121
0.030965
0.033193
0.042298
0.030926
0.037116
0.030779
0.030251
0.033098
0.029109
0.033075
0.030039
0.050246
0.031398
0.029918
0.029257
0.031150
0.029893
0.044616
0.029520
0.036407
0.029989
0.033201
0.033853
0.036755
0.029988
0.028042
0.036118
0.048740
0.033775
0.033882
0.039485
0.035010
0.033159
0.030088
0.030382
0.029868
0.035983
0.046085
0.029907
0.029846
0.033622
0.030657
0.035199
0.030536
0.029350
0.033792
0.030755
0.031210
0.030762
0.030714
0.029036
0.036421
0.044471
0.038939
0.036705
0.029692
0.032561
0.034508
0.030917
0.028899
0.031527
0.031148
0.037810
0.033449
0.030859
0.036398
0.031893
0.039951
0.047854
0.030609
0.030059
0.030439
0.030230
0.030436
0.031419
0.031189
0.040807
0.031959
0.030737
0.031746
0.030838
0.033637
0.032415
0.030754
0.030308
0.038668
0.035066
0.031798
0.033417
0.030584
0.031849
0.036106
0.047848
0.030714
0.030319
0.033634
0.030728
0.030457
0.030573
0.030585
0.030350
0.031623
0.030964
0.031058
0.031301
0.030288
0.031865
0.030433
0.030293
0.031037
0.031206
0.031542
0.031337
0.030961
0.030585
0.032486
0.030783
0.033221
0.032274
0.030556
0.041058
0.033753
0.031750
0.028657
0.040642
0.037501
0.030791
0.030366
0.035912
0.030784
0.031210
0.030799
0.030268
0.030794
0.030763
0.032212
0.030483
0.031134
0.046896
0.050161
0.029856
0.029217
0.044168
0.030028
0.030468
0.030101
0.029803
0.030371
0.030221
0.030119
0.030671
0.030297
0.029992
0.030122
0.030643
0.030946
0.032033
0.030502
0.029039
0.032507
0.030155
0.031516
0.028184
0.031178
0.030641
0.027652
0.031726
0.038137
0.029880
0.030255
0.031296
0.029516
0.029719
0.030273
0.030169
0.030016
0.032961
0.032431
0.030660
0.030357
0.029842
0.032185
0.029519
0.030741
0.031669
0.030070
0.038133
0.030579
0.030619
0.030912
0.030098
0.033079
0.035331
0.029068
0.037055
0.040212
0.031471
0.028763
0.032013
0.042304
0.028933
0.030053
0.030558
0.029798
0.038362
0.032823
0.033274
0.033808
0.036561
0.035065
0.033363
0.029325
0.030297
0.030061
0.033833
0.030519
0.031276
0.033403
0.029736
0.034455
0.030132
0.031085
0.029008
0.034436
0.031822
0.029745
0.029847
0.033420
0.039916
0.031356
0.031602
0.030764
0.031129
0.029233
0.032690
0.029798
0.029543
0.030590
0.029782
0.038569
0.030061
0.030911
0.038589
0.028864
0.028746
0.038686
0.029552
0.030349
0.030514
0.030528
0.030338
0.030898
0.030046
0.030543
0.033026
0.030620
0.030302
0.031364
0.031017
0.029605
0.031812
0.030479
0.030267
0.030912
0.030062
0.031350
0.031192
0.034955
0.030076
0.029959
0.040227
0.030141
0.031267
0.030953
0.031933
0.031566
0.030465
0.030919
0.031453
0.030631
0.030771
0.030076
0.030937
0.030585
0.038739
0.030816
0.030452
0.033280
0.036851
0.039996
0.031345
0.030063
0.033677
0.029387
0.030054
0.028969
0.032024
0.041418
0.042348
0.029433
0.043869
0.030114
0.029804
0.029985
0.030196
0.030182
0.030621
0.030975
0.031758
0.030094
0.029968
0.031914
0.030774
0.035238
0.036438
0.037013
0.030305
0.038083
0.031070
0.030778
0.030611
0.030681
0.030557
0.031027
0.030430
0.032082
0.033870
0.031035
0.030704
0.030519
0.030161
0.030410
0.030603
0.030554
0.030771
0.030764
0.030741
0.031108
0.030611
0.030830
0.033132
0.031768
0.033391
0.031277
0.032982
0.031132
0.030883
0.029910
0.033910
0.031005
0.030641
0.030533
0.032865
0.031110
0.030725
0.031040
0.032863
0.030761
0.030011
0.029408
0.028925
0.031589
0.031511
0.030976
0.032871
0.030351
0.029263
0.047459
0.030787
0.030049
0.026862
0.026920
0.027920
0.027421
0.026870
0.026714
0.027277
0.027791
0.026676
0.027559
0.027874
0.028214
0.027775
0.027384
0.027796
0.027759
0.029099
0.028897
0.031055
0.040525
0.039955
0.039265
0.061826
0.049266
0.047652
0.041150
0.051698
0.052020
0.046831
0.041267
0.048878
0.055806
0.046122
0.028663
0.030537
0.037637
0.051235
0.049607
0.028391
0.029767
0.030979
0.028558
0.032646
0.028921
0.029644
0.029917
0.029117
0.031032
0.029539
0.033677
0.028071
0.028329
0.028198
0.028707
0.028069
0.026865
0.027495
0.027726
0.027590
0.027024
0.027788
0.027372
0.027873
0.029881
0.031645
0.031164
0.030780
0.030422
0.030394
0.030568
0.029621
0.029682
0.030736
0.028048
0.029182
0.029196
0.028539
0.029447
0.029348
0.028359
0.028752
0.028933
0.028970
0.028944
0.029614
0.028946
0.029289
0.029611
0.029414
0.028756
0.028762
0.028340
0.028671
0.028898
0.028620
0.028362
0.029265
0.029530
0.028146
0.028723
0.028914
0.029197
0.030032
0.029035
0.028968
0.030218
0.029509
0.029099
0.029608
0.029339
0.039291
0.029824
0.029876
0.029242
0.029580
0.030661
0.029261
0.029941
0.032315
0.033686
0.032484
0.029443
0.031643
0.029570
0.030086
0.030467
0.030106
0.030637
0.030808
0.030272
0.030499
0.031082
0.030800
0.031221
0.030775
0.030422
0.030002
0.029922
0.029445
0.030661
0.030403
0.029914
0.030276
0.030082
0.029738
0.029444
0.029775
0.030697
0.029436
0.029654
0.028496
0.029526
0.029003
0.029978
0.029330
0.029470
0.029602
0.029019
0.028808
0.029238
0.029718
0.028774
0.028706
0.029094
0.029322
0.029728
0.028882
0.028577
0.029558
0.032808
0.028554
0.028884
0.030542
0.028265
0.029357
0.029513
0.029615
0.028260
0.029176
0.029170
0.029386
0.029389
0.029722
0.029396
0.029802
0.029444
0.028716
0.028883
0.029647
0.029404
0.029727
0.030757
0.030841
0.029500
0.028562
0.028353
0.028517
0.029286
0.029309
0.028642
0.028773
0.028603
0.028308
0.028829
0.028785
0.028021
0.027939
0.028160
0.028561
0.028931
0.031841
0.028055
0.029152
0.028988
0.028020
0.028085
0.028820
0.028430
0.028301
0.028745
0.028862
0.028787
0.029505
0.027892
0.029047
0.029159
0.029020
0.029219
0.029589
0.028877
0.029449
0.029993
0.029421
0.029765
0.029548
0.029494
0.029927
0.029552
0.029544
0.029365
0.029335
0.029922
0.053785
0.027510
0.027510
0.027712
0.027451
0.031214
0.029489
0.029286
0.028871
0.029215
0.029903
0.029481
0.041873
0.075029
0.046215
0.032156
0.030459
0.031006
0.030375
0.029411
0.029981
0.030102
0.029348
0.030207
0.030298
0.028765
0.030245
0.030370
0.029012
0.030248
0.031101
0.029400
0.031232
0.030813
0.030459
0.030509
0.030090
0.032782
0.030479
0.030453
0.030185
0.030514
0.029973
0.030332
0.030413
0.030166
0.061076
0.106526
0.059431
0.027958
0.028099
0.028665
0.028560
0.028073
0.030285
0.036264
0.027249
0.029115
0.029755
0.030286
0.029094
0.029330
0.029170
0.029373
0.029557
0.028818
0.029305
0.052282
0.047712
0.032393
0.032501
0.032038
0.031693
0.031872
0.035486
0.057771
0.029311
0.029011
0.029992
0.039180
0.042790
0.029362
0.032434
0.030357
0.030657
0.038858
0.039264
0.035715
0.033324
0.028207
0.046259
0.032410
0.032798
0.032013
0.032681
0.031291
0.037680
0.036396
0.039318
0.036983
0.037294
0.037645
0.037426
0.037645
0.039452
0.045606
0.039409
0.036897
0.038513
0.038319
0.038222
0.037729
0.031770
0.040974
0.030643
0.031295
0.035963
0.033481
0.033722
0.034638
0.030718
0.038438
0.028602
0.030425
0.029877
0.029822
0.034175
0.033397
0.036012
0.035362
0.040318
0.036481
0.031025
0.030610
0.031755
0.029652
0.032660
0.037545
0.030003
0.028245
0.038555
0.039996
0.030881
0.031166
0.030313
0.030136
0.042739
0.035829
0.030664
0.032725
0.033017
0.031458
0.029640
0.030452
0.033488
0.091202
0.029116
0.033955
0.029843
0.054560
0.038040
0.037332
0.037778
0.053276
0.037899
0.037581
0.038192
0.037935
0.047966
0.037641
0.035864
0.036424
0.037118
0.045009
0.046830
0.036828
0.037438
0.038199
0.038997
0.037042
0.038538
0.031170
0.029914
0.030288
0.030084
0.029947
0.030457
0.030041
0.030668
0.030590
0.030624
0.029215
0.025954
0.029865
0.029459
0.036310
0.036486
0.031242
0.032858
0.031684
0.030757
0.030017
0.035939
0.040901
0.041256
0.033493
0.029806
0.029958
0.029688
0.040270
0.032066
0.030847
0.036967
0.030854
0.030656
0.030682
0.030737
0.031179
0.028241
0.039714
0.044464
0.034459
0.031033
0.031996
0.031195
0.031165
0.030964
0.032285
0.031315
0.032856
0.050917
0.030931
0.030257
0.032517
0.036594
0.039536
0.039532
0.036747
0.039687
0.041744
0.038491
0.038744
0.037111
0.038939
0.038670
0.037782
0.034702
0.036015
0.039219
0.037163
0.038014
0.038430
0.041947
0.039971
0.030538
0.036354
0.027658
0.030868
0.030165
0.035046
0.037127
0.039850
0.032293
0.043159
0.035571
0.040855
0.037090
0.037733
0.037147
0.039867
0.038749
0.029861
0.030137
0.037082
0.030628
0.030495
0.030181
0.028867
0.037511
0.035619
0.043753
0.029501
0.031175
0.030432
0.030442
0.030395
0.032947
0.041504
0.031397
0.030445
0.030535
0.031608
0.030813
0.037124
0.035816
0.030610
0.039445
0.029485
0.033154
0.034017
0.034634
0.033828
0.036765
0.034767
0.038177
0.045747
0.030769
0.030237
0.030964
0.029838
0.030061
0.031037
0.035294
0.030713
0.030077
0.034221
0.030406
0.029993
0.030638
0.030170
0.027759
0.032751
0.035383
0.037490
0.029685
0.030256
0.034563
0.034200
0.035774
0.036538
0.048716
0.030129
0.028085
0.030770
0.040061
0.038974
0.030667
0.032174
0.031732
0.030908
0.027769
0.029787
0.028417
0.036596
0.039577
0.029548
0.028019
0.040802
0.029973
0.028450
0.035261
0.035515
0.030520
0.026896
0.031663
0.047098
0.030131
0.029832
0.030036
0.037121
0.039368
0.029983
0.028481
0.045023
0.031003
0.031875
0.034965
0.029005
0.030095
0.027268
0.028915
0.027634
0.038481
0.042860
0.040503
0.031012
0.032958
0.030713
0.031066
0.030904
0.039663
0.029236
0.027890
0.036699
0.030136
0.035213
0.033281
0.035815
0.032959
0.031621
0.029138
0.029216
0.027489
0.030161
0.029421
0.037365
0.028476
0.027912
0.031525
0.027524
0.029976
0.028640
0.029760
0.030572
0.027530
0.032764
0.027219
0.033568
0.029873
0.033340
0.032274
0.027881
0.030062
0.044382
0.030732
0.029320
0.029166
0.036859
0.031736
0.028869
0.039058
0.029398
0.027259
0.032744
0.027363
0.029797
0.032034
0.032241
0.030465
0.028620
0.033714
0.027889
0.031456
0.031128
0.027176
0.030532
0.026878
0.030671
0.026591
0.031023
0.027432
0.031255
0.026941
0.030486
0.026794
0.027215
0.027315
0.027911
0.031114
0.027798
0.031774
0.026886
0.034807
0.027615
0.030596
0.028285
0.043998
0.028380
0.032855
0.030419
0.027673
0.029897
0.027457
0.031958
0.027506
0.041240
0.042262
0.040184
0.028960
0.035876
0.040611
0.037435
0.036253
0.042451
0.030480
0.026543
0.030130
0.026041
0.027671
0.031951
0.031850
0.025324
0.034524
0.029830
0.026345
0.030494
0.027658
0.028876
0.027216
0.037163
0.042700
0.029345
0.029446
0.029181
0.029666
0.027188
0.035807
0.034399
0.033509
0.039522
0.031328
0.036508
0.031447
0.039093
0.037168
0.037745
0.037422
0.037636
0.037348
0.036030
0.036490
0.050792
0.037918
0.036588
0.036213
0.037022
0.037264
0.036652
0.036544
0.035966
0.036600
0.036461
0.037140
0.037941
0.036844
0.037056
0.037050
0.036991
0.036680
0.036336
0.037559
0.036588
0.036069
0.030298
0.031791
0.030654
0.034228
0.032920
0.037307
0.029521
0.029200
0.029285
0.033164
0.037805
0.038919
0.030030
0.034578
0.039679
0.038132
0.038391
0.038723
0.034132
0.036019
0.028828
0.035100
0.038156
0.031056
0.029037
0.027598
0.031401
0.037263
0.038844
0.032979
0.036348
0.034092
0.048910
0.029603
0.027501
0.029819
0.034785
0.037087
0.033813
0.034969
0.039668
0.031594
0.036692
0.032353
0.035872
0.034452
0.038904
0.046250
0.029791
0.028582
0.033131
0.035914
0.034793
0.035107
0.038077
0.032570
0.034726
0.034614
0.032048
0.038316
0.035553
0.029362
0.029214
0.030805
0.034496
0.029664
0.030478
0.033171
0.033878
0.032097
0.032472
0.034476
0.037656
0.029442
0.026890
0.031694
0.030410
0.032132
0.032416
0.031422
0.028452
0.028896
0.029700
0.033469
0.030431
0.033730
0.034723
0.034541
0.031926
0.033711
0.034153
0.032547
0.038866
0.030926
0.032367
0.035390
0.042814
0.036309
0.035561
0.038450
0.034528
0.033681
0.032551
0.035048
0.033018
0.034741
0.038752
0.037420
0.036982
0.042216
0.036661
0.037185
0.037182
0.038721
0.038876
0.036353
0.037623
0.037126
0.047948
0.042554
0.036956
0.036546
0.037839
0.036330
0.036389
0.030771
0.035909
0.031643
0.030132
0.029926
0.030297
0.030940
0.029985
0.029248
0.033072
0.032358
0.036468
0.030909
0.031442
0.030458
0.027423
0.040008
0.038348
0.035263
0.032632
0.044709
0.033709
0.034491
0.029832
0.030238
0.028923
0.029372
0.030803
0.028854
0.039566
0.034387
0.031304
0.026929
0.041486
0.033809
0.037241
0.037122
0.037208
0.037707
0.039786
0.040317
0.040813
0.036227
0.038016
0.049571
0.032009
0.037966
0.038559
0.038115
0.037268
0.052346
0.037382
0.033306
0.036930
0.043741
0.037322
0.037978
0.037184
0.040212
0.038092
0.046213
0.043693
0.050871
0.040338
0.033098
0.036957
0.036746
0.036803
0.043841
0.041831
0.045052
0.037682
0.038082
0.035497
0.052145
0.038418
0.045380
0.038069
0.032285
0.031842
0.028641
0.038122
0.031154
0.030534
0.031450
0.031073
0.030706
0.030602
0.029805
0.040727
0.038829
0.039288
0.035745
0.030023
0.030458
0.030648
0.030453
0.036126
0.030058
0.031599
0.030701
0.030290
0.030695
0.030793
0.031474
0.045062
0.038514
0.036237
0.031588
0.031316
0.031162
0.030784
0.029404
0.034691
0.039330
0.031173
0.036355
0.037633
0.030277
0.030928
0.030426
0.031072
0.037434
0.028436
0.033072
0.040056
0.038702
0.040623
0.029330
0.033374
0.035044
0.032030
0.032974
0.029164
0.033876
0.039208
0.049474
0.033649
0.045892
0.028255
0.035070
0.043992
0.036378
0.031626
0.031560
0.030133
0.034785
0.043480
0.030986
0.031664
