0.014885
0.031062
0.032344
0.030704
0.029593
0.030562
0.033335
0.032350
0.029338
0.036267
0.032786
0.028620
0.029218
0.029244
0.028906
0.028773
0.029135
0.040607
0.057673
0.045624
0.033792
0.029032
0.030226
0.030001
0.029286
0.029460
0.028175
0.048354
0.028872
0.028136
0.043764
0.035416
0.029014
0.031767
0.028826
0.035752
0.033113
0.031634
0.032624
0.031352
0.031391
0.032104
0.031438
0.034098
0.030738
0.033652
0.028892
0.036231
0.036336
0.029478
0.040204
0.028434
0.032899
0.033848
0.028428
0.029660
0.032491
0.034069
0.035815
0.037481
0.040933
0.031900
0.033505
0.047555
0.038247
0.047351
0.035557
0.031106
0.028321
0.030231
0.032560
0.030147
0.032371
0.034026
0.034013
0.042986
0.027352
0.030117
0.030756
0.031641
0.035385
0.032335
0.030801
0.030563
0.030319
0.035707
0.035243
0.031595
0.031420
0.030163
0.045283
0.030570
0.034869
0.033375
0.044476
0.035905
0.029635
0.044297
0.031014
0.032368
0.044188
0.029340
0.031425
0.029603
0.029138
0.035396
0.032979
0.037123
0.030403
0.031071
0.034521
0.030476
0.033162
0.035203
0.034383
0.033643
0.033422
0.028005
0.029530
0.029700
0.030796
0.039558
0.038796
0.033321
0.039508
0.029435
0.029843
0.033393
0.034818
0.034355
0.034636
0.036439
0.029994
0.029763
0.029299
0.033419
0.029024
0.029811
0.027501
0.037178
0.034345
0.039859
0.031122
0.029778
0.029199
0.030049
0.030175
0.035344
0.028167
0.029884
0.029556
0.029506
0.029791
0.035558
0.033805
0.029934
0.030345
0.031625
0.034819
0.037508
0.031995
0.032718
0.040709
0.035417
0.034878
0.035641
0.034284
0.031374
0.035900
0.038524
0.029480
0.029408
0.029565
0.036046
0.036562
0.041337
0.028410
0.039115
0.035299
0.033985
0.029223
0.037145
0.034375
0.032614
0.031116
0.032878
0.042899
0.034459
0.030310
0.029858
0.029383
0.030121
0.035989
0.033263
0.034467
0.031905
0.032757
0.041323
0.040757
0.031541
0.032895
0.029918
0.031082
0.031891
0.033486
0.038994
0.029771
0.036004
0.034102
0.029617
0.033159
0.040825
0.036654
0.045141
0.031844
0.031577
0.032052
0.032250
0.029426
0.035738
0.040247
0.031010
0.035964
0.032691
0.032614
0.037872
0.030119
0.032679
0.041099
0.035596
0.030833
0.032573
0.030622
0.033092
0.030395
0.035431
0.036454
0.030325
0.031642
0.029630
0.033261
0.033031
0.034108
0.032292
0.035415
0.032031
0.039911
0.040857
0.031096
0.041814
0.038011
0.032040
0.033121
0.031028
0.030520
0.030297
0.033796
0.035110
0.039876
0.033508
0.030742
0.031188
0.036118
0.037342
0.033214
0.030576
0.036960
0.030787
0.029817
0.034046
0.038859
0.031327
0.027819
0.036860
0.032546
0.043965
0.030797
0.031952
0.030670
0.039913
0.042258
0.031929
0.029415
0.031633
0.032301
0.039598
0.030903
0.040174
0.031782
0.028225
0.039897
0.034968
0.037322
0.031543
0.030955
0.035368
0.030737
0.040185
0.031997
0.041737
0.043508
0.027780
0.040329
0.036361
0.030922
0.034393
0.036982
0.033781
0.037164
0.039984
0.036715
0.031855
0.031741
0.031369
0.032352
0.042725
0.030721
0.030589
0.031434
0.033134
0.032530
0.032303
0.031026
0.032600
0.039653
0.039309
0.030797
0.041400
0.032224
0.031965
0.034594
0.031166
0.030317
0.030509
0.051805
0.048844
0.037482
0.038943
0.033216
0.040369
0.039914
0.038937
0.042122
0.037664
0.038934
0.036780
0.038854
0.039804
0.040461
0.039196
0.037821
0.039150
0.039953
0.040180
0.040909
0.033320
0.030097
0.030777
0.030103
0.036429
0.031511
0.035640
0.034341
0.031103
0.052269
0.047672
0.043015
0.045685
0.048070
0.042175
0.027246
0.038183
0.036544
0.033509
0.038111
0.041375
0.030643
0.030172
0.035817
0.034732
0.032397
0.029810
0.029002
0.031198
0.046239
0.036687
0.030172
0.030133
0.037325
0.032955
0.032945
0.030907
0.032323
0.032241
0.030236
0.041903
0.030813
0.032353
0.034841
0.035686
0.043904
0.030563
0.040357
0.050450
0.039656
0.035786
0.038919
0.042141
0.033289
0.031859
0.033492
0.032176
0.031471
0.030539
0.032607
0.031783
0.035971
0.029368
0.038790
0.030514
0.032832
0.030502
0.032457
0.033779
0.036261
0.042500
0.031893
0.032113
0.032982
0.029498
0.033257
0.027864
0.034119
0.034448
0.028846
0.041416
0.037600
0.035051
0.028426
0.040482
0.040882
0.034196
0.031070
0.037179
0.038919
0.028851
0.056193
0.033786
0.034464
0.038078
0.046244
0.037964
0.038340
0.038392
0.046060
0.039035
0.034853
0.040330
0.034637
0.032554
0.035638
0.029092
0.033559
0.028199
0.040763
0.041002
0.039674
0.032638
0.036393
0.036931
0.033829
0.037143
0.038167
0.045550
0.039193
0.051167
0.032833
0.032085
0.032301
0.038045
0.032363
0.031736
0.034481
0.043308
0.032687
0.030954
0.035012
0.035392
0.038023
0.037985
0.051468
0.030326
0.032800
0.032377
0.034323
0.040236
0.035687
0.040778
0.037801
0.028621
0.034147
0.032130
0.032725
0.029659
0.032987
0.033549
0.028594
0.034771
0.032813
0.029726
0.036692
0.031230
0.032398
0.031769
0.032035
0.030830
0.033023
0.032570
0.051545
0.037756
0.037639
0.038238
0.038414
0.035005
0.044361
0.039790
0.039844
0.041920
0.038779
0.039808
0.039961
0.041403
0.038518
0.032427
0.031014
0.031888
0.031255
0.036031
0.030714
0.033803
0.030486
0.036059
0.034345
0.041123
0.028073
0.032536
0.032262
0.031329
0.031167
0.038345
0.041161
0.030278
0.036383
0.030278
0.029766
0.031349
0.032539
0.037120
0.044226
0.034446
0.043196
0.033725
0.033780
0.032038
0.031847
0.032046
0.031420
0.039058
0.037965
0.036147
0.038946
0.038620
0.039785
0.038776
0.038352
0.035101
0.030738
0.027939
0.033328
0.034110
0.031589
0.030330
0.039358
0.026572
0.033219
0.032358
0.033233
0.031480
0.033799
0.033191
0.049995
0.031709
0.034186
0.037865
0.032033
0.044114
0.041729
0.036067
0.031451
0.030312
0.036519
0.030273
0.034866
0.030601
0.030333
0.035917
0.033852
0.030134
0.032066
0.030774
0.030499
0.039755
0.029729
0.029420
0.035920
0.042094
0.032354
0.031158
0.031336
0.028400
0.033986
0.044955
0.035165
0.032628
0.030478
0.034086
0.030873
0.027994
0.044629
0.034116
0.029702
0.031294
0.032705
0.032792
0.031933
0.035118
0.031528
0.043684
0.045433
0.034190
0.036375
0.038749
0.031653
0.035563
0.034314
0.034179
0.033047
0.032264
0.041112
0.046880
0.044646
0.034483
0.027157
0.050555
0.032182
0.027887
0.038663
0.040412
0.037596
0.040499
0.030354
0.032177
0.037194
0.030795
0.030146
0.033426
0.032915
0.031938
0.032327
0.031844
0.031268
0.034885
0.030664
0.031986
0.030700
0.045790
0.031424
0.031071
0.035198
0.035633
0.036691
0.031610
0.039325
0.039362
0.041683
0.037992
0.036527
0.035379
0.036516
0.032371
0.031642
0.030347
0.040759
0.031333
0.033688
0.031611
0.036420
0.037044
0.031567
0.031403
0.055043
0.031383
0.032617
0.032927
0.032985
0.036617
0.033092
0.034828
0.034121
0.034294
0.030783
0.032347
0.037727
0.035639
0.035287
0.045700
0.034608
0.029633
0.034461
0.029358
0.035498
0.031586
0.029862
0.033477
0.033001
0.030474
0.032077
0.032970
0.033417
0.032069
0.031029
0.036535
0.034174
0.034035
0.029212
0.032218
0.030345
0.033077
0.035051
0.031446
0.037696
0.034467
0.031114
0.030206
0.030430
0.031809
0.031715
0.029729
0.031024
0.034986
0.030361
0.043400
0.038089
0.036634
0.033989
0.035202
0.035483
0.038575
0.031153
0.032056
0.039633
0.033404
0.037298
0.040647
0.029549
0.048052
0.029492
0.034429
0.048786
0.030875
0.031344
0.034272
0.031911
0.032400
0.032103
0.035581
0.027229
0.046472
0.034383
0.029660
0.032057
0.032791
0.030404
0.032760
0.030429
0.030298
0.030990
0.034917
0.032253
0.039522
0.037013
0.032561
0.030185
0.031282
0.036578
0.031549
0.030000
0.031638
0.033191
0.032782
0.047442
0.030045
0.032133
0.036608
0.029047
0.030087
0.030505
0.032099
0.030307
0.031903
0.033833
0.029602
0.030256
0.034504
0.031936
0.031454
0.039536
0.037375
0.035355
0.030757
0.037648
0.036324
0.032840
0.029344
0.041757
0.037574
0.030430
0.035825
0.031727
0.030838
0.033145
0.041416
0.036671
0.038645
0.041184
0.040983
0.040935
0.038494
0.039180
0.038602
0.040681
0.030233
0.030477
0.039139
0.050102
0.038367
0.039388
0.039915
0.045344
0.041326
0.039663
0.029583
0.033497
0.044850
0.041061
0.040976
0.039161
0.041186
0.043839
0.046611
0.037713
0.043156
0.039099
0.037560
0.038487
0.044638
0.035324
0.031697
0.039237
0.043998
0.036436
0.040440
0.032595
0.040287
0.032320
0.044024
0.030614
0.043566
0.032421
0.037723
0.031579
0.042443
0.035159
0.040795
0.030999
0.031102
0.031517
0.031427
0.037133
0.033016
0.045297
0.046237
0.031507
0.051550
0.041121
0.034151
0.039987
0.032027
0.034106
0.031457
0.033082
0.032367
0.036003
0.046900
0.039469
0.043436
0.040493
0.038542
0.044234
0.030779
0.032961
0.040593
0.039375
0.047011
0.038407
0.034370
0.038029
0.032528
0.033302
0.034640
0.048010
0.030605
0.038973
0.032183
0.033209
0.030770
0.031391
0.031576
0.029997
0.030985
0.035481
0.040781
0.036823
0.034299
0.034176
0.032350
0.049756
0.031858
0.031291
0.030860
0.032947
0.032157
0.035481
0.033405
0.041614
0.032528
0.033551
0.041113
0.043965
0.039839
0.046311
0.030666
0.036851
0.038835
0.095637
0.069441
0.055043
0.051285
0.043298
0.036533
0.040016
0.035241
0.035393
0.035783
0.032205
0.031819
0.034474
0.038707
0.036247
0.032589
0.033930
0.040123
0.053558
0.030168
0.031058
0.037144
0.029492
0.031778
0.032355
0.042331
0.040820
0.030832
0.037513
0.039846
0.029838
0.030075
0.033642
0.033582
0.032025
0.034734
0.037656
0.034212
0.034123
0.031205
0.030794
0.038639
0.036008
0.030050
0.033020
0.030229
0.039346
0.029852
0.033560
0.039063
0.032292
0.031631
0.029860
0.029855
0.033844
0.032216
0.033662
0.031729
0.035593
0.030052
0.034788
0.030795
0.031842
0.034846
0.031571
0.034702
0.030338
0.031467
0.034045
0.031656
0.037783
0.035029
0.033808
0.045229
0.035216
0.030283
0.031202
0.039132
0.031030
0.038761
0.034571
0.031195
0.032003
0.035025
0.030723
0.037230
0.031391
0.038779
0.032583
0.042334
0.039242
0.034075
0.032492
0.034088
0.037689
0.036114
0.029801
0.030668
0.030450
0.029742
0.036729
0.041466
0.040712
0.040231
0.036596
0.030843
0.032109
0.032434
0.033246
0.034014
0.037549
0.034725
0.033123
0.034486
0.034258
0.035843
0.035349
0.033410
0.029735
0.033542
0.035319
0.037380
0.033247
0.036151
0.031498
0.031392
0.039790
0.043766
0.036371
0.031432
0.032845
0.032102
0.033117
0.043257
0.043278
0.036191
0.042398
0.036112
0.032545
0.032050
0.035739
0.042457
0.032176
0.032067
0.031501
0.070187
0.087545
0.055821
0.040247
0.043696
0.043143
0.031504
0.038085
0.030006
0.034528
0.032721
0.040363
0.033799
0.043573
0.047243
0.031811
0.032053
0.031793
0.038501
0.033047
0.031280
0.034799
0.033346
0.032069
0.031742
0.032720
0.041365
0.031009
0.032881
0.032969
0.030918
0.050317
0.031437
0.031585
0.031551
0.029903
0.038376
0.033279
0.032114
0.031567
0.033855
0.031869
0.032338
0.032399
0.038206
0.037647
0.034884
0.036465
0.030314
0.036456
0.033881
0.031564
0.031011
0.029562
0.029915
0.033424
0.036667
0.031537
0.030145
0.031594
0.030671
0.032798
0.036326
0.034822
0.031378
0.030096
0.031609
0.036994
0.031647
0.034002
0.032714
0.031273
0.032616
0.040252
0.031341
0.040313
0.043430
0.031384
0.031009
0.030509
0.030357
0.032019
0.032254
0.033741
0.030725
0.033901
0.033165
0.040895
0.037073
0.031804
0.032275
0.040988
0.031801
0.031985
0.032854
0.032498
0.031847
0.031584
0.039206
0.032177
0.032036
0.036160
0.031409
0.030310
0.046373
0.038882
0.033432
0.036543
0.046959
0.030342
0.038089
0.038912
0.032975
0.033798
0.032493
0.035947
0.029957
0.032693
0.030959
0.033899
0.031766
0.031926
0.029938
0.031796
0.031148
0.030666
0.035987
0.029429
0.031467
0.032410
0.029770
0.031864
0.030943
0.033903
0.029922
0.030585
0.034782
0.033776
0.035956
0.029774
0.030314
0.034519
0.029856
0.033223
0.032208
0.037584
0.035414
0.030508
0.032866
0.040414
0.030669
0.042636
0.046767
0.030153
0.039604
0.043087
0.046152
0.040665
0.038881
0.031873
0.032325
0.038023
0.037071
0.038489
0.036064
0.032037
0.032108
0.036114
0.040540
0.045135
0.040889
0.034576
0.034722
0.032993
0.048784
0.033160
0.039072
0.032601
0.040220
0.039510
0.033680
0.032155
0.031474
0.033705
0.032953
0.030178
0.034157
0.038189
0.040963
0.040495
0.032675
0.038288
0.031786
0.038258
0.037420
0.031931
0.030711
0.039168
0.039951
0.037269
0.039696
0.039752
0.029480
0.028088
0.030759
0.029260
0.030368
0.029891
0.029076
0.030441
0.031105
0.033113
0.030111
0.031796
0.032006
0.035024
0.031544
0.035095
0.031239
0.030541
0.044869
0.032321
0.040569
0.031398
0.031004
0.033277
0.050263
0.029966
0.031120
0.045856
0.040556
0.041987
0.031444
0.047666
0.031876
0.042256
0.032853
0.034685
0.035757
0.044127
0.031788
0.040195
0.032851
0.034726
0.043171
0.030622
0.030564
0.030879
0.030765
0.033743
0.035220
0.035588
0.042285
0.044404
0.039693
0.050071
0.029986
0.029963
0.031953
0.033769
0.029924
0.030164
0.031043
0.035098
0.034718
0.041100
0.035369
0.029658
0.030543
0.033573
0.032071
0.033078
0.029557
0.029029
0.033504
0.034615
0.031409
0.039290
0.032675
0.038764
0.037275
0.040786
0.030915
0.030336
0.029615
0.034291
0.033567
0.038279
0.041188
0.029787
0.040440
0.029258
0.040040
0.033602
0.036119
0.030812
0.030373
0.031714
0.033827
0.042730
0.032585
0.052578
0.032456
0.029229
0.037573
0.030937
0.033627
0.043894
0.032201
0.034001
0.032210
0.039147
0.039280
0.031629
0.031690
0.032343
0.031237
0.033366
0.033010
0.031272
0.031039
0.029305
0.031434
0.030175
0.029364
0.029617
0.038972
0.029266
0.030303
0.029128
0.030427
0.040270
0.032811
0.044452
0.029933
0.029487
0.030776
0.029557
0.029409
0.032058
0.029466
0.032480
0.030317
0.029446
0.030327
0.033041
0.030465
0.030268
0.029364
0.030814
0.030135
0.041612
0.031823
0.032123
0.036383
0.032624
0.032898
0.047786
0.042027
0.033921
0.031522
0.048589
0.032283
0.031165
0.030352
0.038262
0.031215
0.031542
0.029915
0.031468
0.032061
0.032387
0.031457
0.031842
0.031505
0.034378
0.034806
0.029648
0.029323
0.029330
0.033956
0.029968
0.032009
0.040787
0.039558
0.041163
0.030904
0.036027
0.047733
0.034014
0.033218
0.031344
0.032231
0.032407
0.032577
0.034567
0.032297
0.036235
0.035203
0.039439
0.031826
0.039139
0.030116
0.034434
0.033131
0.030013
0.032816
0.030379
0.031114
0.037231
0.029647
0.030104
0.040871
0.035695
0.036635
0.037303
0.039240
0.038449
0.038604
0.030028
0.030583
0.031346
0.032023
0.030652
0.031016
0.031156
0.033274
0.030127
0.034188
0.033171
0.030269
0.036342
0.040192
0.030335
0.035923
0.037994
0.037914
0.037743
0.031243
0.029355
0.031578
0.039555
0.040005
0.029959
0.030067
0.033027
0.038929
0.041826
0.030072
0.029812
0.034835
0.050056
0.030271
0.037966
0.038070
0.042979
0.046561
0.035794
0.042376
0.033720
0.047050
0.032826
0.032889
0.039142
0.041572
0.032754
0.031511
0.040921
0.031813
0.033270
0.034643
0.036366
0.031921
0.033279
0.032237
0.031880
0.040937
0.030060
0.040524
0.032387
0.031176
0.031170
0.038751
0.034247
0.032385
0.030696
0.041811
0.033924
0.039350
0.031065
0.038248
0.030041
0.042802
0.030601
0.030461
0.030946
0.036069
0.031135
0.032626
0.034806
0.041355
0.034072
0.031379
0.031761
0.033205
0.040044
0.031544
0.032166
0.031796
0.035667
0.035415
0.038358
0.041203
0.040817
0.031100
0.030487
0.032717
0.036324
0.029698
0.034697
0.041051
0.030612
0.034998
0.031308
0.029057
0.041504
0.037559
0.030150
0.031121
0.035097
0.031326
0.032388
0.044187
0.034302
0.031052
0.033033
0.030075
0.032172
0.036022
0.033712
0.029264
0.031360
0.030989
0.030798
0.039559
0.030525
0.031790
0.031648
0.030856
0.031488
0.033660
0.041595
0.029372
0.030072
0.030944
0.030570
0.036000
0.035944
0.034733
0.031606
0.038514
0.030144
0.034382
0.034086
0.031046
0.034399
0.029206
0.029167
0.031891
0.031230
0.031381
0.031572
0.032382
0.032585
0.032293
0.031526
0.033087
0.040307
0.032758
0.032505
0.033240
0.032678
0.039824
0.047251
0.035880
0.033955
0.040456
0.043991
0.031724
0.033644
0.038869
0.040844
0.033322
0.035441
0.030323
0.030645
0.033192
0.035423
0.030121
0.037333
0.044504
0.053324
0.028839
0.039467
0.049242
0.040206
0.033061
0.060145
0.029533
0.039854
0.036411
0.030624
0.037665
0.044077
0.037046
0.039948
0.045073
0.038177
0.050559
0.038126
0.034241
0.036291
0.034564
0.040412
0.033511
0.040117
0.050400
0.030120
0.032586
0.033664
0.034963
0.040797
0.036677
0.042560
0.033709
0.033861
0.031847
0.035757
0.032182
0.032238
0.034285
0.047123
0.039673
0.035105
0.044508
0.032280
0.036826
0.040102
0.038134
0.040073
0.029894
0.036791
0.029238
0.034407
0.037615
0.034053
0.037510
0.040588
0.032549
0.036487
0.030107
0.029947
0.032676
0.037769
0.034123
0.038056
0.037500
0.044752
0.032581
0.035157
0.039535
0.032257
0.034046
0.030756
0.039626
0.040637
0.036886
0.032082
0.032621
0.043066
0.032844
0.036234
0.033777
0.039411
0.041187
0.032209
0.035231
0.032313
0.034966
0.031926
0.033540
0.033575
0.033099
0.032850
0.035927
0.033799
0.035675
0.038525
0.036152
0.038672
0.030592
0.042464
0.028665
0.040867
0.031714
0.033345
0.034694
0.033136
0.030247
0.029301
0.028798
0.044022
0.041266
0.032782
0.032137
0.029727
0.034033
0.034940
0.037584
0.037344
0.039221
0.033638
0.031292
0.035220
0.030895
0.033682
0.035765
0.029693
0.030761
0.029709
0.030474
0.030398
0.030987
0.036515
0.039303
0.046871
0.041745
0.038821
0.038545
0.038776
0.039650
0.033031
0.042116
0.037433
0.038423
0.036239
0.035823
0.032684
0.032440
0.027814
0.038799
0.034782
0.032424
0.031470
0.031729
0.030858
0.031780
0.046888
0.033461
0.031019
0.037581
0.039395
0.033966
0.040845
0.033111
0.030511
0.031086
0.033824
0.030748
0.030662
0.030139
0.049011
0.030607
0.032054
0.030816
0.042247
0.033192
0.029455
0.035082
0.030870
0.044217
0.033203
0.030916
0.033527
0.031339
0.031149
0.027659
0.031789
0.032727
0.031981
0.026456
0.031983
0.032276
0.032043
0.030757
0.031370
0.027808
0.045007
0.036140
0.034059
0.030859
0.036293
0.030895
0.030616
0.031942
0.032737
0.033899
0.040426
0.028196
0.036546
0.037301
0.040372
0.039350
0.037793
0.041981
0.030424
0.035471
0.032357
0.038373
0.029731
0.028372
0.033255
0.031307
0.030835
0.034825
0.039952
0.036034
0.032620
0.030988
0.029605
0.030835
0.029522
0.027835
0.030740
0.032537
0.028250
0.031505
0.028946
0.032930
0.032451
0.030349
0.039733
0.031113
0.029631
0.031421
0.030507
0.032003
0.030387
0.029883
0.038555
0.034792
0.048383
0.034746
0.030402
0.029263
0.039485
0.031098
0.027195
0.026991
0.028772
0.029609
0.029654
0.031522
0.030233
0.032966
0.028943
0.028532
0.028769
0.028981
0.029277
0.029309
0.027758
0.029947
0.027636
0.065567
0.046889
0.058372
0.042343
0.055359
0.063522
0.051322
0.047646
0.052764
0.065818
0.058040
0.049047
0.050432
0.050339
0.031178
0.047328
0.059837
0.035423
0.028452
0.028853
0.028145
0.028357
0.028501
0.028783
0.028137
0.029262
0.028821
0.029627
0.030045
0.028916
0.027915
0.028182
0.028784
0.027781
0.027891
0.029463
0.028162
0.027892
0.026618
0.027087
0.028298
0.027487
0.027658
0.028739
0.028328
0.028908
0.029112
0.028644
0.028659
0.028027
0.029062
0.028159
0.029505
0.028303
0.028051
0.028980
0.028384
0.028531
0.029716
0.028915
0.029558
0.028854
0.028705
0.028111
0.029450
0.028735
0.029210
0.029639
0.028977
0.029385
0.029052
0.029340
0.029351
0.028953
0.028902
0.028386
0.028294
0.028884
0.027456
0.029040
0.028345
0.028759
0.028896
0.028689
0.028979
0.028374
0.029165
0.028310
0.028902
0.028706
0.027985
0.028661
0.028249
0.029091
0.032290
0.028838
0.029283
0.029008
0.029564
0.029025
0.029888
0.029110
0.030076
0.030098
0.030040
0.030674
0.029614
0.030665
0.029505
0.030008
0.030597
0.030447
0.031141
0.030432
0.031149
0.030636
0.032409
0.030774
0.031206
0.030273
0.029994
0.030600
0.029780
0.030413
0.030757
0.030433
0.030560
0.031401
