107	452	213	70
136	449	206	67
161	445	202	66
163	445	201	66
185	442	198	66
211	441	192	63
234	439	186	61
254	437	184	60
252	437	186	60
273	436	182	59
292	435	179	59
310	432	178	58
332	433	173	56
331	432	174	56
352	431	172	55
373	430	170	54
396	429	166	52
417	429	163	52
416	430	162	52
436	429	161	50
455	430	159	49
473	430	155	48
489	430	153	48
489	431	151	47
504	431	151	47
519	432	148	46
534	432	147	47
548	432	140	47
549	431	140	48
562	433	137	48
577	431	129	50
590	430	125	50
602	431	120	49
602	430	123	50
615	429	116	50
627	428	111	50
639	429	106	49
646	427	103	48
648	428	103	48
656	427	99	48
665	426	96	48
672	426	93	47
680	425	90	47
680	424	88	48
687	424	82	46
692	418	77	48
696	413	72	49
699	413	68	46
700	413	67	46
702	411	65	46
703	410	63	46
704	409	60	46
704	407	59	46
703	408	59	46
702	408	57	45
699	407	56	44
695	407	55	43
691	406	54	42
691	407	56	42
687	406	54	41
682	404	54	40
676	402	53	42
670	401	53	41
670	403	54	39
664	401	53	39
656	402	53	37
648	401	52	35
637	400	52	34
638	398	52	36
627	396	52	36
616	395	53	35
605	393	54	35
595	389	55	37
595	389	56	37
584	390	57	34
575	386	60	37
566	385	63	37
557	383	67	37
557	382	66	38
549	382	70	37
543	380	73	38
537	379	75	39
534	377	79	40
533	378	80	39
530	376	79	39
528	376	83	40
527	376	84	39
528	375	85	38
528	374	85	39
528	374	86	38
530	375	88	38
532	374	90	39
535	373	93	39
535	373	93	39
538	374	95	38
543	375	96	38
549	376	98	38
554	378	100	37
555	377	99	38
561	380	102	37
570	382	107	38
578	382	111	38
588	384	113	39
589	384	109	39
599	386	113	39
612	389	114	40
626	391	112	40
640	394	110	41
639	394	109	41
655	395	107	45
669	395	104	48
683	398	94	47
698	399	95	49
698	399	96	48
714	397	82	52
726	400	76	50
736	401	69	49
744	401	61	49
743	401	61	49
749	401	56	49
751	401	53	49
750	403	53	47
747	410	54	42
746	405	54	46
740	407	56	45
734	415	56	39
726	415	57	39
716	417	57	39
717	417	58	38
707	420	58	38
697	421	58	40
690	420	58	45
680	421	58	45
677	420	61	46
671	418	58	51
663	418	59	52
654	419	59	52
647	419	59	55
648	421	58	51
642	420	60	54
637	422	59	54
634	422	59	56
628	425	60	53
629	422	59	55
621	433	61	46
614	426	59	53
602	430	61	51
590	431	61	49
591	429	62	53
576	437	63	48
559	445	66	39
543	452	67	33
525	450	66	36
524	451	66	36
504	451	69	37
487	448	68	39
465	443	70	44
446	441	71	47
447	440	70	49
425	436	72	51
409	432	71	57
392	433	74	55
377	432	78	58
377	431	78	59
365	429	80	60
355	430	84	62
346	428	88	62
339	427	92	62
338	427	93	62
335	428	97	61
332	426	100	62
331	425	103	62
334	423	105	62
332	423	106	61
336	423	109	60
343	422	109	60
349	424	111	60
358	427	114	61
358	426	114	61
369	428	114	61
381	431	113	61
394	429	115	62
409	429	118	62
409	429	119	62
424	429	127	61
445	428	124	62
465	430	120	60
488	431	114	61
488	430	121	61
513	431	110	63
539	432	110	62
568	434	105	64
593	431	93	69
594	435	100	66
619	433	86	68
643	431	77	67
666	430	72	62
665	429	71	63
682	424	70	63
698	397	69	84
709	402	72	75
717	399	75	73
718	397	74	74
725	396	75	72
725	414	81	54
716	409	92	63
712	419	98	56
713	416	97	57
706	422	102	55
698	423	104	55
683	422	110	59
671	426	109	55
670	415	110	66
655	414	109	69
636	430	109	58
615	420	111	59
592	426	106	58
592	424	107	60
571	426	103	58
549	430	98	57
541	434	85	51
518	431	81	53
519	432	80	52
503	440	76	47
482	440	74	47
465	441	74	50
446	438	75	50
447	434	74	54
430	434	76	56
412	429	77	59
395	435	81	53
378	429	82	58
379	432	85	55
365	426	86	60
354	424	89	60
347	424	92	60
342	424	94	59
341	425	95	60
339	423	97	59
335	424	101	59
335	421	104	60
339	420	103	59
338	421	106	58
342	418	106	58
348	419	105	58
355	418	106	57
363	418	106	57
363	418	107	57
372	417	107	56
383	416	104	57
396	415	105	57
409	414	107	57
408	414	108	56
423	413	108	56
440	413	111	55
460	412	111	56
484	414	114	56
483	415	116	55
509	415	117	56
537	418	108	55
568	421	106	54
598	422	103	55
598	421	99	57
629	429	93	51
660	429	91	53
692	427	83	56
720	390	77	96
721	390	73	95
748	419	73	68
772	444	74	46
800	440	71	49
828	449	75	40
827	445	77	44
858	447	77	42
888	449	79	39
914	439	83	48
932	433	89	54
932	433	92	54
947	430	102	56
962	420	105	64
970	425	111	60
969	422	124	62
971	423	122	60
970	421	131	60
970	420	135	60
968	419	139	59
962	419	144	59
961	421	144	58
955	416	146	62
946	418	149	60
932	416	155	60
919	420	151	59
915	418	156	60
894	420	156	58
870	422	156	60
847	424	150	61
826	423	142	64
825	424	143	63
804	427	134	61
784	427	126	63
767	427	119	64
749	427	117	65
749	427	116	64
733	429	111	64
719	431	105	61
704	433	103	60
689	431	103	61
688	431	102	61
673	430	99	62
657	430	96	61
644	431	88	61
635	431	77	59
634	433	76	58
622	432	71	59
613	433	67	57
607	428	69	62
603	426	69	63
604	434	67	56
601	425	68	62
598	430	69	56
598	426	71	60
599	424	77	59
599	426	76	57
604	419	82	62
614	422	87	59
630	418	92	60
651	416	96	61
651	415	95	62
682	416	79	62
711	415	79	63
744	406	84	70
776	419	80	60
775	413	80	66
812	421	79	61
837	420	81	58
856	414	88	61
868	418	97	57
870	416	96	58
880	415	99	57
889	414	102	58
905	411	97	59
918	410	97	59
917	414	98	56
929	409	102	58
939	410	107	56
940	403	118	58
939	402	126	60
939	401	126	60
935	403	133	59
930	400	135	62
924	400	133	62
915	399	135	59
914	399	137	60
905	398	133	59
899	407	125	52
886	406	128	52
869	402	128	54
868	399	130	56
855	399	128	54
837	400	127	51
816	403	128	47
795	398	125	50
795	399	125	49
773	395	122	51
755	395	115	50
735	395	108	51
715	394	103	50
715	395	104	50
695	395	98	49
676	394	93	49
657	395	88	47
646	392	72	53
646	395	72	51
626	398	71	50
612	400	64	38
594	400	59	39
577	390	63	41
576	392	63	41
561	388	72	41
547	377	98	42
534	379	122	41
529	373	125	41
529	373	126	41
528	373	127	40
532	374	126	39
535	372	126	39
540	377	127	36
541	377	125	37
545	377	122	38
551	377	124	38
553	381	119	36
557	381	127	37
557	381	123	38
561	383	133	36
568	386	133	37
575	384	134	38
583	387	132	38
584	386	130	39
596	386	127	43
614	387	108	47
634	384	89	44
652	386	77	47
651	387	79	47
665	389	75	47
682	387	69	46
694	389	70	47
707	390	69	44
707	390	68	44
719	394	68	44
729	388	69	47
738	392	69	47
747	394	68	47
747	395	68	46
756	399	63	44
763	397	60	48
764	401	60	46
769	398	55	48
767	398	58	47
766	386	59	58
758	387	63	55
750	390	63	52
741	399	62	43
741	399	62	45
734	406	58	36
722	405	59	35
713	403	54	38
702	396	55	44
697	371	60	68
686	367	59	69
676	373	59	60
666	388	55	45
655	383	55	47
656	379	54	51
645	381	55	48
633	382	59	44
621	382	62	41
613	381	63	43
613	382	63	42
605	380	65	42
601	378	67	42
598	377	69	43
596	373	73	44
597	368	72	48
598	374	72	41
603	373	71	39
611	374	65	39
618	372	61	39
618	372	62	39
624	373	56	38
632	375	49	35
632	378	52	29
633	378	51	30
636	375	51	28
637	375	51	27
631	371	57	27
626	368	56	28
615	368	67	29
605	366	69	29
594	366	69	29
580	367	70	29
569	368	67	33
566	370	70	30
555	370	65	37
540	376	68	33
534	378	64	31
532	377	58	32
529	378	61	31
523	375	60	33
511	378	64	30
502	377	63	30
492	378	61	32
490	375	63	34
475	369	67	41
469	371	63	42
471	384	51	34
466	378	48	41
466	376	49	42
459	373	51	46
453	372	53	45
455	376	49	42
456	375	46	39
456	376	46	38
458	376	46	37
461	375	46	38
466	376	45	37
471	376	46	37
470	377	47	37
476	377	46	37
480	378	47	36
484	380	47	36
488	381	47	36
490	381	46	36
493	381	46	37
496	383	47	36
500	377	43	37
503	371	45	41
499	375	49	37
503	373	48	37
505	370	47	39
506	369	52	37
509	365	51	36
511	366	50	36
513	364	52	36
515	359	52	39
511	355	58	42
512	359	59	38
511	355	60	40
520	359	50	36
521	361	48	34
519	361	48	31
518	359	47	32
520	357	46	34
518	358	46	33
520	358	45	33
516	358	44	32
518	359	44	31
518	359	44	31
514	359	45	28
515	352	44	38
513	352	46	38
514	354	47	38
514	354	46	37
512	358	47	36
512	364	46	36
510	373	45	31
508	376	45	34
509	377	45	33
505	382	47	33
502	385	48	35
498	390	49	33
494	394	49	32
495	391	49	35
491	394	51	33
489	388	51	36
487	393	52	33
485	395	54	33
485	391	55	35
486	394	55	34
486	394	55	34
485	397	57	34
488	398	60	35
487	399	59	33
489	401	62	35
494	401	63	36
499	400	65	35
506	393	65	37
506	394	65	35
515	385	66	38
526	382	68	39
538	377	68	39
550	377	77	38
551	377	71	38
565	377	72	39
582	370	68	47
599	380	62	40
616	375	57	47
616	375	57	47
634	377	51	46
640	381	50	42
649	381	48	42
651	380	48	43
652	381	48	43
654	380	48	44
656	382	48	42
658	383	48	41
658	382	48	42
659	383	48	41
661	379	48	45
662	380	48	43
665	377	48	45
659	376	57	46
658	374	58	48
651	376	66	47
646	376	70	48
642	381	71	47
639	391	63	39
640	390	64	39
633	384	58	47
620	401	58	33
604	406	58	31
586	404	57	33
585	400	58	37
564	409	57	32
539	412	62	28
512	413	61	28
485	411	62	30
485	412	62	29
463	406	61	33
444	401	63	39
428	395	66	45
416	399	67	42
416	397	67	43
404	397	67	42
392	396	73	44
383	394	75	46
377	395	77	45
376	396	77	45
374	393	79	46
375	394	79	48
377	394	78	47
381	395	78	48
382	395	76	48
386	398	77	48
392	397	74	48
397	396	71	49
398	398	69	47
399	399	69	47
398	401	69	47
395	401	70	47
392	404	71	47
393	403	70	47
393	404	70	48
392	405	70	47
392	404	71	47
393	403	71	47
394	402	71	47
393	401	72	48
397	401	71	47
399	399	71	47
403	396	72	47
407	393	72	47
407	393	73	46
412	388	73	47
419	384	74	47
429	379	74	47
443	376	75	46
443	376	74	45
455	373	72	44
468	371	69	43
479	370	66	42
492	370	65	40
492	369	66	41
505	366	63	41
518	367	64	38
532	366	62	37
547	365	61	40
547	364	61	39
562	370	60	35
579	368	57	38
593	367	55	40
609	368	49	39
609	371	49	37
618	368	48	38
626	376	49	31
635	375	48	32
646	375	45	30
646	373	45	31
648	374	46	30
649	371	49	30
649	368	52	30
659	372	47	23
658	372	49	25
656	367	55	25
649	360	68	28
625	355	95	30
612	353	104	30
612	353	105	31
596	353	110	28
581	353	113	26
568	352	115	27
555	354	116	26
556	352	116	28
547	352	115	26
541	352	115	24
538	352	111	24
532	351	112	25
534	351	108	25
528	352	109	26
524	354	106	25
515	355	105	25
518	359	95	25
521	360	91	24
512	345	80	43
482	366	85	29
474	370	74	29
460	377	72	25
457	377	75	25
441	379	71	27
432	381	58	29
415	380	55	32
404	382	49	36
404	382	49	36
399	381	51	35
405	381	48	37
405	385	50	32
404	386	55	30
406	386	52	30
378	388	75	29
379	391	68	27
384	391	48	27
376	387	48	35
377	379	47	42
358	395	58	27
363	394	45	28
353	395	49	27
347	395	50	28
348	396	50	26
345	393	51	31
344	396	50	29
345	397	50	28
346	397	48	28
349	398	45	30
352	400	47	27
355	403	46	26
354	402	47	26
353	403	47	26
357	403	46	25
357	404	46	26
356	403	47	26
356	402	47	25
356	402	47	25
361	396	40	30
367	392	36	31
371	396	44	30
382	393	42	31
382	391	42	33
392	396	45	25
399	395	45	23
406	395	44	23
407	389	45	24
406	388	47	24
415	387	52	29
413	388	56	25
433	384	45	30
444	385	41	29
445	386	40	28
443	384	56	25
450	379	65	25
481	374	60	26
475	368	77	30
471	367	83	31
472	369	92	31
489	369	69	29
492	377	60	25
496	377	51	26
496	378	50	26
502	378	41	24
486	373	59	28
483	374	58	27
471	366	59	30
471	366	61	31
461	366	58	30
453	367	51	29
446	367	54	32
448	371	61	33
449	372	61	32
457	379	58	33
465	379	54	32
468	384	54	31
472	385	52	31
472	385	52	30
472	382	52	31
471	374	53	31
469	368	52	30
471	365	52	30
471	365	51	30
467	362	52	31
467	365	52	30
460	365	52	30
461	371	55	31
461	371	54	31
458	374	58	31
461	378	60	31
460	376	62	32
465	377	61	31
466	377	62	31
466	374	63	31
473	375	61	31
478	373	62	31
483	375	63	32
483	376	63	31
489	376	64	31
496	378	64	33
503	380	64	31
512	381	67	32
511	380	66	33
522	376	66	33
532	372	67	33
546	368	69	33
565	363	70	33
565	364	69	33
587	359	70	34
614	356	68	32
642	358	64	31
672	355	58	31
672	357	58	30
697	362	58	28
721	362	52	28
735	370	54	24
748	369	53	25
743	366	56	26
751	364	56	28
746	357	65	31
750	356	62	30
739	359	73	28
738	357	71	30
732	359	69	30
724	363	66	28
715	364	59	31
695	372	65	28
705	373	57	27
691	376	53	26
661	375	64	28
649	376	61	27
637	378	57	26
634	377	60	27
621	378	56	27
608	375	51	30
596	378	53	29
586	375	50	31
586	375	50	31
579	375	50	30
575	373	51	31
573	372	50	30
571	369	50	31
572	369	50	30
570	368	49	30
569	367	50	30
565	367	50	29
564	366	51	29
564	366	52	29
563	363	50	29
562	362	50	29
557	361	49	29
554	362	51	30
555	362	50	29
552	363	49	31
548	365	48	31
541	363	49	30
534	364	50	31
534	364	50	30
529	364	51	31
520	365	54	31
517	364	56	31
513	361	57	31
513	362	57	31
514	358	58	31
512	357	59	30
516	354	60	30
516	351	59	30
515	352	60	29
520	347	58	30
520	343	57	28
523	338	58	30
522	340	61	28
522	340	60	28
524	344	61	29
529	345	61	29
532	346	61	29
537	347	61	29
537	347	63	29
542	347	63	30
548	349	63	30
554	351	63	30
560	350	63	30
560	351	64	29
567	348	63	30
575	349	64	30
583	349	62	30
592	350	63	30
592	349	62	30
601	351	62	29
612	352	61	29
623	354	60	29
633	356	60	29
632	355	59	29
645	357	60	29
659	361	56	28
672	363	52	27
685	364	49	25
686	364	49	24
692	362	46	23
699	360	44	22
701	357	42	22
701	356	42	22
702	355	42	23
701	357	43	23
701	361	43	24
696	364	44	22
688	361	43	24
689	362	43	24
686	361	43	23
680	357	42	24
679	353	43	24
679	351	42	25
678	352	43	24
679	350	43	25
682	354	42	22
686	350	41	26
690	352	41	24
690	353	42	23
687	350	43	24
685	350	42	23
679	351	42	22
677	352	43	22
676	352	44	22
672	357	46	21
676	354	43	24
658	356	63	24
661	355	63	24
661	356	65	23
657	354	70	23
652	352	78	21
646	348	84	20
628	342	98	21
627	342	99	21
619	332	100	22
611	330	102	21
606	323	107	23
601	322	111	24
602	322	110	23
595	330	107	24
590	334	108	24
581	336	105	24
576	338	102	24
576	338	101	24
569	340	100	23
562	341	102	23
558	343	103	24
552	345	104	24
553	344	102	25
546	347	104	23
540	349	104	23
533	349	104	24
524	350	104	24
524	350	105	25
516	350	105	26
507	351	105	26
499	352	106	28
492	354	101	27
491	355	99	27
489	356	93	27
478	353	84	28
469	357	78	25
453	355	81	28
462	355	73	28
446	354	74	32
431	352	83	35
416	355	74	32
396	357	83	33
396	357	79	33
389	361	74	31
373	367	76	29
361	370	73	30
351	374	71	30
350	375	72	29
335	377	76	29
325	381	73	29
314	384	72	29
316	384	72	29
305	388	69	29
300	390	65	30
297	386	64	35
297	388	63	35
295	389	65	34
300	389	62	36
303	398	64	35
313	400	59	36
313	401	61	38
313	402	61	37
307	404	78	32
311	394	68	36
313	385	71	36
316	382	69	32
317	381	67	33
320	378	68	32
328	379	64	30
339	380	61	29
344	382	63	30
344	379	62	33
351	384	63	30
360	389	58	32
365	399	55	32
364	404	57	33
362	403	59	33
360	405	57	33
355	407	57	33
351	403	54	33
348	400	52	35
349	400	50	34
344	394	53	36
338	393	55	35
342	395	52	31
345	394	49	31
345	393	50	31
348	395	52	30
348	389	51	32
349	392	55	31
351	396	55	28
352	392	52	32
353	392	53	30
359	394	53	30
364	396	48	27
368	400	48	28
368	396	47	31
369	395	47	29
371	395	48	29
376	394	51	29
382	394	52	28
381	390	50	31
390	390	49	28
395	389	52	28
404	387	51	29
414	390	50	28
410	388	52	30
420	390	53	28
428	390	54	28
437	390	55	29
440	392	58	28
439	391	58	28
444	393	61	28
446	392	64	28
451	391	62	29
454	389	60	29
452	388	61	29
460	382	60	30
462	377	62	28
462	375	63	29
464	374	63	30
465	374	63	29
464	373	62	29
463	375	61	29
458	376	62	29
457	376	59	30
456	377	60	30
447	377	65	31
437	377	66	30
429	379	65	32
421	379	62	31
421	379	61	30
414	380	60	32
403	380	61	31
398	381	59	31
394	381	57	29
391	381	59	30
383	384	61	31
375	383	64	30
369	384	66	31
364	384	68	31
365	385	68	30
365	384	68	30
366	385	66	32
368	389	67	31
367	389	68	33
366	388	68	33
371	396	66	30
369	397	67	32
372	404	65	30
373	404	64	31
373	404	64	32
375	403	65	32
376	403	66	32
379	402	67	33
383	403	68	32
384	403	68	33
388	404	69	33
394	406	68	33
401	406	66	33
404	410	67	31
405	410	66	31
410	406	66	33
412	406	67	32
417	404	68	31
418	402	70	30
417	402	70	31
420	398	72	33
421	398	74	33
422	397	74	35
424	398	73	35
424	399	73	34
425	400	72	34
425	400	72	32
424	398	73	32
422	396	73	31
422	395	73	34
422	394	72	33
419	390	70	33
419	389	68	34
419	388	65	34
419	388	65	34
422	387	63	35
426	389	63	35
428	389	64	35
433	391	67	35
434	391	66	35
434	390	68	35
438	391	68	36
437	394	65	35
443	395	62	36
442	396	62	34
451	395	59	37
461	399	58	35
477	401	57	34
496	400	55	36
496	400	55	35
515	401	57	33
537	403	61	30
553	401	66	32
571	398	69	32
572	397	67	32
589	396	72	33
606	394	74	34
623	394	76	34
640	393	77	34
639	393	77	34
655	392	80	35
670	390	82	34
677	385	94	33
679	380	110	33
679	380	110	33
675	375	128	33
671	371	141	30
665	369	145	30
665	369	139	34
666	370	139	35
671	376	119	38
704	373	79	42
726	385	61	37
743	381	68	37
744	380	66	39
749	382	71	40
752	380	75	41
756	381	73	43
759	380	72	42
760	378	70	43
762	381	71	41
764	381	68	43
766	380	68	43
767	379	67	43
768	378	67	43
769	380	66	43
772	381	65	43
777	380	64	43
782	380	64	43
783	380	64	43
785	381	63	41
793	377	64	41
798	376	63	41
804	373	65	41
805	373	63	41
809	374	65	41
815	372	65	40
815	372	66	40
819	369	67	40
820	370	67	40
820	370	68	39
822	371	69	39
820	372	72	39
815	372	74	39
815	372	75	39
808	376	78	38
799	376	78	38
790	374	78	38
776	374	78	38
776	374	78	38
763	373	76	37
752	371	73	37
740	370	70	37
728	373	69	34
730	372	68	35
720	372	65	34
710	371	64	34
703	370	63	34
696	370	59	33
696	371	60	33
691	370	56	33
686	371	54	33
682	372	53	32
675	376	54	32
674	375	56	31
673	377	51	32
669	377	50	31
666	377	48	31
654	378	55	29
663	374	47	33
654	377	51	29
650	376	49	28
642	375	52	28
636	372	46	28
637	371	46	29
633	370	50	26
625	371	61	25
616	367	80	28
617	364	92	29
615	365	93	29
624	364	96	29
627	365	102	30
631	357	106	29
640	358	108	27
641	358	106	27
644	353	111	29
650	352	112	26
656	351	112	26
661	354	112	24
660	354	112	25
669	355	113	25
674	356	114	25
681	358	114	26
683	358	111	26
686	361	112	26
690	362	116	26
696	362	115	27
700	363	113	27
701	363	114	26
705	364	114	27
709	364	114	28
711	365	114	27
714	369	114	28
713	369	115	27
715	372	114	28
715	376	116	28
718	380	114	27
719	386	118	28
719	385	116	27
719	386	120	28
720	387	123	28
720	386	128	28
720	384	130	29
720	383	129	30
718	379	133	30
717	378	135	31
711	377	141	34
708	379	144	35
708	379	144	35
704	379	145	36
700	380	147	38
696	382	150	39
696	382	147	43
696	382	147	44
698	382	142	52
705	382	135	59
714	389	126	57
722	391	118	61
722	391	117	60
729	398	116	65
735	405	117	66
744	408	119	68
750	415	118	64
749	414	120	66
765	413	118	70
783	414	117	74
800	416	118	74
819	425	120	68
819	427	120	68
840	431	120	71
865	433	117	72
889	427	109	87
912	428	100	88
913	429	102	87
930	432	100	91
946	434	96	90
961	433	94	89
975	431	93	89
975	431	93	90
985	428	99	89
989	425	97	88
990	423	83	87
984	421	81	86
984	421	82	86
976	421	82	83
966	420	84	81
957	417	79	81
947	416	74	78
947	417	72	76
935	414	73	75
925	411	74	73
918	412	70	69
910	413	67	67
910	411	71	67
900	409	70	68
889	408	70	69
878	410	71	64
866	409	73	64
867	408	73	65
857	407	77	63
849	405	79	60
844	400	79	58
840	395	80	56
840	395	80	57
837	393	82	52
836	390	88	49
838	393	90	43
840	392	91	41
841	392	90	42
844	394	91	43
850	393	93	41
856	397	93	40
865	396	89	40
866	395	88	41
874	393	87	41
881	393	87	42
888	395	80	38
891	392	81	39
892	394	79	37
895	392	77	37
897	393	77	36
898	392	76	37
901	391	77	38
901	391	76	38
902	392	76	37
906	396	72	36
911	395	74	37
913	399	76	35
913	396	75	38
918	397	70	36
924	397	70	36
927	401	62	33
931	400	61	33
931	400	61	33
935	399	59	33
937	398	61	32
937	396	60	33
938	398	59	32
939	398	58	32
943	395	54	33
940	396	59	32
941	397	57	31
941	395	57	32
941	395	57	32
940	394	54	31
938	392	56	31
935	391	56	32
936	390	59	31
935	390	59	30
936	388	62	32
937	382	62	35
942	389	61	30
945	388	58	32
945	387	58	32
948	392	56	31
947	390	56	34
951	391	55	31
949	395	56	29
949	394	53	30
952	392	54	30
954	390	61	31
959	389	60	30
965	388	59	29
965	389	60	29
971	387	59	30
979	383	55	29
979	386	54	29
984	382	52	29
983	379	52	31
981	381	54	30
985	382	51	28
984	383	53	28
988	381	52	29
987	380	52	30
990	383	52	29
992	382	51	32
996	381	51	33
995	381	52	33
995	381	52	34
994	381	52	33
992	381	52	33
991	377	52	35
987	379	51	33
987	380	51	33
982	377	52	33
977	376	52	33
972	375	53	33
968	370	55	32
969	370	56	32
966	367	53	33
962	366	53	33
956	366	53	32
952	361	53	31
953	361	54	31
949	360	52	31
942	359	52	31
935	357	52	32
928	356	51	32
927	356	51	32
919	353	50	30
910	354	51	31
900	351	50	32
892	353	51	31
892	353	51	31
882	354	49	31
871	356	49	31
859	357	47	31
843	362	48	30
844	361	48	31
826	364	47	29
806	367	48	29
784	368	47	28
762	367	48	30
762	367	48	30
740	370	49	29
718	369	49	29
695	371	49	28
673	370	49	30
673	370	49	30
649	373	50	27
630	373	49	28
620	375	47	27
611	378	47	24
611	378	47	23
605	378	47	25
599	378	47	24
592	377	47	23
586	377	47	23
586	376	48	24
579	376	46	24
572	375	47	24
562	369	49	24
552	369	51	22
551	368	50	23
536	364	52	23
521	361	54	23
504	361	52	22
485	359	53	22
485	359	53	22
468	358	58	22
451	354	64	24
438	350	72	27
426	347	88	29
427	347	87	29
422	345	106	29
422	344	118	28
428	343	123	29
441	345	122	26
442	345	119	25
457	347	110	25
473	348	82	27
495	355	53	23
482	355	55	27
481	353	56	29
482	357	63	27
491	357	63	29
502	362	57	27
510	367	51	25
513	368	48	25
520	369	45	26
522	367	43	31
524	371	44	28
528	367	42	32
528	369	43	31
532	366	40	33
535	369	41	32
536	373	41	27
536	371	42	28
536	372	42	27
534	374	45	25
533	373	43	25
532	373	44	26
529	373	43	26
530	372	43	26
528	367	42	30
520	369	48	27
520	371	43	26
520	372	44	25
518	375	40	23
517	375	40	24
517	377	41	22
520	376	41	23
521	374	40	25
524	376	39	24
525	376	42	25
521	377	47	24
521	378	45	24
521	379	45	23
519	381	42	23
504	381	53	25
504	383	49	25
506	385	46	24
502	385	49	25
503	387	46	24
499	385	47	25
498	386	46	24
499	388	44	24
498	387	45	24
499	387	42	24
494	385	49	25
498	385	44	25
498	385	42	25
497	386	43	25
496	387	42	25
491	388	43	24
476	386	54	25
464	385	56	25
469	386	51	25
457	380	55	28
454	380	49	26
438	377	54	26
431	383	52	25
430	381	51	27
418	373	50	29
412	368	51	32
402	366	52	28
395	367	45	28
396	370	42	24
389	368	45	24
386	368	48	25
384	368	51	27
382	369	55	28
382	369	56	28
385	369	61	30
389	366	66	29
400	365	69	30
411	361	69	31
411	362	69	31
429	359	69	30
446	356	67	30
466	352	67	30
484	349	66	29
483	348	65	29
502	345	65	29
518	343	66	28
534	340	67	28
552	337	68	28
552	337	68	29
571	334	70	28
593	331	72	28
617	329	74	27
648	327	72	27
647	326	71	27
681	326	66	25
712	325	62	25
746	322	55	25
776	320	51	24
777	320	51	24
804	321	49	22
825	323	47	21
840	322	47	21
849	318	48	22
849	318	47	22
856	312	48	23
868	308	46	23
877	306	46	22
880	304	52	22
877	303	54	24
883	300	56	25
888	297	57	25
893	295	56	26
909	302	48	23
908	302	46	23
899	308	57	23
903	307	56	23
905	310	57	23
905	311	58	23
904	310	60	24
903	312	59	23
900	311	63	24
896	309	65	25
891	311	64	24
890	311	66	24
884	313	62	24
880	315	61	24
877	314	61	24
876	315	56	22
876	315	56	21
870	313	58	21
864	312	60	21
856	311	63	21
848	310	64	21
848	310	65	21
838	311	65	21
828	309	66	20
815	310	67	20
807	309	67	20
806	309	68	20
794	311	67	20
782	312	67	20
769	315	68	20
758	316	64	20
758	316	64	20
746	319	62	18
734	323	64	18
721	326	59	18
708	330	60	19
707	331	61	18
693	337	58	19
679	344	56	18
668	349	53	19
660	354	50	18
660	353	49	18
650	357	46	18
643	360	44	21
636	362	44	19
631	365	42	19
631	362	42	21
631	362	41	21
630	366	39	19
631	368	36	18
629	370	35	18
624	368	41	19
617	370	42	19
607	369	44	20
599	366	42	21
591	365	39	20
592	365	39	20
586	362	37	19
581	361	35	19
578	355	33	19
574	352	32	18
575	352	33	18
570	346	30	18
568	341	34	18
564	340	29	17
563	335	30	20
562	335	31	21
558	335	31	21
556	336	30	20
552	341	32	19
549	341	32	20
550	342	32	20
549	345	33	20
548	350	34	19
544	352	37	20
544	351	33	20
545	352	33	20
544	349	34	21
541	347	38	21
540	345	38	21
541	344	38	22
541	344	38	22
547	341	39	22
551	343	36	21
556	344	36	20
559	343	36	19
558	343	36	19
559	343	36	18
560	344	36	17
563	346	37	16
568	346	37	17
569	345	38	17
573	344	38	18
580	344	38	18
587	343	39	18
594	341	39	18
593	341	40	18
605	340	39	17
613	337	39	18
628	336	38	17
638	337	37	15
638	337	36	15
654	332	31	17
661	332	31	16
670	333	33	16
674	332	32	17
673	331	33	18
677	327	38	20
676	326	40	18
671	322	44	18
667	320	46	18
667	322	46	17
661	321	44	19
659	324	44	18
649	326	47	19
642	328	46	19
643	328	45	19
630	328	46	20
619	331	46	19
609	334	44	18
597	335	43	20
596	334	43	21
588	337	41	21
577	343	41	20
570	343	40	21
561	345	41	21
560	344	42	22
551	342	40	23
543	342	37	23
534	343	34	22
527	344	30	19
526	343	30	19
519	342	34	21
514	344	35	21
507	343	35	22
502	343	38	24
501	342	38	25
497	343	41	24
495	342	45	25
497	340	45	26
501	341	47	27
500	340	47	27
505	339	47	27
513	340	47	27
522	341	45	27
530	348	47	24
529	348	47	25
539	355	47	24
550	357	44	24
560	359	45	24
573	354	41	25
571	354	42	27
581	354	44	24
594	354	44	24
606	353	42	24
621	352	40	24
626	350	35	25
637	353	36	22
646	348	41	27
654	346	48	30
662	348	49	26
662	349	50	26
675	353	46	27
678	344	48	27
679	348	57	25
681	344	55	29
686	347	58	26
686	346	66	27
685	341	67	29
691	344	66	27
691	343	67	28
685	342	68	28
687	341	68	30
682	340	68	31
680	340	72	33
680	339	70	33
677	342	70	31
674	343	68	32
672	345	66	32
670	345	62	37
669	351	63	31
672	353	61	30
672	350	59	33
675	352	60	31
670	356	67	27
669	355	67	28
664	351	73	32
657	355	72	28
643	356	76	29
631	355	79	30
631	355	74	30
617	358	77	29
611	360	68	29
602	360	61	31
596	364	60	28
596	362	60	29
593	367	62	28
583	364	59	30
583	368	53	26
559	369	68	25
558	367	69	26
541	369	73	26
524	368	59	28
496	370	61	27
475	370	50	28
478	372	47	27
449	376	45	24
414	377	46	25
387	377	46	27
358	374	48	30
358	375	48	30
332	381	50	24
305	380	56	25
279	379	61	27
257	382	63	26
257	382	62	26
229	379	69	28
210	374	72	33
190	374	73	32
182	373	76	33
181	372	78	34
161	369	84	34
154	367	89	37
145	363	96	40
140	363	100	38
140	364	100	37
137	360	106	38
134	361	112	36
134	362	114	36
135	360	112	36
134	360	113	36
136	362	112	36
137	359	111	36
140	358	110	38
149	356	97	38
149	356	97	38
157	362	93	36
166	356	88	37
175	361	89	34
179	362	91	30
181	362	88	30
184	366	91	27
191	363	89	29
199	365	88	29
207	365	87	28
207	364	87	29
213	366	83	29
221	364	82	30
226	363	82	30
233	363	83	30
233	363	84	30
242	364	82	29
249	363	83	29
255	361	84	29
264	361	87	29
265	360	85	30
273	359	88	30
284	359	90	30
295	357	92	29
310	356	93	28
309	355	93	29
327	357	93	28
347	358	91	27
374	360	88	26
399	355	82	31
396	356	87	30
424	361	81	26
441	362	80	27
456	356	89	33
492	360	70	33
491	360	73	33
517	359	67	32
536	360	67	30
558	361	65	30
580	360	62	31
581	361	61	31
608	361	56	32
631	364	52	30
649	366	50	29
672	367	45	28
672	368	43	28
687	364	36	31
687	364	52	34
691	363	57	30
698	365	56	27
698	365	55	27
698	363	56	29
711	366	42	25
699	360	54	32
696	361	57	31
695	360	58	31
696	362	58	31
695	363	53	30
702	364	49	29
706	366	50	27
706	366	50	27
713	365	52	27
718	363	50	27
724	361	56	29
734	360	52	26
718	358	69	27
713	355	78	30
703	356	85	29
697	358	85	28
684	357	80	28
685	358	80	28
668	359	74	28
650	360	73	27
635	358	72	30
617	353	69	35
616	358	70	31
604	357	62	31
597	357	56	33
590	366	53	26
587	362	47	30
587	361	47	30
591	365	58	26
601	360	52	30
613	362	51	26
631	355	46	31
631	355	46	31
648	357	42	28
666	357	49	26
674	352	49	31
684	354	50	28
685	355	49	28
685	354	59	28
692	354	61	30
695	356	64	26
694	358	73	28
693	358	79	28
690	356	80	30
684	356	82	32
679	356	80	31
674	357	77	32
674	359	78	31
666	358	77	31
657	360	77	30
648	361	74	30
640	364	72	29
642	362	71	31
631	360	70	35
626	362	66	34
618	359	65	37
610	365	65	32
610	365	64	32
598	365	65	32
587	367	62	30
583	368	55	29
574	364	52	34
575	363	53	34
567	362	53	34
559	362	57	31
551	357	70	32
548	357	85	29
547	357	86	28
547	355	99	27
553	348	103	30
560	348	100	25
569	343	104	29
569	343	104	28
572	341	104	28
577	342	105	28
586	341	105	28
592	341	101	26
591	341	100	26
595	340	103	27
600	338	103	28
615	337	98	29
617	333	102	28
617	336	101	27
622	335	103	27
627	334	102	26
632	334	100	27
637	335	97	27
637	333	98	28
647	338	92	30
657	342	86	33
670	350	77	31
685	356	72	27
685	356	71	27
704	356	60	31
709	362	70	26
721	358	67	29
732	358	66	28
732	358	65	29
744	355	58	29
750	352	58	28
756	349	60	29
764	345	62	30
764	345	62	30
769	341	66	30
778	337	69	30
786	334	73	29
795	335	75	29
794	334	75	30
802	335	75	28
812	334	73	29
819	335	75	30
829	338	75	28
829	336	73	30
839	342	75	28
850	348	72	24
857	347	74	26
866	348	80	25
865	349	78	25
876	349	75	26
881	349	72	26
888	350	74	26
895	349	71	27
896	348	71	27
902	349	73	27
909	350	72	27
918	353	69	28
919	352	68	28
923	354	63	27
929	361	62	27
930	365	61	26
933	370	62	27
932	369	63	27
933	373	63	27
933	374	61	26
934	382	60	25
934	376	59	28
934	376	59	29
927	379	56	29
920	376	56	29
910	381	55	26
901	378	54	25
902	377	53	27
895	379	48	25
885	378	48	22
863	374	58	23
847	369	56	27
846	370	56	25
832	372	47	25
800	370	53	26
771	370	54	27
743	370	58	26
743	371	57	27
716	373	59	24
690	372	51	28
657	371	54	29
631	373	57	27
632	372	57	28
612	372	56	28
590	370	56	31
574	371	56	31
560	368	53	35
559	366	53	36
546	374	56	32
540	374	57	34
535	372	55	37
523	375	62	36
521	375	63	35
517	376	66	36
512	373	70	37
509	373	70	38
508	373	70	38
508	371	70	39
512	373	71	40
516	375	70	40
524	378	66	42
532	383	63	40
532	385	62	38
538	388	60	38
546	391	56	38
552	394	55	39
558	396	56	38
557	396	58	39
564	399	55	39
566	402	55	38
570	407	55	36
561	405	65	39
561	404	65	39
559	407	69	40
557	409	71	39
550	412	75	39
548	415	77	36
548	414	77	39
544	414	76	40
542	416	69	40
523	414	77	41
508	412	81	42
507	413	81	41
496	408	82	41
484	406	81	43
473	405	82	41
463	402	79	42
474	405	69	38
456	402	77	40
446	401	79	42
438	401	81	41
429	405	79	42
441	405	66	41
422	411	78	40
415	413	78	41
407	416	77	41
398	417	81	42
399	418	78	42
389	417	81	45
381	420	80	46
373	423	80	46
374	425	68	45
373	434	69	38
367	433	71	42
365	433	67	45
365	440	59	42
362	438	62	45
361	439	62	45
360	445	62	43
360	437	63	52
358	442	68	46
367	442	61	44
366	438	63	48
369	445	62	39
365	437	66	45
362	428	69	51
364	436	66	42
368	434	61	44
371	434	60	43
367	433	66	44
370	439	61	41
373	440	60	42
372	440	58	42
378	445	57	39
379	437	57	44
386	437	60	44
395	430	60	46
395	431	61	46
407	426	63	48
418	420	69	48
435	415	70	44
454	412	70	43
455	411	69	43
478	406	68	44
498	401	66	44
522	397	63	42
543	396	65	36
543	395	64	37
564	390	64	36
583	384	63	36
604	379	64	35
623	374	64	34
624	373	63	36
648	370	62	34
671	367	59	34
694	362	58	33
715	359	57	32
715	359	58	32
737	354	55	32
756	348	50	35
757	346	67	34
770	346	64	32
771	346	63	32
774	343	68	32
783	339	68	29
781	337	76	27
779	333	85	27
780	333	82	26
773	328	92	26
768	324	98	27
760	321	104	24
751	319	106	23
751	319	107	24
744	317	110	25
736	314	112	27
729	313	109	30
721	313	111	31
720	314	112	31
713	317	111	32
707	317	111	33
703	317	110	34
701	314	110	35
701	314	110	34
699	314	109	36
700	318	106	35
701	320	102	34
696	324	102	33
697	325	101	34
691	331	97	32
681	338	97	32
672	346	98	30
665	356	80	27
665	357	83	27
657	367	80	25
650	375	73	25
642	384	71	25
638	387	69	22
637	388	74	23
634	389	73	27
635	390	61	28
637	391	61	29
639	390	59	29
640	393	60	27
643	391	59	29
644	388	60	33
648	390	54	31
648	387	54	33
648	387	54	33
647	387	53	32
646	385	52	31
643	385	51	29
641	383	50	29
640	381	51	30
638	382	50	26
635	381	49	26
632	381	48	24
629	382	45	21
629	382	43	21
623	383	42	22
619	383	40	23
615	383	40	25
611	386	44	23
611	386	44	22
609	385	46	23
609	385	47	24
611	385	48	23
615	386	49	23
616	387	50	23
617	386	50	24
622	385	51	24
625	382	50	24
630	383	48	24
631	382	48	24
633	379	49	24
637	376	48	24
640	375	47	24
641	372	48	25
641	372	48	24
644	369	47	25
647	368	47	24
649	366	47	25
653	364	46	26
653	364	46	26
657	363	46	26
660	360	47	26
664	358	48	26
667	356	49	27
667	356	49	27
673	355	47	27
677	356	47	24
683	354	45	25
688	352	43	25
687	353	44	26
691	349	42	28
695	351	39	25
697	349	38	25
697	347	38	25
697	346	37	26
696	345	38	24
693	344	40	24
691	341	42	25
687	340	42	25
687	339	41	25
683	342	43	24
678	343	42	26
673	344	42	27
667	343	40	30
668	345	40	29
663	342	40	31
658	345	40	31
656	343	42	31
655	346	42	28
652	343	39	29
652	350	39	23
649	351	46	21
646	345	42	26
646	343	41	28
644	344	41	27
642	343	41	27
642	342	41	27
640	341	40	28
641	341	40	28
640	342	41	26
637	344	40	27
636	336	41	30
633	346	39	27
634	347	40	27
631	343	40	27
629	343	42	28
627	342	42	27
625	342	41	26
625	340	39	27
620	341	40	28
617	338	41	28
618	343	40	29
611	340	40	30
611	339	42	31
608	340	41	31
607	338	42	31
602	339	43	30
602	337	42	30
602	336	43	31
600	335	43	31
601	335	43	31
597	336	46	31
598	336	43	32
599	337	43	31
596	338	43	32
595	341	43	34
593	342	44	34
591	342	43	35
591	343	44	34
589	345	43	33
587	347	43	32
584	347	44	33
582	349	43	33
582	348	43	34
579	351	43	33
577	353	44	33
573	356	45	33
571	355	45	34
571	356	45	32
567	358	44	31
564	358	45	32
559	361	46	31
556	360	47	31
556	358	47	33
554	361	47	31
550	362	46	31
548	363	48	30
545	362	49	31
545	363	49	30
544	364	51	30
543	366	52	29
