0.012794
0.028776
0.028466
0.027807
0.027904
0.027615
0.026023
0.027218
0.027879
0.027961
0.028171
0.027987
0.027803
0.029648
0.029593
0.027952
0.027478
0.027513
0.027924
0.028057
0.026652
0.027449
0.027730
0.027809
0.027872
0.028470
0.027435
0.028231
0.028223
0.027576
0.028091
0.027952
0.027831
0.027962
0.028186
0.028189
0.028095
0.027938
0.027519
0.027930
0.028044
0.028150
0.028416
0.027901
0.028095
0.028180
0.027846
0.028129
0.027925
0.027840
0.028265
0.027618
0.028385
0.027967
0.027943
0.028313
0.027693
0.028010
0.027986
0.027844
0.027936
0.027934
0.028161
0.028168
0.028060
0.028117
0.027927
0.027631
0.028248
0.028026
0.028040
0.028372
0.028220
0.028378
0.027853
0.029063
0.027655
0.028317
0.028149
0.027928
0.027966
0.027933
0.028151
0.028133
0.027540
0.028578
0.028353
0.028191
0.028257
0.027821
0.027868
0.029205
0.029198
0.028505
0.028141
0.028045
0.028690
0.028398
0.028264
0.027990
0.029996
0.028672
0.030272
0.029679
0.029166
0.028740
0.028770
0.028387
0.028205
0.028193
0.028059
0.028120
0.028614
0.028681
0.028729
0.028518
0.028006
0.028536
0.028502
0.028077
0.028093
0.028339
0.028084
0.027951
0.028220
0.028599
0.027909
0.028071
0.028211
0.028227
0.027922
0.028332
0.027474
0.027993
0.027802
0.027549
0.027992
0.027707
0.027590
0.028040
0.027702
0.027527
0.028027
0.027920
0.027674
0.028074
0.027915
0.027587
0.029201
0.027961
0.028469
0.027771
0.027923
0.027967
0.028386
0.028019
0.027948
0.027894
0.027902
0.028162
0.028834
0.028272
0.028533
0.028015
0.028168
0.028216
0.027995
0.027900
0.028274
0.028204
0.027864
0.028206
0.027773
0.028143
0.027921
0.028597
0.027800
0.027920
0.027768
0.028026
0.028083
0.028218
0.028627
0.027773
0.028346
0.028276
0.028499
0.028397
0.028292
0.028544
0.028625
0.028499
0.028955
0.028987
0.029203
0.027453
0.027520
0.027555
0.028142
0.028597
0.029000
0.027253
0.027988
0.027436
0.027317
0.027154
0.027919
0.027680
0.027894
0.027743
0.027665
0.027929
0.027711
0.027467
0.027656
0.028318
0.027735
0.027229
0.027988
0.027812
0.027603
0.027351
0.027893
0.027807
0.027929
0.029005
0.027746
0.028763
0.028015
0.027897
0.027965
0.029611
0.028371
0.027756
0.027675
0.027244
0.028554
0.027755
0.031194
0.036660
0.035010
0.033139
0.031778
0.031376
0.031395
0.031054
0.030894
0.031133
0.031170
0.030960
0.031684
0.030707
0.030717
0.030833
0.030883
0.030774
0.030902
0.030864
0.030808
0.030331
0.028472
0.028582
0.028502
0.029111
0.028569
0.028282
0.028350
0.028191
0.028402
0.028514
0.028384
0.028280
0.027997
0.028371
0.028249
0.029114
0.028041
0.028681
0.028630
0.028778
0.028706
0.028782
0.028411
0.028314
0.028448
0.027663
0.028308
0.027996
0.028048
0.028473
0.028623
0.028502
0.028104
0.028511
0.028454
0.028570
0.028238
0.028398
0.028442
0.028355
0.028614
0.028111
0.028338
0.028292
0.028943
0.028637
0.028689
0.028233
0.028254
0.028028
0.028233
0.028428
0.028159
0.028192
0.028530
0.028119
0.028147
0.028165
0.027617
0.028126
0.028162
0.028718
0.028227
0.028165
0.028366
0.028969
0.027665
0.028262
0.028817
0.027375
0.027843
0.028563
0.027671
0.027959
0.027718
0.028094
0.028994
0.028792
0.028011
0.028279
0.028158
0.028548
0.027636
0.028319
0.028616
0.028238
0.028596
0.028366
0.028192
0.028116
0.029537
0.027909
0.027627
0.027978
0.028960
0.028514
0.028399
0.028392
0.028576
0.028265
0.030399
0.032331
0.030664
0.030618
0.030515
0.030337
0.030551
0.030606
0.030515
0.030480
0.028097
0.028123
0.028095
0.028176
0.028234
0.028725
0.027861
0.027682
0.027799
0.027950
0.027585
0.027850
0.027963
0.027813
0.028011
0.027742
0.027900
0.028072
0.028150
0.028165
0.028271
0.028454
0.028029
0.027863
0.028223
0.027923
0.027564
0.027450
0.027341
0.027319
0.028377
0.026983
0.027807
0.027200
0.027396
0.027328
0.027894
0.027275
0.027416
0.027179
0.027321
0.027222
0.027759
0.027596
0.027976
0.027581
0.027905
0.027861
0.027221
0.027618
0.027347
0.027608
0.027284
0.028090
0.028177
0.028812
0.027760
0.028090
0.028016
0.027740
0.028581
0.028295
0.027878
0.028180
0.028089
0.027237
0.032345
0.028632
0.028315
0.028109
0.028041
0.027975
0.028105
0.027990
0.028061
0.028024
0.028249
0.027903
0.027881
0.027903
0.028600
0.027643
0.026076
0.026057
0.026057
0.026052
0.025854
0.025675
0.025723
0.026221
0.026368
0.027114
0.026239
0.026264
0.026094
0.028299
0.028344
0.027359
0.028081
0.028052
0.027539
0.026485
0.026204
0.026001
0.026022
0.026540
0.025512
0.026006
0.025921
0.025389
0.025457
0.025559
0.025653
0.025869
0.025823
0.025648
0.026325
0.026135
0.026461
0.026806
0.026855
0.026469
0.026168
0.026210
0.026095
0.026539
0.025941
0.026717
0.026117
0.026340
0.027162
0.026012
0.026356
0.026258
0.026296
0.026342
0.026207
0.026095
0.026938
0.025407
0.025838
0.026172
0.026239
0.026289
0.025921
0.026515
0.026312
0.026094
0.025964
0.026402
0.026402
0.026163
0.027849
0.028055
0.027884
0.028814
0.027942
0.028071
0.027971
0.028390
0.027916
0.027923
0.028273
0.028112
0.028434
0.028011
0.028435
0.028170
0.028038
0.028059
0.027711
0.028256
0.027936
0.027742
0.027684
0.027589
0.027812
0.027821
0.027682
0.027589
0.028411
0.027280
0.027517
0.027807
0.027637
0.030064
0.029639
0.030789
0.029361
0.029463
0.028997
0.028677
0.029044
0.028966
0.028970
0.029139
0.029128
0.031040
0.030970
0.029368
0.028654
0.033733
0.034885
0.037200
0.035163
0.035946
0.034858
0.035060
0.033878
0.032043
0.032200
0.031995
0.031940
0.032434
0.032280
0.031629
0.031950
0.031952
0.031777
0.032701
0.031948
0.031326
0.031858
0.031673
0.031741
0.032081
0.032353
0.032221
0.032732
0.035625
0.032781
0.033664
0.033257
0.031859
0.031913
0.032080
0.031880
0.031834
0.031286
0.031642
0.032078
0.031452
0.031950
0.032156
0.031640
0.032073
0.031919
0.033304
0.031919
0.031798
0.031325
0.031391
0.031651
0.031874
0.031623
0.033177
0.031204
0.033018
0.033347
0.032774
0.033638
0.033515
0.033681
0.032747
0.032255
0.031953
0.031975
0.031816
0.031891
0.031563
0.031935
0.031839
0.032161
0.032201
0.031630
0.031496
0.032295
0.032456
0.032082
0.032248
0.032431
0.031552
0.031696
0.038943
0.041377
0.040640
0.040310
0.040770
0.035403
0.033340
0.034682
0.034317
0.034444
0.033289
0.034461
0.033708
0.032110
0.032286
0.032279
0.031795
0.032148
0.032617
0.032313
0.032001
0.034036
0.033495
0.032153
0.041018
0.039381
0.039925
0.039845
0.040217
0.035348
0.032291
0.033859
0.034035
0.033690
0.033654
0.033629
0.033303
0.033865
0.033753
0.033787
0.033987
0.033379
0.033414
0.034622
0.033205
0.034433
0.034127
0.034876
0.033482
0.033461
0.033514
0.033684
0.035808
0.033348
0.033026
0.033129
0.033192
0.034115
0.034155
0.034315
0.033483
0.033299
0.033767
0.033300
0.033982
0.033303
0.032703
0.033389
0.034639
0.033276
0.033089
0.032990
0.033452
0.033353
0.034797
0.033866
0.033522
0.033237
0.034630
0.034236
0.033645
0.032949
0.033482
0.032780
0.033166
0.033418
0.033083
0.033579
0.032701
0.033450
0.033286
0.033681
0.033108
0.033797
0.033427
0.033511
0.033579
0.034295
0.032889
0.033494
0.033415
0.033084
0.033635
0.033396
0.034988
0.028701
0.028582
0.029033
0.028665
0.028607
0.028151
0.028599
0.029510
0.028852
0.028444
0.030399
0.028567
0.028719
0.028606
0.028283
0.026412
0.026308
0.026852
0.025702
0.026223
0.025935
0.026165
0.025956
0.026185
0.027384
0.027066
0.026714
0.026454
0.026309
0.025955
0.026672
0.026583
0.026507
0.026939
0.026150
0.026557
0.026202
0.027168
0.026509
0.026574
0.026462
0.026482
0.026886
0.025759
0.026598
0.026131
0.028640
0.027189
0.027541
0.027486
0.026871
0.027271
0.027911
0.027858
0.028177
0.028072
0.027907
0.028779
0.028631
0.028579
0.028600
0.028020
0.027813
0.027750
0.027848
0.028111
0.027840
0.028469
0.028527
0.044889
0.062644
0.028857
0.030331
0.028819
0.029016
0.030136
0.029534
0.028968
0.029357
0.029466
0.029274
0.029203
0.028562
0.028940
0.029061
0.029168
0.029106
0.028786
0.028332
0.028810
0.029167
0.028964
0.030359
0.029108
0.029113
0.028817
0.029175
0.029821
0.029481
0.029307
0.028883
0.028646
0.028425
0.028889
0.028826
0.028189
0.028228
0.028183
0.027827
0.027961
0.028122
0.028041
0.028621
0.028333
0.028289
0.031802
0.031662
0.032318
0.030611
0.031250
0.030666
0.030456
0.030654
0.030863
0.030308
0.030570
0.030299
0.030447
0.030329
0.030367
0.031256
0.029793
0.028632
0.028186
0.028328
0.031366
0.031583
0.028402
0.029032
0.028401
0.028286
0.028474
0.028732
0.028264
0.028143
0.028519
0.028957
0.028367
0.029023
0.028429
0.028495
0.028455
0.028788
0.028488
0.028756
0.028298
0.028430
0.029171
0.028120
0.027802
0.028799
0.028394
0.028307
0.028523
0.028736
0.028136
0.028257
0.028714
0.029291
0.028685
0.028673
0.028398
0.028687
0.028748
0.028558
0.028231
0.028784
0.028570
0.028388
0.028634
0.028526
0.028637
0.028525
0.028588
0.028333
0.028106
0.028347
0.028384
0.028387
0.028228
0.028927
0.028521
0.029194
0.028075
0.028210
0.028567
0.027956
0.028613
0.027296
0.027595
0.027537
0.027497
0.027252
0.026789
0.026763
0.026799
0.027134
0.026932
0.027107
0.026620
0.026831
0.026939
0.026573
0.026328
0.026800
0.026619
0.026902
0.029395
0.027773
0.027975
0.027853
0.028149
0.028286
0.028544
0.028263
0.028534
0.028365
0.028094
0.028434
0.028202
0.028063
0.028330
0.028009
0.027722
0.028580
0.028182
0.028238
0.028303
0.028514
0.028103
0.028143
0.028080
0.029655
0.027494
0.028232
0.028554
0.028547
0.029289
0.029080
0.028408
0.028426
0.034657
0.029214
0.028821
0.055229
0.063311
0.044690
0.039652
0.032696
0.029025
0.032366
0.030792
0.031068
0.030555
0.030408
0.030449
0.030473
0.032501
0.027345
0.027603
0.031526
0.030481
0.030293
0.030339
0.030103
0.030512
0.029567
0.028216
0.028624
0.036245
0.036491
0.036226
0.036917
0.037623
0.036333
0.036346
0.037136
0.036111
0.036594
0.036656
0.036315
0.036844
0.035188
0.027003
0.026607
0.026937
0.027994
0.028217
0.032485
0.027039
0.027839
0.030124
0.029690
0.027713
0.037284
0.036094
0.036232
0.036245
0.036054
0.036233
0.036022
0.036480
0.036546
0.036134
0.036888
0.036489
0.036419
0.037042
0.035466
0.037011
0.036885
0.035839
0.028917
0.037028
0.036179
0.036595
0.036212
0.031903
0.036559
0.035371
0.036227
0.036301
0.036635
0.036510
0.035696
0.035803
0.033813
0.029991
0.031797
0.034187
0.033044
0.033793
0.035648
0.027023
0.027794
0.028483
0.027922
0.028050
0.027892
0.027423
0.027758
0.027426
0.027606
0.027482
0.027699
0.027819
0.027748
0.027972
0.027782
0.027535
0.027506
0.027894
0.027958
0.027928
0.028429
0.028247
0.028152
0.028089
0.027602
0.027405
0.027587
0.027563
0.027731
0.027438
0.027897
0.027743
0.028368
0.027849
0.028447
0.030196
0.028038
0.027735
0.028012
0.027858
0.027658
0.027882
0.027534
0.027433
0.027692
0.027727
0.027408
0.027864
0.028645
0.027378
0.027912
0.026953
0.027516
0.027645
0.027507
0.027818
0.028077
0.027056
0.028086
0.027741
0.027622
0.027462
0.027648
0.027759
0.027521
0.027432
0.027822
0.027857
0.027921
0.027874
0.027987
0.027449
0.027410
0.028498
0.027190
0.027683
0.027566
0.027872
0.027557
0.027806
0.028723
0.028076
0.027430
0.027939
0.027845
0.027592
0.027620
0.027897
0.027715
0.027755
0.027780
0.027793
0.027739
0.027440
0.027987
0.027724
0.027776
0.027582
0.028445
0.027598
0.027603
0.027987
0.027845
