449	334	411	245
447	334	409	247
450	336	406	244
449	335	408	246
449	337	408	243
448	335	410	247
451	323	416	264
447	302	425	286
443	276	417	304
444	264	421	312
446	264	422	313
448	263	418	312
446	264	418	314
444	265	421	311
443	265	422	312
444	264	422	312
444	263	420	314
447	265	416	311
445	271	418	306
450	265	414	314
449	253	404	328
455	249	391	332
453	247	386	332
454	248	379	337
457	251	371	339
456	251	374	340
452	251	377	341
451	252	376	340
452	252	376	339
452	252	379	338
452	251	375	341
451	252	375	341
452	252	374	341
452	253	374	338
452	254	374	340
453	254	376	337
451	259	398	337
452	260	433	281
452	251	488	251
456	254	569	257
469	241	593	277
455	221	616	294
480	201	591	327
490	198	588	334
492	197	583	318
497	195	588	321
485	193	598	317
483	194	597	331
495	198	592	324
475	191	609	316
487	198	597	327
472	198	608	323
477	197	609	319
471	201	618	318
474	202	615	317
466	206	623	312
465	213	620	305
461	219	620	297
463	215	618	303
464	216	623	302
460	221	621	298
475	220	595	288
510	205	559	305
537	200	531	456
517	195	548	433
507	193	555	451
502	197	557	438
491	191	569	456
491	195	572	455
475	194	585	455
481	193	589	429
480	197	580	428
472	193	579	435
524	196	517	420
420	203	562	431
527	194	465	443
522	195	448	465
536	215	459	423
510	216	463	425
541	220	425	407
521	222	460	434
515	235	446	408
432	295	529	340
409	321	474	335
411	331	463	287
416	352	480	290
442	349	459	315
459	336	443	328
451	334	457	333
465	339	442	330
454	334	449	323
454	336	452	326
452	340	449	328
460	337	444	330
450	335	457	327
450	309	453	325
446	294	455	327
459	281	450	346
474	276	434	357
488	278	424	348
491	266	421	362
493	269	415	359
490	268	420	357
491	268	420	359
492	268	416	354
491	268	421	362
495	269	415	356
492	268	418	354
488	269	421	361
490	269	419	357
498	267	413	359
491	265	420	359
499	270	411	357
495	275	413	349
482	262	425	365
492	235	415	386
516	231	393	393
499	237	409	376
489	231	432	377
516	224	384	422
520	215	371	470
517	216	380	503
517	218	386	497
515	219	382	499
516	220	377	495
514	219	385	494
515	221	385	493
513	218	389	499
514	219	389	499
515	220	390	499
521	225	379	492
514	230	404	486
504	229	406	488
496	239	408	480
492	237	439	478
480	237	477	481
427	236	520	481
386	226	544	492
387	239	547	476
392	226	540	483
398	229	525	479
397	226	545	489
394	226	535	490
395	229	533	486
393	229	543	486
393	228	530	484
393	228	529	480
396	226	535	490
395	225	531	487
395	228	540	488
392	227	531	485
389	226	531	479
386	228	536	486
373	222	536	489
346	199	564	514
315	162	580	550
286	135	614	582
256	96	637	600
254	66	581	553
210	25	330	430
226	16	273	446
224	19	269	429
224	16	276	443
225	14	266	436
226	19	275	432
227	19	270	433
224	12	279	441
222	20	274	437
227	15	270	437
225	14	264	443
225	19	272	439
225	9	260	442
214	4	266	451
211	3	271	453
224	0	238	455
226	0	240	454
231	0	243	447
226	0	246	450
228	2	243	447
229	3	244	446
229	3	244	445
228	3	245	445
229	4	246	446
228	0	243	450
229	2	246	448
229	3	244	446
229	4	246	444
229	3	245	446
230	4	244	446
229	2	244	447
229	4	243	447
228	0	245	452
228	2	244	450
230	2	243	449
229	2	243	448
229	2	243	449
229	3	244	448
227	0	244	452
230	2	246	449
231	5	256	445
223	0	267	441
218	0	274	444
221	0	274	444
224	0	281	438
214	0	278	446
220	1	267	457
234	6	260	453
227	8	270	450
239	11	263	448
232	12	272	454
230	8	275	452
232	12	272	451
233	17	276	441
239	32	271	431
232	6	279	455
242	32	269	428
250	29	264	432
245	34	265	429
252	41	258	420
231	12	277	453
228	9	277	454
225	11	279	454
236	18	265	438
232	13	268	453
229	13	269	452
238	17	264	446
237	14	264	449
233	10	268	454
232	9	266	451
234	8	259	453
235	11	262	450
227	3	267	457
229	5	262	452
219	0	266	457
232	16	251	439
220	0	260	457
237	46	247	410
210	0	260	454
222	3	253	444
204	6	273	409
199	0	244	348
194	0	232	310
194	1	226	342
199	0	225	316
196	0	230	350
198	0	220	310
191	0	228	351
196	0	225	316
194	0	223	336
193	1	235	344
198	1	228	314
197	0	233	318
196	0	237	321
194	0	232	313
196	0	233	317
194	0	231	313
196	0	227	314
193	0	230	318
195	0	222	314
196	2	226	322
195	2	227	310
194	1	225	319
193	2	230	309
195	0	227	318
193	1	227	309
195	0	222	312
196	1	217	313
193	1	216	318
195	3	214	313
196	2	214	318
196	3	213	308
193	4	219	323
195	3	218	308
194	3	220	322
198	5	224	326
194	4	231	351
193	8	241	364
195	7	248	345
192	9	248	366
196	7	251	351
206	9	239	346
222	0	225	376
210	3	247	386
211	9	251	360
205	3	259	389
220	6	248	366
215	10	256	383
220	7	256	374
218	16	258	371
173	8	302	383
125	88	354	302
152	102	335	310
124	136	369	272
121	160	382	247
123	164	378	242
124	163	382	245
125	165	382	247
125	168	378	242
127	169	380	241
119	169	392	248
123	169	383	246
124	167	388	249
124	169	387	246
124	168	386	246
123	168	391	250
121	173	400	249
123	180	403	275
131	183	398	272
131	179	394	275
136	182	390	274
133	182	393	270
133	186	394	267
133	188	401	267
134	188	402	268
139	189	394	266
167	184	361	275
173	186	356	281
163	189	373	279
183	189	360	279
222	185	320	283
283	189	267	279
220	188	326	285
204	189	343	285
253	191	292	286
302	195	245	271
281	192	268	283
298	200	252	267
290	196	262	278
237	206	315	267
302	199	252	282
308	197	246	275
305	195	247	278
302	199	249	269
295	198	260	268
292	205	260	262
314	201	238	270
287	203	270	264
157	210	398	256
188	213	364	260
212	212	339	263
165	211	394	247
167	219	381	241
166	220	390	239
155	222	406	234
155	221	399	239
156	220	395	241
157	220	398	242
155	223	398	241
157	220	392	242
166	223	380	238
143	222	399	247
133	219	403	262
137	217	393	264
130	216	397	274
132	216	393	272
128	215	396	279
128	218	400	280
130	224	399	278
128	224	400	284
122	225	402	283
125	226	399	280
121	225	405	279
122	226	412	284
109	230	420	278
110	231	413	288
113	233	405	287
114	236	399	287
110	242	404	279
101	244	416	275
107	248	408	273
95	249	422	265
89	250	437	263
101	250	421	254
92	249	424	253
94	249	425	251
107	250	408	255
99	245	421	260
100	245	416	260
109	249	410	261
103	250	415	260
105	250	412	265
107	248	410	272
106	248	412	267
107	247	409	273
102	252	416	270
98	253	419	271
98	255	415	267
95	255	418	271
95	256	417	270
89	258	425	266
89	263	430	265
86	262	431	266
92	260	428	266
90	257	426	265
91	259	427	266
86	262	428	265
90	265	432	275
90	267	429	275
84	264	433	276
85	271	430	279
80	270	424	287
72	270	425	295
64	269	436	293
65	271	430	292
67	268	429	295
62	269	435	296
66	271	430	296
64	269	435	308
73	270	424	312
75	274	426	316
78	273	420	315
76	272	423	321
81	275	417	320
82	276	413	319
79	272	417	328
82	275	412	331
87	275	414	329
86	278	416	331
87	277	411	333
86	273	407	339
87	276	418	341
85	277	411	337
86	278	415	338
87	279	408	334
91	280	404	336
89	279	407	340
94	283	411	333
94	281	413	336
95	283	413	333
97	280	419	341
95	281	411	335
90	283	416	329
93	284	419	330
99	286	417	331
96	285	409	324
93	283	422	331
96	285	413	324
95	284	414	330
94	283	417	326
95	288	417	328
94	288	412	322
94	286	414	327
94	287	413	323
93	285	411	328
99	285	408	325
87	286	415	319
97	288	415	319
88	286	417	316
92	289	415	320
93	287	413	319
86	284	423	320
77	287	437	296
78	287	449	277
73	281	464	279
81	269	452	270
82	259	458	259
88	258	448	252
93	258	449	259
95	258	431	237
98	259	432	245
104	258	436	261
114	248	677	256
99	247	685	254
219	240	360	264
238	225	315	258
309	240	492	240
331	235	473	294
311	240	486	248
249	228	324	264
273	227	282	258
318	247	488	241
304	229	291	263
308	216	498	272
308	211	269	277
294	160	263	325
302	138	253	352
300	145	255	340
296	134	272	359
301	145	245	347
289	139	283	348
294	136	257	365
301	150	265	336
288	134	268	349
263	106	303	379
263	101	303	388
280	100	285	389
274	105	287	386
282	104	290	388
268	103	292	387
263	105	307	385
279	102	289	387
273	107	289	382
284	118	282	357
295	140	273	337
293	150	274	330
296	154	273	324
307	154	263	324
290	142	283	335
296	142	283	348
281	139	288	337
297	148	300	376
300	154	297	350
308	163	310	347
300	161	306	339
301	163	292	319
298	163	305	312
300	166	300	313
297	158	310	352
296	157	304	358
299	157	294	333
293	160	305	319
291	159	303	348
295	159	338	359
286	162	305	321
296	192	299	322
289	221	300	269
287	222	317	320
291	228	284	263
288	227	301	302
290	228	294	286
284	216	277	260
279	196	261	275
274	198	248	273
286	201	229	268
281	203	228	270
291	204	226	277
272	213	230	260
294	205	234	300
274	206	234	265
143	202	360	264
148	206	353	272
153	205	343	259
131	201	360	258
113	191	381	268
179	209	320	254
97	174	401	286
165	211	333	261
75	158	422	302
66	167	434	299
58	145	438	320
48	150	456	310
43	156	455	305
63	135	432	328
88	160	417	308
99	192	418	278
39	137	464	330
74	138	434	324
158	214	360	263
46	133	456	323
110	184	403	285
147	209	364	259
146	216	356	251
170	213	328	252
154	218	347	245
159	216	333	242
174	212	327	251
165	214	335	252
157	214	344	249
169	216	331	244
157	215	347	249
165	218	338	245
159	212	328	247
184	196	312	261
256	132	235	324
266	115	222	329
277	115	219	340
266	109	232	343
275	109	224	348
268	110	232	345
279	106	220	351
268	110	227	344
282	124	215	336
311	111	184	357
312	165	203	313
296	184	213	294
311	188	209	292
314	191	211	287
317	192	207	286
316	126	233	347
313	176	219	308
316	184	211	290
307	187	226	288
303	184	244	271
313	187	248	273
309	188	270	313
255	203	341	291
287	212	312	288
309	206	289	292
294	205	298	295
304	209	285	294
305	207	282	299
307	208	282	299
306	209	286	297
295	213	299	297
305	209	287	299
307	216	284	292
315	217	287	287
313	214	320	304
268	222	423	286
257	219	405	267
302	215	356	257
296	218	363	255
313	217	350	260
309	219	355	255
317	219	351	266
313	222	361	260
311	222	368	264
315	225	365	259
313	225	369	257
305	225	377	256
318	224	365	265
312	228	382	267
313	230	389	296
311	229	438	326
305	236	442	335
307	240	450	332
291	242	466	332
297	242	460	332
292	244	467	332
309	241	450	337
299	239	457	306
314	236	431	307
319	238	432	306
330	239	345	305
326	238	456	300
324	237	444	303
332	237	334	298
328	231	338	303
323	228	324	311
333	227	305	282
332	229	297	270
332	225	285	273
338	231	275	284
342	231	278	272
339	230	278	272
342	229	276	270
336	230	273	273
338	227	255	260
337	218	223	255
331	214	224	264
330	217	209	273
324	215	210	278
325	214	208	275
331	213	205	283
325	212	210	279
327	210	208	284
324	195	211	299
336	169	206	326
322	143	219	325
313	126	230	340
308	119	243	351
306	119	240	348
305	120	237	341
304	121	239	341
305	122	237	337
304	122	237	338
303	123	238	335
305	127	238	334
300	114	243	346
295	118	245	343
291	117	251	344
289	123	251	336
297	126	242	334
269	122	268	337
286	114	252	346
260	93	275	366
265	94	268	370
263	97	268	368
258	80	274	387
231	14	312	456
211	2	336	465
196	1	364	467
203	0	359	446
204	1	368	459
206	1	339	468
200	0	420	486
223	0	342	451
207	0	267	430
200	0	267	445
199	1	263	439
196	2	261	438
199	0	246	432
205	0	260	431
197	0	261	440
201	3	254	438
199	1	257	438
209	0	255	440
197	0	253	444
202	2	256	437
203	0	251	439
198	0	263	430
182	0	277	446
224	0	213	424
235	0	376	478
234	9	354	464
228	60	342	402
227	81	235	315
296	95	439	378
197	88	254	305
252	68	703	563
239	109	410	413
154	98	294	318
172	82	283	287
227	66	678	560
190	82	324	381
198	118	297	315
287	187	498	368
251	147	278	337
192	157	320	293
266	156	266	296
182	156	341	301
205	158	323	282
279	157	249	294
174	155	352	290
254	154	269	290
295	214	582	390
295	159	265	298
376	225	528	376
174	184	427	309
325	259	601	329
168	233	446	280
166	220	439	281
162	220	450	279
173	225	523	286
158	235	456	286
172	252	494	278
159	231	460	288
168	244	444	270
148	232	477	284
275	226	347	290
300	212	360	300
93	214	584	352
65	228	604	329
266	236	447	311
102	230	602	361
250	224	438	306
309	232	388	300
311	231	385	291
311	229	391	290
316	228	387	296
315	229	388	296
327	228	375	286
316	223	381	273
314	222	382	264
329	220	371	254
322	220	380	246
313	219	388	278
315	220	388	270
333	219	372	272
337	216	371	273
338	213	368	279
337	219	358	267
341	220	349	262
345	226	342	265
343	232	349	263
346	234	352	266
354	239	349	263
359	248	350	265
364	253	352	271
373	258	351	271
379	264	353	270
387	273	353	285
388	286	357	271
388	297	364	266
389	301	363	258
389	300	363	260
389	300	362	259
387	297	362	263
383	299	367	259
380	297	373	262
380	296	373	260
379	295	374	245
380	294	372	239
382	291	370	240
384	291	367	239
382	290	368	240
380	290	372	243
380	289	369	245
377	288	393	243
380	276	412	230
381	278	412	246
384	269	414	260
382	259	416	261
385	256	413	272
382	258	419	265
383	257	416	271
386	257	410	268
385	258	414	271
382	262	399	262
385	286	380	233
383	290	372	239
386	290	367	242
384	288	366	244
387	289	363	244
385	290	368	244
387	290	366	247
384	290	370	247
386	290	367	246
384	290	369	246
388	289	363	245
385	290	366	243
382	260	369	273
384	233	367	302
385	239	376	291
386	240	373	289
387	238	375	290
385	239	372	293
385	239	374	291
386	239	373	293
385	239	374	293
385	241	374	291
385	240	375	290
385	241	372	288
385	238	373	289
386	240	374	286
386	241	373	286
384	244	375	286
385	243	374	283
385	250	396	279
388	280	385	254
394	294	368	226
396	313	348	207
413	323	316	261
428	331	286	249
436	336	274	244
436	338	272	245
439	346	272	238
442	344	270	240
443	342	269	241
443	342	268	241
444	342	267	242
444	342	266	240
444	339	259	244
449	326	247	247
458	302	239	283
418	262	280	300
395	258	312	309
421	258	291	315
404	264	306	307
416	257	291	319
406	266	297	309
409	263	291	317
424	261	277	314
407	243	293	333
369	227	329	317
365	196	333	310
372	182	326	327
366	183	327	325
363	178	328	333
361	177	328	327
360	175	330	327
362	179	328	325
363	181	326	323
363	183	329	322
355	196	333	308
346	223	342	281
350	236	346	273
353	235	346	272
352	233	343	274
352	238	371	271
348	235	381	278
350	251	410	264
357	265	332	246
357	282	335	238
351	299	345	228
349	306	350	229
350	314	346	221
350	312	346	216
352	313	348	219
345	313	410	222
340	312	365	232
349	315	352	224
347	326	346	214
342	334	349	242
349	345	327	224
348	356	331	218
344	357	347	220
348	360	346	219
345	358	350	219
347	357	349	223
347	359	352	217
346	360	351	218
346	359	354	218
345	359	352	217
347	359	342	222
348	354	348	223
351	358	335	220
349	353	340	226
350	356	337	222
352	352	337	227
365	347	327	237
373	347	322	228
381	349	313	234
381	350	317	230
386	351	314	227
388	345	318	234
385	334	326	247
386	335	327	251
385	334	330	250
385	334	330	251
390	336	323	249
396	343	325	232
400	338	326	238
414	335	318	236
419	338	313	243
425	341	309	243
424	343	308	248
420	344	307	257
420	347	303	256
421	346	302	257
420	348	301	256
417	348	309	254
417	350	300	247
416	351	312	239
418	352	302	238
414	354	306	236
412	355	300	236
408	356	310	234
407	358	312	233
408	358	313	234
412	359	300	230
410	360	299	237
407	361	295	241
403	363	301	244
408	365	280	236
410	367	273	236
414	368	269	225
420	367	259	220
420	366	258	220
420	366	263	220
421	366	264	218
419	364	268	222
422	364	268	219
423	360	276	208
421	316	283	263
397	280	313	291
388	275	322	292
380	265	332	291
372	257	342	276
368	240	345	284
365	232	343	273
364	231	339	271
362	234	334	271
365	235	325	268
361	233	327	277
360	229	328	274
360	235	331	272
363	234	330	271
361	232	332	270
345	225	347	274
345	232	344	274
335	231	358	275
337	226	364	277
335	222	368	282
337	225	366	279
338	223	351	278
337	227	350	280
335	227	356	276
336	228	352	276
335	225	361	280
324	218	379	289
327	207	379	296
311	167	348	342
312	153	328	358
312	161	303	352
308	150	300	351
308	156	287	349
299	148	411	371
298	157	314	343
309	151	286	352
306	143	321	375
314	154	287	348
307	156	304	361
305	151	290	352
298	163	317	342
300	165	292	340
296	156	305	340
295	147	321	358
297	149	524	394
288	144	298	353
292	129	305	364
263	106	336	387
263	103	327	392
272	103	325	388
268	103	320	389
264	101	326	392
280	105	305	387
266	104	323	392
262	104	326	389
270	107	320	387
267	106	320	387
267	105	322	390
267	102	323	392
266	103	321	390
280	107	309	389
264	104	325	390
276	106	311	387
261	103	325	392
272	105	314	389
269	106	317	387
273	106	317	390
278	106	324	392
273	115	329	382
296	120	309	375
306	156	290	338
317	197	263	293
322	216	233	260
329	224	191	250
326	230	190	249
328	233	195	244
331	230	312	271
336	228	311	272
334	226	315	274
336	227	318	273
339	226	308	277
339	225	308	275
336	226	307	271
337	228	306	273
335	223	309	275
341	222	303	276
342	222	302	272
342	221	300	274
344	226	299	272
344	226	300	271
337	220	305	279
333	216	308	286
328	206	320	293
334	212	314	288
333	208	313	293
332	213	324	288
333	210	316	288
327	215	323	285
319	208	323	289
320	214	324	288
317	209	274	280
316	214	307	288
316	212	252	270
311	210	279	284
316	212	324	288
321	213	265	269
322	215	238	275
