450	575	207	50
448	577	215	53
447	578	215	56
438	569	211	56
434	561	217	54
439	563	213	55
441	578	216	46
438	563	212	45
433	568	219	44
430	584	222	40
422	594	223	35
408	588	223	32
401	586	226	29
399	595	227	26
392	602	229	23
381	600	233	22
367	596	228	21
359	598	234	21
346	595	236	21
336	590	235	23
328	588	236	22
316	587	236	22
304	584	238	21
293	577	239	21
282	577	240	21
277	575	239	21
272	565	237	23
270	562	248	21
270	560	239	21
277	557	244	22
275	566	244	21
268	557	243	21
275	558	247	21
272	574	242	23
270	576	246	22
268	576	241	23
268	574	244	23
268	581	243	25
278	586	245	24
298	590	253	22
336	590	237	22
361	582	234	23
380	578	243	25
401	587	244	25
418	576	244	25
433	565	238	27
448	570	252	27
503	575	237	22
550	576	219	23
596	572	206	23
637	565	202	23
685	566	192	24
724	559	195	24
736	566	221	25
752	559	240	24
772	562	245	28
784	566	248	27
792	565	248	27
793	562	248	27
793	566	245	30
795	570	245	28
791	571	246	29
791	572	246	30
788	576	240	32
781	577	243	34
784	574	238	35
788	574	237	34
787	587	233	34
787	587	231	34
785	587	227	30
781	579	217	30
779	572	213	30
772	574	214	26
875	576	102	23
871	568	104	23
865	554	76	26
838	545	110	29
858	536	95	26
868	525	71	26
856	477	59	62
848	464	61	75
781	508	116	36
820	469	47	58
801	470	41	54
782	467	34	45
759	461	33	45
716	479	87	28
720	480	79	27
716	478	66	24
724	481	70	21
711	473	73	24
706	458	65	31
681	464	105	36
673	427	100	78
644	435	148	80
638	412	73	68
620	407	148	167
604	413	125	96
597	409	96	93
554	474	147	52
567	446	146	79
568	432	63	71
568	451	75	67
525	418	96	79
566	436	52	78
568	443	43	72
566	452	27	67
562	447	34	68
563	453	41	76
525	491	110	59
535	498	102	39
574	421	38	102
574	440	41	71
580	421	32	92
550	488	111	33
534	493	140	44
553	484	104	37
602	478	65	18
605	478	54	17
598	474	57	19
598	478	61	20
617	478	50	21
610	478	59	24
607	478	60	24
596	469	68	29
591	478	75	35
578	483	87	38
560	483	103	40
561	484	100	43
563	488	97	45
574	506	97	46
580	503	88	45
583	502	82	47
583	518	80	45
594	510	72	46
592	514	69	42
594	522	66	44
591	529	67	39
593	538	72	39
588	540	72	36
580	543	77	40
575	557	84	37
567	557	86	34
555	558	93	34
546	554	97	29
532	561	97	29
534	573	91	24
525	584	91	23
526	589	89	23
521	601	84	22
518	603	80	23
496	609	88	21
462	606	114	21
459	609	115	24
451	617	119	20
436	610	121	21
419	608	141	17
414	619	151	18
428	622	153	16
435	613	155	17
457	607	136	16
456	604	147	16
499	600	120	16
478	596	137	18
466	587	152	15
456	582	158	16
441	585	172	16
424	591	194	17
407	579	214	19
394	583	226	20
392	584	226	22
389	585	227	22
383	586	225	23
377	580	227	24
403	583	190	22
413	583	168	24
412	582	167	24
441	582	136	23
441	579	135	22
450	565	116	23
448	566	121	22
490	567	71	22
487	565	69	22
479	565	81	21
477	564	77	17
456	557	82	17
445	551	119	15
471	550	81	18
433	540	152	18
490	525	104	25
556	519	90	32
636	512	74	35
717	496	59	37
723	474	129	73
871	499	112	38
921	505	139	32
971	501	153	26
1010	506	166	27
1041	518	171	28
1117	525	100	23
1126	521	84	21
1114	515	75	17
1078	516	99	27
1034	519	104	22
1032	520	110	22
1037	514	90	27
1048	510	117	29
1043	505	138	36
1042	493	147	40
1040	483	148	42
1045	482	153	43
1052	485	154	38
1057	487	157	28
1052	502	163	24
1048	509	166	22
1044	510	161	28
1045	512	163	29
1043	515	161	27
1039	522	164	22
1039	517	160	24
1039	512	156	29
1038	506	155	37
1041	500	153	44
1036	496	150	49
1039	489	146	54
1038	484	149	59
1031	479	150	59
1031	479	142	53
1021	488	143	42
1019	493	139	32
1011	511	139	22
1000	521	140	23
995	525	139	27
983	522	135	29
973	530	139	29
950	538	154	25
930	538	164	20
908	535	169	22
890	530	168	30
880	521	171	36
866	514	168	41
856	499	164	44
846	485	164	49
831	481	171	53
820	479	167	47
807	478	170	39
790	489	173	31
776	498	174	27
762	497	175	25
742	505	177	24
723	501	190	25
710	504	190	25
733	510	150	20
724	506	147	21
687	502	178	24
662	499	199	25
656	497	196	27
649	501	210	29
642	507	210	29
632	498	212	32
625	507	213	31
619	499	203	32
608	509	210	30
605	514	209	29
593	520	212	27
590	518	207	25
578	521	212	24
576	533	215	25
571	533	217	24
572	539	218	25
586	545	216	26
596	546	220	27
615	548	223	28
632	553	213	30
631	548	211	31
638	544	211	32
655	546	205	34
692	552	208	35
735	549	205	34
756	549	206	35
768	553	207	34
769	554	208	35
782	556	207	34
783	563	207	31
780	568	214	27
781	573	213	22
782	575	213	20
781	573	212	19
782	579	212	20
782	574	214	23
779	571	214	25
774	564	214	28
765	566	205	26
761	562	214	27
751	562	229	26
740	559	225	24
738	558	231	22
732	566	239	22
730	565	229	20
719	560	237	21
721	563	210	23
720	566	206	23
719	563	225	22
715	561	236	25
707	556	243	29
713	547	256	31
705	543	255	38
703	539	258	40
702	533	260	43
705	528	258	46
703	525	258	46
698	522	257	46
693	517	257	47
692	513	253	44
687	509	252	42
684	513	257	41
671	513	257	38
662	506	256	33
654	501	253	33
640	505	258	35
630	505	260	32
619	509	258	32
599	505	259	32
582	505	262	31
567	506	273	31
556	509	264	30
542	507	262	30
520	508	263	30
502	506	259	30
489	506	261	32
478	505	264	34
459	511	266	32
440	512	265	35
421	509	267	35
404	509	263	39
384	503	266	43
377	494	254	47
356	494	254	49
349	491	255	52
346	494	219	53
345	494	234	54
339	493	239	55
336	488	239	59
332	488	231	58
333	490	235	58
332	483	217	59
339	488	211	56
339	489	205	56
340	491	197	51
337	492	189	47
340	493	181	44
351	495	170	42
358	499	161	41
363	496	152	40
369	495	143	37
374	495	133	35
377	493	128	34
384	492	123	33
395	486	116	31
398	485	108	31
407	478	107	30
413	478	105	29
429	480	101	29
434	482	102	29
444	472	100	29
456	474	95	29
471	476	93	29
480	470	92	32
486	466	89	32
497	464	86	31
507	461	85	29
517	461	85	27
526	466	84	25
537	466	85	27
547	470	85	27
560	465	83	28
560	454	83	31
565	446	82	32
568	455	82	38
574	457	82	41
588	453	80	39
593	446	81	39
587	449	80	42
594	457	79	41
594	459	75	37
593	459	73	33
589	471	76	30
568	475	76	27
559	485	79	25
558	485	82	27
564	492	83	37
568	499	83	39
566	499	84	41
562	506	84	45
554	518	87	35
551	511	88	34
551	507	88	27
551	506	83	34
551	500	82	35
547	488	77	37
542	488	79	36
543	480	79	35
535	470	76	33
521	454	75	34
503	459	81	30
493	461	83	27
496	469	81	22
488	469	81	25
476	475	83	28
472	480	83	29
464	485	84	27
456	487	81	25
451	484	80	26
445	477	80	29
434	473	78	38
430	461	76	39
423	455	80	43
427	458	80	43
422	456	80	47
418	454	78	47
417	453	75	47
416	451	78	45
417	448	76	42
407	452	78	40
406	460	77	33
407	463	77	31
408	473	82	26
403	469	81	30
399	475	86	33
401	483	88	33
405	481	91	34
405	489	97	35
404	491	97	38
406	492	94	38
408	502	92	31
408	502	89	28
412	497	85	32
412	492	84	35
413	491	85	35
415	496	81	34
414	495	81	35
414	493	78	33
409	500	78	33
405	507	78	33
396	515	79	31
397	523	83	31
392	532	83	26
385	541	83	26
388	548	84	28
387	551	83	33
381	558	82	32
374	568	83	25
368	572	83	25
366	566	82	26
366	567	80	30
373	560	74	33
373	559	77	37
375	547	80	41
377	540	78	43
377	539	78	46
376	541	80	44
376	552	78	36
377	556	76	32
378	567	80	31
373	583	85	27
373	596	82	27
367	597	84	29
367	603	68	25
372	604	53	23
366	595	60	22
366	582	66	28
358	567	72	36
357	548	78	45
357	534	83	54
367	524	84	64
376	513	83	72
384	502	81	74
390	494	82	70
392	493	82	56
406	506	79	45
413	522	78	34
414	528	70	26
419	533	68	33
421	537	74	22
420	540	78	21
464	541	36	19
471	541	40	18
461	535	63	24
454	526	73	34
455	515	79	43
457	512	82	53
456	505	83	61
451	496	81	69
452	486	81	75
450	484	82	75
454	486	81	70
455	487	79	57
452	493	84	44
452	504	85	35
450	508	88	27
442	513	89	23
445	514	92	25
447	525	91	24
444	522	92	28
439	514	96	32
436	522	95	32
433	523	94	32
430	528	95	26
430	519	93	24
426	515	93	26
430	513	91	30
426	504	91	33
424	495	87	36
426	495	84	38
428	484	78	40
430	477	83	40
429	475	82	42
427	485	82	41
424	477	86	42
425	474	85	43
428	474	82	40
433	475	83	40
425	476	81	39
423	474	85	40
428	469	80	41
432	470	80	42
430	466	81	42
429	465	83	44
437	462	82	43
448	467	83	43
448	468	80	43
453	462	79	39
461	467	79	38
467	470	79	34
471	468	79	29
470	464	82	25
478	477	78	29
499	487	75	27
531	497	57	25
515	493	88	29
551	503	74	24
561	509	75	25
542	514	101	29
524	505	124	35
540	511	113	38
534	503	121	42
534	508	123	46
534	517	119	46
524	516	125	51
527	516	118	53
531	509	111	56
536	509	104	57
537	512	99	57
544	517	87	53
550	517	83	49
544	511	81	46
541	509	77	44
546	506	75	42
545	501	82	41
549	499	85	42
549	505	86	41
539	501	96	37
534	506	98	38
527	508	112	38
518	506	110	37
515	509	119	36
501	513	130	38
491	517	140	36
480	517	149	36
480	515	151	34
472	517	160	36
458	518	171	38
446	521	180	39
435	521	173	39
428	524	175	40
414	521	177	43
399	528	186	44
395	533	192	45
390	528	197	48
377	523	202	50
364	518	210	49
351	522	218	49
349	518	225	49
366	514	237	48
402	512	244	45
442	512	256	43
501	514	262	40
569	501	267	39
652	495	255	36
731	500	243	36
800	494	242	36
856	484	254	35
900	477	271	39
927	486	294	37
934	480	296	37
935	479	286	39
919	472	292	39
905	470	284	39
902	480	290	37
883	477	286	39
872	477	297	38
868	480	290	40
863	483	285	37
842	481	283	36
824	485	287	39
814	481	281	43
801	488	286	42
783	500	283	38
771	499	282	41
754	494	288	47
738	497	290	49
718	503	296	48
716	502	293	52
706	509	290	42
701	514	286	44
694	519	284	40
688	533	284	38
684	529	275	36
680	525	265	32
690	522	239	28
728	527	190	27
755	523	153	24
767	524	131	27
765	530	119	25
737	524	131	25
738	514	123	24
741	519	104	22
726	521	99	21
711	509	77	21
684	506	93	20
665	498	107	19
659	497	113	20
657	496	107	18
654	494	112	19
651	482	94	22
645	467	101	25
644	467	100	24
640	467	89	23
675	469	49	19
667	460	45	18
667	460	46	21
637	459	62	19
612	445	72	18
575	446	102	26
572	440	97	27
569	442	97	22
559	428	93	24
551	432	84	20
541	423	86	24
524	419	108	23
507	419	121	21
481	413	145	22
476	409	147	23
473	416	144	24
467	414	163	18
463	417	183	17
434	420	171	19
403	410	65	34
358	401	138	47
348	399	166	58
349	393	181	66
340	393	204	74
334	396	207	80
328	397	231	78
326	413	240	78
323	428	253	73
317	442	265	68
318	444	257	67
319	454	269	66
320	460	270	63
316	460	274	64
331	457	262	69
350	453	264	73
398	454	272	76
445	453	271	76
509	449	260	75
547	441	264	76
570	436	274	75
582	437	271	75
584	437	270	71
593	441	270	68
602	438	268	63
591	434	283	65
604	430	274	62
609	436	273	63
605	435	273	63
601	428	272	60
598	426	266	58
596	434	269	57
602	429	255	54
595	430	238	52
594	429	228	53
596	440	223	53
589	435	228	50
588	433	247	50
583	432	248	48
591	436	246	49
594	434	241	49
593	439	246	48
594	441	248	48
601	443	250	47
600	441	255	43
601	444	271	44
600	442	273	42
605	451	264	41
605	448	257	39
607	448	238	42
612	445	228	39
610	445	253	37
607	445	266	35
603	442	257	38
605	435	262	35
592	437	269	36
607	436	260	34
599	434	278	33
596	438	275	35
593	444	271	33
590	436	264	33
579	441	269	31
574	451	270	28
577	454	261	27
567	447	263	28
559	447	273	27
560	453	265	26
559	450	259	30
555	444	260	30
549	438	252	30
549	432	252	31
547	425	252	38
546	419	246	41
543	410	248	44
540	410	255	48
538	405	256	50
533	401	253	52
529	397	255	54
531	396	254	58
535	400	249	56
540	401	252	53
542	400	241	49
538	401	234	43
531	409	230	38
523	412	230	33
532	413	224	34
527	408	221	35
520	402	217	35
514	405	217	40
513	399	214	47
522	397	205	53
518	392	206	58
522	391	202	59
524	379	201	62
532	383	201	62
540	381	201	62
536	376	200	60
544	383	207	59
557	388	206	55
563	390	210	51
576	398	218	48
584	407	221	43
586	420	225	41
588	421	230	39
596	436	230	34
605	443	232	35
609	451	237	37
617	460	234	38
617	467	237	42
622	459	238	52
628	453	236	58
632	448	236	61
638	448	229	62
637	453	214	61
636	449	239	68
638	437	239	67
634	435	240	66
637	437	208	58
642	441	209	57
632	433	220	53
628	428	236	50
618	426	246	48
611	433	254	43
606	431	260	35
602	426	254	36
591	432	259	34
589	428	241	36
586	432	254	39
579	420	242	41
580	414	254	47
579	402	257	56
584	392	252	62
591	386	245	66
598	380	229	70
600	362	230	80
606	369	225	77
602	357	225	73
599	369	225	62
597	380	229	52
589	397	226	37
586	407	222	31
575	414	225	31
573	418	215	35
558	414	222	43
549	395	198	51
550	374	197	61
538	361	192	73
532	354	199	83
529	345	201	91
528	331	203	100
527	317	202	106
525	311	204	108
518	306	194	102
515	302	196	101
518	312	194	87
516	323	195	73
511	346	192	54
494	359	199	43
486	376	199	34
479	374	200	28
469	391	200	27
457	405	197	28
450	415	202	31
450	406	206	39
450	393	208	49
456	383	198	61
458	381	189	73
453	377	190	82
454	374	185	92
446	369	184	98
443	369	182	106
445	370	181	108
442	372	177	108
443	372	182	107
443	375	182	99
439	392	181	83
443	413	182	66
442	427	184	54
446	447	184	42
445	466	186	34
445	482	179	32
449	493	175	31
449	502	173	29
489	508	138	27
448	510	166	26
461	498	134	33
468	494	125	42
484	488	118	49
487	472	106	56
495	468	114	64
508	460	110	71
513	455	112	80
519	457	122	83
524	459	124	80
527	463	130	73
529	476	132	61
531	487	135	47
527	499	135	33
530	517	136	27
533	521	137	22
543	521	113	22
533	515	118	21
542	506	108	22
551	499	108	23
553	509	104	19
555	504	102	17
544	495	104	20
550	483	45	23
552	475	59	30
555	464	77	43
557	452	90	52
562	445	92	61
567	442	100	73
566	439	104	78
570	435	103	81
571	444	107	78
574	457	102	64
574	470	102	48
579	493	101	34
595	511	87	25
621	520	57	18
642	513	30	17
641	518	26	17
633	522	29	24
620	529	40	20
622	517	38	29
615	465	43	59
620	444	37	79
585	439	97	138
592	399	76	65
528	367	195	172
603	405	93	156
552	519	121	25
545	515	101	26
539	515	59	30
534	514	70	32
536	516	71	35
535	523	75	34
529	527	74	31
533	536	83	28
541	551	81	17
584	550	36	20
584	550	35	18
580	552	35	17
571	547	30	21
569	552	28	17
559	540	31	24
547	500	41	69
532	557	71	27
559	493	38	83
562	503	37	73
562	528	57	83
543	556	78	29
575	497	33	75
568	518	48	67
560	536	58	41
544	557	95	27
576	524	64	77
585	513	55	66
598	493	41	69
610	488	40	74
620	486	39	77
630	486	38	77
631	504	61	110
643	536	44	17
636	525	63	23
639	512	79	37
651	500	87	44
657	495	88	45
661	493	88	42
672	501	82	30
700	510	56	20
717	521	42	16
723	502	32	23
727	492	35	31
729	489	27	27
750	500	44	20
727	484	77	31
713	474	92	45
702	455	105	60
692	439	112	73
693	426	112	83
680	415	113	94
657	408	118	100
611	416	117	88
587	415	113	68
565	428	114	50
536	442	116	40
510	461	114	29
484	460	119	31
437	464	122	35
377	462	123	36
346	472	122	31
319	467	111	26
319	470	106	21
319	469	98	25
330	466	85	27
325	460	85	32
316	448	89	41
310	444	92	51
312	440	90	54
317	430	94	57
334	432	91	52
342	436	91	50
355	455	92	42
373	472	91	35
389	483	91	38
414	495	91	28
449	498	72	26
473	501	69	27
489	515	70	21
488	518	82	23
489	509	88	27
483	513	94	31
480	504	97	38
486	504	97	43
491	503	95	43
499	502	99	46
502	493	98	47
509	497	98	45
517	495	101	43
517	492	96	39
515	485	98	39
525	484	99	39
538	481	97	37
560	479	99	38
590	483	106	35
656	484	103	36
706	484	106	34
766	485	114	38
824	481	111	38
873	484	119	40
905	492	123	39
935	500	129	36
956	504	130	37
938	507	165	38
958	514	144	36
927	514	181	35
948	520	162	30
949	522	169	36
947	536	164	31
943	543	172	32
933	544	176	31
923	547	174	34
913	549	176	34
905	556	184	35
899	559	186	38
891	559	187	37
883	561	185	38
870	566	189	36
863	569	195	34
844	569	204	35
829	573	210	34
816	577	216	33
798	581	224	35
788	584	226	37
770	586	231	36
749	587	235	40
728	589	238	37
703	592	243	37
685	589	246	40
663	591	248	40
642	593	259	38
629	596	258	37
614	600	263	33
584	603	272	32
574	602	266	31
564	600	271	31
557	598	269	32
571	597	268	32
600	591	262	36
650	587	266	37
686	583	271	40
718	581	275	42
732	579	275	42
732	577	288	42
722	571	285	41
703	568	286	41
682	560	290	39
674	559	296	39
663	560	290	35
642	560	302	35
633	551	298	34
620	540	303	35
597	542	310	36
579	537	313	35
563	537	314	37
553	531	316	36
541	525	315	40
531	520	314	45
526	510	312	54
531	507	314	59
536	498	317	63
554	494	315	59
575	491	312	58
595	507	312	50
614	503	313	52
627	510	321	44
643	511	324	43
662	518	321	38
668	530	321	34
671	526	325	34
669	531	325	33
661	534	322	32
661	538	321	30
653	548	317	30
639	548	323	31
629	551	318	31
617	554	320	34
602	542	315	39
579	551	328	40
566	554	331	41
556	555	330	44
551	556	326	48
556	559	329	48
568	568	333	48
606	568	342	46
663	576	334	45
728	583	336	41
805	586	328	41
867	591	333	37
898	597	340	34
919	598	337	29
936	611	311	24
954	614	281	23
946	614	280	21
953	620	213	20
929	615	224	23
914	611	224	25
942	624	176	20
948	617	165	18
948	613	148	17
976	621	109	16
999	613	67	16
991	606	23	26
975	611	22	22
959	617	20	21
935	615	21	21
915	607	22	21
900	609	17	26
886	609	18	25
866	615	20	25
848	615	23	25
826	602	18	28
805	602	19	20
775	609	31	12
751	613	59	15
721	609	82	20
680	589	115	25
631	576	143	31
570	566	212	37
497	562	271	46
417	555	335	54
403	553	335	57
394	554	339	57
380	553	331	57
359	551	333	58
343	557	333	54
321	558	334	55
299	556	337	53
288	561	335	49
269	561	336	52
251	562	340	50
240	552	342	49
236	550	341	48
230	550	341	49
225	547	349	53
219	538	342	51
222	542	341	53
229	539	341	53
229	536	339	51
229	535	337	53
235	539	327	48
238	540	337	41
238	545	339	33
235	548	342	32
231	553	338	29
223	555	303	30
214	557	297	28
207	561	317	29
231	566	297	29
247	563	272	30
256	568	270	26
282	566	241	26
306	557	213	29
319	559	187	27
271	552	258	29
225	540	303	39
198	519	330	46
198	526	343	49
216	527	342	53
245	518	331	55
256	514	344	55
267	509	344	54
271	503	350	50
274	502	347	51
278	502	353	52
307	495	351	45
381	495	349	47
450	497	346	47
496	492	338	47
515	486	341	45
516	477	336	49
517	475	333	49
522	474	326	51
521	469	321	54
520	465	330	57
528	464	328	57
530	457	333	58
533	449	337	58
533	439	328	58
534	435	335	60
539	424	324	64
527	418	323	62
517	409	322	66
504	408	325	65
484	405	304	57
444	402	308	60
397	403	308	65
348	403	307	62
311	422	296	59
284	417	303	64
271	401	300	65
259	403	299	63
253	419	257	55
237	422	247	54
224	412	244	51
218	410	260	52
200	409	257	53
180	418	267	50
145	416	274	49
124	420	261	50
94	419	265	48
87	420	252	50
95	420	261	46
96	434	256	42
99	439	251	44
95	448	247	38
87	461	250	36
80	462	244	33
77	466	235	34
71	482	225	37
75	485	208	42
80	478	213	50
80	479	212	59
86	464	210	69
88	455	216	79
103	465	208	88
117	465	205	84
129	464	205	84
142	460	212	88
162	464	205	82
177	478	205	74
197	484	199	63
215	481	197	57
232	487	194	47
266	495	188	38
336	503	187	38
443	498	157	48
528	505	166	49
578	507	159	52
595	514	155	51
615	510	147	41
632	512	144	34
645	506	142	33
668	489	135	45
681	482	132	56
697	463	125	69
715	459	136	82
733	450	138	86
740	446	143	86
751	437	143	85
754	443	149	75
762	465	158	55
767	480	163	40
775	497	168	33
780	500	166	31
782	499	166	36
790	507	163	40
800	517	156	38
810	516	155	37
811	516	146	28
805	515	145	32
807	497	138	39
813	477	135	51
827	471	135	61
830	485	135	69
820	478	139	72
806	464	139	76
790	452	142	74
767	445	149	76
748	444	145	74
736	453	147	65
712	456	144	52
681	458	148	42
659	473	146	33
638	476	144	28
612	476	145	34
589	483	144	37
551	488	150	39
514	488	156	40
490	488	159	42
470	494	163	40
467	502	162	35
462	503	167	30
460	496	162	33
456	488	155	39
459	483	151	44
461	477	149	49
475	476	148	50
480	479	145	48
488	482	148	49
496	490	148	43
495	488	149	42
496	490	148	38
498	492	151	39
498	499	154	36
494	507	163	35
492	500	169	37
485	501	173	38
487	512	177	38
479	505	177	41
474	502	178	42
471	493	178	46
467	486	182	49
466	481	178	51
469	476	178	51
478	470	175	53
482	463	171	52
490	452	164	54
498	458	157	54
505	459	156	54
509	451	149	50
516	448	147	51
529	441	140	52
545	469	144	51
567	471	133	45
583	463	136	43
587	473	134	41
593	483	133	40
592	484	133	41
591	485	133	38
588	490	133	39
590	499	136	39
590	502	145	40
594	509	151	40
587	509	163	42
580	503	180	45
573	504	190	48
552	506	205	47
538	503	220	46
521	503	237	46
502	502	255	43
486	512	269	36
473	513	279	33
467	516	285	36
459	516	284	39
454	510	281	43
440	512	285	47
436	510	282	50
433	506	281	58
435	498	279	63
435	497	268	68
436	497	265	67
432	497	265	69
433	495	261	65
423	496	262	61
412	497	261	51
403	510	259	44
397	514	263	37
381	516	271	35
371	522	273	34
358	519	278	37
349	518	279	44
337	505	285	49
324	498	283	56
310	495	284	58
296	490	292	63
287	479	294	67
284	472	293	74
287	473	291	71
298	473	283	70
301	468	281	67
308	479	277	58
319	490	271	47
318	488	273	47
325	484	269	49
337	474	258	55
342	466	249	64
352	460	240	72
364	456	231	74
381	447	222	79
399	442	211	82
412	437	199	83
422	433	198	86
433	437	196	83
446	436	190	77
456	448	188	66
475	449	189	61
482	459	190	49
488	472	196	41
488	483	200	34
493	482	204	31
491	490	211	31
494	493	215	33
495	492	217	39
494	494	229	43
498	494	235	45
508	492	239	46
512	483	246	49
519	479	245	51
526	474	244	55
534	478	244	54
546	483	240	55
555	495	237	50
564	503	236	46
576	514	243	40
591	519	243	39
596	529	244	37
595	529	249	40
605	520	232	45
621	510	228	53
632	494	218	59
642	479	215	71
655	474	212	77
665	464	202	78
674	467	201	74
685	477	197	59
691	505	199	45
703	519	199	35
715	523	197	32
714	519	187	35
713	522	177	40
715	515	178	46
706	497	178	58
710	486	194	68
708	477	197	72
705	486	201	74
700	489	206	70
699	487	214	59
690	499	222	56
675	516	234	46
660	521	225	42
647	523	228	41
642	522	190	41
627	525	204	45
612	520	177	46
599	528	195	45
598	524	188	47
591	513	187	52
590	507	182	56
581	504	180	62
576	491	173	72
568	478	173	81
558	466	176	85
547	463	184	91
534	468	195	81
521	476	195	69
510	475	193	59
498	484	199	53
489	490	198	48
479	498	200	42
473	494	192	44
462	488	187	49
459	480	187	53
462	471	178	66
457	451	178	73
460	438	164	85
458	435	162	91
461	431	157	92
451	411	160	101
445	412	156	102
443	401	148	100
435	402	154	94
435	412	152	88
434	423	156	69
427	434	150	55
425	453	147	44
420	468	142	39
421	483	141	41
429	490	136	41
429	498	132	42
430	501	124	39
437	488	118	46
444	471	111	52
450	471	105	58
452	468	106	67
456	456	104	76
460	450	104	83
465	437	105	90
473	446	102	91
473	462	100	82
470	476	101	62
477	492	103	43
476	513	103	36
478	530	109	40
478	536	110	46
477	543	113	45
480	552	111	40
487	562	113	31
493	556	112	38
496	553	111	47
501	546	114	56
510	538	113	64
519	521	116	75
526	506	117	87
535	498	123	90
549	487	125	92
567	490	126	91
582	503	126	77
591	505	126	55
593	534	132	43
588	538	129	37
594	552	133	35
607	566	130	42
620	580	128	44
623	581	131	42
634	586	123	35
627	601	125	40
622	601	118	45
601	583	118	58
574	570	120	71
534	559	117	84
492	546	120	97
469	532	119	111
459	522	119	105
454	519	121	102
450	536	125	89
442	552	135	63
432	565	145	46
422	579	156	38
424	589	159	35
430	602	153	39
431	615	154	38
434	615	151	39
444	601	140	47
448	599	137	58
454	588	125	74
454	572	120	87
450	559	115	97
452	547	108	104
444	537	106	106
443	529	104	106
434	538	102	94
425	543	102	78
417	559	104	59
409	566	103	52
398	580	110	40
395	580	116	46
382	583	126	52
372	586	135	50
364	587	144	43
362	587	151	32
355	573	161	32
350	562	161	42
343	541	171	59
342	523	168	74
347	505	163	85
347	483	165	98
362	470	163	104
384	456	168	113
435	445	172	110
490	438	170	108
533	444	165	100
563	458	162	86
590	478	160	63
615	498	165	45
623	499	163	33
639	510	166	32
647	528	169	32
652	531	160	32
644	522	160	30
651	507	159	44
645	491	161	64
642	494	167	86
638	485	161	94
633	468	172	106
630	454	178	112
634	450	183	124
630	466	192	125
617	466	194	115
610	471	207	105
602	489	217	87
592	523	219	61
591	544	222	50
574	558	228	40
560	572	227	35
550	586	230	35
532	594	233	35
518	602	241	36
510	596	244	40
494	592	247	45
478	578	250	58
457	568	261	69
447	564	268	77
431	545	272	87
423	531	276	94
404	514	277	104
385	497	275	106
373	489	281	109
365	481	282	106
350	476	294	98
348	479	293	85
340	485	297	71
330	489	292	53
333	500	309	43
362	503	318	40
406	499	320	39
438	503	330	35
466	496	332	34
474	486	335	38
477	475	349	48
490	470	344	57
487	463	356	59
497	452	356	66
495	447	355	71
493	432	348	76
486	423	344	77
476	407	347	87
463	400	353	83
463	410	347	78
454	413	351	64
441	415	354	55
438	430	353	43
425	436	355	37
418	448	356	35
410	446	359	33
406	448	355	35
402	453	358	39
404	446	363	45
414	443	364	53
432	436	364	61
458	427	361	69
493	421	357	71
537	430	351	73
577	427	354	76
621	427	345	77
671	429	339	71
705	441	342	64
718	450	336	55
713	469	336	45
714	475	334	39
712	484	332	36
706	501	331	35
700	499	341	38
698	497	345	46
692	498	343	58
682	487	341	64
675	483	342	74
678	475	344	84
689	472	337	87
699	464	342	95
733	464	334	98
776	459	337	101
836	460	334	99
901	460	332	97
954	462	323	93
983	457	296	90
999	456	280	86
1013	461	266	77
1036	469	243	67
1048	459	231	63
1054	463	225	63
1054	458	225	68
1049	453	230	67
1046	447	233	68
1045	442	234	71
1039	445	240	73
1035	439	244	75
1029	431	250	73
1024	430	255	74
1024	436	255	71
1019	431	260	69
1012	435	267	68
1002	430	277	71
1001	431	278	68
989	433	290	70
993	440	286	70
979	431	300	76
972	435	307	76
962	426	317	82
959	427	320	79
947	438	332	77
933	450	346	69
922	458	357	69
902	462	375	68
882	474	386	64
862	477	383	58
842	492	389	52
819	492	394	50
803	503	393	45
786	507	393	43
760	516	396	41
741	528	395	41
714	534	396	38
697	535	387	38
756	534	307	37
793	541	251	39
809	544	219	39
819	544	211	35
817	541	225	38
748	546	299	36
767	548	305	44
689	541	416	47
712	534	394	46
700	540	398	41
689	543	401	39
667	542	390	32
651	543	333	26
643	544	360	25
642	550	358	24
643	552	299	23
645	553	271	23
651	559	259	27
662	557	259	25
676	560	211	22
694	561	184	23
762	552	119	25
762	543	91	31
764	551	108	24
756	544	121	29
713	544	148	30
627	567	196	26
673	568	140	22
672	567	133	20
709	564	122	23
733	564	116	20
740	565	116	18
746	563	94	19
750	555	102	20
706	536	143	37
679	517	117	43
688	511	175	54
697	495	173	59
707	486	177	67
719	477	179	72
731	473	186	77
737	460	192	81
750	451	193	80
761	455	186	76
774	451	184	72
780	452	184	65
796	446	170	55
802	450	167	53
809	454	161	48
811	454	155	45
821	454	149	44
824	456	145	50
819	459	147	53
811	462	154	55
793	469	158	60
765	477	176	58
727	480	189	53
679	477	211	55
637	500	228	53
606	514	245	47
589	510	262	47
566	513	275	49
537	520	288	49
509	520	300	48
480	525	306	46
451	529	325	45
432	532	331	46
408	546	340	43
406	550	341	41
402	552	342	41
425	566	319	34
428	569	316	28
412	574	313	26
385	573	340	31
361	571	356	37
354	574	356	44
347	560	354	53
337	565	357	55
326	568	350	59
317	576	355	55
304	577	358	53
296	582	359	48
290	600	363	43
277	606	361	36
280	608	365	35
274	613	367	35
280	621	368	43
275	623	375	45
369	636	282	44
446	652	216	38
474	655	218	32
433	664	308	25
415	648	342	34
397	631	357	51
389	623	365	62
384	616	370	72
375	604	369	82
363	595	373	87
361	591	375	91
367	612	374	83
365	616	378	77
358	629	383	66
348	632	380	53
341	660	375	41
330	686	374	32
312	697	384	22
323	704	360	15
438	707	219	12
447	707	155	12
476	705	135	14
484	706	113	13
456	707	156	12
445	682	156	35
407	652	261	66
444	632	270	80
489	623	329	94
548	609	343	107
600	582	345	119
634	567	365	124
651	556	375	128
654	563	378	109
649	569	384	87
643	585	390	65
636	595	398	47
631	607	396	35
629	615	400	34
612	612	401	35
602	613	393	37
589	606	390	40
576	589	397	51
560	575	400	64
554	554	392	76
545	533	390	88
538	519	385	97
