739	360	52	33
738	359	53	33
737	359	55	34
735	358	54	34
735	359	55	35
734	359	55	35
733	359	55	35
731	359	57	36
729	360	59	36
728	359	60	36
726	360	59	37
725	360	62	37
723	360	63	38
723	360	62	37
722	360	63	38
721	360	63	38
720	359	64	39
719	360	66	40
720	360	60	39
718	360	65	40
716	360	64	40
714	361	66	40
713	361	66	40
712	361	68	40
710	361	64	40
709	361	67	41
708	362	69	41
708	361	70	42
706	361	70	41
706	362	69	42
705	360	74	43
704	361	72	43
703	361	72	43
703	363	71	43
702	362	72	43
701	362	75	44
699	362	77	45
698	361	77	46
698	362	77	45
697	361	80	46
696	364	72	44
696	365	74	43
696	364	74	45
695	365	76	45
693	367	71	44
693	367	70	44
692	368	68	43
690	369	69	43
689	370	69	43
688	370	69	42
688	370	69	43
686	370	70	44
686	370	70	44
686	371	69	44
685	371	72	44
685	371	72	44
684	372	71	44
684	371	72	44
683	372	73	44
682	372	74	45
682	373	72	45
681	373	73	45
680	374	73	46
680	372	75	47
680	374	74	46
679	374	75	47
679	375	76	46
678	374	77	48
677	375	78	49
676	375	77	49
675	375	76	49
675	377	76	48
674	375	76	50
673	377	76	49
674	377	76	49
672	376	78	51
672	378	78	50
671	378	77	51
670	379	76	50
670	380	76	50
670	383	76	48
670	384	75	48
670	383	77	50
668	382	79	51
667	386	76	48
666	385	80	51
666	386	78	50
665	387	78	49
665	386	80	51
664	385	82	52
662	389	79	50
662	388	82	52
661	388	81	52
662	391	79	50
660	391	82	51
660	391	80	51
659	392	83	52
658	393	82	52
657	394	84	50
656	394	84	51
656	394	85	52
655	394	85	53
654	394	85	54
654	394	86	54
653	394	86	55
651	395	88	56
651	396	88	56
650	395	92	57
650	395	92	58
650	396	91	59
649	397	90	58
648	398	92	59
646	399	92	58
646	399	95	59
645	399	93	60
645	401	91	59
644	400	96	60
643	401	92	60
642	403	92	60
642	404	93	60
640	404	94	61
639	406	94	60
638	405	95	62
637	406	95	62
634	406	97	62
635	407	94	62
632	408	98	62
631	407	99	63
631	408	99	64
630	410	97	63
629	410	98	63
628	410	101	64
626	411	100	64
626	410	102	65
624	411	103	65
624	411	101	65
622	412	103	66
621	413	104	66
619	414	103	66
618	414	105	67
616	414	102	67
615	417	103	67
614	417	103	67
613	418	104	66
611	418	108	68
609	419	106	68
608	420	108	68
607	422	106	68
605	423	107	68
604	422	107	69
601	423	110	70
599	424	115	71
598	426	112	70
596	425	115	72
595	427	115	72
594	427	115	72
592	428	115	72
590	428	119	74
590	429	117	74
587	430	119	74
586	430	118	74
585	431	122	75
583	432	121	75
581	432	122	76
579	435	120	75
577	434	122	76
576	436	121	76
575	437	120	76
573	437	123	77
572	437	124	78
569	440	123	78
567	438	129	80
566	440	125	80
563	441	127	79
562	441	128	80
561	442	127	80
559	441	131	83
557	442	131	83
553	443	132	83
552	442	133	84
550	444	136	84
548	442	136	85
546	445	133	84
545	444	139	85
542	445	138	86
541	445	141	87
540	446	139	86
538	446	140	89
536	447	138	87
534	447	139	87
532	447	140	89
529	448	142	89
526	450	142	88
525	450	141	88
524	452	140	88
522	454	138	86
519	454	144	87
517	453	144	88
516	453	144	89
514	454	144	88
511	455	145	87
510	454	151	88
509	455	149	89
507	455	152	88
505	456	152	89
503	457	150	89
502	457	153	89
499	457	154	90
497	458	153	91
496	458	155	92
496	459	152	91
494	460	150	92
491	459	156	93
490	461	150	92
488	462	155	91
486	461	157	93
484	461	156	93
482	462	157	93
480	461	159	93
478	463	159	93
476	463	157	93
476	464	158	93
474	464	159	93
473	464	159	93
470	465	158	94
469	466	158	94
467	467	158	93
466	468	158	95
462	469	163	96
460	471	162	96
459	473	165	96
458	473	165	98
454	476	168	98
454	475	170	99
454	471	168	98
453	454	171	100
452	429	162	97
452	411	165	97
451	394	164	97
450	376	167	98
449	358	168	98
446	358	173	100
444	360	170	99
445	359	169	100
441	362	168	98
440	360	172	100
438	359	176	102
436	360	176	102
436	361	175	102
435	362	171	102
433	364	170	101
432	364	175	102
430	364	180	103
431	364	178	104
430	366	176	103
427	366	180	102
423	364	185	105
424	366	181	105
421	364	188	106
420	366	185	106
419	367	182	105
420	368	179	105
419	368	177	105
419	371	177	103
417	370	180	104
414	369	184	107
414	369	183	107
413	369	183	109
412	369	184	109
411	369	186	110
411	370	185	110
412	370	185	111
411	370	178	111
411	372	180	109
411	373	178	108
408	373	180	108
406	374	186	109
405	374	185	109
405	375	186	108
406	376	184	108
406	373	187	112
405	373	189	111
404	375	186	113
404	376	185	111
402	377	188	112
402	377	191	112
401	376	194	113
399	375	196	116
400	375	194	116
400	376	191	118
399	375	194	117
397	377	192	117
398	379	191	115
398	379	190	118
400	380	188	116
400	382	190	116
398	380	196	117
398	378	197	120
399	380	194	120
397	381	198	120
398	383	192	118
398	382	194	121
398	381	195	122
397	382	193	122
396	383	196	121
397	382	197	124
396	383	197	125
396	382	200	126
396	383	200	125
395	384	202	125
394	384	203	126
396	386	198	126
394	385	204	127
394	384	208	129
394	385	201	130
394	387	203	127
396	387	203	129
396	386	205	131
396	389	202	129
397	389	203	128
395	390	204	131
396	390	205	130
396	392	200	130
396	390	204	132
395	390	205	131
396	391	205	134
396	391	203	134
396	391	204	135
395	391	205	136
396	390	208	136
395	390	210	139
396	393	205	134
394	391	212	139
397	390	211	141
397	392	209	140
396	393	206	139
397	395	209	138
395	393	213	141
397	395	206	141
396	394	213	142
395	393	212	145
399	394	213	144
396	392	221	148
396	397	208	143
395	394	221	147
396	395	214	148
397	395	215	148
397	397	211	147
395	396	220	149
397	398	211	148
398	394	226	152
397	398	216	149
394	392	241	156
395	402	219	146
398	394	231	154
398	402	220	148
399	395	233	157
399	401	218	151
397	395	238	158
396	407	218	147
397	396	236	160
397	404	220	152
395	399	232	158
395	400	231	157
395	403	222	155
395	397	239	162
395	410	215	151
394	399	236	160
394	404	224	158
395	398	242	164
395	414	210	150
395	402	240	163
394	407	229	157
394	401	236	165
393	410	222	156
393	402	243	166
392	401	248	167
391	404	244	166
388	396	266	173
389	403	247	168
389	402	249	170
388	403	255	170
388	405	252	168
387	404	256	172
385	404	259	172
384	405	263	172
385	400	268	177
384	406	254	174
383	405	262	177
382	406	263	177
384	411	248	172
381	408	264	175
382	411	255	175
382	407	271	179
380	420	245	168
380	407	264	181
380	417	255	173
378	408	270	184
378	419	248	172
379	410	261	182
378	410	267	183
375	407	283	188
376	420	255	176
375	406	282	190
373	423	253	178
375	408	278	190
372	417	270	184
369	420	276	182
371	415	285	186
370	416	278	186
369	413	287	189
370	418	277	184
367	416	290	189
369	413	285	191
368	415	279	191
366	417	286	190
366	419	282	188
364	422	276	187
362	422	288	187
361	428	266	181
364	410	295	198
356	415	288	198
361	417	295	195
360	427	266	187
361	424	284	189
360	436	252	178
360	435	253	178
361	440	246	173
359	434	259	181
362	434	253	181
359	439	249	174
359	429	261	185
361	434	250	182
361	433	253	182
358	432	257	184
360	435	251	182
354	432	259	185
357	433	251	183
358	430	256	186
358	432	249	186
358	432	252	187
355	438	242	182
357	426	266	193
353	439	245	183
354	423	268	198
356	437	239	185
354	430	249	191
355	432	245	190
353	430	246	192
351	429	255	194
351	432	244	190
352	424	251	198
351	428	242	193
351	425	249	198
349	429	242	193
349	418	254	205
348	425	245	197
347	416	260	207
348	428	239	192
346	416	258	206
347	431	235	191
345	409	262	211
344	430	241	191
344	418	255	202
343	408	273	212
347	429	233	189
345	410	259	210
346	424	245	192
346	418	251	199
347	410	263	206
347	425	239	191
347	402	275	213
350	422	239	192
348	408	259	205
351	418	253	193
347	419	254	193
348	412	270	201
349	417	261	194
350	410	272	199
351	416	258	192
354	408	271	200
355	413	253	194
353	405	271	202
354	413	259	192
355	406	274	199
357	412	258	192
359	397	278	205
361	412	251	188
361	395	278	206
362	412	255	187
364	399	268	200
365	401	266	198
368	405	265	191
370	407	252	187
373	402	264	193
374	412	243	180
372	391	276	202
374	404	249	188
374	394	275	198
377	412	240	179
381	382	275	207
385	368	295	221
387	377	280	212
390	367	292	222
392	379	275	207
397	361	290	226
398	373	274	214
398	364	289	221
401	372	273	212
403	359	291	224
404	377	266	205
408	357	289	225
410	367	272	213
409	356	293	224
412	364	277	214
414	356	288	221
416	359	282	216
418	360	280	215
422	355	279	218
421	355	282	219
425	355	275	218
426	353	282	219
429	357	272	213
431	348	289	221
435	351	271	218
434	351	282	217
437	343	294	222
437	345	293	219
442	345	293	218
443	343	293	221
447	342	288	220
447	339	289	224
452	341	285	218
453	339	287	220
455	335	290	224
459	337	287	221
459	338	287	219
461	336	288	218
465	335	285	220
466	334	285	219
468	334	286	218
472	333	287	218
468	328	288	224
475	327	285	221
480	329	278	218
480	328	281	217
483	331	274	215
483	326	287	219
490	330	271	213
485	326	279	219
490	333	268	210
492	324	277	220
497	326	271	216
499	319	277	222
503	320	273	220
507	322	269	217
510	317	273	222
512	324	265	217
515	320	268	218
516	322	268	216
519	312	273	226
522	319	265	218
522	314	272	224
524	316	267	220
528	312	270	222
531	311	266	223
532	311	265	223
535	308	267	225
537	306	268	226
540	308	266	223
540	304	271	228
542	307	266	223
542	307	266	227
542	305	270	227
544	310	265	222
547	314	260	219
551	304	274	228
553	303	272	227
554	300	275	230
555	304	272	226
556	302	274	227
559	307	269	222
558	305	273	224
562	301	274	226
563	306	269	223
562	297	277	230
565	299	276	229
567	299	273	228
570	299	274	227
570	302	269	226
571	298	272	225
572	299	271	226
575	297	269	226
574	299	270	224
579	296	269	227
578	296	269	228
580	296	268	226
578	293	273	231
584	294	270	228
582	296	271	228
586	294	269	227
587	290	278	232
586	288	277	233
589	289	275	232
589	287	276	235
591	288	277	231
590	287	277	232
592	287	278	232
590	288	280	232
597	285	276	231
591	290	280	227
590	285	283	232
598	285	278	231
594	286	282	232
593	283	286	234
600	283	280	234
596	285	284	233
600	285	277	229
600	282	279	233
599	287	278	228
599	282	278	233
605	279	274	235
597	293	271	222
602	277	283	235
601	284	278	231
599	276	283	239
601	267	293	247
603	266	296	248
601	270	295	243
601	268	293	245
604	270	292	242
606	263	297	247
606	268	292	241
606	266	295	243
608	267	294	240
608	269	294	239
607	264	300	243
606	262	300	244
608	263	300	242
610	262	299	243
608	266	298	239
611	266	295	236
614	263	295	240
615	261	296	244
616	260	298	244
615	265	296	237
615	265	295	238
617	260	302	241
621	262	296	239
617	262	301	242
621	258	299	244
618	238	328	267
622	245	319	258
620	242	323	264
624	244	317	259
624	244	320	260
628	241	318	260
626	246	318	257
625	242	321	259
625	243	321	260
626	240	325	259
626	243	320	256
627	239	325	259
629	239	326	259
634	237	323	258
631	238	324	258
630	239	326	259
632	240	321	255
634	238	324	257
632	238	326	256
629	241	327	252
631	239	328	255
635	237	327	253
636	240	321	250
632	238	334	256
635	239	327	255
633	225	345	269
631	229	343	265
633	228	347	265
642	229	337	265
639	226	345	269
639	226	346	268
644	228	340	263
651	224	338	268
653	229	338	261
650	225	347	265
654	225	347	266
660	225	344	266
664	228	342	260
662	220	350	265
661	228	348	258
671	223	345	265
669	223	349	263
671	223	351	262
676	221	348	263
677	226	346	258
675	225	351	262
674	224	358	261
674	224	357	261
676	220	361	267
679	223	361	262
670	216	379	271
670	215	384	274
679	215	378	271
682	216	374	271
685	217	373	269
687	215	372	271
686	216	377	272
695	217	372	268
695	218	367	267
699	213	370	272
695	214	376	272
697	216	375	270
703	217	370	269
705	213	370	273
700	213	375	274
697	212	380	278
701	212	375	275
692	211	386	279
692	211	389	281
689	215	388	279
693	213	388	279
687	211	393	284
686	209	397	286
684	209	398	285
686	208	398	286
673	201	417	296
673	200	420	297
668	199	428	300
671	200	424	298
665	201	432	298
665	201	430	298
662	201	433	298
666	199	431	298
664	198	434	302
664	198	433	299
667	194	434	304
667	198	434	302
674	198	425	298
668	200	431	301
663	195	440	304
661	195	440	309
661	193	441	313
660	198	441	307
659	195	443	313
651	191	452	315
651	197	453	312
654	197	447	311
645	195	456	314
643	196	459	316
646	196	453	317
637	184	466	337
631	185	472	337
630	183	473	337
630	184	476	335
626	182	479	339
622	186	481	334
620	181	483	344
615	185	489	337
616	184	486	341
615	184	486	338
611	185	490	339
614	186	488	339
612	183	489	342
610	185	491	340
608	184	494	344
610	185	492	343
606	181	496	344
604	186	499	342
599	184	503	342
599	185	501	341
597	182	505	344
600	181	503	348
589	184	511	344
596	183	505	346
598	182	504	345
586	174	523	357
590	171	520	359
591	171	522	362
587	172	529	358
586	174	526	356
586	168	525	362
587	169	527	362
583	172	531	360
578	170	538	359
581	170	532	365
580	169	537	363
579	176	538	357
582	168	536	364
577	169	542	365
578	170	542	363
579	168	544	366
572	170	550	364
571	167	555	370
570	170	556	365
577	170	551	364
574	170	558	367
567	171	563	363
569	169	558	369
573	171	555	364
573	175	556	364
568	168	568	374
571	167	566	377
573	172	564	374
571	168	569	375
565	174	576	370
571	165	571	380
571	169	573	377
565	162	582	387
565	168	583	376
568	167	578	380
565	166	583	381
567	167	581	380
556	165	600	382
558	166	595	383
561	165	595	385
560	167	600	375
559	164	599	385
555	166	604	385
560	167	604	380
556	169	609	382
551	160	612	388
551	162	615	389
547	165	620	382
549	163	620	388
551	163	616	384
543	160	634	393
542	154	633	393
541	156	639	398
542	159	637	389
541	154	642	397
540	154	641	397
537	152	648	398
535	157	653	395
533	155	653	398
534	157	651	392
531	153	656	399
527	158	662	394
528	151	657	405
526	151	664	402
522	156	668	400
519	152	673	403
516	150	678	406
516	151	680	407
514	154	678	402
510	151	683	406
505	151	691	408
507	150	690	408
503	147	698	412
506	149	697	409
505	148	699	411
498	145	715	420
503	152	712	410
491	149	728	411
495	143	727	421
499	150	719	414
491	147	731	419
491	148	736	420
494	149	731	417
491	149	738	416
494	150	733	416
486	150	747	417
482	148	750	420
479	149	753	418
479	148	752	421
479	146	755	420
480	151	752	418
475	148	759	422
468	149	767	419
468	145	771	425
467	150	772	425
477	151	757	418
468	145	774	420
470	149	778	423
461	148	783	420
462	147	782	428
453	154	800	421
446	150	812	426
450	150	809	427
448	149	813	429
444	149	823	430
435	145	833	434
442	145	829	433
440	147	827	433
435	147	838	431
431	146	837	435
428	146	846	437
433	146	838	438
434	147	839	437
429	146	844	438
432	147	840	439
428	146	845	438
423	148	852	441
419	146	854	436
419	148	860	440
422	149	856	435
419	151	860	436
421	150	856	439
424	143	855	442
430	145	849	447
429	150	847	437
435	148	843	450
425	149	854	448
431	148	848	450
430	145	849	451
441	149	838	455
439	151	840	449
445	160	834	447
447	203	832	396
455	177	821	411
455	259	824	339
454	305	825	277
457	321	819	257
463	367	815	211
476	399	803	180
484	414	794	170
484	415	789	170
492	429	781	154
487	438	792	144
496	441	782	145
506	448	773	131
512	452	767	129
523	458	756	121
528	464	751	115
537	469	742	108
542	475	737	103
555	479	720	98
562	486	709	92
572	490	706	88
583	499	693	79
589	503	689	75
592	505	687	72
596	510	683	68
601	515	673	65
608	516	668	63
613	517	662	63
612	517	662	65
622	517	654	65
623	518	656	65
630	520	649	64
636	517	643	68
639	519	640	70
642	519	637	73
647	518	631	74
649	517	628	78
656	516	623	80
657	516	621	82
658	514	620	86
658	513	621	88
659	514	620	88
662	514	617	90
659	514	620	90
664	515	615	92
663	516	616	93
671	515	608	94
670	513	609	96
669	511	610	99
671	511	608	100
673	511	606	100
672	511	607	103
676	510	603	105
681	508	598	107
680	509	599	105
682	508	596	107
684	506	595	109
683	505	596	110
684	505	595	110
683	504	596	110
683	501	596	113
680	504	599	111
680	502	599	114
683	501	596	116
683	500	595	116
679	501	595	114
673	500	606	117
679	499	599	117
679	503	598	115
676	501	601	114
675	499	601	117
671	498	608	119
672	495	606	123
670	498	607	120
667	494	612	126
667	498	612	125
662	494	616	123
656	495	571	120
655	494	624	122
652	496	619	120
655	494	555	121
647	491	632	126
646	492	564	122
644	490	633	125
639	491	571	124
636	489	624	126
636	490	550	125
636	487	548	127
630	490	582	124
631	486	596	132
632	486	539	132
624	487	651	137
624	485	607	138
624	484	576	137
622	485	535	135
616	487	661	142
618	483	551	142
620	487	529	135
613	483	665	153
613	480	526	144
610	486	669	154
604	477	527	148
608	484	525	137
598	480	681	163
599	479	530	151
601	483	519	139
593	483	684	164
584	472	523	157
589	479	687	172
584	477	670	163
582	476	515	155
585	476	504	148
577	475	535	154
578	475	697	173
574	469	504	165
572	469	704	194
577	469	483	169
556	466	712	183
573	475	706	185
564	463	475	172
564	465	712	200
574	474	704	188
566	467	479	178
555	463	720	210
564	472	713	191
554	458	467	180
548	463	729	210
561	461	718	217
571	470	708	214
563	463	716	231
558	465	721	221
561	467	717	223
556	467	723	218
558	464	721	231
561	470	718	224
557	472	720	213
562	465	717	233
555	469	724	233
550	463	729	236
549	462	730	237
545	464	734	236
545	457	734	244
545	459	731	247
545	460	728	252
545	456	732	256
545	457	732	254
541	454	738	256
546	459	730	257
540	457	737	256
540	458	739	257
548	456	729	259
537	455	742	259
534	453	745	262
552	458	725	258
544	456	735	258
542	454	737	261
547	453	732	262
541	450	738	264
543	451	736	264
548	454	731	261
540	451	739	265
550	451	729	265
544	454	734	261
539	451	740	264
547	452	732	263
554	456	722	260
547	461	732	256
539	451	739	267
530	451	749	267
551	458	728	261
542	453	737	266
533	456	742	263
533	450	741	269
548	456	729	263
548	456	731	263
542	453	737	266
538	452	739	267
545	454	733	265
548	460	731	259
548	458	731	261
550	458	729	261
558	463	721	256
551	463	728	256
552	463	725	256
557	462	719	257
558	464	719	255
552	464	725	255
567	462	708	257
558	462	721	257
574	464	705	255
570	464	705	255
562	464	717	255
566	461	712	258
577	468	702	251
578	467	701	252
574	464	705	255
581	466	697	253
573	462	705	257
579	466	700	253
574	463	705	256
577	461	701	258
573	462	706	257
586	463	693	256
582	464	697	254
580	462	699	256
578	459	701	260
581	459	698	259
578	459	701	259
574	455	705	263
585	457	694	260
574	451	705	265
587	455	692	263
575	452	704	264
589	457	690	260
570	450	709	265
579	453	700	266
568	448	711	267
585	450	693	269
582	449	697	268
580	445	699	272
585	446	694	273
570	444	709	273
591	449	688	270
575	440	704	277
579	443	700	276
591	442	688	277
580	439	699	280
580	440	699	279
579	434	700	285
589	438	690	281
578	431	701	288
599	445	680	274
586	432	693	287
593	438	686	281
600	438	679	281
582	430	697	289
600	439	679	280
576	416	703	301
600	436	679	279
596	432	683	284
597	429	682	287
590	428	689	288
