668	401	82	79
666	407	82	79
665	416	82	79
662	422	82	79
659	427	82	79
657	430	82	78
655	430	83	78
654	430	82	79
654	429	82	78
653	429	82	78
654	427	82	78
654	424	82	78
656	420	82	78
657	417	82	78
661	414	82	77
663	411	82	77
667	409	82	77
670	408	82	77
672	407	82	78
672	406	82	78
671	407	82	78
670	406	82	78
668	406	83	78
666	407	82	78
663	407	83	78
660	407	83	78
657	407	83	79
654	407	83	79
652	407	83	79
650	406	83	79
649	404	83	79
648	404	83	79
647	404	83	79
646	405	83	79
644	405	83	79
643	405	83	79
641	405	83	79
639	405	83	79
637	406	83	79
635	405	83	79
633	404	83	79
632	404	83	79
629	404	83	79
627	404	83	79
625	405	83	79
622	405	83	79
620	405	83	79
618	406	83	79
616	405	83	79
614	406	83	79
612	405	83	80
611	404	83	79
610	404	83	79
610	405	82	79
610	405	82	79
609	405	82	79
608	405	82	79
607	405	82	79
608	405	81	78
607	406	80	77
608	404	79	77
608	404	78	75
609	404	76	74
608	405	75	73
609	405	74	72
609	406	73	71
609	406	72	70
610	408	71	69
609	410	71	69
610	411	71	69
610	414	72	69
610	416	72	69
610	418	72	69
610	421	72	69
611	424	72	69
610	426	72	69
611	428	72	69
611	430	72	69
612	432	72	69
612	433	72	69
612	434	72	69
612	436	72	68
612	437	72	68
612	438	72	68
611	438	72	69
611	438	72	69
611	439	72	69
610	439	72	68
610	440	72	69
610	440	72	69
610	440	72	69
608	440	72	69
609	441	72	69
608	441	72	69
607	441	72	69
607	442	73	69
606	442	72	69
607	443	72	68
606	444	73	69
606	444	73	69
605	444	72	69
604	444	73	69
603	444	73	69
603	445	72	69
602	445	73	69
603	445	72	69
601	445	72	69
601	446	72	69
600	447	73	69
600	448	73	69
600	448	73	69
599	450	73	69
598	451	73	69
597	452	73	69
596	453	73	69
596	453	73	68
595	452	73	69
594	453	73	68
593	453	73	69
592	453	73	69
592	453	73	69
590	452	73	69
589	452	73	69
587	452	73	69
585	453	73	69
584	452	72	69
582	452	73	69
580	452	73	69
578	452	73	69
577	452	73	69
576	452	73	69
574	452	73	69
573	452	73	69
571	452	73	69
570	452	73	69
569	451	73	69
566	452	73	69
565	452	73	69
565	452	73	69
564	452	73	69
563	453	73	69
561	453	73	69
560	452	73	70
560	453	73	70
559	452	73	70
559	452	73	69
559	453	73	69
559	452	73	70
560	452	73	69
560	452	73	69
560	452	73	69
562	452	73	69
561	453	73	69
563	452	73	69
563	452	73	69
564	451	73	69
565	450	73	69
565	450	73	69
567	448	72	69
568	447	73	69
570	447	73	69
571	446	73	69
572	447	73	69
573	447	73	69
573	446	73	69
574	447	73	69
575	447	73	69
574	447	73	69
574	447	73	69
575	447	72	69
574	447	73	69
574	448	73	69
573	448	73	69
574	448	73	69
572	448	73	69
573	448	73	69
573	448	73	69
573	448	73	69
574	448	73	69
574	449	73	69
575	449	73	69
575	448	73	69
576	448	73	69
577	449	72	69
578	448	73	69
578	448	72	69
580	448	72	69
580	448	73	69
579	448	72	69
580	448	72	69
580	447	72	69
582	448	72	69
581	447	72	69
582	447	72	69
582	447	72	69
582	447	72	69
584	447	72	69
583	447	72	69
584	448	72	69
584	447	72	69
585	448	72	69
586	447	72	69
586	448	71	68
587	448	72	69
586	448	72	68
586	447	72	68
586	447	72	69
587	447	72	68
586	447	71	69
586	447	72	69
586	446	71	69
585	446	71	68
585	446	71	69
586	445	72	69
585	445	71	69
584	445	72	69
584	445	72	69
585	444	71	69
584	444	72	68
583	444	72	69
583	445	72	68
583	443	72	69
583	443	72	68
583	443	72	68
583	443	72	69
583	442	72	69
584	441	71	68
584	441	71	68
584	442	71	68
584	441	71	69
583	441	71	68
583	441	71	68
583	441	72	69
582	441	72	69
581	442	73	69
581	443	73	70
580	444	74	70
579	445	74	71
579	445	75	72
578	446	75	72
578	446	76	72
578	447	76	73
577	448	77	74
576	448	78	74
575	448	78	75
576	449	79	76
575	449	79	76
574	449	79	76
574	449	79	76
574	449	79	76
574	448	79	76
573	448	79	76
573	448	79	75
574	447	79	75
574	448	79	75
573	447	79	76
574	446	79	75
573	447	79	75
574	446	79	75
573	446	79	75
574	445	79	76
574	445	79	76
573	443	79	76
574	442	79	76
573	441	79	76
572	440	79	76
572	439	79	75
572	437	79	76
571	438	79	76
571	436	79	75
571	436	79	75
570	436	79	75
571	434	79	76
571	434	79	75
571	435	79	75
571	435	79	75
571	434	79	75
572	433	79	75
572	434	79	76
571	433	79	76
572	434	78	75
572	433	78	76
572	434	78	75
572	434	78	76
572	434	79	76
572	433	78	75
572	433	79	75
571	434	79	75
571	433	79	75
571	434	79	75
571	434	79	75
571	433	79	75
571	433	79	75
571	434	79	75
571	433	79	75
572	434	79	75
571	433	79	75
571	434	79	75
571	434	79	75
571	434	79	75
570	433	79	75
570	433	78	75
570	432	78	75
569	432	78	75
570	431	78	75
570	432	78	75
570	432	78	75
570	432	78	75
570	432	78	75
570	431	78	75
570	430	78	75
570	430	78	75
570	429	78	75
569	429	78	75
569	427	79	75
569	426	79	75
568	426	79	75
568	425	78	75
568	423	79	75
568	422	78	75
568	421	78	75
567	419	79	75
567	417	79	75
568	415	79	75
566	414	79	75
566	412	79	75
567	411	78	75
566	410	79	75
566	409	79	75
566	408	78	75
567	408	78	75
567	407	79	75
568	406	78	75
569	405	78	75
570	404	78	75
570	402	78	75
570	401	78	75
571	400	78	75
571	399	78	75
572	397	78	74
572	395	78	74
573	393	78	74
574	391	78	74
575	389	77	74
576	386	77	74
578	383	77	73
579	380	76	73
579	379	76	72
579	377	75	71
579	376	75	70
579	375	75	70
579	374	75	71
578	373	75	71
577	372	76	72
577	370	76	73
576	368	76	74
575	367	77	74
574	366	78	75
573	365	78	75
573	363	78	75
574	362	78	75
576	360	78	75
577	359	78	76
579	358	78	76
581	356	78	76
582	354	78	76
585	352	77	75
586	351	77	75
588	348	77	75
589	346	77	75
592	345	77	74
592	342	77	74
593	340	77	74
595	337	77	74
595	335	77	74
595	333	78	74
595	332	79	74
596	331	79	75
596	329	79	74
596	328	79	74
597	329	79	74
597	328	80	75
597	328	80	75
598	330	80	75
599	330	80	76
599	332	80	76
601	333	79	76
601	333	80	76
602	333	80	77
603	334	79	76
603	334	80	76
604	335	79	76
603	335	80	76
604	334	79	77
605	335	79	77
605	335	80	77
606	335	80	77
605	336	80	77
606	336	80	77
606	337	79	76
606	336	80	77
607	336	79	77
606	336	80	77
607	337	79	77
607	337	79	78
607	337	79	77
607	337	79	77
608	338	79	77
608	338	79	77
609	338	79	77
610	338	79	78
611	339	79	77
612	339	79	77
613	339	79	77
615	340	79	77
616	339	79	77
617	339	80	77
619	339	79	77
621	339	79	77
622	339	79	78
624	339	79	78
624	339	79	78
626	339	79	78
628	339	78	77
628	339	79	77
630	340	79	78
631	340	79	77
631	340	79	78
630	340	79	78
630	340	79	78
630	339	79	78
630	340	79	78
631	339	79	77
630	340	79	77
629	340	79	77
629	340	79	78
628	340	79	77
629	340	79	78
628	340	79	77
628	340	79	78
628	340	79	78
628	341	79	78
628	340	79	77
628	340	79	78
628	340	79	78
629	339	79	78
628	339	79	78
629	339	79	78
629	339	79	78
630	340	79	78
630	340	79	78
630	339	80	78
632	339	80	78
631	341	80	77
633	340	80	78
632	340	80	78
634	340	80	77
633	341	79	77
634	341	79	78
634	340	80	78
634	341	79	77
635	341	79	78
635	341	79	77
636	340	79	78
635	341	79	78
636	340	79	78
636	340	79	78
635	340	79	78
635	340	79	78
635	340	79	78
635	340	79	78
634	340	79	78
634	339	79	78
634	339	79	78
634	339	79	78
634	338	79	78
635	339	79	78
635	339	79	78
635	339	79	78
636	338	79	78
637	338	79	78
636	339	79	78
637	339	79	78
637	338	79	78
638	338	79	78
638	337	79	78
638	337	79	78
637	337	79	78
638	336	79	78
636	337	79	78
635	336	79	78
636	337	79	78
636	337	79	78
636	337	79	78
637	336	79	78
637	336	79	78
638	337	79	78
639	337	79	78
640	336	79	78
640	337	79	78
640	337	79	78
641	336	79	79
641	336	79	79
641	337	78	79
642	336	79	79
643	336	79	79
644	337	78	79
644	336	78	79
644	336	79	78
645	336	79	79
645	335	79	79
647	335	79	79
647	335	79	79
647	333	79	79
647	333	79	79
648	332	79	79
649	332	79	79
649	332	78	79
650	331	78	78
651	331	78	78
650	331	78	78
651	331	78	78
650	331	78	78
651	331	78	78
651	331	78	78
651	331	78	78
651	331	78	77
651	330	78	78
651	330	78	78
650	330	78	77
651	329	78	78
651	330	78	78
650	329	78	78
650	328	78	78
650	327	78	78
650	326	79	78
651	326	79	78
651	325	79	78
651	325	79	79
651	325	79	79
651	325	79	79
651	325	79	79
652	324	79	78
652	324	79	78
652	324	79	78
652	323	79	78
652	323	79	78
652	323	78	77
653	322	79	78
654	322	79	78
654	322	79	78
655	321	79	78
654	321	79	78
656	321	79	79
656	321	79	78
656	321	79	79
657	321	79	79
657	320	79	79
657	320	79	79
657	321	79	79
657	321	79	79
658	320	79	79
657	320	79	79
658	321	79	79
658	321	79	79
658	321	79	79
657	321	79	79
657	321	79	79
658	321	79	79
658	320	79	79
657	321	79	79
657	321	79	79
657	320	79	79
658	320	79	79
657	320	79	79
658	321	79	79
658	321	79	79
658	321	79	79
658	321	79	79
658	321	79	79
659	321	79	79
658	321	79	79
658	321	78	78
659	321	78	77
658	321	79	75
657	320	81	76
658	321	81	78
657	323	79	76
657	323	80	78
657	323	77	76
655	321	80	78
656	322	77	77
654	322	79	77
655	323	78	77
653	322	81	77
654	323	80	77
653	323	80	76
653	324	81	77
653	324	79	76
652	323	81	78
651	323	81	78
652	323	79	78
650	322	80	79
650	323	80	78
651	324	79	77
650	324	82	77
649	322	82	78
650	323	81	77
650	323	80	77
649	324	80	76
648	323	81	76
646	323	82	77
647	323	82	77
647	323	82	77
647	323	81	77
649	323	80	77
649	323	80	77
649	322	81	78
648	322	81	78
649	323	79	79
650	323	79	78
649	322	80	78
648	323	78	77
646	322	81	76
645	321	82	76
643	322	82	77
643	323	80	75
642	322	81	76
641	321	82	76
641	322	82	76
640	322	81	77
640	322	79	76
638	321	80	76
638	321	81	76
636	320	82	76
636	319	82	77
636	320	82	77
637	320	82	77
638	321	82	77
638	320	82	77
639	320	81	77
639	320	82	77
639	320	81	77
640	321	79	76
639	319	80	76
639	320	80	76
638	320	81	75
636	321	82	76
638	322	81	74
638	323	81	75
640	322	80	76
641	321	79	77
642	321	78	77
642	322	78	76
642	322	80	76
640	322	79	76
640	322	80	75
639	323	79	75
638	322	80	76
637	323	80	77
638	324	78	77
637	323	79	78
637	325	78	78
637	324	81	77
637	325	82	77
637	325	79	77
638	326	80	75
638	325	80	77
639	325	79	76
639	325	79	76
640	324	80	77
639	324	80	77
640	324	79	78
641	324	77	77
640	325	78	75
640	324	79	74
640	325	78	75
639	325	80	74
638	325	79	75
637	326	80	75
639	328	78	76
639	328	78	78
640	328	78	78
642	330	77	77
639	331	80	77
640	331	77	77
640	331	79	76
641	332	77	76
640	330	79	77
641	331	77	78
641	331	78	77
641	331	78	77
642	332	78	76
641	332	80	77
642	332	79	77
642	334	78	76
643	332	78	76
642	333	79	76
642	334	78	76
641	334	78	76
641	334	79	77
641	333	80	78
640	334	80	78
640	335	80	78
640	334	79	78
641	336	79	78
642	336	78	77
643	337	78	77
643	338	78	77
642	338	78	77
643	338	79	77
643	339	80	77
644	341	78	77
643	342	81	77
644	345	80	77
646	345	80	78
648	346	78	77
648	345	78	79
649	345	77	78
649	345	77	78
649	345	79	77
647	345	79	77
648	346	78	76
648	346	79	76
646	345	81	76
646	346	81	76
645	346	80	76
645	346	80	77
646	346	80	76
646	347	80	76
646	347	81	77
646	347	80	77
646	349	78	77
646	347	79	78
645	348	81	78
646	347	81	78
645	348	79	78
645	347	79	78
644	346	79	78
644	348	78	78
644	347	79	78
643	347	80	78
643	348	79	77
644	350	79	77
642	349	80	77
643	350	79	76
643	349	79	77
642	349	80	78
642	349	80	78
641	349	78	77
642	348	76	78
641	348	75	78
640	348	72	79
639	348	67	78
639	349	62	79
639	349	56	81
639	349	48	78
641	349	42	83
643	347	34	80
641	347	31	80
641	346	28	79
640	346	28	77
641	347	30	76
640	345	34	78
638	345	39	78
638	345	44	78
636	345	49	76
636	344	58	73
637	342	63	73
637	340	72	73
639	341	75	74
641	342	76	73
644	341	76	71
645	341	77	73
647	341	77	69
650	340	76	69
653	340	76	68
656	340	74	69
659	340	72	69
662	339	70	71
666	339	67	71
668	339	64	71
669	338	64	72
669	339	63	71
668	339	63	72
667	339	64	71
666	339	64	69
663	340	66	69
658	339	70	68
655	339	72	67
650	340	75	66
648	342	77	66
645	343	78	62
643	343	78	64
641	345	78	65
641	345	79	67
640	345	78	67
638	346	79	67
636	346	78	66
636	346	78	67
636	345	77	67
636	346	78	66
636	345	78	67
635	346	77	67
636	345	77	67
635	344	76	68
635	345	76	68
635	343	75	68
636	344	76	68
634	344	76	69
634	344	75	69
633	343	76	70
633	344	75	70
632	344	75	69
630	344	75	70
630	344	76	69
629	344	75	69
629	344	76	68
627	344	76	68
628	344	76	66
627	345	77	66
628	345	77	66
629	345	77	65
628	346	77	65
629	347	78	65
628	347	78	65
629	348	77	64
628	349	77	64
627	349	77	63
627	349	78	63
627	348	78	63
627	347	78	63
626	347	78	64
626	346	77	64
626	346	77	64
626	345	77	65
626	344	77	65
626	345	77	66
626	344	77	66
627	345	77	67
627	345	77	67
627	345	76	68
628	347	74	68
628	347	73	69
628	348	73	69
628	349	71	69
627	350	67	69
627	350	65	70
627	352	66	69
627	352	65	69
627	353	65	68
627	353	66	67
626	353	67	68
625	353	67	67
626	352	66	67
625	352	67	67
626	353	66	66
626	353	67	66
625	353	68	66
626	353	68	66
626	353	69	65
626	353	69	65
626	352	69	66
627	352	69	66
628	352	69	67
627	352	69	67
628	352	70	67
628	352	71	66
628	352	71	67
628	353	72	67
628	353	71	67
627	353	71	67
627	353	72	67
626	354	73	66
626	354	73	65
625	354	74	65
625	354	74	65
624	354	74	64
624	356	75	64
623	355	75	63
623	357	75	62
623	357	76	62
623	358	76	62
623	358	76	62
622	358	76	62
623	359	76	62
622	358	76	62
621	357	76	62
622	357	74	62
622	355	74	63
622	354	74	63
622	354	73	63
623	353	73	63
624	353	72	63
624	353	72	65
625	352	72	65
625	353	72	66
626	353	72	66
627	354	71	66
627	354	71	66
628	355	70	67
628	356	71	67
628	357	70	68
629	357	70	68
630	358	70	68
630	358	69	68
631	357	67	65
630	358	69	67
631	357	69	67
631	357	69	66
631	357	68	65
631	355	68	64
631	355	68	63
629	354	69	62
629	354	70	62
627	353	71	62
627	352	72	62
626	351	72	62
625	351	73	62
624	349	73	63
623	349	73	63
622	351	73	62
622	351	73	63
621	351	74	64
621	352	74	65
621	353	75	65
619	353	77	66
619	353	77	65
618	352	77	65
617	351	77	65
616	350	77	64
616	350	77	64
615	349	76	63
615	348	77	62
616	348	78	62
616	348	79	61
616	348	80	60
616	347	80	57
615	347	79	60
616	348	79	57
618	348	78	60
618	348	78	57
619	349	77	59
618	349	77	60
619	349	76	62
620	349	76	62
620	350	76	62
622	351	75	64
622	352	74	64
622	353	75	64
622	353	75	64
621	353	77	65
620	354	77	65
621	354	76	65
621	354	75	65
622	355	75	65
622	354	75	64
622	354	75	65
622	354	75	64
622	354	75	63
621	354	76	63
620	354	76	62
620	354	76	62
620	353	77	62
619	353	78	62
619	352	78	62
618	352	78	62
618	352	78	62
617	352	78	62
617	352	78	62
616	351	79	62
615	351	79	62
615	351	78	62
615	351	77	62
614	350	77	62
614	350	77	62
614	350	77	62
614	350	77	62
614	349	77	62
614	350	78	62
614	350	77	63
614	350	78	63
615	350	77	62
615	351	77	62
616	351	77	62
616	352	77	63
615	352	77	64
615	353	76	63
616	353	76	63
617	354	76	64
617	354	76	63
617	354	76	63
617	354	76	63
618	353	75	63
618	353	76	63
619	352	76	62
618	351	77	62
617	349	76	62
616	347	77	62
615	344	76	62
613	340	74	62
612	339	73	62
610	337	72	65
609	336	70	68
608	337	71	71
607	338	71	72
607	340	71	73
606	340	72	73
607	343	71	72
608	345	71	70
608	347	71	69
608	348	72	69
607	349	71	68
607	350	70	68
606	349	71	67
605	348	72	67
605	346	72	66
604	344	71	65
605	343	72	64
605	342	71	63
605	342	71	62
605	341	73	61
605	341	74	60
605	340	75	60
606	339	77	58
606	338	77	57
605	336	78	55
605	335	77	52
606	335	75	56
607	334	74	53
608	332	74	59
610	332	74	53
611	330	74	61
613	328	75	52
615	327	76	59
618	325	78	51
622	322	79	49
625	318	79	54
630	314	81	52
636	311	80	44
642	310	80	29
650	309	81	25
658	308	81	23
666	310	81	22
673	311	82	22
680	314	81	23
687	318	80	23
692	322	81	25
699	325	80	26
706	329	78	30
713	335	75	32
721	340	73	36
728	345	70	39
736	350	67	44
743	356	64	49
749	363	58	52
756	369	56	61
761	376	49	65
766	383	44	69
770	389	38	71
773	393	35	73
775	397	33	75
775	399	33	76
775	402	33	76
775	401	33	76
774	403	33	74
774	403	33	75
773	403	33	75
773	403	34	75
773	402	34	75
772	400	34	75
771	399	35	76
770	396	36	78
770	393	37	78
769	391	38	79
770	388	38	80
769	383	39	81
769	377	38	82
768	372	38	83
767	367	38	77
765	360	40	78
763	354	41	75
759	347	42	73
754	342	47	70
746	335	51	67
737	331	58	61
728	327	65	57
720	324	70	50
711	321	73	44
702	320	77	39
694	315	79	37
687	312	80	32
680	310	81	28
673	307	82	28
669	306	80	26
663	306	79	26
659	307	81	27
655	307	79	28
651	308	78	28
647	307	77	32
643	307	77	34
621	307	93	43
609	307	101	49
633	307	78	41
631	309	75	41
628	309	75	43
626	309	74	46
624	310	73	49
622	312	72	51
620	313	72	53
618	314	72	54
616	316	72	55
615	319	71	56
613	320	71	57
613	322	71	59
612	324	71	60
610	327	71	60
609	328	72	60
608	330	72	60
608	333	71	61
607	334	71	62
607	337	71	63
609	339	71	63
608	339	71	66
587	341	92	69
544	347	73	57
534	342	74	53
525	337	78	45
514	332	82	40
505	327	81	36
495	321	81	33
484	319	84	31
472	317	85	27
463	317	84	29
452	319	85	33
444	323	82	36
436	328	80	39
430	332	77	43
426	334	75	48
421	338	74	51
418	343	74	53
415	346	74	56
413	350	74	58
411	353	75	59
410	355	74	61
412	356	74	62
414	358	74	63
414	359	76	63
415	360	76	64
415	360	80	65
417	360	80	65
346	359	148	90
360	365	138	79
423	363	80	66
419	363	84	66
380	360	120	84
427	363	76	70
429	363	73	71
430	366	70	70
431	366	69	70
432	367	70	70
433	368	70	70
434	368	72	69
434	368	74	69
435	367	74	66
436	367	75	63
438	366	77	62
439	364	79	61
441	363	80	60
442	363	80	60
444	363	80	60
444	363	81	59
446	363	81	59
448	364	82	61
449	364	81	61
450	364	81	62
451	365	81	63
453	364	81	63
454	365	80	63
456	365	78	63
457	365	77	63
457	365	76	62
459	366	74	63
460	368	73	63
460	368	72	63
458	370	71	64
458	372	71	65
456	372	72	66
455	373	72	66
454	372	73	66
452	369	75	67
449	368	77	65
447	367	78	65
444	365	80	63
442	364	81	61
440	364	82	58
438	363	83	58
436	363	83	58
433	363	84	59
431	362	82	62
429	363	81	64
428	364	79	66
426	363	78	70
425	364	77	71
423	364	77	71
422	364	77	72
421	365	75	72
421	365	74	71
421	366	72	70
422	367	71	69
422	366	69	70
422	367	68	70
424	368	67	70
425	370	65	70
426	371	64	72
426	370	64	74
427	370	63	74
427	369	64	75
427	368	64	75
428	367	66	75
428	367	70	73
429	365	73	71
430	364	75	69
431	364	77	68
432	363	79	68
433	362	81	67
434	361	82	68
434	360	83	68
435	358	82	69
436	357	82	68
436	355	82	69
436	352	81	64
436	349	80	66
434	346	81	67
434	343	82	68
432	339	82	69
433	335	82	68
432	330	83	71
434	327	83	69
436	324	82	67
439	320	82	67
442	317	82	64
446	315	81	63
450	313	80	59
455	311	79	58
460	311	79	56
464	311	79	52
469	313	79	50
475	316	78	44
483	318	76	40
491	320	78	38
496	322	82	35
504	328	83	30
513	334	83	27
521	339	83	28
530	344	81	32
538	350	82	37
547	357	79	41
554	364	77	48
561	369	73	52
568	373	70	57
573	380	68	61
578	387	65	65
582	393	60	68
586	400	60	70
589	407	58	75
592	414	54	81
594	419	51	79
597	427	47	78
597	432	45	79
598	438	45	79
597	444	43	80
595	450	46	79
593	455	45	79
591	459	47	80
589	464	47	78
587	468	49	77
586	471	50	74
585	472	52	74
584	472	52	74
585	472	51	74
585	469	52	75
587	465	51	76
588	460	49	79
590	455	49	78
593	448	49	79
596	441	47	80
599	435	46	80
599	429	48	80
600	420	51	79
600	413	54	83
599	406	57	79
598	396	58	74
595	390	61	74
593	384	63	71
591	377	65	68
589	372	66	66
586	367	68	64
583	362	70	64
580	358	69	63
578	356	69	61
574	353	73	59
571	350	75	58
567	347	76	56
563	345	77	55
559	342	78	50
554	339	80	45
548	336	80	41
542	334	81	39
533	330	83	37
524	327	85	35
513	326	87	33
502	322	89	33
492	322	87	31
483	323	82	32
471	322	82	36
461	325	81	38
452	327	77	42
446	327	71	48
438	329	71	54
431	331	71	57
426	334	72	59
421	337	72	60
417	341	74	62
417	343	73	63
415	346	75	63
415	349	74	63
415	351	76	63
416	353	74	64
417	355	76	63
417	357	77	64
418	357	79	64
420	357	79	65
421	358	79	65
424	358	78	63
424	360	78	63
424	361	82	62
424	361	82	61
425	361	83	60
426	361	82	59
427	361	82	58
429	361	79	58
430	362	78	59
431	362	77	60
431	363	75	60
431	364	75	62
432	365	75	63
432	366	74	64
433	367	74	63
434	368	74	65
434	369	73	66
435	369	74	66
436	370	73	66
436	369	74	65
436	369	75	66
437	368	75	65
437	367	76	65
439	366	77	64
439	366	79	64
439	365	79	63
440	365	80	63
440	364	81	63
442	364	82	64
443	363	83	66
443	364	83	66
445	363	82	67
447	363	82	67
448	363	82	63
450	363	81	62
452	363	80	63
454	363	78	63
457	363	76	64
458	363	74	66
460	363	73	67
460	363	73	68
461	363	72	69
462	364	71	70
463	364	69	70
462	365	69	71
463	366	68	70
463	367	67	69
462	368	67	68
461	369	68	67
459	369	68	66
458	369	69	65
456	369	70	65
454	367	71	63
452	367	73	63
450	365	75	62
448	365	76	62
445	365	77	61
442	365	79	63
440	364	81	64
438	365	82	64
436	365	83	63
433	364	85	62
431	364	85	61
429	365	85	60
428	364	84	63
427	365	83	64
427	365	81	65
426	364	81	65
426	365	79	66
426	365	78	67
426	365	79	67
425	365	78	67
425	366	78	68
424	365	77	67
426	367	76	67
426	367	75	67
427	367	74	69
428	367	72	69
429	368	72	68
430	370	71	68
430	370	71	69
432	370	71	69
433	370	72	68
434	370	72	67
435	369	72	66
434	369	74	65
436	369	74	65
436	368	75	65
437	367	76	65
438	366	77	65
439	366	77	65
439	365	78	65
440	365	79	64
441	365	80	64
441	365	81	64
443	365	83	63
444	365	82	62
446	364	83	63
448	365	84	62
450	365	84	62
451	366	84	62
453	365	83	61
455	365	83	60
457	365	83	60
458	365	82	59
460	365	81	58
463	364	81	59
464	364	80	60
466	365	78	60
467	365	78	60
468	365	78	60
469	366	78	61
469	366	77	61
469	366	77	61
469	367	77	61
468	367	77	61
468	368	77	61
467	369	76	62
466	369	77	62
463	369	77	62
461	369	78	61
460	367	79	61
458	367	80	59
457	366	80	59
455	367	80	59
454	367	81	58
451	367	82	58
450	367	81	59
448	367	81	61
446	367	81	62
445	367	80	63
444	367	81	63
443	367	81	64
443	368	81	64
443	367	81	63
443	368	81	63
443	367	81	63
443	367	81	63
443	367	81	62
444	368	81	62
444	368	80	62
444	369	81	62
443	369	82	62
444	369	81	62
444	370	82	62
445	370	81	62
445	370	81	63
446	371	81	63
446	371	80	63
447	372	81	63
448	372	81	62
449	372	81	62
450	372	82	61
451	372	82	61
452	373	83	60
454	373	83	58
455	373	83	58
455	370	83	58
454	366	84	59
453	363	84	60
452	360	83	61
450	359	83	61
449	361	81	58
448	362	80	53
447	365	81	51
447	370	81	48
447	373	83	47
449	375	83	46
450	377	83	48
452	377	83	50
452	376	84	53
452	375	83	53
452	374	83	52
452	374	83	51
453	373	83	51
453	373	83	51
454	373	82	51
454	372	82	52
454	372	82	52
454	371	82	55
455	371	81	55
455	371	81	56
455	371	80	57
455	372	80	57
456	372	80	57
456	374	80	56
457	374	81	56
459	374	80	55
459	373	80	55
459	371	80	56
460	369	80	55
460	366	80	54
458	364	82	56
455	362	83	52
451	361	85	49
447	360	86	47
445	363	85	45
445	367	84	43
443	373	83	41
443	376	83	43
442	378	83	45
443	378	84	50
444	377	84	54
446	377	84	55
448	376	84	57
449	376	84	57
450	375	84	57
451	375	84	57
452	374	84	56
453	373	84	55
452	372	84	52
452	372	84	51
453	373	84	50
453	373	85	48
453	372	85	48
453	372	85	49
454	372	85	48
454	371	86	48
454	370	86	49
455	369	86	51
455	368	85	53
455	367	85	56
455	366	85	57
454	366	85	58
453	366	84	59
451	366	84	59
449	367	84	59
447	368	83	58
444	368	83	58
441	369	83	57
439	370	81	56
436	370	81	55
434	370	80	55
432	371	80	55
430	371	79	52
427	371	78	50
424	372	76	49
421	372	77	49
417	370	77	49
413	368	80	48
410	364	80	49
407	360	79	49
403	356	80	49
400	351	79	50
397	346	81	52
396	343	81	53
394	341	81	53
394	342	80	51
396	345	79	49
399	348	76	49
402	352	74	48
406	359	72	49
411	366	71	50
415	373	71	50
418	379	69	50
420	384	68	52
422	386	66	54
422	385	66	57
420	383	66	58
419	379	65	58
417	375	67	57
414	369	70	56
411	364	73	53
410	361	76	50
409	356	78	46
409	352	80	43
410	350	81	41
411	348	80	40
412	347	81	39
414	347	80	37
416	347	81	37
417	350	80	36
420	353	77	36
424	358	75	38
427	363	74	41
433	367	73	44
438	374	72	45
444	379	70	46
451	383	70	46
460	387	71	48
467	390	74	50
474	392	79	53
482	393	83	56
492	392	82	59
502	391	80	62
509	391	83	64
521	388	79	65
530	384	79	66
537	380	77	64
544	378	74	59
550	373	74	58
554	367	75	55
558	363	77	52
562	358	77	50
564	355	78	50
566	353	77	51
568	350	74	53
570	349	72	55
571	349	70	57
570	350	69	56
568	353	68	55
563	359	68	55
559	364	68	54
552	373	68	53
548	380	67	53
544	386	66	55
542	390	64	58
543	392	63	61
546	393	60	63
548	392	60	64
553	388	59	63
557	383	60	61
562	376	63	59
565	368	65	56
569	361	68	53
571	354	70	49
572	349	73	45
573	345	76	43
573	343	76	41
573	342	76	41
573	343	75	40
572	345	75	41
571	349	75	41
568	353	74	41
568	360	72	41
567	366	71	43
566	372	70	46
567	378	68	50
568	382	63	56
571	386	59	63
575	392	55	67
578	398	51	69
579	402	47	71
584	407	42	73
589	413	37	75
592	418	33	78
591	424	33	80
588	428	37	82
581	434	47	81
572	438	57	80
564	443	64	78
556	447	70	73
547	451	75	70
542	453	76	67
534	456	77	63
528	456	76	61
522	455	75	61
518	455	73	62
517	454	69	64
510	453	71	68
497	450	80	69
490	446	81	74
481	441	83	70
480	438	79	73
474	433	81	73
470	428	76	75
466	421	74	79
462	415	69	81
459	406	63	84
456	400	53	84
456	394	46	85
454	388	41	84
454	383	37	82
454	379	34	79
453	377	38	75
453	375	44	72
452	373	52	71
452	371	58	70
453	370	63	70
456	371	66	68
459	370	72	68
464	370	82	67
469	371	82	65
472	371	81	66
475	371	82	65
478	371	81	63
479	372	80	62
481	373	80	60
482	373	79	59
483	374	80	59
485	376	80	59
485	376	79	60
485	376	80	59
484	375	81	59
481	375	81	57
482	376	80	57
482	375	79	58
482	376	78	56
483	377	78	55
483	377	78	54
481	377	79	53
477	377	81	54
476	375	82	56
476	376	83	56
476	376	83	56
477	376	83	57
478	376	82	57
479	376	83	57
480	376	83	57
481	376	82	57
482	376	83	57
482	376	83	58
483	375	82	59
482	375	83	59
481	374	82	59
480	374	83	60
480	374	83	59
478	374	83	59
477	374	83	59
477	376	82	58
476	376	83	59
476	375	83	58
475	375	84	58
474	375	83	58
474	375	83	58
474	375	83	57
476	375	83	56
475	375	84	55
474	376	84	53
471	377	84	50
468	379	84	46
465	381	84	43
462	384	82	40
457	385	83	39
453	382	81	45
448	377	79	45
442	371	78	34
437	364	81	34
432	356	83	35
428	349	84	36
424	343	85	37
423	337	85	38
423	334	84	36
422	332	83	36
422	332	83	36
422	334	83	35
423	337	82	35
425	341	80	36
427	347	79	35
429	354	77	38
433	361	75	40
437	370	74	42
440	377	71	46
442	384	70	48
444	387	68	49
441	386	69	49
436	380	70	49
431	374	70	48
424	366	73	44
418	358	75	43
413	350	76	40
408	345	79	37
405	341	79	36
404	338	79	38
404	338	79	39
404	338	79	39
407	338	78	40
411	340	77	41
416	344	75	42
422	349	74	42
429	355	73	42
435	360	73	44
442	366	71	45
449	369	73	46
454	373	75	47
461	376	77	46
467	380	77	45
475	380	76	47
480	380	79	49
485	378	82	50
492	374	83	53
501	369	81	50
508	363	82	49
516	357	84	47
521	351	87	46
533	342	83	45
540	335	81	45
546	330	81	45
548	325	82	46
550	321	82	47
550	319	83	47
550	321	82	45
546	324	83	41
541	329	83	39
538	337	83	38
536	345	80	40
534	352	78	42
531	360	75	46
528	365	71	48
529	368	68	52
527	369	67	53
529	366	66	53
530	362	67	50
531	357	70	46
533	350	71	42
534	343	73	40
537	337	75	38
538	331	76	38
539	329	77	38
541	327	78	38
543	326	75	40
543	327	74	42
543	329	72	45
542	330	71	46
543	333	69	50
542	337	69	52
542	342	67	54
540	348	65	56
539	353	63	59
538	358	62	63
536	362	63	68
534	365	62	72
531	370	62	75
527	374	63	77
521	377	66	79
515	381	69	81
508	383	73	83
502	385	78	84
494	387	81	84
487	389	82	83
481	392	82	82
472	393	85	83
466	394	80	82
431	380	108	93
449	388	84	89
449	393	74	81
448	398	70	82
443	400	66	78
441	402	63	78
409	368	88	100
403	353	82	114
401	353	75	112
400	352	71	117
397	351	66	117
392	353	67	109
386	356	70	97
379	356	73	90
372	357	76	87
362	359	80	84
351	360	84	82
336	359	93	81
323	362	93	80
312	363	91	79
302	366	89	78
294	368	84	77
287	371	77	76
282	372	71	75
279	373	62	74
276	372	55	75
272	370	59	81
269	368	62	86
266	367	71	90
265	366	74	91
262	366	74	90
262	366	74	87
256	368	76	84
252	368	80	80
249	370	83	78
247	369	83	77
245	369	84	76
244	366	82	77
239	363	87	78
243	361	84	78
245	359	84	78
247	360	84	77
249	361	83	76
221	363	114	85
255	370	89	71
256	375	86	69
256	375	88	72
258	371	85	78
256	367	85	81
255	362	85	85
254	359	83	86
254	357	85	85
253	357	84	84
254	358	85	82
255	363	85	79
257	368	86	75
258	373	87	73
259	374	88	72
261	374	87	73
260	369	85	77
262	365	84	81
262	361	81	84
262	360	80	86
262	360	81	86
263	362	80	83
265	365	79	79
264	371	79	77
225	373	117	81
265	375	76	81
266	374	72	84
264	370	72	87
262	368	70	90
261	365	72	91
229	362	104	96
232	363	99	94
241	363	97	90
247	363	92	87
160	370	167	104
156	400	109	91
154	404	110	93
153	404	110	95
151	403	108	95
149	402	108	93
147	400	107	94
146	399	107	91
144	399	105	90
143	399	105	87
143	400	104	87
143	401	104	86
145	400	104	87
146	400	104	85
147	400	105	85
149	398	104	85
152	398	104	85
154	398	105	84
157	399	106	83
160	399	104	83
163	399	105	84
166	398	105	85
168	397	105	86
170	396	103	88
173	396	103	90
175	395	103	93
177	395	103	93
178	395	104	95
180	394	105	96
181	394	104	97
181	395	106	96
182	396	105	96
181	397	106	97
179	397	107	97
178	396	106	96
176	395	107	96
175	394	108	96
176	394	106	93
175	393	106	93
173	392	106	93
173	391	105	90
169	390	105	92
164	388	106	89
160	387	106	90
155	384	106	93
151	382	105	93
149	377	105	96
147	374	104	96
145	373	103	96
145	370	103	96
144	369	103	96
143	367	102	93
143	365	102	91
143	364	103	89
141	362	104	89
142	361	102	88
141	358	103	90
139	356	103	90
138	353	102	91
137	351	101	92
136	348	101	91
137	345	101	91
138	343	101	91
140	341	101	91
142	340	103	92
147	339	102	91
150	338	103	91
154	337	103	91
156	334	103	90
159	334	102	91
160	335	104	90
162	335	104	89
161	335	104	89
162	333	104	89
163	333	104	90
162	334	104	90
163	333	103	90
163	333	103	90
162	334	103	90
160	333	103	90
157	333	104	91
149	333	108	90
144	332	107	91
138	330	107	90
131	329	108	89
125	328	109	88
119	327	109	89
115	327	109	88
113	327	109	86
111	326	108	86
108	325	109	86
108	324	108	85
107	323	108	86
106	324	108	86
105	324	108	86
105	323	108	85
105	323	108	85
106	324	108	84
107	324	108	85
109	324	107	85
110	324	107	85
110	324	107	84
113	325	107	84
115	324	106	84
118	324	107	84
119	324	108	84
123	326	108	84
127	327	107	85
128	328	109	85
132	329	107	85
133	328	107	87
134	327	105	90
133	329	106	93
131	329	107	95
131	330	105	96
131	330	106	96
132	330	105	96
134	329	105	95
134	329	105	95
133	329	105	95
132	328	106	95
132	328	105	95
133	327	106	95
133	327	105	94
133	326	105	92
133	325	104	91
133	324	104	88
131	324	104	89
129	324	104	89
127	324	104	88
122	324	106	88
120	324	106	87
117	322	107	89
117	320	106	89
117	318	105	90
117	315	104	90
115	312	105	90
113	311	107	91
111	307	108	93
109	304	107	94
108	302	107	93
107	301	108	92
106	301	108	92
105	301	108	93
104	300	108	94
104	302	106	93
103	303	107	93
104	302	107	93
104	302	107	93
104	303	107	93
104	302	105	93
104	303	106	93
105	302	107	92
106	303	107	91
108	304	106	92
112	305	106	93
116	307	104	92
117	308	105	91
120	307	105	90
121	305	105	92
122	306	104	93
121	307	103	95
121	307	103	97
120	308	103	97
121	309	103	96
122	308	103	98
122	309	104	97
123	310	104	98
123	311	103	98
122	310	104	98
120	311	103	98
119	311	103	98
117	311	102	98
115	311	103	99
113	311	103	100
113	311	103	99
111	311	104	98
111	311	104	98
111	311	104	98
111	310	105	97
109	309	106	97
108	306	106	94
105	306	107	92
103	306	107	90
101	305	108	88
100	304	104	87
100	305	105	86
102	305	105	85
105	306	107	85
107	306	107	83
110	304	106	84
111	304	106	83
111	304	107	83
111	304	107	83
107	304	107	82
103	303	108	81
99	304	113	77
95	303	112	73
91	303	113	69
104	300	172	84
209	299	50	98
217	309	33	99
216	319	34	94
217	330	39	99
216	342	49	95
215	353	56	91
210	360	66	86
114	322	183	142
117	282	344	200
212	363	146	122
208	345	214	116
224	373	124	91
208	378	113	74
212	379	105	74
214	378	93	66
214	373	93	65
214	367	93	74
174	352	124	80
207	351	99	72
214	350	96	67
220	346	90	59
223	344	86	56
227	343	87	61
229	344	81	56
233	347	73	55
235	352	81	56
239	353	91	58
239	352	92	60
236	349	96	56
234	343	98	54
232	338	88	52
229	332	77	50
229	327	71	56
230	325	76	70
231	300	77	91
233	298	97	108
208	300	133	103
89	283	268	160
71	348	153	117
78	379	109	81
80	379	109	79
84	377	109	80
84	377	112	78
86	372	113	84
88	364	117	88
92	370	115	84
137	309	216	133
209	312	168	115
231	337	104	89
237	343	96	67
238	348	85	53
238	350	87	50
237	354	86	45
236	356	89	48
240	288	155	102
213	349	126	77
190	349	148	75
225	355	108	64
238	348	110	60
237	340	107	56
241	349	100	45
241	343	99	50
241	340	99	52
240	336	103	57
241	325	109	72
239	328	115	72
237	332	108	68
233	335	102	63
233	340	96	56
231	344	100	51
230	349	97	53
230	352	98	54
233	356	95	54
231	356	95	59
226	353	94	58
225	347	91	52
220	340	91	50
215	332	87	56
211	323	77	50
209	318	72	60
210	317	70	68
208	314	75	79
202	314	75	82
127	317	146	96
203	313	80	81
103	313	174	117
134	285	210	140
160	287	265	133
327	245	116	105
324	243	107	96
320	235	106	96
317	225	102	97
313	220	103	95
308	215	103	94
302	211	109	93
296	206	112	94
293	211	114	89
290	203	119	96
288	199	115	102
290	206	103	95
291	218	108	84
289	214	96	90
295	237	86	63
292	239	77	62
289	238	77	59
288	237	81	61
176	219	187	117
237	196	184	146
288	206	139	96
287	234	85	63
277	231	102	65
287	232	79	66
277	231	105	70
290	237	75	65
289	239	75	62
277	240	92	63
183	221	192	109
196	231	178	128
294	237	90	63
289	245	87	56
204	230	167	95
168	301	101	76
163	289	97	58
153	277	90	68
147	263	84	82
149	256	80	89
144	239	148	107
155	222	208	128
257	197	126	101
279	201	95	92
285	201	74	89
287	212	66	78
284	216	67	75
279	218	68	72
277	222	65	68
277	226	63	64
280	224	61	68
282	225	61	70
283	224	63	72
284	229	65	68
287	233	69	64
290	235	69	57
292	238	78	53
294	241	82	50
295	242	87	46
296	243	88	45
300	242	88	45
300	242	89	45
300	242	88	47
301	242	87	48
302	242	85	50
302	242	81	54
302	240	78	56
302	237	76	60
303	234	78	61
303	232	77	63
303	231	80	64
305	230	80	64
306	230	79	64
307	228	80	66
310	227	81	66
312	221	86	69
313	213	84	76
316	208	93	81
320	201	92	84
318	194	94	87
322	187	96	90
310	180	111	94
179	157	233	152
184	229	104	122
185	234	96	113
174	230	119	119
181	227	105	115
181	224	107	114
172	214	180	137
182	259	100	105
181	221	109	125
178	216	158	138
184	239	178	117
186	228	105	130
183	204	157	143
187	230	105	135
189	234	99	127
191	240	157	127
211	218	194	145
297	173	115	113
306	181	100	98
302	187	96	93
300	191	91	93
295	194	84	96
290	199	79	96
289	200	71	95
286	199	63	95
284	201	55	94
282	209	48	93
281	213	43	90
279	213	37	91
279	212	33	92
274	213	31	93
272	215	28	93
271	217	25	91
269	214	24	92
267	213	25	93
266	212	27	93
264	212	31	95
264	213	34	94
264	215	38	92
263	218	44	91
264	222	48	88
265	225	53	89
265	226	60	91
265	229	65	92
268	233	69	92
271	237	72	91
274	241	71	90
278	246	69	88
282	249	65	86
285	251	65	84
291	256	57	81
297	256	53	79
304	255	49	78
310	253	88	77
316	263	88	68
322	261	88	68
330	258	87	68
338	258	84	70
377	255	51	74
360	246	71	82
337	242	97	85
378	235	59	86
380	231	61	85
381	229	61	86
387	228	57	86
393	227	52	87
401	227	45	88
407	227	40	87
414	226	37	87
420	226	35	87
424	227	34	86
427	227	38	87
427	227	38	86
427	229	42	84
427	229	45	85
425	229	51	85
424	229	56	85
423	230	61	85
422	230	65	86
422	230	69	87
421	230	73	87
421	231	75	87
420	231	78	88
414	234	83	88
410	235	86	88
407	235	88	88
403	236	88	89
395	235	91	89
389	235	91	89
384	234	90	90
379	233	88	89
374	232	85	87
371	231	79	88
368	230	74	88
365	229	68	87
363	228	65	88
361	224	60	88
359	223	49	88
357	219	46	87
355	217	44	87
355	215	42	85
353	213	43	83
351	213	45	81
350	213	49	79
346	214	53	75
344	214	58	73
343	213	61	73
340	211	64	71
337	211	66	70
334	209	69	68
330	204	70	68
323	196	73	68
316	189	77	67
309	181	80	64
301	173	84	61
296	168	85	58
292	162	87	57
291	159	86	55
291	156	85	55
290	156	85	52
292	157	83	49
296	159	81	50
299	164	82	50
304	168	80	52
309	175	79	53
314	181	77	55
319	188	76	58
325	194	74	59
330	200	71	61
334	204	68	64
333	205	68	67
331	204	67	68
328	199	65	71
322	192	64	72
315	186	64	73
309	178	65	72
300	172	69	72
295	169	72	71
292	163	73	72
290	161	73	72
292	160	71	71
295	161	67	69
298	163	64	67
302	168	66	66
309	175	66	64
314	182	68	65
320	188	72	65
326	193	74	65
333	197	74	66
341	200	79	68
350	204	82	70
359	207	87	70
369	209	90	71
380	208	93	71
392	207	93	74
407	203	88	75
419	198	87	75
433	194	81	73
441	187	81	70
446	180	83	66
450	176	84	60
451	173	86	57
452	170	87	55
454	166	84	58
455	162	83	61
456	161	82	64
456	163	79	65
453	166	81	67
451	172	80	67
451	180	77	68
450	189	76	68
448	197	74	70
447	206	73	71
444	214	73	71
447	221	71	72
453	224	65	74
461	222	58	75
470	217	53	77
479	210	52	79
485	204	53	80
490	199	55	78
494	194	58	73
493	192	65	66
492	188	69	61
492	186	70	58
490	185	74	55
488	186	78	54
484	188	79	51
482	190	81	50
479	193	82	49
476	198	82	48
474	203	83	48
472	210	82	48
471	216	81	50
470	222	78	53
471	225	75	61
472	229	73	70
472	233	71	76
473	238	68	82
471	245	66	85
470	252	66	88
465	259	69	89
460	266	73	90
456	272	77	91
449	276	81	88
441	282	87	85
435	284	90	83
434	287	88	81
430	288	90	81
429	288	86	80
425	287	86	81
411	280	100	87
354	253	140	105
357	243	62	78
355	245	61	85
352	247	77	93
352	250	64	96
350	249	59	97
346	250	80	101
344	253	100	107
339	256	92	101
332	258	80	94
327	258	88	94
319	257	89	97
312	253	93	101
303	248	96	107
293	242	99	114
284	259	91	97
281	239	101	117
337	219	44	120
344	215	41	88
348	211	41	82
346	205	48	82
342	200	58	84
348	196	57	81
340	192	73	83
350	193	65	75
300	188	118	90
215	261	94	90
211	259	94	85
208	257	93	81
205	256	92	74
202	255	93	66
200	254	92	57
196	250	93	57
193	246	94	57
193	245	89	57
190	244	88	55
187	244	91	53
185	243	95	53
185	241	95	54
185	239	95	55
188	236	96	55
190	233	97	56
194	229	99	56
199	227	100	56
203	226	99	61
210	227	98	63
214	229	98	66
220	231	97	67
224	235	98	68
226	238	99	70
227	236	100	74
229	233	100	77
230	229	100	80
228	224	101	81
229	222	101	79
229	221	101	77
229	222	100	74
230	226	97	72
228	231	96	68
229	236	96	67
229	239	94	67
228	239	94	69
227	238	94	74
229	235	90	77
230	231	91	80
231	228	89	82
232	227	89	83
235	228	88	82
235	231	90	79
235	236	88	76
238	240	87	74
238	241	87	74
241	241	84	75
242	240	84	75
241	236	86	78
239	234	86	77
238	230	87	76
236	230	90	74
236	231	90	73
237	233	91	71
238	236	93	69
223	238	110	77
241	231	174	81
175	233	229	96
168	264	103	80
173	260	96	86
177	260	93	84
179	260	92	83
181	260	92	83
183	261	92	83
185	259	92	85
186	262	94	84
185	263	93	86
185	262	93	87
183	262	95	86
178	264	96	82
172	264	98	81
168	265	98	83
163	265	100	87
157	264	101	85
152	265	102	85
148	265	100	86
144	265	100	86
141	265	102	87
139	265	101	88
138	266	99	89
137	266	97	90
137	266	96	91
137	267	94	91
139	262	94	98
139	263	92	97
158	219	161	122
219	215	270	80
203	215	139	52
190	202	142	64
182	204	135	67
136	141	211	212
139	227	123	124
136	249	92	102
136	249	96	94
134	248	89	93
146	207	147	116
182	187	227	101
164	194	369	104
380	206	88	64
399	210	84	73
412	216	87	78
426	222	90	82
442	225	90	87
459	225	88	81
479	221	90	82
511	189	161	122
504	211	74	80
529	200	92	85
544	187	136	91
527	189	144	76
533	183	90	69
536	181	74	66
534	178	76	61
532	176	80	56
530	175	81	53
528	175	83	51
524	175	84	51
522	177	84	52
518	179	84	55
515	184	82	59
511	189	81	63
507	197	79	67
506	204	74	70
503	212	71	73
502	220	67	76
501	226	65	78
505	230	60	79
512	228	56	82
521	224	49	84
528	217	48	83
533	209	52	83
536	203	58	76
538	197	64	70
539	195	69	61
539	189	71	60
540	185	71	61
541	182	68	63
542	180	67	66
542	181	66	66
539	184	67	66
537	189	70	65
535	194	70	65
535	201	68	67
534	208	67	70
535	217	64	72
534	224	59	78
534	232	56	84
531	241	56	89
527	251	58	89
519	260	63	91
512	269	68	89
502	279	73	86
489	285	82	84
476	289	88	79
453	292	108	80
344	226	211	165
366	215	65	78
368	215	63	82
366	216	65	85
362	217	69	86
359	218	71	86
353	221	74	86
350	223	76	85
245	216	170	96
338	227	80	84
286	233	126	77
318	230	89	84
307	232	92	96
299	232	144	104
290	233	109	95
391	224	37	93
387	219	41	88
387	213	42	83
387	209	48	79
387	204	52	77
388	201	59	75
389	198	65	73
389	198	69	71
390	197	74	67
391	198	78	65
393	198	82	64
394	198	86	66
398	197	88	68
399	197	89	70
402	197	90	70
404	197	91	71
405	197	92	70
407	198	92	70
409	199	93	70
410	199	92	70
413	199	92	70
414	199	91	71
416	198	91	71
417	198	90	70
417	198	90	70
419	197	90	69
420	198	89	68
423	199	89	66
425	200	89	65
427	200	89	64
425	199	89	63
422	198	90	63
420	196	90	67
417	197	90	67
415	198	89	68
413	199	89	69
412	200	89	69
412	201	89	70
411	201	89	72
410	200	90	73
410	198	90	73
411	196	90	75
411	196	91	75
413	197	91	75
414	196	90	74
416	197	90	74
417	198	91	74
420	197	90	73
422	195	90	73
423	195	90	72
423	195	90	71
423	195	90	70
424	195	89	69
424	197	88	68
424	199	88	68
422	199	88	68
421	200	91	70
421	198	89	72
421	197	88	72
421	196	89	71
421	195	89	71
423	195	89	70
424	195	89	69
425	195	90	67
427	196	90	65
428	196	90	64
429	196	90	61
430	197	90	60
429	197	91	58
428	196	92	57
429	196	93	56
430	197	94	56
431	197	93	57
432	197	93	58
434	198	92	58
436	197	92	60
439	197	90	62
439	197	89	64
441	198	87	66
442	199	86	66
443	200	83	67
444	201	82	68
443	202	80	69
444	202	78	70
443	200	77	70
441	198	75	72
439	196	74	72
436	195	73	74
434	196	70	74
431	195	68	76
429	196	65	78
427	198	63	79
426	198	60	81
426	199	57	82
426	200	53	82
423	198	52	81
425	198	46	83
426	198	44	83
427	200	41	81
428	200	39	78
430	201	38	81
430	203	37	80
432	205	35	82
431	204	34	85
432	206	31	85
433	206	30	86
433	207	29	86
433	208	30	79
428	208	32	81
424	209	35	76
421	211	37	75
419	214	38	75
416	217	40	74
415	220	41	73
412	223	42	70
410	224	42	68
410	226	41	68
410	228	39	67
407	227	38	67
404	227	37	66
400	229	37	65
395	231	38	66
390	232	39	67
386	234	39	67
382	236	39	68
380	238	37	68
378	241	36	69
377	240	34	70
373	242	36	69
368	243	37	68
362	243	39	67
357	244	42	66
352	246	43	65
345	246	46	62
337	247	50	60
330	248	52	58
324	248	54	59
317	248	56	60
310	249	57	59
303	250	58	59
296	251	59	58
289	252	59	56
280	254	59	56
271	255	61	54
259	257	64	51
248	259	66	50
237	261	68	49
224	265	71	46
212	268	72	43
198	272	75	40
185	276	76	38
172	279	77	37
159	282	79	36
147	284	79	34
135	287	79	33
123	289	80	36
110	291	81	34
97	292	81	34
