0.012206
0.029423
0.027827
0.027570
0.027602
0.027476
0.026582
0.027478
0.027761
0.027655
0.027808
0.027715
0.028189
0.027522
0.027244
0.026009
0.026896
0.027149
0.027543
0.027645
0.027208
0.026970
0.027650
0.026896
0.027526
0.027585
0.026878
0.027274
0.027800
0.027055
0.027154
0.027798
0.027360
0.027217
0.027617
0.027603
0.027659
0.027611
0.028129
0.027653
0.027127
0.027291
0.028175
0.027997
0.027830
0.029685
0.027459
0.027687
0.027430
0.027468
0.027486
0.027432
0.027569
0.027142
0.027710
0.027717
0.027577
0.027534
0.027659
0.027725
0.027400
0.027428
0.027820
0.027573
0.027516
0.027231
0.027181
0.027691
0.027490
0.027641
0.027599
0.027752
0.027674
0.027629
0.027673
0.028182
0.027757
0.027323
0.027609
0.027470
0.027839
0.027545
0.027618
0.027545
0.027363
0.027391
0.027853
0.027600
0.027430
0.027589
0.027515
0.027570
0.027413
0.027464
0.027612
0.026978
0.027255
0.027847
0.027057
0.027468
0.027685
0.027292
0.027601
0.027573
0.028112
0.027580
0.027967
0.027828
0.027334
0.027284
0.027654
0.027731
0.027573
0.027499
0.027411
0.026872
0.027247
0.027271
0.027702
0.027434
0.027519
0.027549
0.027494
0.027508
0.027775
0.028904
0.027177
0.027241
0.027541
0.027647
0.027474
0.030531
0.025853
0.025186
0.025543
0.025221
0.025101
0.025625
0.025685
0.025965
0.027080
0.026654
0.026533
0.026428
0.026290
0.026454
0.026249
0.025743
0.025785
0.025931
0.025903
0.025571
0.025647
0.025736
0.025985
0.026065
0.025664
0.025987
0.025992
0.025722
0.025922
0.025713
0.025875
0.030500
0.026313
0.025789
0.026073
0.026083
0.026352
0.026347
0.026577
0.026042
0.025943
0.025775
0.025506
0.025671
0.025481
0.025597
0.025972
0.026363
0.026171
0.026092
0.025729
0.025324
0.025815
0.025773
0.025991
0.026101
0.026172
0.026148
0.025941
0.025957
0.025714
0.026050
0.025911
0.025876
0.026125
0.026137
0.028392
0.026106
0.031109
0.030521
0.030244
0.030289
0.030543
0.030290
0.030062
0.030167
0.030059
0.029656
0.030190
0.030295
0.029893
0.030089
0.030407
0.030538
0.028557
0.028276
0.028263
0.028322
0.028093
0.028069
0.027331
0.027781
0.028215
0.028036
0.027756
0.027761
0.027826
0.028107
0.026820
0.026141
0.026420
0.026478
0.026582
0.026354
0.026384
0.026235
0.026562
0.026571
0.026657
0.026264
0.026405
0.026256
0.026258
0.026538
0.026113
0.026150
0.026588
0.026602
0.027448
0.026641
0.027752
0.027346
0.027027
0.026986
0.026755
0.026781
0.026664
0.026870
0.026520
0.026475
0.026240
0.026941
0.026352
0.026117
0.026425
0.026788
0.026600
0.026401
0.027214
0.027477
0.026162
0.026270
0.026519
0.027041
0.026179
0.026310
0.026581
0.025907
0.026122
0.026419
0.026484
0.026096
0.026318
0.026538
0.029961
0.026624
0.026737
0.026936
0.026409
0.026460
0.026616
0.026672
0.027222
0.026888
0.026935
0.026478
0.026330
0.026318
0.026359
0.025749
0.026075
0.026206
0.026180
0.026372
0.026072
0.026125
0.026413
0.025819
0.026057
0.026314
0.026109
0.025951
0.025947
0.025955
0.025719
0.025921
0.025986
0.026032
0.028715
0.026351
0.026590
0.026504
0.026882
0.026924
0.026771
0.026689
0.026286
0.026471
0.026256
0.025742
0.025748
0.026202
0.025767
0.025993
0.025748
0.025410
0.025992
0.025615
0.026272
0.025801
0.026437
0.026446
0.026379
0.025921
0.025913
0.026448
0.026205
0.025843
0.026672
0.029589
0.029538
0.029486
0.029609
0.033736
0.030080
0.030383
0.029597
0.027730
0.030951
0.030347
0.026945
0.030126
0.030983
0.026868
0.029870
0.032111
0.027125
0.028799
0.033490
0.030064
0.028338
0.031369
0.028922
0.026739
0.030586
0.030840
0.026684
0.030957
0.031515
0.028067
0.030845
0.030911
0.028000
0.027214
0.027630
0.027629
0.027712
0.028236
0.028232
0.028132
0.028090
0.028434
0.028069
0.027999
0.028028
0.028375
0.029716
0.030300
0.030327
0.030089
0.029940
0.030531
0.030283
0.028953
0.027703
0.027980
0.027797
0.027524
0.027917
0.027950
0.027466
0.027495
0.027879
0.027259
0.028009
0.027845
0.027516
0.027252
0.027649
0.027739
0.027333
0.027720
0.028476
0.028305
0.028439
0.028154
0.027901
0.027832
0.027626
0.028040
0.027535
0.030244
0.026567
0.025959
0.026195
0.025842
0.026579
0.026013
0.025816
0.026624
0.025944
0.025927
0.025989
0.026185
0.026375
0.025784
0.026030
0.026192
0.026312
0.025552
0.025656
0.025972
0.028985
0.025874
0.026282
0.025783
0.026030
0.025815
0.026173
0.026859
0.026260
0.026371
0.026340
0.026354
0.026243
0.027118
0.027318
0.026844
0.026612
0.026517
0.026232
0.025932
0.026861
0.026712
0.026297
0.026354
0.025960
0.026321
0.025943
0.026065
0.026449
0.026178
0.025885
0.026323
0.026536
0.026088
0.025945
0.026178
0.026217
0.025695
0.025872
0.025725
0.026525
0.025793
0.025763
0.025646
0.026603
0.026521
0.026140
0.025967
0.025701
0.025753
0.026073
0.025994
0.025477
0.026058
0.026097
0.026015
0.025773
0.025631
0.026257
0.026335
0.026158
0.026556
0.026311
0.025954
0.026052
0.025948
0.025400
0.025623
0.025878
0.025888
0.025755
0.025876
0.025901
0.026086
0.025962
0.026404
0.027059
0.026131
0.026437
0.026048
0.026222
0.027236
0.026892
0.026367
0.026225
0.025923
0.025744
0.026587
0.026457
0.026266
0.026416
0.025906
0.026207
0.025995
0.025923
0.026052
0.026193
0.026385
0.026448
0.026135
0.026096
0.025844
0.026366
0.026283
0.025831
0.026335
0.026580
0.026600
0.026080
0.026212
0.026237
0.026313
0.025748
0.026269
0.026077
0.025869
0.026052
0.026318
0.026536
0.026990
0.026207
0.026366
0.025930
0.026037
0.027442
0.026602
0.026373
0.026376
0.026299
0.027812
0.027166
0.027758
0.027487
0.027343
0.027638
0.027585
0.027890
0.027224
0.027462
0.027760
0.027547
0.027708
0.028155
0.027511
0.027246
0.027663
0.027762
0.027514
0.029877
0.027041
0.027438
0.027221
0.027136
0.027433
0.027814
0.027591
0.027845
0.027175
0.027986
0.027998
0.027436
0.027722
0.027519
0.027393
0.027416
0.027260
0.028118
0.027972
0.027553
0.028038
0.027760
0.027429
0.027579
0.027691
0.027746
0.027390
0.027800
0.027822
0.027303
0.027462
0.027792
0.026224
0.026240
0.025732
0.026004
0.025954
0.026030
0.026205
0.025995
0.027240
0.026826
0.027040
0.026610
0.026311
0.026462
0.026633
0.026283
0.025757
0.026373
0.026294
0.025600
0.025971
0.026242
0.026265
0.025860
0.026289
0.026392
0.028847
0.026405
0.026412
0.026264
0.026274
0.027986
0.026774
0.026630
0.026683
0.027092
0.026966
0.026627
0.026665
0.026566
0.026360
0.025846
0.026232
0.026553
0.026644
0.026105
0.026333
0.026372
0.026357
0.026955
0.026610
0.026880
0.026506
0.026842
0.026220
0.026268
0.026218
0.026528
0.026140
0.026557
0.026379
0.026512
0.026525
0.025973
0.026548
0.026235
0.026240
0.026515
0.026459
0.026501
0.026219
0.026469
0.026087
0.026567
0.026842
0.026720
0.026258
0.026067
0.026028
0.026407
0.026076
0.026048
0.026390
0.026153
0.026219
0.026399
0.026339
0.026580
0.026224
0.026198
0.026502
0.026310
0.027488
0.027854
0.027405
0.027893
0.033789
0.028754
0.029572
0.028123
0.028119
0.027907
0.028343
0.028241
0.028239
0.028215
0.028137
0.028255
0.028156
0.028533
0.028855
0.028867
0.028352
0.027611
0.026544
0.028781
0.026677
0.026631
0.026703
0.026536
0.025868
0.026164
0.026271
0.027935
0.026959
0.026413
0.026346
0.026315
0.026469
0.026142
0.026120
0.026355
0.026450
0.026123
0.025808
0.026614
0.026317
0.025995
0.030914
0.026782
0.026088
0.027822
0.026104
0.026108
0.026337
0.026573
0.026901
0.026519
0.026437
0.026407
0.026326
0.026109
0.026228
0.026522
0.026557
0.026228
0.026561
0.026337
0.027167
0.025971
0.025630
0.026672
0.026280
0.026527
0.027290
0.027005
0.025928
0.026356
0.026650
0.026792
0.026508
0.026632
0.026233
0.026087
0.026321
0.026392
0.026282
0.026271
0.026325
0.026373
0.026225
0.026473
0.026686
0.026737
0.026642
0.026222
0.026466
0.026604
0.026522
0.026861
0.026626
0.026757
0.026151
0.030007
0.026466
0.027900
0.026315
0.026648
0.026252
0.026955
0.026789
0.026283
0.026169
0.028255
0.029019
0.026720
0.026617
0.026577
0.026333
0.026389
0.026381
0.026417
0.026317
0.027339
0.026276
0.026445
0.026166
0.026959
0.027374
0.027358
0.026762
0.026277
0.025809
0.026308
0.026854
0.026060
0.026968
0.026318
0.026762
0.026164
0.026309
0.026751
0.026227
0.025978
0.025983
0.026582
0.026349
0.026671
0.026246
0.026871
0.026821
0.027060
0.027381
0.026723
0.026296
0.026742
0.027663
0.027567
0.026774
0.026660
0.026879
0.026186
0.026044
0.027748
0.026948
0.027200
0.026587
0.026583
0.026686
0.026522
0.027181
0.026452
0.027538
0.026951
0.026844
0.027164
0.026027
0.027269
0.025739
0.026436
0.026096
0.026313
0.026606
0.026481
0.026461
0.026126
0.026684
0.026564
0.026210
0.026346
0.026285
0.026257
0.026883
0.026472
0.026482
0.026476
0.026301
0.026245
0.026091
0.026377
0.026669
0.027051
0.026736
0.026907
0.026628
0.028346
0.026477
0.026239
0.026431
0.026456
0.026171
0.026472
0.025797
0.025961
0.025858
0.026054
0.026134
0.026599
0.026247
0.026616
0.026100
0.025920
0.026502
0.026522
0.026530
0.026195
0.026586
0.026577
0.026024
0.026324
0.026438
0.025927
0.025943
0.026332
0.026770
0.026095
0.027402
0.026594
0.026652
0.026033
0.026365
0.026504
0.027071
0.026181
0.026674
0.027042
0.026608
0.026562
0.026877
0.026322
0.026314
0.026176
0.026497
0.027035
0.026022
0.026461
0.026429
0.026245
0.026276
0.026657
0.026550
0.026564
0.026043
0.026217
0.026206
0.025934
0.026272
0.026298
0.026189
0.027978
0.026274
0.026299
0.026149
0.026524
0.026458
0.026902
0.026260
0.026730
0.026636
0.026474
0.026485
0.026869
0.027557
0.027245
0.027033
0.026520
0.026166
0.026399
0.026553
0.026420
0.026475
0.026627
0.026161
0.026268
0.026177
0.026352
0.026649
0.026250
0.026117
0.026294
0.026285
0.025946
0.026215
0.026175
0.035297
0.036518
0.036840
0.035806
0.036912
0.036623
0.037052
0.037060
0.035874
0.036099
0.035951
0.036423
0.036754
0.036019
0.036989
0.032674
0.029496
0.031813
0.032945
0.029560
0.028763
0.028612
0.028272
0.028515
0.028614
0.028285
0.028141
0.028115
0.028107
0.028320
0.027319
0.027995
0.028204
0.028574
0.028461
0.027899
0.028555
0.043957
0.049678
0.032679
0.030246
0.030066
0.030134
0.030117
0.030004
0.031512
0.029874
0.030018
0.030544
0.030302
0.030211
0.030237
0.029985
0.030102
0.030333
0.029231
0.027653
0.027638
0.027371
0.027336
0.027558
0.027951
0.028219
0.028567
0.029384
0.028287
0.028187
0.028011
0.028514
0.028323
0.028432
0.028853
0.027208
0.027888
0.027925
0.027733
0.027532
0.027592
0.027672
0.027575
0.027333
0.027918
0.028124
0.028007
0.028143
0.028100
0.027432
0.027615
0.030923
0.028060
0.027398
0.027409
0.027585
0.027498
0.027662
0.027605
0.027303
0.027677
0.028071
0.027951
0.027617
0.027568
0.027827
0.033200
0.029017
0.031518
0.028354
0.028353
0.029238
0.029390
0.031118
0.028778
0.029791
0.028583
0.028451
0.028456
0.028218
0.028188
0.028947
0.028167
0.028213
0.028887
0.032982
0.028296
0.028058
0.028866
0.028086
0.028123
0.028874
0.027035
0.026402
0.026564
0.026775
0.026309
0.035976
0.028493
0.026130
0.026312
0.033440
0.027057
0.026353
0.032630
0.032197
0.028377
0.027734
0.027866
0.028674
0.028023
0.028349
0.028102
0.027673
0.027681
0.027985
0.028285
0.027643
0.028615
0.027633
0.028172
0.027648
0.027977
0.027772
0.027621
0.028214
0.027357
0.027288
0.027592
0.027380
0.027223
0.027579
0.027673
0.026930
0.027298
0.027419
0.027795
0.027964
0.028345
0.027694
0.027632
0.028098
0.027905
0.027840
0.027374
0.027976
0.028093
0.027726
0.027970
0.027879
0.028197
0.027850
0.028073
0.027995
0.027237
0.027420
0.027787
0.027593
0.027066
0.027457
0.027414
0.027206
0.027574
0.027154
0.027158
0.027312
0.027864
0.027496
0.026942
0.027725
0.028006
0.027534
0.027885
0.028103
0.028116
0.027775
0.027461
0.028039
0.027721
0.027951
0.028804
0.028139
0.027757
0.027934
0.030689
0.065161
0.039354
0.027969
0.027910
0.028135
0.029192
0.027749
0.027572
0.027746
0.028307
0.027301
0.027295
0.028222
0.028450
0.028124
0.028128
0.027734
0.027803
0.027847
0.027887
0.027745
0.027772
0.027444
0.028000
0.027295
0.027937
0.027991
0.027877
0.027727
0.027665
0.028272
0.028091
0.027919
0.028019
0.027740
0.028279
0.027974
0.027989
0.027764
0.027898
0.028047
0.027161
0.027686
0.028032
0.028044
0.028045
0.027560
0.028147
0.028137
0.028028
0.028071
0.028111
0.027192
0.027963
0.027975
0.027296
0.027468
0.027850
