177	332	30	29
172	334	29	29
171	334	29	29
163	344	29	29
167	347	35	28
203	335	36	29
236	326	37	28
270	319	38	27
270	317	37	29
333	303	22	30
367	298	28	29
399	295	38	29
432	291	37	29
464	291	37	29
465	290	36	29
524	291	24	29
557	293	32	30
588	298	37	30
621	303	36	31
651	309	37	30
650	310	38	30
713	328	24	28
746	338	32	30
780	352	30	29
801	369	41	28
841	382	35	31
840	382	35	31
794	346	98	79
937	436	31	30
968	453	29	27
968	448	29	27
960	430	30	26
960	430	30	26
941	395	28	29
930	379	29	29
922	367	29	29
913	354	28	29
905	342	28	29
904	343	29	29
887	327	29	28
878	320	29	29
870	315	30	29
861	311	31	31
852	310	31	30
853	309	32	30
838	311	30	29
830	313	29	30
823	317	30	29
815	321	29	30
808	327	30	30
808	327	30	30
797	342	27	29
790	353	28	30
783	365	29	29
778	377	27	27
777	376	28	29
776	376	28	29
779	355	27	28
783	314	30	28
786	286	30	34
789	267	31	35
792	249	30	35
792	250	30	35
797	232	30	35
803	204	31	34
808	192	31	34
811	182	31	33
815	172	31	33
815	172	31	33
818	165	30	33
824	153	30	32
827	150	29	32
830	148	30	32
833	147	30	32
835	147	30	33
835	147	31	33
839	153	32	32
842	158	32	33
844	164	33	33
846	172	33	34
849	182	32	34
849	181	32	34
854	205	33	36
855	219	33	36
858	235	33	36
860	251	33	37
862	269	33	38
863	269	33	38
867	310	31	37
870	334	29	35
862	358	38	34
858	370	28	29
863	369	26	23
826	368	63	48
749	339	31	32
755	320	30	31
760	302	28	30
764	285	28	29
767	271	29	29
768	270	29	30
774	245	30	31
777	234	30	32
781	226	30	32
785	219	30	31
787	213	29	31
788	213	29	31
793	206	30	31
795	205	30	30
798	204	30	30
800	207	30	30
802	208	29	31
803	208	29	31
806	217	29	30
807	224	30	30
809	232	29	29
811	241	29	30
812	252	29	30
812	252	29	30
817	277	28	28
818	291	29	29
820	308	28	26
821	325	27	25
822	341	27	29
823	340	27	28
825	375	29	26
825	352	27	29
825	324	28	30
826	300	27	31
826	277	27	28
826	277	27	28
824	235	29	31
823	212	28	34
823	194	28	32
822	176	26	33
823	158	29	34
822	158	28	34
821	130	28	32
819	119	29	30
819	109	29	30
820	99	28	30
819	91	29	30
819	91	29	30
817	79	30	30
818	76	30	30
817	72	29	30
816	71	29	30
816	71	29	30
816	71	29	30
815	76	30	30
814	80	29	30
814	85	30	31
814	92	29	32
814	101	28	33
814	100	28	33
813	121	25	34
812	133	27	33
811	147	28	34
811	162	28	33
809	179	30	34
810	179	30	34
809	215	29	35
809	236	29	34
809	257	29	33
808	280	29	32
808	304	28	31
808	304	28	31
807	354	27	25
792	357	31	28
778	359	31	27
763	361	29	26
747	365	31	28
747	366	30	27
739	371	27	29
744	378	30	29
748	383	29	29
751	388	26	28
754	393	26	27
752	393	25	27
753	404	27	27
751	407	26	28
748	412	28	30
744	418	28	29
741	426	27	28
741	426	27	28
736	444	28	28
726	431	27	27
712	410	27	27
699	388	28	28
685	367	29	29
684	367	31	29
656	328	31	31
644	312	31	32
631	298	31	32
618	286	33	32
607	273	31	31
606	273	30	31
582	256	31	30
569	249	33	31
557	243	32	31
545	238	31	30
533	235	32	30
533	236	32	30
510	235	31	28
498	234	29	30
488	238	30	29
476	241	31	30
464	245	31	30
464	245	31	30
443	258	31	31
432	268	31	32
421	277	32	32
410	290	30	30
400	302	31	33
401	301	30	33
381	332	29	29
372	348	28	28
361	364	29	29
364	331	27	33
364	304	29	35
364	304	28	36
367	257	29	36
367	230	28	37
368	207	30	35
369	187	31	36
370	166	30	36
370	167	30	36
374	132	29	34
375	118	29	33
377	105	29	32
379	91	30	32
381	78	30	32
380	79	30	32
383	62	31	30
386	54	31	30
387	47	30	31
389	43	31	31
391	40	31	31
391	41	30	31
395	38	31	32
397	40	31	32
399	44	31	32
403	47	29	28
403	53	30	30
405	53	29	30
409	69	28	32
413	79	27	34
415	90	28	35
417	103	29	35
419	117	30	36
420	117	29	35
423	151	31	36
426	171	31	37
428	191	31	35
431	212	31	37
433	235	31	38
434	235	31	38
436	259	31	39
441	310	30	38
445	337	27	35
447	369	28	35
451	402	28	31
450	401	29	31
452	432	27	30
480	409	28	31
505	381	30	31
532	351	29	33
551	327	36	35
552	326	35	35
577	304	35	35
627	261	37	37
649	243	39	37
673	225	39	35
696	210	39	36
696	209	39	37
719	195	38	36
763	170	39	36
785	161	37	36
804	152	37	35
825	145	37	34
843	139	36	35
843	139	37	34
878	132	36	33
893	130	35	34
908	131	35	34
921	133	34	34
933	136	35	34
933	137	34	34
952	148	35	35
962	155	34	36
969	166	35	35
975	177	36	37
981	190	35	36
981	190	35	35
995	218	34	37
1001	235	33	38
1007	254	32	36
1014	274	33	35
1019	294	33	36
1020	293	33	36
1036	340	29	32
1045	365	28	32
1055	391	29	32
1064	418	31	34
1067	419	30	31
1067	418	30	30
1038	372	30	21
1023	331	31	32
1008	298	31	35
995	272	31	39
982	248	34	39
982	248	34	40
960	204	33	38
950	184	33	37
940	167	33	36
931	150	33	35
921	135	33	37
922	135	33	36
905	110	33	33
897	100	33	34
890	92	32	34
883	84	33	34
877	79	33	33
876	79	32	33
863	72	30	31
857	71	29	32
852	71	29	32
846	72	30	33
840	76	31	33
840	75	31	34
831	86	31	33
826	93	32	33
821	101	31	34
816	111	31	34
813	121	32	35
812	121	31	34
804	148	31	35
800	163	31	36
797	180	31	35
793	198	31	35
789	216	31	38
789	217	31	37
782	259	31	37
779	282	29	37
776	306	27	36
773	332	27	32
768	360	31	32
769	360	30	31
764	415	27	23
762	444	25	27
756	472	29	29
762	447	30	32
767	423	28	30
767	423	28	30
775	382	27	30
779	363	27	30
783	344	28	31
786	326	30	32
789	311	32	32
788	312	32	33
797	284	32	34
800	274	32	32
805	263	31	32
809	255	30	31
811	246	32	34
811	245	33	34
818	234	33	34
822	231	33	33
825	229	33	33
830	229	33	34
834	231	32	33
834	230	32	33
841	238	33	34
843	245	34	34
846	251	34	36
850	260	34	36
854	271	34	36
854	271	33	36
862	299	32	33
866	314	30	33
868	329	32	35
872	351	32	33
876	372	30	32
875	371	31	32
882	414	32	35
864	420	38	32
829	407	32	31
790	393	35	30
756	378	31	29
756	377	31	30
779	350	25	23
780	350	25	23
781	351	25	22
783	350	25	23
784	351	26	23
785	351	25	23
787	351	25	23
790	351	25	22
792	350	25	23
794	351	26	23
797	350	25	23
797	351	26	23
803	350	27	23
806	350	26	23
809	350	26	23
813	351	26	23
817	351	27	23
817	351	27	23
825	351	27	23
829	351	26	23
832	351	27	23
835	351	26	23
838	350	26	23
839	350	26	23
844	350	27	23
847	351	27	23
849	351	27	23
851	351	27	23
853	351	27	23
853	351	27	23
856	351	26	23
856	351	27	23
857	351	27	23
858	351	27	23
857	350	27	23
858	351	26	23
858	351	27	23
857	351	27	23
857	351	27	23
857	351	27	23
856	350	27	23
857	351	27	23
857	351	27	23
857	351	27	23
856	351	27	23
856	350	27	23
856	351	27	23
856	351	27	23
856	351	27	23
856	352	27	23
855	351	27	23
855	351	27	23
855	351	27	23
855	351	27	23
853	351	27	23
852	351	27	23
852	351	27	23
851	351	27	23
849	352	27	23
849	351	27	23
846	351	27	23
845	351	27	23
844	352	27	23
843	351	27	23
840	351	27	23
841	352	27	23
839	351	28	24
834	352	28	23
833	352	27	23
831	351	27	23
829	352	27	23
829	352	27	23
826	351	27	23
823	352	27	23
822	351	27	23
819	352	27	23
818	351	27	23
818	351	27	23
816	351	27	23
814	351	27	23
812	351	27	23
810	351	27	23
809	352	27	23
809	352	27	23
807	352	27	23
805	352	28	23
804	351	27	23
803	351	28	23
802	352	28	23
801	352	28	23
801	352	28	23
798	352	28	23
798	352	28	23
797	352	28	23
796	352	28	23
796	352	28	23
796	352	28	23
795	351	28	23
794	351	28	23
793	351	28	23
792	352	27	23
791	351	28	23
792	352	27	23
789	351	27	23
788	351	28	23
787	351	27	23
785	352	27	23
784	351	27	23
784	351	27	23
780	352	28	23
778	352	28	23
775	352	28	23
774	352	28	23
772	352	28	23
772	351	28	23
767	351	28	23
767	352	28	23
766	351	28	23
764	352	28	23
764	352	28	23
763	351	28	23
761	351	28	23
761	351	28	23
760	352	28	23
760	352	28	23
759	352	28	23
760	352	28	23
760	351	28	23
759	351	28	23
759	352	28	23
760	351	28	23
760	351	28	23
759	352	28	23
759	351	28	23
759	351	28	23
759	351	28	23
759	351	28	23
759	351	28	23
760	351	28	23
759	351	28	23
759	351	28	23
759	351	28	23
759	352	28	23
759	351	28	23
760	351	28	23
759	352	28	23
759	352	28	23
760	351	28	23
760	352	28	23
760	351	28	23
760	352	28	23
761	351	28	23
761	351	28	23
761	351	28	23
762	351	28	23
762	351	28	23
762	351	28	23
763	351	28	23
763	351	28	23
764	350	28	23
765	350	28	23
766	350	27	23
765	350	28	23
767	350	28	23
767	349	28	23
768	350	27	23
769	350	28	23
769	350	28	23
769	350	28	23
769	350	28	23
770	350	28	23
770	350	28	23
771	349	28	23
772	350	27	23
772	349	27	24
773	350	27	23
773	350	28	23
773	350	28	23
773	350	28	23
774	349	28	23
774	350	28	23
775	350	28	23
776	350	27	23
777	349	28	23
778	349	28	23
778	349	28	23
778	350	28	23
780	350	28	23
781	349	28	23
781	349	28	23
781	349	28	23
781	349	28	23
781	350	28	23
780	349	28	23
779	349	28	23
779	349	28	23
779	349	28	23
778	349	28	23
779	350	28	23
778	350	28	24
766	351	37	34
756	337	30	31
747	326	31	31
778	350	27	23
778	350	27	23
778	349	28	23
778	350	28	23
778	349	28	24
778	350	28	23
778	349	28	24
778	350	28	23
778	350	28	24
778	349	28	23
778	350	28	23
779	350	28	23
779	349	28	23
780	350	28	23
780	350	28	23
780	350	28	23
780	350	28	23
780	351	28	23
780	350	28	23
780	350	28	23
781	349	28	23
781	350	28	23
780	350	28	23
781	350	28	23
781	350	28	23
780	350	28	23
781	350	28	23
781	350	28	23
781	350	28	23
781	350	28	23
782	350	27	23
781	350	28	23
781	350	28	23
781	350	28	23
782	350	27	23
782	350	27	23
781	349	28	23
781	350	27	23
782	350	28	23
781	349	28	23
781	350	28	23
781	349	28	23
781	349	28	23
781	349	28	23
780	349	28	23
781	349	28	23
781	350	28	23
781	350	28	23
781	349	28	23
781	350	28	23
781	350	28	23
781	349	27	23
781	350	27	23
781	350	27	23
781	350	27	23
781	350	28	23
782	350	28	23
782	350	28	23
782	349	28	23
782	349	28	23
783	350	27	23
783	349	27	23
783	350	27	23
784	350	28	23
785	350	28	23
786	350	28	23
786	350	28	23
787	350	28	23
788	349	28	23
788	350	28	23
788	350	27	23
789	349	28	23
789	350	28	23
789	350	28	23
789	350	27	23
790	349	28	23
789	349	28	23
790	350	27	23
789	349	28	23
789	349	27	23
790	350	27	23
789	350	27	23
789	350	28	23
788	350	28	23
788	350	28	23
788	350	27	23
788	349	27	23
788	349	28	23
788	349	28	23
788	350	28	24
787	349	28	24
787	350	28	23
787	349	28	24
787	350	28	23
787	350	28	23
787	349	28	23
786	349	28	23
787	350	28	24
787	349	28	24
786	350	28	24
786	350	28	24
785	351	28	24
785	350	28	24
786	350	28	23
785	350	28	23
784	350	28	24
784	350	28	24
784	350	28	24
784	350	28	24
783	350	28	24
783	350	28	24
783	351	28	24
782	350	28	24
782	350	28	24
781	350	28	24
780	351	28	24
781	350	28	24
780	350	28	24
780	351	28	24
779	349	28	24
778	350	28	24
778	350	28	24
779	350	28	24
777	350	28	24
777	350	28	24
776	350	28	24
776	350	28	24
775	350	28	24
776	350	28	24
774	350	28	24
773	350	27	24
772	350	28	24
772	350	28	24
772	349	28	24
772	349	28	24
771	349	28	24
770	349	28	24
769	349	28	24
768	349	28	24
767	349	28	24
767	350	28	24
766	350	28	24
766	349	28	24
765	348	28	24
765	349	28	24
764	349	28	24
764	349	28	24
765	350	28	24
764	349	28	24
764	350	28	24
764	350	28	24
765	350	28	24
765	350	28	24
766	349	28	24
766	350	28	24
766	349	28	24
766	349	28	24
767	349	28	24
767	349	28	24
767	350	28	24
767	350	28	24
767	350	28	24
767	350	28	24
767	350	28	24
767	349	28	24
767	349	28	24
767	349	29	24
767	350	28	24
768	349	29	24
768	350	28	24
768	349	28	24
768	350	28	24
768	350	28	24
769	350	28	24
769	349	28	24
769	349	28	24
769	350	28	24
770	350	28	24
771	349	28	24
771	349	28	24
771	349	28	24
772	349	28	24
772	349	28	24
773	349	28	24
773	350	29	24
774	350	29	24
775	350	29	24
775	350	29	24
776	350	29	24
777	350	29	24
777	349	29	24
778	350	29	24
779	350	29	24
779	349	29	24
779	350	29	24
779	349	28	24
780	350	28	24
780	350	28	24
780	350	29	24
781	350	28	24
780	350	28	24
780	349	29	24
782	350	29	24
781	349	29	24
782	350	29	24
782	350	28	24
782	350	29	24
782	350	29	24
783	350	28	24
783	349	29	24
784	350	29	24
784	349	29	24
785	349	29	24
785	349	29	24
786	349	29	24
787	350	29	24
788	349	29	24
788	350	29	24
788	349	29	24
789	349	29	24
790	349	29	24
790	349	29	24
790	350	29	24
790	349	29	24
790	349	29	24
790	350	29	24
790	349	29	24
790	350	29	24
790	350	29	24
790	349	29	24
790	349	29	24
789	349	29	24
789	350	29	24
788	349	29	24
788	349	29	25
787	349	29	25
787	349	29	25
787	349	29	25
786	349	29	25
786	350	29	24
786	350	29	25
785	349	29	25
785	349	29	25
784	350	29	25
784	350	29	25
785	349	29	25
785	349	29	25
785	349	29	25
785	349	29	25
785	350	29	25
786	349	29	25
786	350	29	24
787	350	29	24
787	349	29	25
786	350	29	25
787	350	29	25
787	349	29	25
787	349	29	24
787	350	30	25
787	349	29	25
787	349	29	25
788	350	29	24
788	349	30	25
788	349	29	24
789	349	29	25
790	349	29	25
789	350	29	25
790	350	29	25
791	349	30	25
791	350	29	24
791	349	30	25
791	349	30	25
791	350	30	25
791	350	30	25
791	349	30	25
792	349	30	25
792	350	30	24
791	349	30	25
791	350	29	24
791	349	29	24
792	350	29	24
791	349	29	25
791	350	29	25
791	349	29	25
791	350	29	24
791	350	30	24
791	349	30	24
791	349	30	24
791	350	30	24
791	350	30	24
791	350	30	24
791	350	30	24
791	349	30	25
791	350	30	24
791	350	29	24
791	350	29	24
792	350	29	24
791	350	29	24
791	352	29	24
791	351	29	24
791	351	29	24
791	351	29	24
790	352	30	25
790	351	29	24
788	352	30	25
786	351	30	24
784	351	30	24
782	352	30	24
781	352	29	24
781	352	29	24
777	352	30	24
776	351	29	24
774	351	29	24
773	351	29	24
771	351	29	24
771	351	29	24
770	351	29	24
769	351	29	24
768	352	29	24
768	352	29	24
767	351	29	24
768	352	29	24
767	352	30	24
766	351	30	24
765	351	29	24
764	351	30	24
762	351	30	24
762	351	29	24
760	351	29	24
758	351	30	24
756	352	30	24
754	351	29	24
751	351	30	24
750	351	29	24
744	351	29	24
740	351	30	24
737	350	29	24
733	350	29	24
731	351	29	24
731	350	29	24
725	350	29	24
722	350	29	24
720	351	30	24
718	351	29	24
716	351	29	24
715	351	29	24
712	351	30	24
711	350	29	24
710	351	29	24
709	351	29	24
707	351	29	24
708	351	29	24
705	350	30	24
704	351	29	24
703	351	29	24
702	351	29	24
702	350	29	24
702	350	29	24
702	351	29	24
701	351	29	24
701	351	29	24
701	351	29	24
701	351	29	24
701	351	29	24
700	351	29	24
701	351	29	24
700	351	29	24
699	350	29	24
699	351	29	25
698	351	29	25
696	351	29	24
695	351	29	25
694	351	29	25
692	351	29	24
690	351	29	24
691	351	29	24
687	351	29	24
685	351	29	24
684	351	29	24
682	352	29	24
682	351	29	24
682	351	29	24
680	351	29	24
679	351	29	24
679	351	29	24
678	351	29	24
677	351	29	24
677	351	29	24
677	351	29	24
676	350	29	24
676	351	29	24
676	351	29	24
676	351	29	24
676	351	29	24
676	350	29	24
675	350	29	24
676	351	29	24
676	350	29	25
677	350	29	24
677	350	29	24
678	350	29	24
679	350	29	24
680	350	29	24
681	350	29	24
682	349	30	24
682	349	30	25
685	349	30	25
686	349	29	25
688	349	29	24
690	348	29	24
692	349	29	25
692	348	29	25
696	348	30	25
698	348	29	24
700	348	29	24
703	349	29	24
705	348	29	24
705	349	29	24
709	349	29	25
711	349	29	24
713	348	29	24
715	349	29	24
717	349	29	24
717	349	29	24
720	349	29	24
721	349	29	24
724	350	29	24
725	350	29	24
726	349	29	24
727	349	29	24
730	349	29	24
731	349	29	24
732	349	29	24
734	349	29	24
736	349	29	24
736	350	29	24
739	349	29	24
741	350	29	24
742	350	28	24
745	350	28	24
746	350	29	24
746	350	28	24
751	350	29	24
753	349	29	24
755	350	29	24
757	350	27	25
759	350	28	24
759	350	28	24
764	349	29	24
766	349	29	24
768	350	29	24
770	349	29	24
772	349	28	24
772	349	28	24
774	350	29	24
776	349	29	24
776	350	28	24
778	349	29	24
779	350	28	24
779	350	28	23
780	350	28	23
780	350	28	24
781	350	28	23
781	350	28	23
781	350	28	23
781	350	28	23
782	350	28	23
781	350	28	23
782	350	28	23
781	350	28	23
782	349	28	24
781	350	28	23
781	350	28	24
781	350	28	23
780	350	28	24
780	350	28	23
780	350	28	23
780	349	28	23
780	350	28	23
780	349	28	23
778	350	28	23
778	350	28	23
778	350	28	23
777	350	28	23
777	350	28	23
776	351	28	23
776	350	28	23
776	350	28	23
775	350	28	23
775	350	28	23
776	350	28	23
775	350	28	23
775	351	28	23
774	350	28	23
774	351	28	23
773	351	28	23
774	350	28	23
774	350	28	23
773	350	28	23
773	350	28	23
773	350	28	23
773	350	28	23
773	350	28	23
772	350	28	23
772	350	28	23
772	351	28	23
771	350	28	23
771	350	28	23
772	351	28	23
771	350	29	24
771	350	28	23
771	351	29	23
770	351	28	23
771	351	28	23
771	351	28	23
770	351	29	23
767	351	29	23
767	351	29	23
765	351	29	23
763	351	29	23
762	351	29	23
757	351	29	23
753	351	29	24
749	351	29	23
745	352	29	23
741	351	28	23
740	351	29	24
731	351	29	23
726	351	29	24
720	351	29	23
717	351	29	23
711	351	29	23
712	351	29	23
704	352	29	23
700	351	28	23
696	352	28	23
693	352	28	24
690	352	28	23
690	352	28	23
685	352	28	24
682	351	28	24
681	352	28	23
679	352	28	24
676	351	28	24
676	352	28	23
673	352	28	23
671	352	28	23
670	352	28	23
668	352	28	23
666	352	28	23
667	352	28	23
664	352	28	24
664	352	28	24
663	352	28	24
661	352	28	24
660	352	28	24
661	351	28	24
659	352	28	24
659	352	28	24
660	352	27	23
661	352	26	23
658	352	27	24
659	352	28	24
659	351	27	23
660	352	27	23
660	351	27	23
660	352	27	23
659	351	27	23
659	352	27	23
659	352	27	23
660	351	27	23
660	352	27	23
660	351	27	23
661	352	27	23
661	352	27	23
661	352	28	23
660	352	28	24
660	352	28	23
661	352	27	23
662	352	27	23
661	352	27	23
662	352	27	23
662	352	27	23
662	352	27	23
661	351	27	23
662	352	27	23
662	352	27	23
662	351	27	23
663	351	27	23
663	351	27	23
664	351	27	23
665	351	27	23
664	351	27	23
665	351	27	23
666	351	27	23
668	351	27	23
669	351	27	23
671	351	27	23
671	351	27	23
675	351	27	23
678	351	27	23
680	350	27	23
682	351	27	23
685	351	27	23
685	351	27	23
690	351	27	23
693	350	27	23
695	350	28	23
698	350	28	23
700	350	28	23
700	350	28	23
705	350	28	23
706	351	28	23
708	350	28	23
710	350	28	23
712	351	28	23
712	350	28	23
715	350	28	23
716	350	27	23
717	351	28	23
720	351	28	23
721	351	28	23
721	351	28	23
726	351	28	23
727	351	28	23
729	350	28	23
732	350	28	23
735	350	28	23
735	350	27	23
739	351	28	23
741	350	28	23
744	351	28	23
745	351	28	23
746	351	28	23
746	351	28	23
750	351	28	23
752	351	28	23
753	351	28	23
755	352	28	23
756	351	28	23
756	351	28	23
759	352	28	23
761	351	28	23
762	351	28	23
764	352	29	24
765	351	28	23
765	351	28	23
768	351	28	23
769	351	28	23
770	351	28	23
771	351	28	23
771	351	28	23
772	351	28	23
773	350	28	24
773	351	28	24
774	351	28	23
774	351	28	23
775	351	28	23
775	352	28	23
776	351	28	23
777	351	28	23
778	351	28	23
779	351	28	23
780	351	28	23
779	352	28	23
780	352	28	23
782	352	28	23
783	352	28	23
785	352	28	23
786	352	28	23
786	352	28	23
787	352	28	23
791	352	28	23
792	352	28	23
794	352	28	23
796	352	28	23
796	352	28	23
797	352	28	23
800	353	28	23
802	353	28	23
803	352	28	23
805	352	28	23
806	353	28	23
806	352	28	23
808	353	28	23
809	352	28	23
809	352	28	23
811	353	28	23
811	352	28	23
812	353	28	23
813	352	28	23
814	352	27	23
814	352	27	23
814	352	28	23
814	353	28	23
814	353	28	23
814	353	28	23
814	353	28	23
814	352	28	23
814	352	28	23
814	353	28	23
814	352	28	23
813	353	28	23
813	353	28	23
814	352	28	23
813	353	27	23
814	353	27	23
813	352	28	23
814	352	28	23
813	353	28	23
813	353	28	23
813	352	28	23
813	353	28	23
812	352	28	23
812	353	28	23
812	353	28	23
812	353	28	23
812	352	28	23
811	352	28	23
811	353	28	23
810	352	28	23
810	353	27	23
809	352	28	23
809	353	28	23
809	352	28	23
808	352	28	23
807	353	28	23
807	352	28	23
805	352	28	23
805	352	28	23
804	352	28	23
805	352	28	23
804	353	27	23
803	352	28	23
803	352	28	23
803	352	28	23
803	352	27	23
802	352	28	23
801	352	28	23
800	352	28	23
798	352	28	23
797	352	28	23
794	353	28	23
794	353	28	23
790	352	28	23
788	353	28	23
786	353	28	23
783	353	28	23
780	354	28	23
780	354	28	23
774	354	28	23
771	354	28	23
768	354	28	23
765	354	28	23
761	355	28	23
762	354	28	23
755	355	28	23
750	355	28	23
747	354	28	23
742	354	28	23
739	355	28	23
739	355	28	23
731	354	28	23
727	354	28	23
724	354	28	23
721	354	28	23
717	355	28	23
717	354	28	23
710	354	28	23
708	354	28	23
705	354	28	23
703	355	28	23
701	355	28	23
701	355	28	23
696	355	28	23
695	355	28	23
694	354	28	23
692	354	28	23
690	355	28	23
690	355	28	23
687	355	28	23
687	355	28	23
686	354	28	23
685	354	28	23
684	354	28	23
683	355	28	23
682	355	28	23
680	355	28	23
680	355	28	23
680	355	28	23
679	355	28	23
679	355	28	23
678	355	28	23
677	354	28	23
677	354	28	23
676	355	28	23
676	355	28	23
677	354	28	23
677	355	27	23
676	354	28	23
676	355	28	23
677	355	28	23
677	355	28	23
677	355	28	23
676	354	28	23
677	354	28	23
677	355	28	23
677	355	28	23
677	355	28	23
677	355	28	23
679	354	28	23
679	355	28	23
680	354	28	23
682	354	28	23
683	354	28	23
683	354	28	23
685	354	27	23
684	353	29	29
670	344	29	29
650	335	30	30
639	314	63	57
690	354	27	25
692	354	28	23
693	355	28	23
694	355	27	23
696	354	28	23
697	355	28	23
697	354	28	23
700	355	28	23
700	355	28	23
701	355	27	23
702	355	28	23
704	355	28	23
703	354	28	23
705	354	28	23
705	354	28	23
705	355	28	23
705	354	28	23
705	355	28	23
706	354	28	23
706	354	28	23
706	354	28	24
707	354	28	23
707	354	28	23
707	354	28	23
707	354	28	23
706	354	28	23
707	355	28	23
707	354	28	23
707	355	28	23
707	354	28	23
707	354	28	23
707	355	28	23
707	354	28	23
707	354	28	23
707	354	28	23
707	355	28	23
707	354	28	23
707	354	28	23
707	354	28	23
708	353	28	23
708	354	28	23
708	354	28	23
708	354	28	23
708	353	28	23
707	354	28	23
708	354	28	23
708	355	27	23
708	354	27	23
708	354	27	23
708	354	28	23
708	353	28	23
708	354	28	23
708	353	28	23
708	354	28	23
708	354	28	23
708	354	28	23
708	354	28	23
708	354	28	23
708	355	27	23
708	354	27	23
708	354	27	23
709	354	27	23
709	354	27	23
708	354	28	23
708	354	28	23
708	354	28	23
708	354	28	23
709	354	28	23
709	353	28	24
708	354	28	24
708	354	28	23
708	354	28	24
708	354	27	24
708	353	28	23
707	354	28	24
706	354	27	24
706	354	27	23
704	354	28	23
703	354	27	23
702	354	27	23
699	354	28	23
698	354	28	23
697	354	28	23
695	354	27	23
694	354	28	23
693	354	28	23
690	355	27	23
690	355	27	23
688	355	27	23
687	353	27	23
685	355	27	23
685	354	27	23
682	354	27	23
679	355	27	23
678	355	27	24
675	355	27	24
673	354	27	23
673	355	27	23
669	354	27	23
668	354	27	24
667	354	27	23
666	354	28	23
664	355	27	24
664	355	28	24
663	354	27	23
662	354	27	23
663	355	27	23
663	354	27	24
662	355	27	23
663	355	27	23
662	355	27	23
663	355	27	23
662	354	27	24
662	354	28	24
663	355	27	24
663	355	28	24
663	355	28	23
664	355	27	23
663	354	28	23
664	354	28	23
664	355	28	24
664	354	28	24
665	355	28	24
665	354	28	24
667	355	28	24
667	354	28	24
668	354	28	24
668	354	28	24
670	354	28	23
671	354	28	24
673	355	28	24
674	354	28	24
675	354	28	24
675	355	28	24
678	354	28	24
679	354	28	24
681	354	28	24
682	355	28	23
683	354	29	23
683	355	29	24
685	354	29	24
686	354	28	24
689	355	28	24
690	355	28	23
691	354	28	24
691	354	28	24
694	354	28	24
695	355	28	24
697	355	29	24
697	355	28	24
698	355	28	23
699	355	28	24
700	355	28	24
702	355	28	23
702	355	28	23
703	354	28	23
704	354	28	23
704	354	28	24
706	354	28	24
707	354	29	24
708	354	27	24
709	356	32	27
709	355	29	24
709	354	29	24
711	354	28	23
712	355	28	24
712	355	28	24
713	355	28	23
713	354	28	24
714	354	28	24
714	354	28	24
715	354	29	24
716	354	28	24
716	354	28	24
717	354	28	23
717	355	28	24
719	355	28	23
719	354	28	24
720	354	28	23
720	355	28	23
720	354	28	24
721	354	28	23
722	355	28	24
723	354	28	24
724	354	28	24
725	355	28	24
726	354	28	23
726	355	28	24
726	355	29	23
727	355	29	24
728	355	29	24
727	354	29	24
728	355	29	24
728	355	29	24
728	354	29	24
728	354	29	24
728	355	29	24
729	355	29	24
729	354	29	24
729	355	29	24
728	354	29	24
728	355	29	24
728	355	29	24
728	354	29	24
728	355	29	24
728	355	29	24
728	355	28	24
727	355	28	24
728	355	28	23
727	355	28	23
726	354	28	24
727	355	28	23
726	355	29	23
726	355	29	23
725	355	29	23
725	354	29	23
725	355	29	23
725	354	29	23
725	355	29	23
724	355	29	23
723	355	29	23
723	354	29	24
723	354	29	23
723	355	29	23
722	354	30	24
721	355	29	23
721	354	29	24
721	354	30	23
720	355	30	23
720	355	30	23
720	355	30	23
719	354	29	23
718	355	29	23
718	355	29	23
717	354	29	23
716	355	29	23
716	355	30	23
715	355	30	23
715	354	30	23
715	355	30	23
714	355	30	23
714	355	29	23
714	355	30	23
713	355	29	23
712	355	29	23
710	354	29	23
710	354	30	23
709	355	30	23
708	354	29	23
705	354	29	23
703	355	30	24
702	355	29	23
700	354	29	24
700	355	29	23
699	354	30	24
695	355	29	23
693	354	29	23
691	355	29	23
690	354	29	24
690	355	29	24
689	354	30	24
688	354	30	24
687	354	29	24
687	354	29	24
688	355	29	24
688	355	30	24
688	355	30	24
689	355	30	24
690	355	29	24
691	355	29	24
691	355	29	23
692	355	29	24
693	354	29	24
694	354	29	23
695	354	29	23
696	354	29	23
697	354	29	24
697	354	29	24
698	355	29	23
698	354	29	24
698	354	29	24
698	354	29	24
699	354	29	24
698	354	30	24
698	354	30	24
699	354	30	24
699	354	30	24
698	355	30	24
698	354	29	24
698	354	29	24
698	354	29	24
698	354	29	24
698	354	29	24
698	354	29	24
699	354	29	24
698	354	30	24
699	355	29	24
698	355	30	24
699	354	30	24
699	355	29	24
699	355	29	24
699	355	29	24
699	355	30	24
699	354	30	24
699	354	30	24
699	354	30	24
699	355	30	24
699	354	30	24
699	354	30	24
700	354	30	24
700	354	29	24
700	354	29	24
700	354	30	24
700	354	29	24
700	354	29	24
701	354	29	24
701	354	29	24
701	354	29	24
701	354	29	24
702	354	29	24
701	354	29	24
702	354	29	24
702	353	29	24
702	354	29	24
703	354	29	24
702	354	29	24
703	354	29	24
703	353	29	24
703	354	29	24
704	354	29	24
703	354	29	24
703	354	29	24
704	353	29	24
703	353	29	24
703	354	29	24
703	354	29	24
703	354	29	24
703	354	29	24
703	354	29	24
703	354	29	24
703	354	29	24
703	354	29	24
703	354	29	24
703	354	29	24
703	354	29	24
703	354	29	24
703	354	29	24
703	354	29	24
703	354	29	24
703	354	29	24
703	353	29	24
703	354	29	24
703	354	29	24
703	354	29	24
703	354	29	24
703	354	29	24
703	354	29	24
703	354	29	24
703	354	29	24
703	354	29	24
703	354	29	24
703	354	29	24
703	354	29	24
703	354	29	24
703	354	28	24
703	354	28	24
703	354	28	24
703	354	28	24
703	354	29	24
703	354	29	24
703	354	29	24
703	354	29	24
704	354	29	24
705	354	29	24
705	354	29	24
706	353	29	24
707	353	28	24
708	354	29	24
710	354	29	24
712	354	29	24
712	354	29	24
715	354	29	24
715	353	29	24
718	354	29	23
718	354	29	23
719	353	28	24
719	354	29	24
718	353	29	24
716	353	29	24
715	353	29	24
714	353	29	24
712	353	29	24
711	354	29	24
707	354	29	24
704	353	29	24
702	354	29	24
699	354	29	24
697	353	29	24
697	354	29	24
692	354	29	24
691	354	28	24
689	354	29	24
689	354	29	24
688	354	29	24
688	354	29	24
688	353	29	24
689	354	29	24
690	354	29	24
690	353	29	24
691	353	28	24
691	353	28	24
693	353	29	24
693	352	29	24
695	353	29	24
696	352	29	24
697	353	29	24
697	352	28	24
699	352	29	24
700	352	29	24
702	352	29	24
703	352	28	24
704	352	29	24
705	352	29	24
707	352	29	24
708	351	29	24
709	351	29	24
710	352	29	24
712	351	29	24
712	352	29	24
714	352	29	24
715	351	29	24
716	352	29	24
716	352	29	24
717	352	29	24
717	351	29	24
719	352	29	23
720	352	29	24
721	352	29	24
713	328	29	30
708	352	29	31
707	351	29	31
724	352	28	24
726	352	29	24
727	351	29	24
728	352	29	24
730	351	29	24
729	351	29	24
731	351	29	24
734	352	29	24
736	351	29	24
739	351	29	24
741	352	29	24
741	351	29	24
743	352	29	24
750	351	29	24
752	352	29	24
755	352	29	24
758	351	29	24
757	351	29	24
759	352	29	24
766	351	29	24
768	352	29	24
771	352	29	24
775	352	29	24
778	352	29	24
778	352	29	24
784	351	29	24
786	351	29	24
789	351	29	24
791	351	29	24
793	351	29	24
793	352	29	24
796	351	29	24
797	351	29	24
797	351	29	24
797	351	29	24
798	352	29	24
798	351	29	24
798	351	29	24
797	351	29	24
797	351	29	24
797	351	29	24
796	351	29	24
796	352	29	24
796	352	29	24
795	351	29	24
795	352	29	24
795	351	29	24
795	352	29	24
795	351	29	24
794	352	29	24
794	351	29	24
793	351	29	24
793	351	29	24
793	351	29	24
792	351	29	24
791	351	29	24
791	351	29	24
790	351	29	24
789	351	29	24
789	351	29	24
788	352	29	24
787	352	29	24
786	352	29	24
786	352	29	24
786	351	29	24
784	352	29	24
784	352	29	24
783	352	29	24
782	351	29	24
782	351	29	24
780	351	29	24
780	351	29	24
780	351	29	24
779	351	29	24
778	351	29	24
778	351	29	24
777	351	29	24
777	351	29	24
776	351	29	24
776	351	29	24
774	351	29	24
773	351	29	24
772	351	29	24
772	352	29	24
771	352	29	24
770	351	29	24
768	352	29	24
766	352	29	24
765	352	29	24
764	351	29	24
764	352	29	24
762	351	29	24
760	351	29	24
758	352	29	24
756	352	29	24
754	352	29	24
754	352	29	24
750	353	29	24
746	353	29	24
744	352	29	24
741	352	29	24
738	353	29	24
738	353	29	24
732	352	29	24
729	352	29	24
726	352	29	24
724	353	29	24
721	352	29	24
721	353	29	24
716	353	29	24
714	353	29	24
712	353	29	24
711	352	29	24
709	353	29	24
708	352	29	24
705	353	29	24
705	353	29	24
703	352	29	24
703	352	29	24
702	353	29	24
702	353	29	24
701	353	29	24
700	352	29	24
701	352	29	24
701	352	29	24
700	352	29	24
700	352	29	24
699	352	29	24
699	352	29	24
699	352	29	24
699	352	29	24
698	352	29	24
699	352	29	24
699	352	29	24
698	352	29	24
698	352	29	24
698	352	29	24
698	352	29	24
698	352	29	24
698	353	29	24
697	352	29	24
698	352	29	24
697	353	29	24
697	352	29	24
698	352	29	24
697	352	29	24
698	353	29	24
698	353	29	24
698	353	29	24
699	352	29	24
699	353	29	24
701	352	29	24
702	352	28	24
703	353	29	23
704	352	29	23
705	352	29	23
706	352	29	24
708	353	29	23
709	353	29	24
710	352	29	24
712	352	29	24
713	353	29	24
713	352	29	24
714	352	29	23
713	353	29	24
713	353	29	24
714	354	29	24
714	353	29	24
714	353	29	24
714	354	29	24
714	354	29	24
714	354	29	24
714	354	29	24
713	355	29	24
713	354	29	24
712	355	29	24
712	356	29	24
711	356	29	24
710	357	29	24
709	358	29	24
709	358	29	24
706	357	29	24
704	357	29	24
704	357	29	24
702	358	29	24
701	358	29	24
702	358	29	24
701	358	29	24
