80	145	31	25
82	144	32	24
84	148	32	23
89	155	31	24
93	163	31	23
96	166	30	23
97	166	31	23
100	165	29	23
104	163	30	24
101	158	29	26
98	161	27	24
103	163	26	24
104	162	27	24
102	163	28	26
108	167	28	27
112	165	29	26
107	166	25	22
105	168	24	21
103	164	25	20
105	160	25	22
110	158	25	21
113	154	25	21
115	154	25	22
113	156	25	22
115	158	25	21
114	162	23	21
110	164	26	21
112	164	25	23
113	171	26	22
113	178	24	21
108	176	24	21
108	170	24	21
105	166	27	22
107	167	24	21
109	163	25	21
108	157	26	20
109	154	26	21
113	157	28	21
116	162	28	21
118	162	27	22
120	163	27	21
122	162	27	21
122	162	26	21
122	158	27	22
126	162	27	22
126	166	28	22
129	164	24	24
129	165	23	23
133	169	26	22
134	171	25	21
127	164	25	22
126	161	23	23
127	167	24	24
125	165	25	24
122	159	26	22
121	155	29	23
124	155	30	23
122	152	30	23
123	151	29	23
127	151	28	23
127	156	31	21
125	159	33	23
127	166	31	24
132	170	31	23
133	169	29	21
129	169	28	20
134	169	27	23
138	170	29	21
124	154	31	22
124	148	30	21
130	150	31	21
122	146	33	20
114	143	33	20
118	143	31	20
120	143	33	21
119	142	34	21
121	145	31	21
125	146	30	22
125	151	31	21
126	152	29	21
131	155	31	20
132	155	31	20
129	151	31	21
130	148	30	22
135	155	30	21
134	167	30	20
124	159	30	21
128	159	30	22
134	172	28	22
130	176	29	21
124	168	30	22
127	166	29	22
129	170	29	20
126	176	29	20
120	178	29	20
120	180	29	19
118	180	29	20
115	181	31	21
114	184	29	20
111	186	30	20
107	187	31	21
103	186	32	21
102	185	31	22
101	191	30	22
95	196	29	20
91	191	30	20
88	180	30	21
86	175	31	23
83	173	32	24
83	177	30	21
85	181	28	21
85	184	29	21
88	182	30	21
89	179	29	21
86	175	33	23
89	179	33	22
93	179	31	21
95	181	31	22
96	184	31	21
98	184	30	22
97	183	32	23
98	182	32	22
98	189	32	24
103	198	30	22
102	196	31	22
105	196	25	20
94	192	29	22
94	194	26	21
95	187	28	21
98	179	27	20
93	176	30	24
93	180	28	22
95	178	27	22
98	172	27	24
103	172	25	22
103	170	25	23
105	165	24	25
108	163	23	24
109	162	23	24
112	162	22	24
116	163	22	23
115	166	23	22
115	167	23	23
116	167	23	24
116	169	23	23
113	171	25	22
111	173	24	22
107	176	25	23
103	183	25	23
99	187	24	23
97	185	25	23
95	175	24	24
94	172	24	23
96	177	23	23
96	181	23	23
95	179	22	23
99	177	22	23
108	174	22	24
111	177	22	23
117	178	20	23
125	178	21	22
134	176	21	24
144	179	21	22
151	185	21	23
156	189	21	22
162	192	20	23
169	194	21	23
175	190	22	23
179	189	22	23
184	194	22	22
191	197	20	24
195	196	21	24
195	185	20	23
191	179	20	25
190	184	19	26
190	188	19	26
190	189	19	25
186	187	20	25
187	184	19	25
190	182	18	25
189	182	19	26
191	184	19	26
191	182	19	28
191	182	18	27
191	182	18	27
194	183	18	27
196	182	17	27
196	181	18	27
196	183	17	26
195	183	17	25
193	178	18	27
190	175	17	26
187	172	17	27
181	176	17	26
173	181	19	25
163	183	19	26
151	189	19	26
141	193	19	27
137	194	18	27
133	196	18	26
131	194	17	27
133	194	16	26
134	193	18	26
135	192	18	27
135	191	18	26
136	190	19	26
138	191	19	25
140	190	19	25
145	189	19	25
149	187	20	26
149	187	20	26
150	185	20	26
152	184	20	25
152	184	22	27
152	191	22	27
151	196	20	25
150	199	23	27
146	201	23	27
135	197	23	25
128	199	23	27
126	203	23	26
122	206	22	26
118	203	21	26
117	196	23	26
118	194	22	27
118	193	23	28
116	192	21	26
116	186	25	29
117	186	21	25
117	184	20	26
117	184	19	25
116	185	21	26
116	187	20	24
115	188	19	24
113	187	19	24
113	186	20	25
116	185	19	26
113	184	19	24
109	177	19	24
107	167	20	26
104	166	21	25
100	168	24	26
103	169	23	26
107	166	23	26
109	162	21	27
111	156	24	28
114	154	22	27
116	153	21	28
118	155	20	28
119	157	21	28
120	158	22	28
120	155	22	28
122	155	22	29
121	155	25	29
122	157	24	27
121	157	26	28
124	156	22	27
122	155	22	27
122	157	22	27
122	157	21	25
121	150	22	26
119	143	21	27
120	140	23	28
120	142	23	27
121	137	23	29
122	139	22	27
124	137	21	26
126	133	20	27
125	130	21	28
126	130	21	28
130	129	23	27
130	126	24	27
129	124	23	28
131	124	23	29
132	126	23	27
133	126	23	27
130	129	23	27
129	132	23	27
130	134	25	27
128	135	22	28
126	135	24	28
124	142	21	28
118	148	23	27
116	151	24	28
113	151	25	28
109	145	23	27
107	137	24	28
105	133	25	29
102	134	24	29
99	135	26	30
99	137	27	30
100	135	27	30
98	134	27	30
96	134	26	28
94	132	26	30
92	133	24	28
93	133	24	27
91	132	22	27
91	132	22	28
88	135	26	29
87	136	25	29
88	140	26	29
89	148	23	27
84	151	22	26
79	152	22	26
81	148	23	25
81	149	22	26
80	152	22	26
84	150	23	26
85	145	22	26
84	137	23	27
84	133	24	28
87	131	23	27
89	128	23	29
89	129	23	28
93	129	23	27
93	128	23	28
96	128	23	28
97	128	22	28
97	131	24	31
94	138	27	30
93	141	27	29
92	141	26	29
91	143	26	30
92	145	26	29
93	148	25	29
90	152	25	29
82	150	27	29
83	144	27	29
85	145	27	29
82	148	26	30
79	148	26	30
78	140	26	29
77	136	27	30
75	138	25	30
76	138	25	30
76	136	27	31
77	139	27	30
77	142	26	30
79	144	27	29
77	146	28	30
75	151	25	30
72	151	27	29
69	154	26	29
67	158	26	29
68	158	27	29
69	155	26	28
67	146	24	29
68	149	24	29
72	156	25	30
77	158	27	29
81	160	27	30
84	161	27	30
87	162	26	29
91	164	25	28
94	165	29	29
94	166	27	30
101	168	27	30
100	170	28	31
101	172	30	30
105	175	30	30
106	178	30	29
108	179	31	29
112	180	32	28
115	179	32	29
116	182	31	28
120	181	30	28
122	180	31	28
123	182	30	28
126	181	31	29
124	176	30	29
122	167	29	30
123	162	33	30
127	167	30	30
127	179	29	30
126	181	28	28
127	172	28	29
129	163	29	29
130	163	30	29
133	160	30	29
140	160	29	28
145	161	29	26
147	162	29	28
151	163	30	27
154	163	29	28
157	163	30	28
161	164	31	27
165	165	31	28
168	165	33	28
170	162	32	29
174	162	32	28
177	158	31	28
180	156	30	28
183	151	30	30
183	144	30	29
186	140	31	30
190	143	30	29
194	147	27	28
196	150	27	29
201	150	28	29
207	148	30	28
212	149	31	30
217	152	31	28
221	152	33	30
225	154	30	30
227	156	30	28
231	156	28	28
233	157	30	28
233	157	31	27
238	154	29	27
237	155	29	29
236	154	28	27
238	150	28	28
236	154	28	29
233	157	30	29
233	153	29	29
232	152	28	28
226	154	29	28
220	159	29	28
213	157	28	29
209	151	30	27
202	149	29	28
192	145	29	29
186	142	30	30
177	147	30	29
166	154	30	28
162	151	30	29
158	147	31	27
155	143	32	28
153	139	32	28
152	132	30	31
151	132	32	33
150	138	32	29
151	136	34	30
153	133	32	31
152	134	31	31
146	137	32	31
138	140	34	31
139	139	32	31
141	138	32	29
138	136	32	30
136	127	30	32
136	119	30	31
132	117	29	28
132	115	27	29
132	116	28	30
128	118	28	30
130	107	28	34
135	104	31	31
135	109	30	32
132	119	31	29
127	121	30	30
125	119	30	28
132	113	30	29
141	109	30	31
147	107	32	31
149	105	30	31
153	104	32	31
159	101	30	31
161	100	31	30
158	102	32	30
155	103	32	29
155	97	33	29
152	91	35	30
147	91	28	28
145	92	29	28
144	92	30	28
142	93	31	29
138	97	33	30
137	97	33	31
132	103	30	29
122	102	32	28
109	100	30	28
105	91	27	28
109	90	28	29
114	94	30	29
113	98	29	29
109	105	29	29
106	111	27	28
110	114	26	28
118	116	27	27
122	121	29	26
124	120	29	28
129	121	28	27
138	118	31	29
147	113	32	30
156	108	34	30
164	104	33	28
174	101	31	28
184	98	31	29
192	96	32	29
198	97	32	28
206	98	31	27
214	94	31	27
217	93	30	28
220	93	31	28
224	89	33	28
228	83	34	29
233	84	33	29
237	84	31	29
240	82	29	29
244	82	25	30
247	88	21	27
252	91	17	27
256	93	13	27
258	94	11	28
260	93	10	27
260	93	10	26
258	93	11	27
255	93	14	27
251	91	18	28
248	90	21	27
241	91	27	26
231	92	30	26
227	90	30	28
224	94	29	28
219	99	29	29
212	102	29	30
208	107	30	28
203	109	29	28
195	108	29	28
189	106	29	29
184	109	27	27
176	106	31	30
170	104	28	28
165	101	29	28
162	96	30	29
163	87	28	29
161	85	30	31
155	89	31	30
152	91	29	29
151	89	29	28
148	86	29	29
144	88	30	28
144	85	29	28
143	77	30	29
143	72	30	30
143	73	29	29
142	74	30	29
142	73	31	30
144	75	28	29
142	77	28	28
142	78	26	28
141	80	26	28
140	82	27	27
139	82	27	28
139	85	29	27
137	87	28	27
135	88	28	28
134	90	26	28
132	90	29	28
131	90	28	29
132	91	30	28
131	92	31	28
131	94	32	29
132	96	32	30
133	99	30	28
136	100	30	28
135	99	29	29
134	99	29	29
136	99	29	28
136	95	30	29
136	91	29	28
136	93	28	29
135	96	28	29
134	97	28	28
133	98	27	29
135	104	27	28
135	106	26	28
135	106	26	28
136	104	26	28
135	104	26	28
137	105	25	28
140	106	26	29
141	105	26	29
140	105	26	30
140	105	25	29
144	105	24	29
149	109	24	29
152	105	24	30
152	105	25	31
156	102	25	30
156	103	24	30
153	104	24	29
153	109	25	28
149	107	24	31
141	106	24	29
140	110	23	28
139	107	24	31
134	110	23	30
132	115	22	31
132	120	22	30
128	123	21	28
129	127	20	29
129	131	20	29
127	134	20	28
127	137	19	28
127	138	19	27
128	140	19	26
129	140	19	27
131	141	19	26
133	142	18	26
134	144	19	25
135	144	20	25
136	143	19	26
139	144	17	26
141	145	17	26
145	143	17	26
149	145	17	27
152	144	17	28
157	143	17	26
159	144	16	26
158	147	17	27
161	148	16	26
167	143	17	27
171	142	17	27
176	142	17	27
183	140	18	27
185	137	18	28
188	137	18	28
192	135	18	28
198	129	19	29
204	123	18	29
205	123	18	29
206	120	19	29
206	121	19	29
207	123	19	29
208	125	18	29
208	127	19	30
208	130	20	29
206	130	20	28
204	131	21	29
204	132	23	29
202	131	23	29
198	133	23	29
195	136	23	28
193	136	22	28
192	136	22	29
192	136	22	28
192	133	23	29
192	132	24	29
192	132	25	30
192	134	25	29
190	136	27	29
188	137	26	29
187	136	27	30
187	132	29	33
186	133	28	31
184	133	29	32
182	133	29	32
184	133	29	32
182	135	29	30
182	135	31	31
182	134	31	31
180	134	30	31
182	134	29	32
185	136	28	32
181	140	29	31
180	145	27	31
181	148	28	31
178	150	29	34
175	154	28	32
175	158	28	33
173	158	29	34
171	158	28	33
169	156	29	34
171	158	26	31
168	157	27	33
164	158	27	33
160	158	27	33
160	158	25	33
159	156	25	33
159	158	24	32
156	158	24	32
155	159	24	30
154	158	24	31
152	159	25	30
150	157	25	32
148	157	25	32
149	158	25	32
149	157	24	33
147	158	24	33
147	158	23	32
149	160	22	32
151	160	23	31
150	159	23	33
151	159	24	35
153	162	23	33
156	161	23	34
156	159	23	34
157	157	23	34
158	157	23	35
157	154	23	35
157	154	24	34
158	153	23	34
157	152	23	33
155	150	23	34
154	150	23	33
152	149	24	34
152	150	23	34
154	151	24	33
149	152	25	34
149	158	23	33
154	160	23	34
153	164	22	34
147	167	22	33
146	165	22	34
146	164	21	33
145	164	21	33
144	164	20	34
142	162	20	33
140	161	20	33
138	164	20	31
137	163	20	32
135	165	18	31
131	166	18	31
129	166	18	33
127	166	18	33
127	165	18	33
125	166	19	33
121	167	20	33
120	168	20	34
118	168	20	33
115	169	21	33
109	167	22	33
105	164	23	32
103	161	23	33
99	156	25	33
91	151	25	32
86	151	25	31
84	147	27	33
82	145	27	33
80	143	28	33
83	142	28	33
82	141	29	33
78	136	30	34
77	135	31	34
80	131	32	34
83	127	33	34
84	121	34	34
83	119	36	35
80	117	37	35
78	118	38	34
80	118	38	35
79	122	39	34
75	128	40	34
71	130	40	34
70	133	42	34
67	136	43	34
58	135	45	35
48	134	47	35
40	135	47	35
32	136	49	36
23	140	50	36
21	144	49	36
21	149	50	36
19	150	51	36
15	151	51	37
13	152	51	37
11	148	53	37
8	142	55	38
4	138	55	39
2	138	55	38
0	137	55	38
0	138	51	38
0	141	52	36
1	145	55	36
0	146	57	37
0	149	54	36
0	153	54	37
0	157	56	36
0	156	56	37
0	158	54	38
0	161	57	38
0	160	58	39
1	159	59	38
2	157	61	38
7	154	60	38
8	153	62	38
9	153	62	38
9	152	62	39
9	148	64	39
11	143	63	38
17	136	62	38
24	130	62	38
30	127	63	39
31	123	64	39
32	120	64	39
34	117	64	40
33	113	63	39
32	105	64	40
32	102	63	40
35	101	63	41
38	101	62	40
40	102	62	41
42	105	61	41
45	106	61	41
48	111	61	40
52	118	60	40
58	126	60	41
61	133	60	40
62	132	61	40
66	131	60	39
67	128	62	40
71	128	62	41
72	131	63	40
72	131	63	39
73	132	63	39
72	133	64	39
69	130	65	38
68	119	64	38
80	112	62	38
91	120	62	39
90	127	62	41
95	131	61	38
99	126	62	38
95	129	63	38
96	135	61	37
99	132	60	37
99	126	62	38
97	123	62	37
100	121	61	38
102	119	62	38
104	115	61	38
106	109	62	38
107	102	61	39
110	102	61	39
116	102	60	39
118	99	61	40
120	97	61	39
124	94	60	39
126	94	62	39
127	93	61	39
129	92	62	39
127	90	61	40
125	88	60	40
124	92	60	40
120	95	61	39
114	93	60	41
110	90	60	44
108	93	60	42
106	93	59	41
104	91	58	40
103	87	58	42
100	85	58	40
96	84	57	41
92	82	56	40
89	81	55	40
87	83	54	40
84	78	55	42
78	83	54	39
73	78	55	44
71	81	55	44
68	87	55	40
66	82	54	45
64	84	55	43
62	82	55	44
63	81	54	44
64	86	54	40
64	84	54	44
66	91	53	39
68	95	53	40
69	94	53	42
69	99	52	39
69	94	52	45
70	100	52	39
71	96	52	43
68	94	53	43
70	99	53	39
74	103	53	39
78	99	54	41
77	103	55	40
82	111	54	40
87	112	56	39
88	115	57	41
86	125	59	45
86	139	58	38
87	143	58	38
86	148	59	38
84	156	60	38
81	153	62	40
84	157	60	38
86	159	60	38
84	156	62	39
79	153	62	38
81	150	60	37
82	148	60	38
80	143	61	39
80	140	59	37
79	140	60	38
76	145	59	38
77	141	60	38
77	136	59	37
76	136	58	37
75	140	58	37
77	138	59	37
77	135	59	37
79	136	60	37
79	137	60	38
83	136	60	37
86	139	60	38
87	141	60	38
89	140	60	37
92	140	59	38
94	141	59	38
94	139	57	37
96	139	55	37
97	139	53	37
99	135	53	37
100	135	51	36
100	134	51	36
100	131	51	36
98	131	51	37
95	129	51	36
93	128	51	37
91	128	51	37
88	126	52	37
83	126	53	37
82	125	52	37
79	124	53	37
78	124	52	37
78	123	53	37
80	121	49	37
76	120	52	38
77	119	52	38
75	119	52	38
77	119	51	38
79	119	51	37
80	119	50	38
80	115	49	38
81	113	50	39
83	114	48	38
84	115	46	37
85	114	45	38
84	115	45	39
84	115	46	39
83	114	46	38
81	116	47	38
80	115	48	38
79	117	48	39
78	120	49	39
76	119	50	38
76	121	49	39
75	121	50	39
75	122	50	38
75	123	51	39
73	125	51	39
73	125	51	39
73	126	52	39
73	129	53	39
72	132	54	38
71	130	55	39
72	127	55	39
72	127	55	39
71	128	56	39
73	126	55	40
75	125	57	39
76	127	56	40
75	128	57	39
76	127	57	39
78	128	56	39
77	128	57	39
77	127	57	39
77	125	58	39
78	122	60	40
81	123	59	39
84	125	60	39
86	125	58	39
87	126	58	39
86	128	58	40
87	127	58	40
87	125	59	40
89	125	58	40
89	128	59	40
89	127	60	40
91	126	61	41
92	124	62	41
94	126	62	41
98	125	62	40
99	121	64	41
100	122	65	41
101	124	66	40
95	122	67	41
90	121	66	41
88	121	67	41
82	128	68	42
73	128	68	42
70	120	67	44
63	116	70	43
50	112	71	43
35	103	73	45
20	99	75	44
5	97	76	43
0	91	72	45
0	85	64	45
0	85	54	42
0	85	47	43
0	85	42	42
0	88	38	43
0	90	37	42
0	91	36	41
0	90	34	42
0	89	34	42
0	92	38	43
0	93	38	42
0	96	36	43
0	97	42	43
0	98	47	43
0	105	52	42
0	108	58	42
0	109	66	43
0	113	72	43
2	115	74	42
14	115	71	42
25	117	72	41
31	120	74	41
37	122	73	42
47	123	72	41
52	125	72	41
60	127	69	41
69	127	66	42
76	126	66	43
82	126	66	43
85	128	66	41
89	131	66	41
93	129	67	42
95	130	66	41
96	134	66	41
102	132	65	41
106	128	66	42
107	125	67	41
108	125	68	42
113	122	67	41
118	118	69	42
117	121	69	42
121	124	65	41
126	124	64	41
123	123	65	41
116	126	64	41
114	130	63	40
117	129	62	40
118	127	63	40
124	125	63	39
122	117	64	41
119	109	65	41
120	103	64	42
118	98	65	42
115	99	64	43
114	104	63	42
117	107	63	42
116	104	64	43
112	101	65	43
112	100	64	43
112	97	64	44
108	94	64	44
107	92	62	43
107	92	61	45
109	95	60	44
107	94	62	43
106	91	61	45
107	92	61	45
109	93	62	45
109	93	62	45
108	96	63	46
110	98	62	46
109	99	63	45
108	99	63	45
107	101	64	45
106	101	64	44
105	100	65	45
106	102	65	44
106	104	65	44
107	104	64	43
109	105	65	42
110	108	65	42
114	107	64	42
117	107	65	42
117	106	64	42
118	105	65	42
122	104	65	41
126	101	65	42
134	99	63	43
141	100	64	43
146	102	64	42
148	103	66	43
154	106	65	44
158	110	66	43
162	114	67	43
164	116	68	44
169	117	68	44
173	117	67	43
175	116	68	43
178	117	68	43
184	117	67	43
184	117	68	42
185	117	68	42
187	117	68	42
189	118	68	43
190	119	69	42
190	117	68	43
190	117	68	42
189	120	68	42
188	120	68	44
188	121	68	43
188	123	68	43
187	126	68	42
186	127	68	42
185	128	69	42
184	129	68	42
182	132	68	41
181	134	67	40
179	135	67	40
175	134	67	40
170	134	67	40
167	137	67	39
163	137	67	40
159	138	67	39
155	139	66	38
151	138	66	39
148	138	66	39
146	137	66	38
143	137	66	39
140	136	66	39
138	136	67	38
135	134	66	39
134	135	67	38
133	133	66	38
131	133	67	39
130	136	66	38
130	135	66	38
128	134	64	39
129	136	65	39
128	135	65	39
126	134	64	39
125	136	62	39
124	134	63	39
122	134	63	39
119	134	64	39
117	135	64	39
115	133	64	39
110	133	65	39
106	134	65	39
100	133	66	39
95	132	66	38
91	134	67	39
87	133	67	38
83	131	67	38
81	132	65	38
76	132	65	39
74	130	65	39
73	130	64	39
71	131	64	38
70	130	64	39
71	128	63	39
70	131	63	38
69	130	63	38
68	131	63	39
68	131	64	38
67	131	63	37
66	133	64	38
63	131	65	37
59	130	66	38
59	131	65	38
59	131	65	38
58	131	66	38
57	133	65	37
56	134	64	37
56	133	62	37
54	134	62	38
53	134	61	37
48	132	62	38
41	128	63	39
35	128	64	38
29	129	65	38
20	129	66	38
15	130	66	38
11	129	65	38
7	126	66	38
2	119	66	39
1	113	62	38
0	111	59	39
0	108	58	38
0	104	54	37
0	105	50	36
0	110	52	34
0	110	56	35
0	106	56	35
0	106	55	36
0	108	61	37
0	108	64	38
0	106	65	38
6	109	65	38
13	111	65	37
16	111	64	37
20	113	64	37
28	120	65	37
32	121	63	38
36	121	63	37
45	123	61	38
49	122	62	37
50	115	62	38
53	114	61	38
54	116	62	38
52	117	64	38
50	116	63	37
48	116	62	38
45	114	62	37
42	112	61	38
41	115	61	38
41	119	60	37
41	119	59	37
39	118	59	37
39	118	58	37
41	115	57	38
38	112	59	37
35	106	59	37
33	102	58	38
32	100	58	39
28	96	59	38
25	91	59	39
22	86	58	39
17	82	60	40
10	76	60	38
5	70	60	39
2	69	59	40
0	67	58	41
0	67	55	39
0	67	55	39
0	68	56	41
0	68	56	41
0	68	55	40
0	69	53	41
0	73	52	40
0	73	49	41
0	74	48	41
0	74	46	42
0	74	39	40
0	73	32	39
0	74	28	39
0	75	21	39
0	75	18	39
0	76	13	23
0	76	10	16
0	62	37	44
7	57	125	91
72	66	147	90
139	51	77	40
151	58	61	28
168	56	52	25
151	58	74	42
129	59	140	67
105	54	107	57
85	62	158	63
97	20	103	64
60	9	164	107
57	50	147	93
78	52	138	74
56	59	209	107
55	39	127	60
34	51	189	75
65	40	146	79
0	67	23	39
0	67	30	40
0	70	43	39
0	68	52	42
0	63	53	42
1	62	57	42
4	67	56	43
8	73	57	43
10	78	59	43
11	80	59	43
6	77	61	46
2	74	60	45
4	75	57	44
5	81	58	42
5	83	58	43
6	81	58	44
5	76	60	44
1	77	60	44
0	79	58	42
0	79	56	43
0	79	51	41
0	78	48	41
0	76	44	40
0	74	39	41
0	70	35	41
0	68	33	41
0	66	35	41
0	64	42	42
0	61	47	43
0	58	51	45
0	52	53	45
0	43	55	47
0	43	58	46
0	43	54	45
0	46	50	43
0	49	49	43
0	49	47	43
0	49	46	42
0	51	44	42
0	54	46	41
0	60	46	42
0	64	47	41
0	66	47	40
0	67	50	41
0	67	52	41
0	67	56	40
0	69	63	41
1	71	67	41
4	74	67	41
8	77	67	42
15	80	66	41
23	79	64	41
32	79	64	40
43	81	63	41
46	80	63	41
51	79	63	40
54	80	64	40
56	80	64	40
57	83	63	40
58	86	65	40
55	87	68	41
51	80	67	43
46	71	67	43
41	66	68	43
42	67	66	42
41	66	67	42
35	66	67	42
29	66	66	43
23	62	66	43
12	60	66	44
3	62	66	43
0	65	61	43
0	70	55	43
0	71	48	41
0	70	42	40
0	67	35	40
0	63	28	41
0	61	24	40
0	60	23	39
0	56	19	28
0	45	12	20
0	37	10	19
0	22	10	25
0	24	29	52
8	21	77	79
0	0	145	135
114	35	63	54
74	44	162	98
9	51	200	103
103	13	80	67
59	21	168	113
92	10	98	72
0	31	21	47
0	36	12	42
0	37	17	43
0	38	25	44
0	40	31	46
0	43	40	47
0	44	49	46
4	45	51	46
12	44	49	46
21	44	49	46
27	48	49	44
34	53	48	44
44	57	48	43
50	58	49	44
58	57	49	44
66	57	49	44
70	55	51	46
71	51	50	46
77	53	49	45
85	59	48	45
90	67	49	45
94	73	48	45
98	76	48	46
99	78	49	45
100	79	51	46
99	84	52	45
102	91	52	44
104	93	52	44
104	96	52	43
103	100	53	43
104	102	52	42
105	103	52	42
105	106	53	42
104	108	52	43
106	110	52	43
110	111	53	44
114	112	53	45
116	116	52	45
119	121	53	45
125	127	53	44
130	129	55	45
133	131	53	45
135	138	54	45
137	142	54	45
137	146	54	45
138	153	54	44
142	159	54	44
142	157	56	45
135	155	57	45
132	159	57	44
137	161	56	45
140	159	57	45
138	159	59	45
137	156	58	44
138	150	59	45
140	143	59	46
141	141	60	46
140	136	61	47
141	126	62	47
138	113	63	48
127	104	66	48
119	99	65	49
120	96	65	49
115	97	68	47
105	98	69	48
101	100	69	46
100	100	68	46
95	103	70	46
90	106	70	46
89	107	70	47
88	107	70	47
86	107	69	48
84	108	69	48
84	108	68	49
85	106	68	49
81	105	69	50
79	103	69	50
78	103	68	50
71	105	72	49
65	104	71	49
60	102	71	48
56	101	70	48
52	101	70	47
48	100	70	47
44	98	71	48
40	94	70	49
38	94	69	48
40	91	70	51
42	84	71	50
40	82	69	50
41	83	68	50
43	77	68	51
44	76	67	52
46	80	66	51
49	86	67	50
57	89	65	51
63	89	65	52
66	89	65	52
66	91	67	51
68	94	65	50
71	97	65	49
71	97	65	49
71	101	65	49
69	105	64	49
71	109	63	50
72	109	62	50
70	110	62	50
67	110	61	50
67	109	61	51
69	110	59	52
69	110	58	52
69	108	55	54
70	108	53	55
71	108	53	55
69	110	53	55
69	111	53	55
69	111	53	55
70	111	53	55
72	113	52	54
73	115	52	53
75	117	51	53
76	119	50	52
78	121	49	52
79	122	47	53
81	122	46	54
82	120	45	55
82	118	44	55
86	119	42	56
88	120	42	56
87	118	41	56
88	112	40	57
90	114	40	56
91	120	41	57
93	121	40	56
96	123	40	55
97	126	40	56
98	127	40	55
101	127	39	55
102	129	37	55
103	131	36	56
107	131	34	57
110	132	33	58
113	133	31	61
113	134	31	62
113	135	32	63
113	134	32	63
113	133	32	63
115	134	32	63
115	133	32	63
115	134	33	62
115	132	34	61
116	133	34	61
116	134	34	60
116	135	32	61
114	136	31	63
113	136	31	65
113	134	31	66
114	132	31	67
114	128	31	68
114	123	31	69
114	119	31	69
113	120	32	70
114	121	33	69
115	122	34	69
114	123	35	68
113	121	35	68
113	121	35	68
115	122	35	69
116	123	35	72
116	125	37	73
118	126	39	74
115	127	40	75
103	129	40	75
102	127	40	74
103	115	41	76
75	86	48	70
39	60	46	75
46	86	40	72
59	88	42	73
73	67	40	78
113	56	40	79
137	74	43	81
163	73	42	80
204	54	48	85
206	63	53	90
199	45	49	94
152	3	67	92
98	61	52	89
85	53	53	92
50	78	61	88
37	101	56	81
31	104	64	82
18	129	64	80
32	66	67	94
31	55	77	101
38	124	73	86
69	102	73	92
93	112	76	99
96	109	83	99
90	95	96	100
69	84	92	99
37	119	79	90
47	102	67	89
