0.077072
0.186325
0.170306
0.362468
0.199088
0.178819
0.252755
0.170618
0.167422
0.166218
0.130317
0.275631
0.176740
0.187634
0.162142
0.228018
0.195263
0.186492
0.164195
0.185627
0.210581
0.248651
0.224115
0.188609
0.149919
0.189012
0.110911
0.148932
0.129837
0.134434
0.120503
0.192204
0.224218
0.146121
0.174337
0.147050
0.210918
0.145716
0.260419
0.226400
0.164191
0.140575
0.150307
0.129775
0.113941
0.188646
0.236815
0.157347
0.138595
0.153214
0.152155
0.189849
0.190902
0.217969
0.242443
0.200663
0.145283
0.128516
0.192757
0.272225
0.257231
0.108974
0.140249
0.200195
0.111364
0.150143
0.195844
0.197774
0.155331
0.184512
0.192928
0.157987
0.145836
0.207534
0.138716
0.167001
0.146938
0.146765
0.140998
0.181547
0.141820
0.151633
0.134870
0.135722
0.242084
0.147067
0.242474
0.137917
0.176168
0.135887
0.147950
0.192057
0.114161
0.218260
0.171335
0.227364
0.138897
0.160501
0.161866
0.183174
0.134890
0.158650
0.118474
0.119549
0.200019
0.136869
0.178528
0.137156
0.120791
0.204030
0.117975
0.165205
0.220146
0.130188
0.235944
0.140423
0.170958
0.144096
0.117833
0.194810
0.222759
0.127883
0.101015
0.178651
0.194656
0.195804
0.210465
0.195455
0.193369
0.149079
0.207258
0.173495
0.111308
0.160367
0.211714
0.171799
0.205354
0.218904
0.116453
0.145897
0.179524
0.190943
0.181154
0.137168
0.194987
0.200786
0.182277
0.172071
0.190039
0.162687
0.186621
0.128192
0.117938
0.159613
0.155302
0.150012
0.234275
0.176125
0.186995
0.132188
0.164056
0.168743
0.152721
0.152462
0.147100
0.188146
0.114702
0.168185
0.145900
0.163250
0.180842
0.125227
0.160345
0.141568
0.225761
0.118625
0.252757
0.226179
0.249011
0.164169
0.214938
0.261680
0.177722
0.130868
0.152755
0.207079
0.161596
0.240843
0.252820
0.196919
0.147524
0.226337
0.162578
0.222077
0.188106
0.178981
0.164653
0.129390
0.131293
0.111485
0.184285
0.155659
0.203789
0.162648
0.135347
0.184277
0.191017
0.143303
0.178544
0.186758
0.170705
0.170651
0.207791
0.215235
0.213114
0.112170
0.146809
0.203570
0.146134
0.156044
0.265860
0.116544
0.266715
0.203253
0.191309
0.196947
0.206112
0.173929
0.133947
0.126455
0.226786
0.173759
0.149190
0.186065
0.231177
0.202848
0.149619
0.152263
0.140555
0.142690
0.171745
0.249618
0.163470
0.178342
0.203328
0.116185
0.224374
0.163131
0.287526
0.168269
0.174866
0.222426
0.173227
0.146867
0.195444
0.177142
0.230925
0.180443
0.194338
0.200928
0.209287
0.141807
0.209870
0.146548
0.260896
0.180169
0.111834
0.254400
0.158756
0.228237
0.213232
0.153178
0.276453
0.165992
0.193274
0.184419
0.211707
0.200506
0.137457
0.146740
0.222800
0.208538
0.120341
0.205447
0.137988
0.213287
0.169040
0.182751
0.258250
0.188368
0.184183
0.197905
0.190535
0.272147
0.143003
0.146219
0.196429
0.188393
0.139833
0.257119
0.227665
0.173923
0.152969
0.151138
0.161376
0.171816
0.126178
0.186120
0.181421
0.165886
0.242828
0.241138
0.182774
0.099947
0.146597
0.218612
0.190734
0.158408
0.256960
0.182786
0.184903
0.139245
0.209246
0.120414
0.212462
0.154592
0.206020
0.233832
0.165216
0.170724
0.151827
0.155122
0.197733
0.220350
0.192301
0.240543
0.178938
0.177209
0.156884
0.170821
0.169821
0.139338
0.159136
0.179609
0.229613
0.210039
0.160169
0.170160
0.214021
0.163615
0.151069
0.124678
0.132479
0.233627
0.119953
0.155580
0.158122
0.187289
0.123423
0.145169
0.190223
0.226681
0.179702
0.173886
0.164763
0.179630
0.192419
0.115669
0.135584
0.175759
0.163431
0.112298
0.126945
0.154464
0.193118
0.177352
0.122638
0.225064
0.245214
0.156621
0.220853
0.138400
0.172766
0.149250
0.218759
0.157862
0.163231
0.136118
0.111077
0.172488
0.143493
0.185349
0.225510
0.191599
0.160817
0.140850
0.188791
0.180320
0.139580
0.190573
0.123177
0.154617
0.155304
0.175937
0.138302
0.136548
0.152465
0.211154
0.188517
0.210784
0.191872
0.153894
0.168777
0.151346
0.168949
0.107788
0.139994
0.249824
0.130726
0.229936
0.116619
0.160736
0.183609
0.115016
0.168963
0.148484
0.113647
0.156243
0.160287
0.179120
0.179025
0.134348
0.156456
0.183327
0.175156
0.101559
0.132550
0.194376
0.201740
0.143506
0.224955
0.212121
0.142928
0.132208
0.180085
0.168288
0.214718
0.157637
0.167471
0.189549
0.245739
0.176248
0.160971
0.127301
0.162104
0.187515
0.182112
0.133099
0.150148
0.131343
0.122903
0.151640
0.119056
0.139812
0.171124
0.190629
0.159837
0.205267
0.156185
0.164517
0.140497
0.144624
0.248412
0.142921
0.156779
0.163035
0.157283
0.202237
0.203352
0.212903
0.118226
0.145943
0.163773
0.187741
0.228543
0.232433
0.209921
0.118932
0.172374
0.187153
0.164870
0.185000
0.162723
0.204442
0.212281
0.150872
0.152077
0.199816
0.154021
0.233863
0.203541
0.139447
0.192109
0.264103
0.123003
0.160153
0.193531
0.136809
0.163390
0.183558
0.215024
0.216777
0.135935
0.223008
0.183857
0.182578
0.225298
0.136136
0.156254
0.149540
0.203467
0.147400
0.146777
0.175904
0.170442
0.148874
0.170449
0.154378
0.166079
0.247955
0.142907
0.165657
0.234319
0.241004
0.234114
0.183952
0.270789
0.238286
0.203843
0.130342
0.124270
0.235086
0.213495
0.131303
0.207974
0.169223
0.213056
0.111612
0.205704
0.270738
0.169424
0.122400
0.136711
0.193415
0.125678
0.154239
0.176577
0.191079
0.146955
0.133479
0.177530
0.217491
0.163499
0.184093
0.178435
0.171026
0.151710
0.145694
0.131113
0.224089
0.194099
0.200449
0.114403
0.156855
0.079903
0.230992
0.172697
0.229314
0.106267
0.255062
0.167496
0.193056
0.167161
0.210740
0.203889
0.145648
0.193647
0.155708
0.224806
0.133474
0.136440
0.133026
0.097573
0.231126
0.209056
0.148407
0.189573
0.129533
0.195868
0.249370
0.271100
0.169978
0.168770
0.152848
0.228429
0.287868
0.158016
0.283562
0.148922
0.173325
0.220276
0.240503
0.143304
0.180068
0.198770
0.167653
0.130853
0.157353
0.213765
0.204054
0.168742
0.217524
0.120053
0.137783
0.145748
0.212670
0.173702
0.196160
0.297853
0.131357
0.190560
0.153640
0.171032
0.122474
0.161787
0.199162
0.170744
0.145616
0.138071
0.148917
0.181257
0.211544
0.178478
0.244158
0.181022
0.257699
0.225198
0.220282
0.150187
0.224051
0.114946
0.135499
0.200933
0.236710
0.145092
0.181712
0.149934
0.142831
0.142241
0.115530
0.210927
0.202675
0.119703
0.109281
0.260312
0.169624
0.167951
0.157382
0.212234
0.180510
0.158231
0.147784
0.160589
0.154521
0.125591
0.156679
0.200962
0.251007
0.174878
0.183647
0.164846
0.163354
0.158434
0.230764
0.150322
0.128585
0.160177
0.162598
0.111161
0.134345
0.174337
0.175111
0.184818
0.134579
0.225900
0.150932
0.114310
0.164021
0.141658
0.153148
0.201042
0.157971
0.184065
0.129359
0.194858
0.164215
0.130735
0.212059
0.197207
0.153730
0.172813
0.155566
0.153861
0.139558
0.230568
0.188834
0.188825
0.174098
0.171776
0.268794
0.246442
0.184199
0.262958
0.208294
0.299406
0.287032
0.219533
0.190863
0.205737
0.183310
0.203029
0.148696
0.183612
0.254405
0.117737
0.177865
0.124999
0.216453
0.193948
0.202162
0.152256
0.194508
0.135932
0.197141
0.178410
0.267678
0.236818
0.206609
0.219125
0.133937
0.140637
0.179181
0.232184
0.163955
0.248795
0.191998
0.196700
0.193410
0.157255
0.205137
0.152526
0.225888
0.184017
0.169171
0.133222
0.141264
0.202879
0.151977
0.207252
0.145045
0.188763
0.192688
0.208107
0.168132
0.096657
0.127023
0.159726
0.132414
0.229951
0.163334
0.285857
0.298830
0.237595
0.216336
0.211057
0.182757
0.160683
0.152938
0.230870
0.301419
0.213746
0.135587
0.136083
0.174346
0.207294
0.151233
0.173563
0.138239
0.135114
0.200680
0.199593
0.211839
0.239014
0.205239
0.202244
0.261787
0.133339
0.117725
0.202845
0.213040
0.104464
0.256370
0.249030
0.244231
0.134498
0.283794
0.215866
0.189705
0.198663
0.175781
0.199337
0.143418
0.233704
0.318309
0.208590
0.100688
0.170010
0.138760
0.186116
0.164360
0.128528
0.246029
0.234092
0.112190
0.105049
0.305040
0.159374
0.145167
0.169662
0.268576
0.161380
0.166105
0.251710
0.210836
0.188768
0.158535
0.145870
0.145185
0.148085
0.195385
0.163657
0.171179
0.227090
0.122312
0.172745
0.175428
0.206686
0.188887
0.204545
0.178102
0.200042
0.153779
0.149242
0.190428
0.153785
0.205813
0.241995
0.160403
0.192615
0.227875
0.156875
0.136163
0.213125
0.153943
0.159115
0.118973
0.105186
0.128457
0.160607
0.165749
0.169554
0.186836
0.158272
0.216434
0.150561
0.160428
0.167928
0.277653
0.221277
0.167296
0.275704
0.165094
0.270828
0.149808
0.148347
0.211070
0.219653
0.136213
0.155507
0.265322
0.142570
0.184654
0.170517
0.195321
0.134047
0.203859
0.161790
0.192753
0.112808
0.114513
0.291182
0.246197
0.192302
0.234590
0.213248
0.195221
0.166880
0.174508
0.099628
0.140990
0.167697
0.144211
0.228359
0.182961
0.149053
0.185667
0.163072
0.157792
0.141314
0.110358
0.253398
0.160558
0.162045
0.164200
0.161281
0.156442
0.223742
0.214076
0.150187
0.158553
0.150379
0.165273
0.148319
0.205337
0.252043
0.144193
0.237576
0.149719
0.209839
0.150646
0.159694
0.139007
0.184573
0.137688
0.179644
0.242022
0.188016
0.183666
0.153437
0.109588
0.216790
0.137903
0.210342
0.165590
0.206411
0.121970
0.168925
0.170452
0.257028
0.176870
0.126626
0.155656
0.131957
0.212080
0.140823
0.188933
0.098035
0.140647
0.278453
0.172041
0.168550
0.122787
0.239017
0.118424
0.157908
0.199608
0.227839
0.208474
0.163637
0.158793
0.177109
0.191831
0.183311
0.166332
0.179420
0.119269
0.196582
0.165010
0.104486
0.156030
0.143126
0.142011
0.164267
0.194867
0.260686
0.168117
0.152264
0.106618
0.122150
0.144788
0.140608
0.171381
0.096158
0.174402
0.120805
0.189223
0.170139
0.153997
0.189696
0.189362
0.196423
0.222509
0.204413
0.214276
0.231138
0.160384
0.244168
0.115759
0.139721
0.214916
0.145195
0.137366
0.143190
0.157562
0.125775
0.170612
0.146239
0.162200
0.183492
0.212841
0.201446
0.147237
0.149609
0.155937
0.165095
0.105768
0.180329
0.127372
0.219730
0.158282
0.186912
0.181000
0.159846
0.205239
0.152539
0.285091
0.142657
0.185084
0.203914
0.181702
0.227573
0.171775
0.148376
0.182268
0.234889
0.154714
0.205710
0.169069
0.178109
0.192568
0.197015
0.147813
0.214965
0.171980
0.183346
0.227976
0.239218
0.175385
0.084757
0.132405
0.175010
0.185168
0.155875
0.219659
0.201848
0.155736
0.194098
0.192696
0.193416
0.167268
0.162590
0.138679
0.156336
0.229456
0.253688
0.166840
0.154603
0.137799
0.180768
0.165744
0.131916
0.132725
0.190911
0.132119
0.167448
0.156300
0.175807
0.153747
0.178883
0.190605
0.124399
0.151685
0.168424
0.219822
0.129306
0.121020
0.266002
0.165538
0.183556
0.141140
0.171595
0.233513
0.221117
0.226116
0.159965
0.116848
0.126813
0.175739
0.146591
0.196087
0.180479
0.189158
0.159011
0.179832
0.127051
0.116610
0.113706
0.138455
0.084143
0.245836
0.187024
0.209664
0.109522
0.124917
0.129719
0.203840
0.161820
0.293659
0.141809
0.163540
0.149770
0.174904
0.154651
0.166384
0.191288
0.175924
0.188658
0.116610
0.157912
0.315304
0.166505
0.259703
0.158095
0.184220
0.168903
0.169497
0.155819
0.168564
0.212358
0.251158
0.239578
0.130841
0.153986
0.233740
0.172324
0.170868
0.258654
0.175435
0.152864
0.226241
0.178673
0.186224
0.212077
0.168603
0.306007
0.322697
0.157618
0.199368
0.171590
0.180772
0.135708
0.170648
0.175610
0.232371
0.286101
0.215274
0.230929
0.182350
0.217417
0.227422
0.155135
0.166707
0.237174
0.221041
0.140701
0.189094
0.184580
0.175419
0.191375
0.211860
0.299542
0.229489
0.172864
0.136902
0.132918
0.212487
0.155535
0.161288
0.253426
0.206365
0.197958
0.170702
0.211897
0.278241
0.135375
0.198781
0.211877
0.189381
0.150701
0.248758
0.125938
0.188025
0.176141
0.180339
0.173095
0.171503
0.253113
0.148642
0.141784
0.142008
0.179635
0.159648
0.208640
0.120744
0.133646
0.214379
0.253793
0.130519
0.189978
0.204726
0.187630
0.178464
0.172142
0.189369
0.134533
0.122607
0.200065
0.180025
0.101978
0.128143
0.190414
0.138035
0.198529
0.156684
0.214970
0.165657
0.119791
0.126521
0.155014
0.182433
0.205532
0.180800
0.158044
0.187512
0.151778
0.208612
0.148077
0.192633
0.142061
0.131748
0.256432
0.216547
0.172120
0.158094
0.185966
0.194418
0.195667
0.205381
0.169844
0.175942
0.112004
0.144696
0.187813
0.142555
0.173788
0.228169
0.154517
0.214200
0.194128
0.120023
0.121139
0.155930
0.100639
0.136398
0.182255
0.145735
0.137770
0.120842
0.211788
0.164202
0.158110
0.155149
0.193310
0.120352
0.140359
0.178821
0.156609
0.147723
0.146955
0.203373
0.215518
0.147383
0.165788
0.192003
0.134728
0.166010
0.120122
0.254765
0.146001
0.188259
0.119021
0.176945
0.144781
0.113623
0.161172
0.166778
0.142599
0.147700
0.151314
0.184626
0.189472
0.113133
0.119972
0.349214
0.128602
0.185458
0.242933
0.144516
0.182051
0.108818
0.163208
0.085164
0.197036
0.108282
0.163608
0.212600
0.225788
0.219971
0.147356
0.172162
0.160840
0.167200
0.258133
0.209141
0.143214
0.153737
0.120917
0.188086
0.131147
0.216398
0.177830
0.149415
0.256765
0.169807
0.225594
0.199734
0.231658
0.127218
0.148680
0.170331
0.135051
0.149518
0.219366
0.153925
0.175749
0.247636
0.151338
0.178948
0.153456
0.136887
0.222311
0.156604
0.214681
0.237694
0.184036
0.215908
0.238578
0.162813
0.261118
0.190788
0.160058
0.187784
0.195852
0.127067
0.199260
0.241808
0.150379
0.261870
0.158399
0.108625
0.128865
0.177256
0.200984
0.237090
0.169720
0.121756
0.291444
0.242789
0.135096
0.192270
0.168260
0.216417
0.211098
0.170589
0.191816
0.175736
0.184892
0.239734
0.181692
0.130628
0.195909
0.198833
0.105981
0.159093
0.167119
0.192660
0.149282
0.181324
0.211995
0.229629
0.168823
0.218600
0.229859
0.195154
0.290715
0.232139
0.149309
0.230366
0.164834
0.183121
0.182271
0.235661
0.141092
0.115209
0.209186
0.148612
0.104714
0.162415
0.127671
0.250950
0.192042
0.134603
0.144236
0.118549
0.160755
0.130981
0.148575
0.145007
0.151122
0.162493
0.181625
0.278105
0.120699
0.240929
0.125837
0.133163
0.167698
0.193623
0.189872
0.226926
0.227777
0.130848
0.273799
0.184642
0.136325
0.192497
0.147729
0.142930
0.187837
0.212266
0.128221
0.140189
0.162405
0.103272
0.206967
0.178706
0.132674
0.129702
0.179697
0.154146
0.123058
0.166233
0.153357
0.169024
0.221190
0.122777
0.135636
0.130907
0.233768
0.112324
0.185264
0.190978
0.177122
0.169632
0.182935
0.208294
0.108584
0.171331
0.247842
0.173384
0.210637
0.157957
0.149599
0.159891
0.120275
0.159858
0.186785
0.217876
0.104925
0.183898
0.130890
0.119195
0.245415
0.190495
0.170062
0.247691
0.210119
0.102258
0.157740
0.134226
0.190057
0.124658
0.195961
0.115362
0.098065
0.088311
0.158011
0.189032
0.118100
0.140137
0.171888
0.192796
0.149658
0.123049
0.215966
0.135417
0.212101
0.163248
0.188048
0.119939
0.177873
0.139396
0.134681
0.188366
0.159441
0.169734
0.138445
0.176251
0.157741
0.179877
0.171470
0.077866
0.208867
0.151025
0.096740
0.222370
0.161198
0.128768
0.158324
0.123396
0.123157
0.135796
0.180265
0.156241
0.165396
0.117100
0.178105
0.131244
0.203295
0.169692
0.120914
0.098761
0.156818
0.163379
0.199532
0.110916
0.175148
0.170047
0.225364
0.159838
0.138165
0.145379
0.126551
0.177910
0.254049
0.152681
0.138931
0.227521
0.159259
0.137348
0.251278
0.112281
0.128835
0.134971
0.090143
0.182166
0.132657
0.208120
0.153199
0.116335
0.157570
0.142822
0.126148
0.214113
0.138385
0.170820
0.127925
0.172504
0.147974
0.191002
0.129268
0.188368
0.247148
0.152640
0.127535
0.184375
0.198640
0.216070
0.116345
0.136890
0.135643
0.155257
0.214992
0.101486
0.150340
0.220862
0.111104
0.220431
0.235206
0.193918
0.134331
0.134956
0.188302
0.167217
0.149607
0.147632
0.141743
0.153348
0.104345
0.237954
0.175803
0.214720
0.145903
0.185416
0.214694
0.179685
0.188007
0.190122
0.169693
0.170585
0.143260
0.227295
0.162827
0.198959
0.172511
0.120120
0.137354
0.169426
0.187388
0.144038
0.192722
0.262522
0.203385
0.107685
0.369779
0.143552
0.159907
0.279661
0.271432
0.124156
0.192266
0.096009
0.154045
0.099501
0.177562
0.159845
0.161650
0.235018
0.199953
0.144736
0.172232
0.104926
0.197687
0.152287
0.278420
0.182234
0.118129
0.110760
0.198525
0.107328
0.145634
0.165247
0.232970
0.161962
0.166659
0.169375
0.207788
0.109038
0.123653
0.236470
0.176103
0.119867
0.151525
0.096081
0.177113
0.191593
0.123781
0.167937
0.259916
0.145140
0.156404
0.180831
0.130368
0.207369
0.237599
0.147923
0.153373
0.157886
0.167353
0.146104
0.172781
0.130071
0.176575
0.117155
0.153901
0.164369
0.150403
0.135878
0.179346
0.203745
0.158127
0.112915
0.203486
0.141761
0.192328
0.069710
0.134010
0.199960
0.206472
0.156006
0.279697
0.160031
0.096145
0.242098
0.216304
0.239750
0.123069
0.134087
0.165477
0.140199
0.162349
0.157631
0.200873
0.183890
0.098112
0.204956
0.158416
0.126110
0.147913
0.243153
0.183294
0.146537
0.125792
0.168211
0.119765
0.179098
0.176591
0.180198
0.125882
0.133408
0.154900
0.132591
0.171154
0.121798
0.128456
0.108438
0.165953
0.247848
0.247763
0.144507
0.180652
0.157067
0.113477
0.120258
0.155701
0.144742
0.149956
0.227563
0.165882
0.097032
0.130172
0.180697
0.147277
0.200113
0.231688
0.173041
0.245539
0.184794
0.255489
0.177984
0.193146
0.203118
0.147606
0.145747
0.183070
0.190358
0.139566
0.136457
0.205319
0.154169
0.201650
0.111047
0.107846
0.180193
0.312325
0.238057
0.132306
0.166784
0.200331
0.216649
0.219357
0.164711
0.176176
0.165200
0.124847
0.205119
0.198180
0.180175
0.154549
0.218592
0.201864
0.260712
0.174077
0.146475
0.207415
0.223342
0.146069
0.244859
0.167711
0.159662
0.160854
0.215362
0.278144
0.173994
0.175942
0.119523
0.208028
0.234193
0.251122
0.216177
0.170408
0.105257
0.146460
0.178159
0.228066
0.193238
0.255607
0.172175
0.195058
0.114904
0.155511
0.215508
0.116715
0.198825
0.220005
0.142887
0.157005
0.162235
0.194754
0.210857
