217	91	122	94
217	88	121	95
217	89	118	91
216	88	120	90
215	90	120	87
213	90	119	86
211	91	119	83
207	95	120	81
207	96	121	79
203	97	121	78
201	98	122	77
200	98	122	77
198	99	122	77
197	100	122	77
195	101	122	77
196	103	122	77
196	110	120	76
197	111	120	76
198	113	118	76
200	113	117	76
202	115	115	76
202	115	115	77
202	118	114	76
203	119	113	76
203	120	113	76
203	121	112	77
204	122	112	77
203	123	112	77
204	123	111	78
204	125	111	78
204	126	111	78
205	127	111	79
205	127	111	79
205	127	111	80
206	128	110	80
206	130	111	80
206	130	110	80
205	131	111	80
205	132	111	80
205	133	111	80
204	134	111	79
202	135	111	79
201	135	111	80
200	136	112	79
198	136	113	79
197	137	113	79
196	137	113	80
195	137	113	79
194	137	114	80
194	138	114	79
193	138	114	79
191	137	115	80
191	138	116	79
190	139	117	79
189	138	118	79
190	138	118	79
189	137	119	79
188	138	120	79
188	138	120	79
189	138	119	79
189	138	120	79
188	137	120	79
188	136	121	79
188	136	122	79
186	135	123	79
186	136	124	79
184	135	124	79
183	135	126	80
182	134	127	79
181	134	129	80
181	135	130	79
180	136	131	79
180	136	132	78
179	136	133	78
179	136	133	78
178	137	134	78
179	137	134	78
179	137	134	78
179	138	134	79
180	138	134	79
180	138	134	80
181	138	134	81
181	140	135	80
182	139	135	81
181	140	136	81
182	139	137	81
182	141	138	80
183	141	138	80
184	141	138	80
184	141	139	81
185	141	138	81
186	143	138	81
188	142	138	81
189	143	138	81
190	143	137	81
191	143	137	82
191	143	137	82
193	142	136	82
193	142	137	82
193	141	137	83
194	140	137	83
194	138	137	85
194	139	137	84
194	137	138	84
194	139	137	83
193	138	138	83
194	137	139	84
194	136	138	83
194	135	139	84
193	133	140	84
193	134	140	83
193	132	140	84
193	131	140	84
192	130	139	84
191	129	140	83
191	128	139	83
191	127	138	84
191	126	135	83
190	125	137	84
190	126	136	84
189	126	134	84
188	125	136	84
188	125	134	84
187	126	134	84
186	126	134	84
185	126	134	84
186	125	133	85
186	126	133	84
185	126	133	84
185	126	133	85
186	127	133	84
187	127	133	84
186	127	134	84
186	127	134	84
187	129	134	83
188	130	134	83
188	129	134	84
190	129	134	84
189	130	133	83
190	130	134	84
191	130	133	84
192	130	132	84
192	130	131	85
191	130	132	84
192	129	133	85
192	129	134	84
191	128	133	85
192	127	134	85
193	128	134	85
194	127	135	85
193	127	135	85
194	127	135	85
194	126	136	85
194	126	135	85
195	125	135	85
194	125	135	85
194	123	136	85
193	124	137	85
193	122	137	86
194	121	137	85
193	123	137	83
193	120	137	84
193	121	136	84
194	120	136	85
195	119	135	84
195	119	133	84
194	118	134	84
194	118	133	84
194	117	133	84
194	117	133	84
193	116	133	84
192	115	134	85
193	115	133	85
192	114	133	84
194	113	132	85
194	112	132	85
195	111	132	85
195	111	132	85
197	110	132	84
198	109	132	85
199	110	134	84
198	108	133	85
200	109	133	84
202	108	132	85
202	106	132	85
203	106	132	84
204	106	132	84
205	105	132	84
205	106	130	84
205	106	129	84
206	107	130	85
206	107	130	85
206	108	129	85
205	109	130	85
207	110	130	85
206	111	129	84
206	112	130	85
206	113	129	84
206	114	129	84
207	115	130	85
208	117	129	85
208	117	129	84
209	118	129	85
210	121	129	85
210	121	129	85
210	123	129	85
210	123	129	85
211	125	128	85
211	127	129	85
211	128	129	85
211	129	129	84
211	129	130	84
211	129	130	85
210	129	130	85
210	130	130	85
210	130	130	85
209	131	129	85
208	131	129	86
208	130	129	87
208	131	129	86
209	130	129	86
208	131	129	86
209	131	129	87
209	132	129	86
209	131	129	87
209	132	129	87
210	131	128	87
211	131	129	87
212	131	128	86
212	130	130	86
214	129	130	87
214	129	129	86
215	128	130	87
216	127	130	87
218	126	131	86
219	125	132	86
219	125	132	85
220	124	133	85
221	124	133	85
222	124	133	85
224	123	132	84
225	123	133	85
225	122	133	85
226	122	134	85
228	122	133	85
229	122	134	85
230	122	134	85
230	122	135	85
231	121	135	85
233	122	135	85
234	121	135	85
234	121	136	85
236	121	135	85
237	122	136	85
238	121	136	85
239	122	135	85
240	122	136	85
240	122	137	85
240	122	138	85
239	123	138	85
240	123	138	86
241	124	138	85
240	124	137	86
240	123	138	87
240	124	136	86
241	125	137	86
242	125	137	86
242	126	135	85
241	125	137	86
242	125	137	86
242	126	135	85
242	126	137	86
243	126	135	86
243	126	136	86
243	126	135	85
243	126	137	85
243	128	137	85
243	127	138	85
242	127	137	85
241	127	138	85
242	128	138	85
241	128	138	85
242	129	137	85
241	128	139	85
242	128	138	85
241	128	137	86
242	128	138	85
242	129	137	85
241	129	139	85
240	128	139	85
239	129	139	85
239	129	139	85
240	128	139	85
240	130	140	84
239	129	140	85
239	128	140	85
240	129	138	85
240	129	138	85
240	129	137	85
240	130	137	85
240	130	138	85
240	130	138	85
240	131	138	85
240	131	138	85
240	131	139	85
241	132	139	85
240	131	140	85
241	131	140	86
242	132	140	85
241	132	141	85
242	132	141	85
242	133	142	85
243	133	142	85
243	133	142	84
243	134	142	85
244	134	142	85
245	134	141	84
246	134	141	84
246	135	141	84
248	134	140	84
249	135	139	85
249	135	139	84
251	135	139	85
252	135	138	84
252	135	139	85
252	136	139	84
253	135	139	84
253	134	140	85
255	135	139	84
256	135	139	85
256	135	140	85
257	135	139	85
257	135	139	84
257	135	138	85
257	134	137	84
258	135	137	83
259	135	137	84
259	136	136	83
258	136	135	84
258	136	136	84
258	136	135	84
257	136	135	84
256	136	136	84
255	135	136	85
254	135	136	85
253	135	136	85
250	135	136	85
247	136	135	85
246	136	135	85
244	136	135	84
243	137	135	84
241	136	135	84
240	135	135	85
238	135	135	85
237	135	135	85
237	134	135	84
235	134	135	84
234	133	135	84
233	131	135	85
232	132	135	84
231	131	134	84
229	129	134	84
228	127	134	84
228	126	135	85
227	123	135	85
226	121	135	84
225	120	135	84
225	117	135	84
225	115	135	84
226	111	135	85
226	106	135	85
227	103	135	85
227	97	135	86
229	90	136	87
227	87	137	86
226	84	137	85
224	84	136	84
223	81	136	84
222	79	137	84
222	77	137	84
222	75	136	84
220	72	136	84
220	71	136	83
219	70	136	84
219	68	135	83
219	67	134	84
218	66	134	84
218	65	132	83
218	65	133	83
218	64	132	83
218	65	131	83
219	66	131	84
220	68	131	84
221	70	130	83
220	70	129	84
219	71	130	84
219	72	129	84
219	71	129	85
219	71	128	85
218	72	127	85
219	72	128	86
218	72	128	85
218	72	127	86
219	72	126	86
217	72	127	86
217	71	126	87
217	72	126	87
216	73	126	87
216	72	126	87
217	72	125	88
218	73	124	88
217	74	124	87
217	74	124	88
217	75	124	88
219	75	123	88
219	75	123	88
220	74	123	88
221	74	122	89
221	73	120	89
223	73	120	89
223	75	119	88
223	74	119	89
224	75	119	88
226	74	118	88
227	74	117	89
228	74	117	88
228	74	116	88
229	74	116	88
229	74	116	88
230	73	115	87
232	72	116	88
233	72	115	88
233	72	115	88
234	72	115	88
235	72	115	88
235	72	115	88
236	72	115	87
235	72	115	87
235	73	115	87
235	72	114	88
236	72	114	87
234	73	114	87
234	73	114	87
235	71	114	89
234	71	113	88
234	71	113	89
234	71	112	90
235	72	112	89
235	71	112	89
236	71	111	90
237	71	110	90
238	70	110	91
238	71	110	91
239	70	109	90
240	70	109	90
240	70	109	90
240	71	109	90
241	71	108	91
241	70	107	91
240	70	108	91
240	70	107	91
240	70	108	92
240	71	107	92
241	71	106	90
241	71	106	90
240	71	106	90
240	71	107	90
241	71	108	90
244	72	107	89
245	77	107	88
247	78	106	89
247	77	105	89
248	79	105	90
248	83	104	89
248	85	103	90
247	86	102	90
247	88	100	89
246	89	99	89
248	87	95	89
244	87	95	89
242	86	93	88
241	85	92	87
240	84	91	87
242	82	89	86
240	84	89	85
239	87	88	84
239	87	85	83
237	88	83	82
237	90	80	80
236	91	79	79
237	92	76	77
237	93	75	77
237	96	74	75
237	97	72	73
237	98	70	72
236	99	69	72
236	98	69	72
237	96	70	75
239	93	69	75
239	91	69	75
238	92	69	74
238	93	70	74
236	90	70	75
235	88	72	76
233	85	73	78
234	84	73	78
235	81	73	79
233	80	74	79
233	79	73	79
233	77	73	80
233	75	73	80
234	74	72	81
234	72	71	81
233	70	71	81
233	70	72	82
233	69	71	81
232	68	71	82
232	67	71	83
232	65	71	82
232	64	71	82
232	63	70	83
231	61	70	82
231	61	71	82
230	60	71	82
228	59	71	82
229	58	71	83
229	57	70	82
228	57	71	83
227	56	71	83
229	56	71	83
229	56	70	83
228	56	71	83
228	56	71	82
229	56	71	82
229	57	71	82
229	57	71	82
229	57	71	82
229	57	70	83
230	57	71	82
229	56	70	83
230	56	71	83
230	57	70	82
230	56	70	82
229	56	71	82
231	56	72	82
231	57	73	83
231	55	73	82
232	56	74	83
233	55	74	83
233	56	74	82
233	55	74	83
233	56	75	83
233	55	74	83
233	55	75	83
234	55	75	83
234	55	75	83
234	54	75	83
234	55	75	83
236	55	74	83
236	54	74	83
236	55	75	83
236	54	74	83
236	54	75	83
236	55	75	83
237	54	74	83
237	55	75	84
237	55	73	83
238	55	73	83
239	55	73	83
238	56	73	83
239	56	72	83
242	57	70	82
242	57	69	82
242	58	69	83
243	58	68	82
244	58	67	82
244	58	67	81
243	58	67	82
243	59	67	82
243	58	67	80
242	59	67	81
242	60	66	81
242	60	67	80
242	60	67	80
241	62	66	78
240	62	67	79
240	62	67	78
238	62	67	78
237	63	67	77
238	64	67	77
237	64	67	77
237	65	67	78
237	64	68	78
237	65	67	78
237	65	68	79
237	65	67	79
237	66	67	80
238	65	67	80
237	65	67	81
237	66	67	81
238	66	67	81
237	66	67	82
237	65	66	82
237	66	67	83
237	66	66	83
236	66	67	83
235	66	66	82
236	66	66	83
235	65	67	83
236	65	66	84
237	66	66	84
236	66	66	83
236	66	66	84
237	66	66	84
235	66	66	84
236	66	66	84
237	67	66	84
236	67	66	84
237	68	66	84
237	68	67	84
237	68	67	84
237	69	68	84
237	68	68	83
238	69	67	85
237	70	69	84
239	70	69	84
238	70	69	84
238	71	69	85
239	71	69	84
239	71	68	84
238	72	68	85
239	72	67	84
239	72	67	85
239	72	67	85
240	73	67	85
241	73	67	85
240	73	67	85
241	73	66	86
243	73	65	85
246	74	61	85
249	74	59	85
249	74	59	85
250	75	58	85
251	74	58	85
251	74	58	86
250	74	58	86
250	74	58	86
251	74	58	86
250	73	58	86
251	74	58	85
251	73	58	86
251	73	58	85
252	73	58	85
251	72	58	85
251	72	58	85
251	72	58	84
251	72	58	84
251	72	58	84
250	72	59	83
250	72	59	83
249	72	60	84
250	73	59	83
250	73	58	83
250	73	59	83
252	73	58	84
252	73	58	84
251	73	57	84
251	72	56	85
252	72	56	85
252	72	55	85
252	72	55	85
252	72	54	85
252	71	54	86
252	72	54	85
252	71	53	85
252	71	53	86
252	71	53	85
252	72	52	85
252	71	52	86
252	71	52	85
251	71	52	85
251	72	51	84
250	72	51	84
250	71	50	84
250	71	50	84
249	71	49	84
249	72	50	84
248	72	50	84
248	72	49	84
248	73	49	84
248	72	49	85
248	74	48	84
248	75	48	85
248	80	48	82
248	81	47	82
246	84	47	82
245	87	47	80
245	89	46	79
244	90	46	77
244	93	45	76
244	96	44	75
241	97	45	74
242	98	44	74
242	99	43	74
241	100	44	73
241	102	43	71
241	103	42	70
240	105	41	69
239	105	40	68
240	106	40	67
239	106	40	66
240	105	40	67
239	105	40	67
239	104	40	67
236	104	40	67
233	104	40	68
234	103	40	68
232	103	41	69
232	102	42	70
232	101	42	70
231	102	43	70
232	102	43	69
231	102	44	69
231	102	44	68
231	102	45	67
230	102	46	66
230	102	47	66
230	102	48	66
230	102	48	65
230	102	49	65
230	101	49	65
229	101	50	65
229	102	50	65
229	101	51	65
229	101	51	65
230	101	52	65
229	101	52	65
229	101	53	65
229	100	52	65
230	100	52	65
230	99	52	65
230	99	52	65
230	99	52	65
230	99	51	65
230	99	51	65
231	98	51	65
230	97	51	65
230	97	52	66
230	97	51	65
231	97	51	65
231	97	51	65
230	97	51	65
230	97	51	65
231	97	52	65
231	97	52	65
231	96	51	65
230	97	51	64
231	97	51	64
231	97	51	64
232	96	50	65
232	97	51	65
232	96	51	65
233	96	52	65
233	96	52	66
234	96	52	65
234	97	53	65
234	96	53	64
235	96	54	64
235	97	55	64
235	96	55	64
235	96	55	65
235	95	56	65
235	95	57	64
235	95	57	65
235	94	58	65
235	94	59	65
234	94	60	65
233	93	60	65
233	93	61	65
232	92	61	65
232	91	62	65
231	90	63	65
230	89	63	65
228	88	63	65
227	86	64	65
227	86	65	65
226	84	65	65
226	83	66	65
226	82	66	66
225	80	66	66
225	80	66	65
224	79	67	65
224	78	67	65
223	78	68	65
223	76	68	65
223	76	69	65
222	75	70	64
221	74	71	64
220	74	71	64
220	73	72	64
220	72	72	64
219	72	73	64
220	72	73	64
218	72	73	64
219	72	74	64
219	71	74	64
219	71	74	64
219	71	74	65
219	71	74	64
219	70	74	64
218	71	74	65
218	71	73	64
218	70	74	64
218	70	74	64
217	69	74	65
217	69	74	65
217	69	74	65
218	69	73	65
217	69	74	65
217	69	74	65
217	69	74	65
217	69	74	65
217	69	75	65
217	69	75	65
217	69	75	64
217	69	76	64
216	69	77	64
217	69	76	64
217	69	77	64
217	70	77	64
217	70	77	64
218	69	77	64
217	69	78	64
218	70	77	65
218	69	77	65
218	69	77	65
219	69	77	66
218	69	77	65
219	69	77	65
218	68	77	65
218	69	78	66
217	68	78	65
216	68	79	66
216	69	79	65
214	67	80	66
213	67	81	66
213	68	81	66
211	68	83	66
210	69	83	66
210	68	83	66
209	69	83	66
208	69	84	66
207	69	85	65
208	70	85	65
207	70	85	65
206	70	86	64
206	70	87	63
205	71	88	63
205	71	89	63
204	72	89	63
204	72	90	63
205	71	91	63
205	72	91	63
203	72	92	63
204	72	93	63
203	72	93	63
203	73	94	63
203	73	93	63
202	73	94	63
202	73	94	63
202	73	94	63
202	73	94	63
201	73	95	62
201	73	95	63
202	73	95	63
201	72	94	63
202	72	95	63
202	73	95	63
202	73	94	63
202	72	93	64
202	73	92	64
203	72	92	63
202	73	92	63
203	73	92	63
203	73	92	63
204	73	92	63
203	72	92	63
203	72	92	62
204	73	93	63
203	73	92	62
204	73	92	62
205	72	92	63
205	72	92	63
205	73	92	63
206	73	91	62
206	73	92	62
206	73	91	63
206	73	91	63
207	74	91	63
206	74	92	63
206	74	93	63
205	74	92	63
206	74	92	63
206	74	92	63
206	75	92	63
206	75	91	63
206	75	92	64
206	76	91	63
206	76	91	63
206	76	91	63
207	76	90	62
206	76	91	62
207	77	91	62
206	76	91	63
207	77	90	62
207	77	90	62
206	77	90	62
206	76	90	63
205	77	90	62
205	77	89	62
205	77	89	62
206	77	87	63
205	77	88	62
206	77	87	62
205	78	88	62
204	79	89	61
203	79	89	61
204	79	90	61
203	79	91	61
203	79	90	61
205	80	90	62
205	79	90	62
205	80	90	61
205	80	91	61
206	80	91	61
206	82	91	61
207	81	91	62
207	81	92	61
207	81	92	61
208	81	92	61
209	81	92	61
209	82	93	60
210	82	93	61
211	81	93	61
211	82	93	60
212	82	93	61
212	82	95	60
213	83	94	60
213	84	95	60
214	84	95	60
214	83	96	61
214	84	97	61
214	83	97	61
215	84	96	61
215	84	96	61
214	83	97	61
214	84	97	61
215	84	97	61
214	84	98	61
214	84	98	61
215	84	98	61
214	83	99	61
214	84	99	60
215	84	99	61
214	84	99	60
214	84	100	60
215	84	99	60
215	84	99	61
216	84	99	61
215	84	100	61
215	85	100	61
216	85	100	61
216	85	100	61
216	86	99	61
217	85	99	61
217	86	99	61
217	85	99	62
217	85	98	62
218	85	98	62
218	85	98	62
218	86	97	61
218	86	97	62
219	86	97	62
219	86	97	61
220	85	96	62
221	85	96	62
221	86	95	61
221	86	95	61
222	86	96	61
222	85	95	61
222	86	95	61
222	85	95	62
223	86	94	62
223	85	95	62
223	85	95	61
223	85	94	62
224	85	94	61
225	84	95	62
225	85	95	61
226	85	95	61
226	84	95	62
228	83	95	61
227	84	97	62
228	84	97	62
228	84	97	61
229	85	97	61
229	84	98	61
230	84	97	61
230	85	98	60
230	86	98	60
230	85	99	60
230	85	99	60
231	84	99	61
231	83	99	61
231	84	100	61
231	83	100	61
231	83	101	61
232	83	101	61
232	83	101	61
231	83	102	61
231	83	102	60
231	83	103	60
231	82	103	60
231	82	104	60
231	83	104	60
231	82	105	60
231	83	105	61
230	82	105	61
231	82	105	60
232	83	105	61
231	82	104	61
231	83	104	61
232	84	105	61
232	85	103	61
232	85	103	61
233	85	103	61
233	86	103	61
233	85	103	61
233	86	103	61
233	86	103	60
232	86	103	61
232	86	103	61
232	88	103	60
232	87	103	60
231	87	103	59
231	87	103	59
232	87	102	59
232	87	102	59
230	86	103	59
231	86	101	60
231	86	101	59
230	86	101	59
230	86	101	59
230	85	101	60
230	85	101	59
230	84	101	59
230	84	101	60
230	85	101	60
230	84	100	60
230	85	101	59
230	84	101	59
230	84	101	60
229	83	100	60
230	84	101	59
229	83	101	59
229	83	101	59
228	83	101	59
228	82	101	59
228	82	101	59
229	82	101	59
228	82	101	59
229	82	101	59
229	81	101	59
230	81	101	59
230	81	101	59
230	80	100	60
230	81	101	59
230	81	101	59
230	81	100	59
231	80	100	60
231	81	99	59
231	80	99	59
231	80	99	59
232	79	99	59
232	79	98	60
232	78	98	60
233	78	98	60
233	78	97	60
234	78	96	60
234	77	96	60
233	77	96	60
233	77	96	60
234	76	95	60
234	77	95	60
234	76	95	60
235	76	96	60
236	75	95	60
236	75	95	60
236	75	94	60
237	74	95	60
238	74	95	60
239	74	94	60
238	73	94	60
239	73	94	59
239	74	94	60
240	73	94	59
239	73	94	59
240	73	95	59
240	73	94	59
239	74	94	59
240	74	95	59
240	74	94	59
240	74	95	58
241	75	95	58
241	74	94	58
241	75	94	58
240	75	94	58
240	74	95	59
241	74	95	59
240	75	94	59
240	75	94	59
239	75	94	59
240	74	94	59
239	75	93	59
239	75	94	59
239	75	94	59
238	74	94	59
238	74	95	59
238	74	94	58
238	75	94	58
238	74	93	58
238	74	93	58
238	74	93	58
238	74	93	58
238	74	92	59
238	74	93	59
238	73	92	59
237	72	92	59
238	73	92	59
238	73	92	59
238	72	91	58
238	72	91	58
238	72	92	58
238	71	91	58
239	71	90	58
238	71	91	58
238	71	91	58
239	71	90	58
238	70	91	58
238	70	91	58
240	70	90	58
239	69	90	59
240	68	90	59
240	69	89	58
240	68	90	58
240	69	89	58
241	69	89	58
240	68	88	58
242	68	88	58
240	69	88	58
242	69	87	58
242	68	86	59
242	68	87	58
242	67	87	59
242	68	86	58
243	68	86	58
242	68	86	58
242	68	86	58
242	68	86	58
242	68	86	58
243	67	86	58
243	68	86	58
243	68	86	58
243	68	86	58
243	68	86	58
243	68	86	58
244	67	85	58
244	68	86	58
245	68	85	58
246	68	86	58
246	68	86	58
247	68	85	59
247	68	85	60
249	68	84	59
248	69	84	60
249	70	84	59
250	70	83	59
250	71	83	59
251	71	82	59
251	71	82	59
251	71	83	59
250	71	83	59
251	71	83	60
251	71	82	60
252	71	82	59
252	70	82	60
252	71	82	59
252	71	82	59
252	71	82	59
252	71	82	60
253	70	82	60
253	71	83	59
253	70	83	59
253	69	82	59
253	70	82	59
253	70	82	59
254	69	83	60
254	68	82	60
254	68	83	59
254	68	83	60
254	68	83	59
254	67	83	59
254	67	83	60
254	67	82	59
254	66	83	59
254	66	83	59
254	67	82	59
255	66	82	59
254	66	81	59
255	66	82	59
255	66	81	59
254	66	80	59
255	66	80	59
255	65	79	59
254	65	79	59
255	65	79	59
254	64	79	60
253	64	78	60
254	64	77	60
253	63	77	60
253	63	77	60
254	64	75	60
253	63	75	60
252	63	75	60
253	63	74	59
253	63	75	59
253	63	74	60
252	63	75	60
253	63	75	60
253	63	76	60
252	63	76	60
251	62	78	60
251	62	77	60
251	62	78	60
252	61	78	60
251	61	77	60
251	61	77	60
252	61	77	60
252	61	76	60
253	61	76	60
252	61	76	60
253	61	75	60
252	61	75	60
253	60	74	60
253	60	74	60
254	60	74	60
253	60	74	60
254	61	73	60
254	60	73	60
254	61	72	60
255	60	72	59
256	60	71	59
256	60	70	59
257	59	69	60
257	59	68	59
258	59	67	59
258	58	66	60
259	58	66	60
259	57	65	60
260	58	64	60
261	58	63	60
261	57	63	60
262	57	62	61
263	57	62	61
264	57	61	61
265	57	61	60
267	57	60	61
268	56	59	61
269	56	59	61
270	56	58	61
272	56	58	61
272	56	57	61
273	56	57	61
274	55	57	61
275	55	57	62
275	57	57	61
277	55	57	62
278	55	57	61
277	56	57	61
279	55	56	62
280	55	56	62
280	54	56	61
282	55	56	61
284	54	54	61
286	54	52	62
287	54	51	62
288	53	52	61
288	53	52	61
288	53	52	61
288	52	51	62
289	53	52	61
289	53	52	62
290	52	51	61
289	52	51	62
289	53	51	61
290	52	52	61
290	53	51	62
290	53	51	61
290	52	51	61
291	52	51	61
291	52	50	61
290	52	51	61
291	52	51	61
291	51	51	62
290	52	51	61
290	52	51	62
291	52	50	61
291	52	50	61
290	51	50	62
290	51	50	62
291	52	50	61
291	51	50	61
291	51	49	61
290	51	49	61
290	51	49	61
291	51	49	61
290	51	49	61
290	51	49	61
290	51	49	61
290	50	48	61
290	50	48	61
290	49	48	61
289	49	47	61
288	49	47	61
289	49	47	61
288	48	46	61
288	49	46	61
287	49	46	60
288	48	45	61
287	48	45	61
287	49	45	60
287	48	45	61
286	48	44	61
286	49	44	61
286	48	44	61
286	48	43	61
285	49	43	61
285	49	43	61
284	48	43	61
284	48	44	61
284	50	43	61
284	49	42	61
284	49	43	61
284	50	42	61
283	50	42	61
284	50	42	61
284	51	42	61
284	51	42	61
285	51	42	61
284	52	41	61
285	52	41	61
285	53	41	61
285	53	42	61
285	53	42	60
284	53	41	60
285	53	41	61
284	54	39	61
285	54	39	61
285	55	39	61
285	54	39	61
285	54	39	61
285	55	39	60
284	55	39	60
285	55	39	62
285	55	39	61
285	55	39	61
285	55	39	61
286	54	39	61
286	55	38	61
285	55	38	61
286	55	39	61
287	55	38	62
286	55	38	62
287	55	38	61
286	55	38	62
286	55	38	61
286	55	39	61
286	55	38	61
286	55	38	62
286	54	38	62
286	54	38	62
285	55	38	61
285	55	38	61
285	55	38	61
284	55	38	61
283	56	38	61
283	55	39	61
283	55	39	61
282	55	38	61
282	56	39	62
282	56	39	61
282	55	39	62
281	56	39	62
280	55	39	62
280	56	39	62
280	57	39	62
280	57	40	61
279	57	40	62
279	57	40	61
279	57	40	62
278	57	41	62
279	58	41	61
279	58	41	61
277	58	41	61
278	58	42	61
279	57	41	61
277	57	43	61
276	58	44	61
276	58	44	61
276	57	45	61
276	57	46	61
276	58	46	61
275	57	47	61
275	57	47	62
276	58	48	61
275	58	48	62
275	58	48	63
276	57	48	62
275	57	49	62
275	58	49	63
276	58	49	63
276	58	50	62
276	57	50	63
276	58	50	63
277	57	50	63
277	58	50	64
277	58	51	63
278	58	50	64
277	59	50	64
278	58	50	64
278	58	50	64
278	59	49	63
278	59	50	64
279	59	49	64
279	59	49	64
278	59	49	64
279	59	49	64
278	59	49	64
278	59	49	64
278	60	49	64
278	60	49	64
277	60	49	64
277	61	49	64
276	61	49	64
276	61	49	64
276	61	49	64
276	61	49	64
276	61	49	64
276	60	49	65
275	61	49	64
275	61	49	65
275	61	49	65
275	61	50	65
274	62	49	65
274	62	50	64
273	62	50	65
273	62	50	65
273	62	51	64
272	62	51	64
272	62	52	63
271	62	52	64
271	62	52	64
270	62	53	64
270	62	53	64
269	62	53	64
269	62	53	64
268	62	54	64
269	62	54	64
269	62	54	64
268	62	54	64
269	62	54	64
269	62	54	64
269	62	54	64
268	61	55	64
270	62	54	64
269	62	54	64
269	61	55	64
271	61	55	64
270	61	55	65
271	61	56	64
271	61	56	64
271	61	56	65
272	61	56	65
271	61	56	65
272	61	56	65
272	61	56	65
272	60	56	65
272	60	57	65
272	59	57	65
272	60	57	66
272	59	57	65
273	60	58	65
273	59	58	65
273	60	58	65
272	59	59	66
272	59	59	65
272	59	59	65
271	59	59	65
271	58	59	65
271	59	59	65
271	59	59	65
270	58	59	65
271	58	59	65
271	57	59	65
270	57	58	65
271	57	58	65
272	57	58	65
271	56	58	66
271	56	57	65
272	56	57	66
272	55	57	66
272	56	56	65
272	56	56	65
272	55	56	66
273	56	56	66
272	55	55	66
274	55	55	66
274	55	55	66
274	56	55	66
274	55	54	66
274	56	54	66
275	56	53	66
276	56	52	66
275	56	53	66
274	55	53	66
275	55	53	66
276	54	52	66
276	55	52	66
275	54	52	66
277	54	51	67
277	55	51	66
277	54	51	66
276	54	51	66
277	54	51	67
277	54	51	66
278	54	51	66
278	55	51	65
279	55	51	65
278	55	52	65
279	55	52	65
279	56	52	65
280	56	53	65
281	55	53	65
281	55	54	64
282	54	54	64
283	55	54	64
284	54	54	63
285	54	55	62
287	54	55	61
288	54	55	61
287	54	55	61
288	54	57	60
289	54	57	60
289	54	57	60
290	55	57	60
291	54	58	60
291	54	58	60
292	55	58	60
291	54	59	60
292	55	59	60
292	55	59	60
292	55	59	61
290	54	60	61
291	54	61	61
290	54	62	61
289	54	63	61
289	54	64	60
288	53	65	60
287	53	65	60
286	54	67	60
286	54	68	60
284	54	69	60
284	55	70	59
283	55	71	59
282	55	72	59
281	55	73	59
281	55	74	59
280	56	75	58
279	56	77	58
279	56	77	58
277	56	78	58
277	56	78	58
277	57	79	57
275	56	81	57
275	58	81	57
275	57	82	57
274	56	82	57
275	57	81	58
274	57	81	58
275	57	81	57
275	57	81	57
274	57	81	57
275	57	81	57
274	57	81	57
274	58	81	57
274	58	81	57
273	57	81	57
272	57	81	57
273	57	82	57
272	56	82	58
271	56	83	58
270	57	83	58
270	57	84	58
269	56	85	58
268	56	86	58
268	56	87	58
266	56	88	58
266	56	89	58
265	56	89	58
264	55	90	58
264	55	90	58
264	56	90	58
262	56	92	57
262	57	93	57
261	57	93	57
260	57	94	57
260	57	94	57
261	57	94	57
259	57	94	57
259	57	94	57
259	56	95	58
258	56	95	58
258	57	95	57
257	56	95	57
256	57	95	57
256	57	96	57
255	56	96	58
254	56	96	58
254	55	96	58
254	55	97	58
253	55	96	58
253	55	96	58
254	55	97	58
253	55	96	58
254	56	96	58
253	54	97	59
254	55	97	58
254	55	97	58
254	55	96	58
253	54	97	58
254	55	97	58
254	55	97	58
254	56	96	57
255	55	97	58
254	56	97	57
255	55	97	57
255	56	98	57
254	55	98	57
255	55	98	58
