0.005571
0.037046
0.037812
0.036184
0.040034
0.039250
0.035950
0.034977
0.034494
0.034214
0.037971
0.035362
0.034421
0.039049
0.034493
0.034358
0.034684
0.034248
0.034346
0.034535
0.034019
0.034799
0.034961
0.041111
0.034588
0.034340
0.034469
0.034115
0.034347
0.034258
0.034369
0.034571
0.034603
0.034941
0.035055
0.035289
0.038347
0.034796
0.035348
0.034409
0.034596
0.034578
0.034422
0.034596
0.033879
0.034215
0.033113
0.031684
0.031372
0.031414
0.030872
0.030217
0.031503
0.030501
0.030420
0.031259
0.032285
0.031618
0.032450
0.033965
0.033868
0.033627
0.033192
0.032629
0.032151
0.031777
0.031762
0.031932
0.032919
0.033852
0.033601
0.033267
0.033083
0.033241
0.033554
0.033387
0.033891
0.033594
0.033924
0.033543
0.033043
0.033557
0.034602
0.032384
0.032008
0.031574
0.030563
0.030806
0.030300
0.026700
0.026020
0.026075
0.025765
0.026623
0.025634
0.025607
0.025016
0.024785
0.025899
0.025057
0.024575
0.024453
0.024749
0.023971
0.023422
0.023098
0.024152
0.024620
0.023362
0.024183
0.023168
0.023888
0.023367
0.023688
0.023350
0.023159
0.023104
0.022284
0.022508
0.022508
0.021958
0.023761
0.023835
0.023273
0.023325
0.023632
0.023070
0.023779
0.023686
0.023798
0.023810
0.023904
0.024020
0.024062
0.023545
0.025015
0.024682
0.024489
0.024604
0.024016
0.025220
0.025303
0.024825
0.024513
0.024315
0.024430
0.025373
0.024537
0.024668
0.024228
0.025213
0.024941
0.024293
0.024631
0.024227
0.024493
0.023642
0.023231
0.023928
0.023937
0.023724
0.023649
0.023795
0.023464
0.023729
0.022987
0.022911
0.022609
0.022272
0.021629
0.022266
0.021688
0.021500
0.021103
0.020904
0.020862
0.020328
0.019827
0.020329
0.020872
0.021082
0.020415
0.020480
0.020733
0.020911
0.020707
0.019750
0.019718
0.020107
0.020070
0.020560
0.021085
0.020792
0.020366
0.020378
0.020414
0.020348
0.020357
0.020259
0.020526
0.020550
0.020269
0.020116
0.020141
0.020114
0.020336
0.020249
0.019839
0.020717
0.021412
0.021317
0.021832
0.020673
0.020835
0.020665
0.020642
0.021119
0.020367
0.020765
0.020786
0.021138
0.020778
0.020999
0.021470
0.020553
0.020772
0.021656
0.021784
0.021506
0.021104
0.021416
0.020955
0.021491
0.020642
0.020308
0.020370
0.020726
0.020661
0.020636
0.021524
0.022755
0.022105
0.022076
0.022115
0.022003
0.021065
0.020531
0.020128
0.020060
0.019983
0.020249
0.020009
0.020152
0.020224
0.021066
0.022114
0.024062
0.023698
0.024110
0.023750
0.023912
0.024298
0.024888
0.024777
0.024649
0.024846
0.024827
0.024157
0.023967
0.026136
0.024744
0.024145
0.024214
0.023134
0.024333
0.025167
0.025032
0.025038
0.024762
0.024575
0.024843
0.024681
0.024281
0.024710
0.024864
0.024600
0.024453
0.024159
0.026130
0.024620
0.024648
0.024454
0.024549
0.024842
0.024625
0.024455
0.024709
0.024173
0.024456
0.024640
0.024158
0.024470
0.025023
0.024421
0.024513
0.024272
0.027076
0.028980
0.027633
0.026635
0.026196
0.026819
0.027313
0.027184
0.026839
0.028379
0.027144
0.026318
0.027247
0.025425
0.024503
0.025459
0.026881
0.028738
0.027938
0.026918
0.031172
0.027658
0.027722
0.028546
0.026402
0.028732
0.027565
0.028428
0.028270
0.031455
0.027740
0.027164
0.026729
0.024746
0.025172
0.028863
0.027601
0.028166
0.028187
0.029310
0.036612
0.029615
0.028296
0.028483
0.027555
0.027421
0.027993
0.028170
0.027768
0.029166
0.029141
0.028300
0.027842
0.028123
0.027241
0.027873
0.028706
0.027064
0.027885
0.027668
0.027016
0.027546
0.027876
0.027776
0.027724
0.027430
0.028346
0.028089
0.029371
0.027755
0.027453
0.027221
0.027745
0.028204
0.029864
0.027493
0.026567
0.029794
0.026285
0.026376
0.025930
0.026936
0.026088
0.028181
0.027637
0.025537
0.025369
0.026429
0.025579
0.027069
0.026719
0.025943
0.026851
0.025623
0.026039
0.025252
0.025774
0.026955
0.024927
0.028077
0.030678
0.025977
0.023976
0.023634
0.024126
0.023693
0.023708
0.023257
0.023431
0.023299
0.022743
0.023151
0.023230
0.023650
0.023148
0.024112
0.022807
0.022462
0.023455
0.022658
0.023561
0.022740
0.023460
0.023208
0.025627
0.022386
0.023837
0.023142
0.022846
0.023236
0.022620
0.023190
0.022957
0.023136
0.022942
0.026107
0.023790
0.023921
0.023719
0.023553
0.024474
0.023429
0.023357
0.023326
0.024521
0.023433
0.023113
0.023756
0.023169
0.023491
0.023596
0.023291
0.023073
0.023066
0.023437
0.023168
0.023205
0.023248
0.023722
0.023165
0.022887
0.023550
0.023433
0.023084
0.023315
0.023362
0.023157
0.023237
0.023476
0.023183
0.023841
0.023311
0.023773
0.023592
0.023663
0.023077
0.022800
0.022434
0.022706
0.022741
0.022228
0.023448
0.022692
0.023690
0.023502
0.025126
0.024790
0.024106
0.023709
0.022950
0.023021
0.022765
0.023299
0.023098
0.023418
0.023242
0.023655
0.023109
0.023017
0.022975
0.023077
0.024068
0.022809
0.023219
0.022584
0.023352
0.023033
0.022364
0.022479
0.022725
0.022313
0.022244
0.021997
0.022146
0.023275
0.022979
0.022609
0.023764
0.022788
0.023272
0.022657
0.022604
0.022269
0.021819
0.022231
0.021866
0.022378
0.022061
0.021979
0.022115
0.022184
0.021887
0.021915
0.021924
0.022061
0.022012
0.022278
0.022171
0.021968
0.022015
0.022507
0.022194
0.022405
0.021946
0.022295
0.022347
0.022655
0.022505
0.022943
0.022486
0.022694
0.022708
0.022279
0.021795
0.021895
0.021948
0.022323
0.022623
0.022410
0.022925
0.022506
0.022111
0.022052
0.022588
0.022074
0.022223
0.021771
0.022037
0.021852
0.024173
0.022566
0.021902
0.022589
0.022776
0.021909
0.022065
0.021900
0.021851
0.021982
0.021755
0.022388
0.021999
0.021888
0.022202
0.022091
0.022144
0.022527
0.023852
0.022946
0.023805
0.022683
0.023115
0.022613
0.022985
0.023436
0.023271
0.023528
0.023580
0.022404
0.022334
0.022801
0.024092
0.022932
0.023569
0.022526
0.023166
0.023467
0.023241
0.023072
0.023232
0.023060
0.023506
0.022913
0.022447
0.023665
0.023281
0.023716
0.023674
0.023499
0.023429
0.023058
0.022859
0.022745
0.022844
0.022839
0.022448
0.022478
0.022864
0.022283
0.022502
0.023000
0.022340
0.022913
0.022524
0.022350
0.022701
0.023066
0.022964
0.022725
0.022743
0.023113
0.022589
0.022606
0.022773
0.023610
0.022563
0.022344
0.022263
0.022946
0.025162
0.023685
0.022816
0.025252
0.022419
0.022243
0.023840
0.021472
0.022098
0.022032
0.027143
0.027189
0.027538
0.033753
0.027172
0.025065
0.024472
0.024342
0.024375
0.023257
0.023747
0.023481
0.024081
0.023818
0.023821
0.023802
0.023253
0.023436
0.023382
0.023412
0.023682
0.023375
0.023594
0.024692
0.024475
0.024196
0.024162
0.025348
0.024522
0.025290
0.024513
0.025086
0.025131
0.025638
0.025195
0.025399
0.025316
0.024077
0.024976
0.023927
0.023628
0.023613
0.024786
0.023941
0.025081
0.024162
0.024852
0.028036
0.024649
0.025561
0.024842
0.025477
0.026068
0.024709
0.027489
0.024920
0.024582
0.024793
0.023709
0.027820
0.023847
0.024998
0.024482
0.024742
0.023881
0.024160
0.024018
0.023701
0.024187
0.023702
0.024740
0.024236
0.023609
0.023526
0.023364
0.024839
0.026718
0.024026
0.023753
0.023321
0.024163
0.023945
0.024633
0.024784
0.025787
0.025297
0.025033
0.025080
0.024693
0.024928
0.025139
0.024374
0.025930
0.025115
0.025278
0.036934
0.025432
0.024240
0.024580
0.024235
0.023311
0.023571
0.024149
0.025191
0.023858
0.024546
0.025764
0.029037
0.023898
0.024005
0.023729
0.023746
0.023597
0.023370
0.022411
0.022985
0.022908
0.022909
0.023733
0.023225
0.023711
0.023022
0.023509
0.023352
0.023131
0.023298
0.023023
0.023854
0.023414
0.022134
0.022706
0.022017
0.021404
0.021606
0.021629
0.021492
0.021291
0.022009
0.021546
0.023238
0.023542
0.022613
0.022191
0.021216
0.021430
0.021214
0.021411
0.021210
0.021071
0.022430
0.021359
0.021621
0.021917
0.021248
0.021038
0.021651
0.021890
0.021315
0.021057
0.021524
0.021148
0.021150
0.021126
0.021659
0.021234
0.021045
0.021345
0.022128
0.022126
0.021859
0.021771
0.021770
0.021776
0.022446
0.021856
0.021537
0.021898
0.021487
0.022231
0.021622
0.021399
0.021378
0.021725
0.021936
0.021994
0.022009
0.021554
0.021698
0.021625
0.021253
0.021473
0.022144
0.021708
0.021650
0.021918
0.021502
0.022027
0.021372
0.021538
0.021810
0.021281
0.021246
0.021362
0.021432
0.021213
0.021162
0.021269
0.021750
0.021643
0.021707
0.021686
0.021492
0.022077
0.021723
0.021723
0.021567
0.021471
0.021331
0.021304
0.021462
0.021158
0.021300
0.021461
0.021224
0.021381
0.021042
0.021197
0.021406
0.022024
0.021804
0.021459
0.021358
0.021651
0.021334
0.021332
0.023424
0.021620
0.021516
0.021404
0.021294
0.021375
0.021419
0.022275
0.021386
0.021530
0.020662
0.020621
0.020806
0.020799
0.020734
0.021479
0.021097
0.020652
0.020873
0.020514
0.022122
0.020694
0.021247
0.021273
0.020908
0.021249
0.021311
0.020878
0.020728
0.020721
0.020676
0.021009
0.021270
0.020924
0.020739
0.021020
0.020761
0.020561
0.021127
0.021158
0.021665
0.021473
0.021816
0.021665
0.022047
0.021995
0.021684
0.021693
0.021456
0.021406
0.021702
0.021242
0.021851
0.022945
0.024163
0.023252
0.022719
0.022416
0.022487
0.022432
0.022298
0.022484
0.022476
0.022849
0.023146
0.022402
0.022314
0.022412
0.022825
0.022628
0.022572
0.022308
0.022465
0.022853
0.024204
0.024591
0.024184
0.023592
0.023074
0.023612
0.023381
0.023271
0.023365
0.023423
0.023812
0.023541
0.023737
0.023770
0.024055
0.023583
0.023777
0.024812
0.024205
0.023908
0.025478
0.024463
0.023963
0.025346
0.023762
0.023496
0.023659
0.023641
0.023991
0.023784
0.023583
0.023906
0.025200
0.024085
0.023780
0.023343
0.023299
0.023368
0.023937
0.023345
0.023042
0.023707
0.023434
0.023654
0.023329
0.023372
0.023737
0.023696
0.023423
0.023575
0.024733
0.023121
0.023020
0.024295
0.023021
0.023209
0.022802
0.023458
0.022997
0.022820
0.023874
0.022913
0.022527
0.023271
0.023193
0.024047
0.022156
0.021135
0.021796
0.022130
0.021004
0.021156
0.020834
0.020344
0.020341
0.020345
0.020286
0.020561
0.020934
0.020525
0.020254
0.020347
0.020961
0.020938
0.020878
0.021370
0.020509
0.021021
0.021038
0.020702
0.020958
0.021688
0.021966
0.020963
0.021770
0.020801
0.020881
0.021441
0.022030
0.021540
0.021169
0.021277
0.021748
0.020988
0.020957
0.021319
0.021136
0.021368
0.021187
0.020648
0.021692
0.021170
0.020530
0.020941
0.021040
0.021181
0.021563
0.021304
0.021359
0.022278
0.020834
0.021199
0.020882
0.020807
0.020495
0.020442
0.020282
0.020345
0.020747
0.020449
0.020641
0.020919
0.020552
0.020582
0.020659
0.021795
0.020450
0.021108
0.020804
0.020765
0.020922
0.020732
0.022132
0.020616
0.020771
0.020999
0.020890
0.020810
0.021030
0.021368
0.020971
0.022209
0.022246
0.023215
0.022725
0.022127
0.024529
0.021925
0.022096
0.022034
0.022223
0.022275
0.023431
0.022988
0.024225
0.023730
0.023221
0.022868
0.022817
0.022769
0.022810
0.023053
0.023036
0.022715
0.022834
0.022217
0.022555
0.022067
0.022924
0.023316
0.022684
0.022646
0.022877
0.022781
0.022753
0.022839
0.022573
0.022884
0.022859
0.023012
0.023897
0.026717
0.024969
0.025161
0.028639
0.026675
0.028577
0.026154
0.025731
0.029850
0.025644
0.026334
0.026052
0.025896
0.025990
0.025963
0.026103
0.025444
0.026055
0.033368
0.026185
0.026715
0.027719
0.026564
0.026306
0.025393
0.026130
0.026316
0.026033
0.025201
0.025775
0.025410
0.024913
0.026482
0.026056
0.025930
0.025247
0.025227
0.025671
0.025017
0.025216
0.025832
0.026098
0.025959
0.025972
0.026398
0.026158
0.025782
0.025749
0.026088
0.025893
0.025787
0.026473
0.026565
0.026370
0.026170
0.025460
0.025935
0.025944
0.026256
0.026395
0.026634
0.028464
0.026826
0.026389
0.026549
0.026295
0.026051
0.026558
0.025779
0.026098
0.025948
0.024688
0.025677
0.025474
0.026748
0.026402
0.025337
0.025371
0.026473
0.025787
0.025434
0.025633
0.026598
0.025827
0.025449
0.025497
0.026354
0.026819
0.025609
0.026242
0.027370
0.025682
0.024901
0.025962
0.026839
0.026321
0.026637
0.026259
0.025581
0.025297
0.025722
0.027072
0.026436
0.026725
0.025406
0.025404
0.025092
0.025319
0.026466
0.025913
0.025634
0.025232
0.024893
0.025455
0.025633
0.026834
0.025925
0.026469
0.026219
0.026773
0.025185
0.025643
0.024699
0.025370
0.025755
0.026477
0.025364
0.025243
0.025373
0.024977
0.025614
0.025294
0.025161
0.025893
0.025042
0.025509
0.026321
0.025803
0.025653
0.025921
0.025923
0.025663
0.025774
0.025703
0.025621
0.025484
0.026438
0.026807
0.025830
0.025529
0.026132
0.025850
0.025171
0.025586
0.025427
0.025822
0.026355
0.028718
0.026120
0.026312
0.025535
0.026460
0.026256
0.026085
0.030601
0.025851
0.025721
0.027225
0.028750
0.026299
0.027220
0.030668
0.026750
0.029583
0.029842
0.026575
0.026946
0.026807
0.026486
0.027078
0.026698
0.026806
0.026515
0.026712
0.026614
0.027353
0.027022
0.026808
0.026691
0.027374
0.026694
0.027368
0.028515
0.027599
0.027198
0.027017
0.029095
0.027862
0.027272
0.028194
0.026927
0.026972
0.027245
0.027566
0.027477
0.028928
0.026943
0.026937
0.028249
0.027936
0.027322
0.027498
0.027466
0.027419
0.027391
0.027493
0.027098
0.027309
0.027176
0.027821
0.027458
0.027758
0.027764
0.027520
0.027411
0.027770
0.028023
0.027547
0.026760
0.026948
0.027045
0.027308
0.026629
0.026907
0.027355
0.027041
0.026867
0.027391
0.026879
0.027672
0.026996
0.027192
0.027124
0.027297
0.027577
0.027345
0.027280
0.028374
0.027117
0.026844
0.027230
0.027565
0.027981
0.027040
0.027354
0.027942
0.027307
0.027115
0.026927
0.027124
0.027128
0.027521
0.027226
0.027169
0.026987
0.026954
0.026844
0.027153
0.027319
0.027450
0.027435
0.027484
0.027005
0.027260
0.026762
0.027245
0.026853
0.027057
0.027352
0.027195
0.027073
0.026686
0.027477
0.027316
0.027339
0.027087
0.026979
0.027232
0.027099
0.026794
0.027569
0.027289
0.027085
0.027171
0.026688
0.026939
0.027482
0.027293
0.026794
0.027073
0.026719
0.027289
0.027934
0.027275
0.027025
0.027080
0.026532
0.027136
0.026774
0.026820
0.026953
0.027746
0.026995
0.027245
0.027074
0.027022
0.027721
0.027641
0.026611
0.027496
0.026803
0.026913
0.027434
0.027525
0.027309
0.027055
0.027341
0.027233
0.027215
0.027751
0.027119
0.027069
0.027147
0.027071
0.027073
0.027337
0.026735
0.027222
0.026874
0.026747
0.026691
0.027189
0.027277
0.027042
0.030982
0.028173
0.027290
0.027178
0.027001
0.027258
0.026960
0.027200
0.026711
0.026937
0.027047
0.027096
0.026832
0.027980
0.034220
0.026675
0.026339
0.026801
0.026858
0.026701
0.026718
0.026913
0.026305
0.026271
0.027066
0.026532
0.027257
0.026572
0.026302
0.026501
0.026232
0.026792
0.026495
0.027071
0.027606
0.026787
0.026141
0.026498
0.027294
0.026867
0.026629
0.026562
0.030617
0.026630
0.025867
0.026310
0.026136
0.025852
0.026845
0.029049
0.026268
0.028785
0.028908
0.025471
0.025662
0.025736
0.025690
0.025731
0.026031
0.026044
0.025628
0.025564
0.025339
0.025869
0.025913
0.025819
0.025684
0.026785
0.025405
0.026082
0.026132
0.025989
0.025660
0.025917
0.027514
0.026720
0.026114
0.026250
0.025687
0.025719
0.025679
0.025584
0.025621
0.025970
0.026206
0.026238
0.026057
0.025741
0.025705
0.025618
0.025414
0.025877
0.026623
0.025883
0.025796
0.027010
0.026013
0.026369
0.026664
0.025369
0.025620
0.025828
0.025456
0.025769
0.025739
0.025788
0.025922
0.025537
0.025783
0.025652
0.025614
0.025722
0.025272
0.025720
0.026041
0.025553
0.025163
0.025995
0.026079
0.031973
0.027821
0.027100
0.027200
0.028564
0.028867
0.027305
0.027499
0.027889
0.027540
0.027476
0.027817
0.027061
0.027723
0.027491
0.028132
0.027621
0.027040
0.027591
0.027037
0.027237
0.027395
0.027903
0.026886
0.026919
0.027791
0.027158
0.026337
0.026748
0.026999
0.026885
0.026669
0.026722
0.026325
0.026842
0.026891
0.026729
0.026887
0.026966
0.026897
0.026858
0.026519
0.026582
0.026472
0.026258
0.026417
0.026336
0.026267
0.027101
0.026139
0.026569
0.026356
0.026676
0.026722
0.026738
0.026455
0.026820
0.026369
0.026856
0.026547
0.026726
0.026578
0.026429
0.026414
0.027047
0.026514
0.026912
0.026410
0.026105
0.026433
0.027863
0.027573
0.027124
0.026312
0.026509
0.025823
0.026922
0.026455
0.026367
0.026431
0.026625
0.026352
0.026359
0.027313
0.026161
0.026294
0.026578
0.026446
0.026119
0.026531
0.026263
0.026492
0.026403
0.026433
0.026766
0.026221
0.026364
0.027113
0.027160
0.026540
0.026117
0.027178
0.026554
0.025829
0.026356
0.026661
0.026339
0.027115
0.025872
0.025868
0.030946
0.028296
0.025563
0.026801
0.025751
0.026015
0.025788
0.025603
0.025209
0.027032
0.025393
0.027694
0.028477
0.025091
0.025311
0.024553
0.025185
0.025394
0.025312
0.028030
0.025397
0.025829
0.025898
0.026069
0.025676
0.025971
0.025402
0.025878
0.026951
0.025753
0.026179
0.027048
0.026355
0.027170
0.026661
0.027117
0.026546
0.027790
0.026838
0.028232
0.027020
0.026603
0.026581
0.026699
0.027492
0.028030
0.027278
0.027527
0.028005
0.026949
0.027946
0.027692
0.027443
0.027141
0.027578
0.027543
0.027371
0.026722
0.027182
0.028351
0.027087
0.027456
0.027512
0.026792
0.026966
0.026735
0.027331
0.026908
0.026864
0.026741
0.027384
0.026413
0.026653
0.026197
0.026718
0.026750
0.026736
0.026801
0.026915
0.026703
0.026958
0.027177
0.028942
0.026305
0.026245
0.026079
0.026811
0.025786
0.026533
0.026514
0.026562
0.026862
0.026552
0.026789
0.026672
0.026919
0.026870
0.026885
0.026790
0.026922
0.026930
0.027355
0.026798
0.026655
0.027076
0.026772
0.027033
0.027332
0.026876
0.026530
0.026655
0.025855
0.026239
0.026384
0.026281
0.026558
0.026144
0.025904
0.026278
0.025749
0.025900
0.025836
0.027272
0.026063
0.027041
0.026711
0.026934
0.027464
0.026406
0.027349
0.027211
0.027754
0.027837
0.027254
0.026822
0.034390
0.032403
0.031596
0.031913
0.031210
0.031067
0.034805
0.031636
0.031134
0.031638
0.031039
0.031250
0.031563
0.030957
0.032535
0.031375
0.031577
0.030778
0.031222
0.031612
0.031171
0.032677
0.031689
0.031836
0.031707
0.030855
0.031677
0.031772
0.031668
0.031528
0.030608
0.032198
0.030954
0.030874
0.030282
0.030107
0.030152
0.030461
0.029697
0.029868
0.029700
0.029916
0.029402
0.032497
0.030247
0.030260
0.030840
0.030109
0.032190
0.029284
0.028615
0.029481
0.030416
0.030089
0.029745
0.029073
0.029668
0.029601
0.029376
0.029933
0.029293
0.029373
0.029393
0.029455
0.029703
0.029349
0.030100
0.029917
0.029891
0.031029
0.031104
0.030646
0.030270
0.030499
0.029538
0.029306
0.029000
0.029298
0.030767
0.030434
0.031022
0.031575
0.031160
0.030771
0.029833
0.029878
0.029612
0.029990
0.030114
0.029614
0.029624
0.030010
0.030321
0.031543
0.032389
0.030932
0.030627
0.031069
0.030250
0.029819
0.028751
0.039766
0.029519
0.029498
0.029139
0.028657
0.028598
0.029238
0.028936
0.028773
0.028782
0.029474
0.029433
0.030566
0.028821
0.030649
0.029875
0.031354
0.030985
0.030358
0.029345
0.029379
0.032667
0.031384
0.030036
0.029640
0.029274
0.029403
0.028890
0.029411
0.028677
0.030464
0.028737
0.029218
0.028926
0.029083
0.029012
0.028546
0.029009
0.029096
0.028858
0.029024
0.029510
0.029415
0.029948
0.029477
0.029400
0.029430
0.028932
0.030182
0.028946
0.028954
0.029236
0.029249
0.029675
0.029083
0.028999
0.029704
0.029339
0.030334
0.031746
0.031031
0.031464
0.031666
0.031071
0.030882
0.030207
0.030492
0.029557
0.030099
0.030174
0.030312
0.029999
0.030314
0.030437
0.030622
0.029893
0.031527
0.030356
0.029964
0.029855
0.029866
0.029148
0.029181
0.029330
0.029555
0.028937
0.028895
0.029411
0.029231
0.029173
0.029231
0.028764
0.028860
0.028664
0.029241
0.029221
0.028726
0.029084
0.029571
0.028422
0.029131
0.028974
0.028998
0.028816
0.029253
0.029427
0.029383
0.028897
0.029855
0.029146
0.029201
0.028524
0.028571
0.028904
0.028420
0.028119
0.028773
0.032231
0.029361
0.029225
0.031440
0.031205
0.030668
0.029090
0.029367
0.029242
0.030037
0.029386
0.029798
0.029026
0.029138
0.029499
0.033751
0.029604
0.029420
0.035497
0.031474
0.031626
0.031271
0.030883
0.031168
0.030521
0.031731
0.030823
0.030566
0.031132
0.030383
0.029521
0.029215
0.030012
0.030250
0.029945
0.029859
0.028522
0.028733
0.029084
0.028065
0.029960
0.032212
0.027873
0.027695
0.028161
0.027644
0.027152
0.029729
0.030574
0.028882
0.029550
0.028581
0.028370
0.027844
0.028951
0.029260
0.033782
0.033331
0.030128
0.029603
0.026776
0.025836
0.027117
0.026464
0.026394
0.027342
0.027981
0.027173
0.026624
0.026819
0.026335
0.027185
0.026128
0.026413
0.027079
0.026262
0.026385
0.027471
0.026009
0.026228
0.027991
0.027362
0.026589
0.026294
0.026272
0.026172
0.026748
0.026619
0.026733
0.027511
0.026939
0.026626
0.026007
0.026601
0.029143
0.025920
0.025705
0.024844
0.024792
0.025636
0.025020
0.025491
0.024839
0.025289
0.024895
0.025394
0.025131
0.027040
0.026153
0.026831
0.026384
0.025822
0.026174
0.026268
0.026004
0.025977
0.026369
0.027658
0.026785
0.026155
0.026232
0.026839
0.027360
0.026782
0.026673
0.028021
0.027761
0.027594
0.027138
0.027277
0.027155
0.027091
0.026780
0.026435
0.026628
0.026545
0.026806
0.027006
0.027480
0.026840
0.026024
0.027722
0.026600
0.027159
0.026711
0.027011
0.026831
0.026808
0.027128
0.027097
0.026500
0.026847
0.026891
0.027056
0.026887
0.026641
0.026576
0.027051
0.026902
0.027925
0.027372
0.027641
0.027659
0.027522
0.027662
0.027214
0.027465
0.026958
0.027877
0.026872
0.026464
0.026587
0.026893
0.026422
0.026493
0.026684
0.027211
0.026658
0.027528
0.027405
0.027349
0.027136
0.026748
0.026331
0.029209
0.027492
0.026690
0.026512
0.026675
0.026544
0.027174
0.026450
0.026983
0.027127
0.027457
0.026609
0.026951
0.026270
0.027241
0.026513
0.026428
0.027210
0.026534
0.026794
0.026414
0.026398
0.026550
0.026424
0.025914
0.027023
0.026630
0.026755
0.027053
0.026983
0.027030
0.026307
0.027342
0.025945
0.026098
0.025978
0.027418
0.027478
0.028100
0.027095
0.028704
0.026909
0.026886
0.027022
0.026721
0.026364
0.026513
0.027176
0.029571
0.027095
0.027042
0.026368
0.026608
0.026864
0.028713
0.026427
0.026455
0.027407
0.027137
0.026543
0.027508
0.026877
0.030361
0.027310
0.026081
0.029167
0.027058
0.026492
0.026699
0.028047
0.025550
0.025766
0.025960
0.027514
0.026922
0.026220
0.026187
0.027724
0.027322
0.026886
0.026378
0.026604
0.026006
0.025960
0.026126
0.027430
0.025759
0.025858
0.027421
0.027239
0.026932
0.027756
0.027930
0.027126
0.028702
0.028214
0.026668
0.026480
0.026396
0.026942
0.027416
0.027430
0.027486
0.027696
0.027131
0.027131
0.026690
0.027108
0.027850
0.027345
0.027042
0.026809
0.027100
0.027170
0.026844
0.027340
0.027773
0.027688
0.027786
0.027472
0.027279
0.027487
0.028488
0.027564
0.027187
0.027289
0.027362
0.026997
0.028291
0.027394
0.028614
0.028465
0.028092
0.028177
0.027844
0.027232
0.027742
0.028445
0.027807
0.027759
0.028684
0.027901
0.027770
0.027965
0.027585
0.028305
0.027478
0.027720
0.028242
0.028078
0.027513
0.027912
0.027915
0.027903
0.027271
0.027699
0.029706
0.031003
0.030784
0.030662
0.028917
0.028977
0.028149
0.028319
0.028548
0.028445
0.027939
0.028695
0.027770
0.027581
0.028324
0.028101
0.029490
0.029056
0.028629
0.028624
0.028595
0.028024
0.029538
0.028502
0.028715
0.028392
0.039597
0.029142
0.028181
0.028752
0.029848
0.029557
0.028390
0.028478
0.027865
0.028139
0.027831
0.027632
0.027831
0.027888
0.027478
0.027260
0.027428
0.027614
0.027137
0.027589
0.027304
0.026910
0.027649
0.027581
0.027541
0.026952
0.027344
0.027217
0.027234
0.027182
0.027146
0.027316
0.027457
0.027101
0.027239
0.027036
0.027310
0.027514
0.027646
0.027769
0.027461
0.027307
0.026895
0.027014
0.026592
0.026252
0.027366
0.027445
0.027786
0.027905
0.027392
0.027483
0.028066
0.027927
0.027375
0.027699
0.027688
0.027265
0.028093
0.028095
0.028294
0.027484
0.027204
0.028063
0.027527
0.027412
0.027684
0.027266
0.027349
0.027912
0.027907
0.028934
0.027895
0.027846
0.027754
0.027942
0.028529
0.028624
0.028207
0.028232
0.027921
0.028542
0.028042
0.028226
0.027776
0.026831
0.026215
0.026977
0.027328
0.026783
0.026806
0.027919
0.026556
0.027897
0.026766
0.026479
0.026928
0.026844
0.026672
0.025944
0.027518
0.026877
0.026769
0.026372
0.026509
0.026419
0.026665
0.027183
0.026158
0.026768
0.026340
0.026706
0.027299
0.026433
0.027039
0.026230
0.026117
0.027346
0.026871
0.027192
0.027347
0.026509
0.026965
0.026467
0.026488
0.026630
0.026577
0.027405
0.026903
0.027163
0.027645
0.027448
0.027120
0.027784
0.027711
0.028166
0.027786
0.027335
0.026583
0.027248
0.026253
0.026581
0.026641
0.027000
0.027094
0.027286
0.027337
0.027702
0.028086
0.028571
0.027901
0.027981
0.028217
0.026987
0.027668
0.027574
0.027339
0.027014
0.027179
0.026989
0.027353
0.028232
0.027854
0.029220
0.028711
0.027975
0.027608
0.028289
0.028169
0.026751
0.026931
0.026343
0.026150
0.026151
0.026609
0.026758
0.028131
0.026864
0.026387
0.026988
0.026470
0.025830
0.026783
0.026407
0.027935
0.026903
0.026695
0.026345
0.026382
0.026494
0.026039
0.026556
0.026446
0.026577
0.025994
0.026249
0.027018
0.026578
0.026819
0.026426
0.026683
0.026848
0.026900
0.027038
0.026417
0.027511
0.026531
0.026587
0.026746
0.026588
0.026004
0.027184
0.027601
0.026772
0.026747
0.026910
0.026851
0.026675
0.026197
0.026483
0.026509
0.026912
0.026233
0.026892
0.027278
0.026762
0.027456
0.026683
0.026547
0.026243
0.026610
0.026372
0.027256
0.026055
0.027136
0.027128
0.026869
0.026483
0.026312
0.026783
0.026715
0.026363
0.026315
0.026636
0.027100
0.026553
0.026408
0.026287
0.026059
0.026247
0.026566
0.026616
0.026485
0.027074
0.026617
0.026646
0.026727
0.026746
0.026569
0.026470
0.026576
0.027451
0.026738
0.027683
0.026860
0.027007
0.027205
0.029572
0.026930
0.027428
0.026890
0.026818
0.026891
0.026798
0.026604
0.026933
0.026511
0.026883
0.026758
0.026824
0.026819
0.026973
0.027961
0.027110
0.027023
0.026860
0.026680
0.027155
0.026549
0.026952
0.026918
0.026998
0.026615
0.026614
0.026679
0.026837
0.027039
0.026979
0.026764
0.027082
0.026417
0.026826
0.026487
0.029155
0.026581
0.026299
0.027207
0.027312
0.027245
0.027094
0.026989
0.026799
0.026755
0.026973
0.026743
0.028042
0.026783
0.027116
0.026755
0.026896
0.028627
0.027221
0.026495
0.026614
0.027062
0.028382
0.027271
0.028452
0.027285
0.027803
0.027163
0.026890
0.027449
0.027668
0.027340
0.027182
0.027381
0.031919
0.029479
0.028501
0.028423
0.027741
0.027126
0.027783
0.027627
0.028108
