0.037276
0.125532
0.216236
0.156230
0.115017
0.176197
0.149046
0.161008
0.072203
0.177249
0.186483
0.138861
0.160430
0.138691
0.144977
0.148458
0.189388
0.138175
0.096249
0.152288
0.172684
0.159501
0.143056
0.140130
0.132655
0.145196
0.118574
0.180634
0.139081
0.172559
0.105857
0.125334
0.141305
0.155443
0.143122
0.168038
0.150284
0.107762
0.126544
0.129620
0.172019
0.123616
0.109536
0.136797
0.085531
0.131538
0.159696
0.112485
0.151055
0.158734
0.141433
0.211745
0.149216
0.143937
0.094060
0.152899
0.129099
0.154130
0.166872
0.201948
0.252061
0.121064
0.178964
0.110153
0.155779
0.129809
0.144602
0.122276
0.165959
0.175425
0.176487
0.125473
0.155521
0.139060
0.110500
0.135788
0.141355
0.180742
0.153734
0.111370
0.111524
0.115775
0.144411
0.097464
0.228871
0.143613
0.153910
0.170388
0.173432
0.194330
0.212694
0.112383
0.126196
0.159435
0.125286
0.161676
0.155680
0.122064
0.173584
0.136788
0.094099
0.115557
0.114415
0.134396
0.128004
0.125984
0.120637
0.126142
0.112123
0.145886
0.085548
0.173141
0.120257
0.111560
0.109730
0.151877
0.186698
0.138319
0.313440
0.171942
0.184601
0.086762
0.145596
0.145281
0.121280
0.187792
0.119865
0.176308
0.084286
0.206632
0.119649
0.109631
0.151991
0.169173
0.165373
0.106402
0.184091
0.124372
0.162049
0.150514
0.129184
0.110223
0.108722
0.106008
0.111943
0.090209
0.178885
0.187969
0.141954
0.210723
0.140327
0.124979
0.156584
0.176322
0.090874
0.141374
0.146893
0.148923
0.097981
0.135487
0.197126
0.108672
0.108348
0.110553
0.112216
0.167650
0.168780
0.188434
0.156553
0.154454
0.109385
0.160163
0.110193
0.148983
0.120296
0.145022
0.175049
0.179978
0.153935
0.132021
0.199866
0.104005
0.169495
0.157198
0.115707
0.211209
0.195885
0.169631
0.123898
0.134452
0.152580
0.130194
0.149247
0.138875
0.112928
0.136152
0.126944
0.111010
0.125276
0.139420
0.132884
0.163628
0.105944
0.185370
0.162160
0.198555
0.154952
0.127710
0.139110
0.127709
0.133063
0.107790
0.144228
0.159344
0.141367
0.193782
0.139006
0.089423
0.157509
0.107675
0.115970
0.183150
0.157434
0.132555
0.115026
0.174100
0.110207
0.174758
0.096455
0.157675
0.160975
0.128113
0.086454
0.174897
0.190867
0.188504
0.155317
0.145098
0.113040
0.135346
0.136880
0.172713
0.121490
0.150588
0.183281
0.109333
0.137381
0.145854
0.112021
0.111476
0.157452
0.085212
0.188108
0.154342
0.172427
0.165927
0.151751
0.159664
0.183001
0.126949
0.183721
0.124006
0.160703
0.145065
0.124555
0.147112
0.144654
0.139811
0.171644
0.183376
0.138009
0.124531
0.130661
0.162431
0.168812
0.191627
0.162954
0.151609
0.127854
0.151805
0.130882
0.139657
0.102101
0.170522
0.175644
0.166656
0.148266
0.139891
0.102869
0.136675
0.160772
0.096364
0.134440
0.108746
0.104977
0.157669
0.142976
0.151640
0.145203
0.146822
0.138643
0.155760
0.124334
0.136902
0.112730
0.139251
0.121317
0.131473
0.182088
0.124165
0.171676
0.212596
0.137602
0.235582
0.146946
0.151951
0.132689
0.138566
0.185212
0.110618
0.126711
0.152055
0.091637
0.157333
0.183148
0.155719
0.156335
0.141144
0.168719
0.153117
0.123187
0.143091
0.145682
0.245563
0.147952
0.115973
0.155202
0.153661
0.117801
0.093775
0.119190
0.117735
0.118477
0.128478
0.114676
0.125037
0.139014
0.133492
0.185860
0.138808
0.139250
0.136076
0.114016
0.117878
0.162257
0.193371
0.151459
0.154142
0.135469
0.144306
0.155868
0.125221
0.134506
0.152787
0.154556
0.165525
0.129645
0.128505
0.161286
0.111548
0.086153
0.150313
0.089549
0.106872
0.108561
0.129471
0.113301
0.125675
0.136481
0.176750
0.161773
0.172776
0.162010
0.122352
0.151205
0.161093
0.109179
0.158347
0.117385
0.122477
0.140167
0.147264
0.118868
0.116339
0.123228
0.158080
0.126126
0.106350
0.173385
0.108230
0.111766
0.194821
0.143084
0.180948
0.157035
0.204534
0.199985
0.175469
0.142664
0.116924
0.117606
0.134741
0.145640
0.170887
0.132337
0.143799
0.135988
0.076202
0.214120
0.104768
0.154549
0.155588
0.112304
0.146325
0.172754
0.129879
0.161244
0.088077
0.203827
0.156992
0.132381
0.144820
0.169574
0.136585
0.181202
0.190004
0.175065
0.112755
0.129011
0.188271
0.114635
0.143695
0.123547
0.114632
0.142294
0.158211
0.097964
0.120867
0.153225
0.102669
0.128217
0.131890
0.140943
0.153564
0.101949
0.124419
0.111445
0.132045
0.127010
0.180298
0.137890
0.175329
0.154830
0.161905
0.166893
0.144541
0.186843
0.155320
0.174384
0.172959
0.090903
0.180389
0.178851
0.146853
0.170351
0.203827
0.103338
0.083774
0.185130
0.109388
0.114007
0.173910
0.156275
0.117612
0.128787
0.171682
0.130066
0.112755
0.122178
0.189360
0.180709
0.187611
0.140919
0.182874
0.122781
0.210862
0.115546
0.146299
0.124733
0.167444
0.155160
0.134430
0.125802
0.133709
0.118785
0.101815
0.136174
0.165607
0.122554
0.158942
0.119610
0.166954
0.143996
0.100620
0.217812
0.138499
0.125991
0.139143
0.145134
0.141045
0.182376
0.153970
0.128216
0.108950
0.192259
0.144113
0.171633
0.150406
0.144670
0.108286
0.109845
0.139904
0.147558
0.164406
0.124144
0.145873
0.132984
0.130224
0.169084
0.127707
0.094822
0.269309
0.139323
0.095869
0.171064
0.119735
0.102494
0.138181
0.132592
0.188116
0.173257
0.172679
0.171100
0.157685
0.137417
0.142269
0.127154
0.198502
0.161684
0.159154
0.181558
0.159631
0.171882
0.182820
0.143382
0.105752
0.119582
0.156681
0.136719
0.129852
0.157821
0.122604
0.140512
0.116738
0.121636
0.166651
0.141987
0.098593
0.115919
0.149856
0.080696
0.166132
0.145781
0.136451
0.162385
0.166512
0.158949
0.143724
0.159525
0.161747
0.129707
0.086293
0.170187
0.137547
0.142371
0.160896
0.082180
0.221796
0.119704
0.161246
0.122092
0.114505
0.141506
0.126560
0.110701
0.182462
0.160178
0.133273
0.188777
0.199224
0.203490
0.106162
0.140748
0.127097
0.084018
0.090365
0.267564
0.137396
0.145293
0.173655
0.163462
0.185606
0.152347
0.217222
0.157801
0.123786
0.212588
0.111944
0.099890
0.119458
0.141818
0.136571
0.128844
0.121963
0.136419
0.161256
0.145764
0.147015
0.130623
0.158987
0.157457
0.134027
0.137982
0.158377
0.136971
0.133681
0.140945
0.155075
0.101126
0.123952
0.147410
0.118725
0.099168
0.156636
0.121625
0.153217
0.159395
0.132969
0.138173
0.086068
0.162688
0.114856
0.120548
0.113586
0.199664
0.156508
0.170587
0.109807
0.122659
0.084195
0.132271
0.134723
0.107586
0.102971
0.134914
0.123678
0.133815
0.150870
0.186958
0.131458
0.149428
0.151969
0.169215
0.168540
0.147411
0.165990
0.140838
0.165065
0.171789
0.125963
0.164922
0.170671
0.165143
0.192118
0.161057
0.216303
0.162084
0.103552
0.147115
0.215830
0.194973
0.098618
0.119094
0.177754
0.144928
0.151576
0.196105
0.158518
0.160780
0.186725
0.137545
0.132490
0.172406
0.172366
0.136350
0.130122
0.135553
0.173075
0.183682
0.208942
0.184651
0.129138
0.114009
0.208753
0.126100
0.156017
0.142792
0.139145
0.137374
0.153544
0.121203
0.200449
0.163519
0.196968
0.182186
0.103546
0.200913
0.165972
0.139072
0.179999
0.163847
0.108456
0.185751
0.165796
0.139453
0.161396
0.145761
0.150925
0.138633
0.133060
0.215868
0.123916
0.206517
0.206258
0.207148
0.127314
0.121654
0.161998
0.143335
0.150782
0.147996
0.148185
0.177003
0.184231
0.160552
0.221888
0.110787
0.125589
0.118557
0.175977
0.106395
0.138695
0.165918
0.108945
0.129540
0.165586
0.150436
0.110450
0.134904
0.167846
0.224573
0.150130
0.125789
0.130197
0.118989
0.192393
0.189866
0.112114
0.150700
0.155763
0.149770
0.181316
0.167915
0.101590
0.138115
0.136448
0.107805
0.107768
0.172470
0.122885
0.124035
0.134128
0.102048
0.172765
0.166051
0.208161
0.182949
0.170556
0.152749
0.126447
0.164088
0.201173
0.203245
0.163496
0.157341
0.181853
0.173051
0.149333
0.118448
0.197068
0.165892
0.163162
0.116671
0.163536
0.155009
0.132016
0.161397
0.154573
0.173690
0.182750
0.114603
0.122320
0.142202
0.144872
0.142503
0.108478
0.188628
0.175274
0.140636
0.098408
0.087635
0.209836
0.133203
0.123446
0.183692
0.212977
0.143821
0.100222
0.124650
0.135498
0.131284
0.150239
0.153105
0.168162
0.136959
0.141285
0.163856
0.147156
0.149768
0.131852
0.114125
0.164809
0.170283
0.159579
0.130641
0.140263
0.114296
0.166009
0.153404
0.131147
0.156773
0.122305
0.153509
0.140497
0.144844
0.127008
0.158404
0.146205
0.101928
0.123878
0.186521
0.168610
0.098399
0.146964
0.168697
0.132985
0.144563
0.163098
0.207009
0.152883
0.197045
0.175471
0.159730
0.138959
0.175155
0.146191
0.147772
0.198609
0.093822
0.116498
0.141602
0.106250
0.177078
0.166954
0.137926
0.087395
0.153672
0.132437
0.113985
0.125116
0.146612
0.127059
0.140084
0.129983
0.121484
0.162431
0.124025
0.161935
0.137343
0.137679
0.133871
0.158038
0.207260
0.149818
0.164286
0.199994
0.154287
0.172754
0.169909
0.177776
0.156105
0.180649
0.147402
0.176484
0.139704
0.173093
0.139218
0.206160
0.242750
0.163716
0.188893
0.130797
0.171223
0.124284
0.140222
0.139505
0.148701
0.138024
0.142162
0.215323
0.143086
0.189931
0.154331
0.154837
0.191298
0.193053
0.129666
0.125531
0.145604
0.192477
0.170391
0.145021
0.118047
0.132485
0.139624
0.099525
0.102223
0.153828
0.137571
0.139836
0.186443
0.171955
0.082834
0.175423
0.158149
0.154291
0.167105
0.180411
0.131125
0.153695
0.168488
0.153312
0.153793
0.126834
0.202330
0.107780
0.164724
0.109691
0.147947
0.117778
0.230565
0.177253
0.132260
0.190659
0.165393
0.131216
0.108877
0.265668
0.161507
0.138261
0.108708
0.137004
0.103454
0.129356
0.116275
0.111296
0.123253
0.120016
0.081070
0.133887
0.115512
0.219324
0.177706
0.182187
0.132513
0.143857
0.170228
0.148136
0.168123
0.163891
0.133912
0.126803
0.198069
0.139478
0.140805
0.122727
0.188805
0.113855
0.138439
0.159255
0.121501
0.136728
0.095251
0.221416
0.104955
0.130213
0.125671
0.128008
0.148668
0.127108
0.185142
0.098240
0.145574
0.145112
0.121131
0.132304
0.131805
0.171767
0.148854
0.100806
0.109014
0.106884
0.105862
0.094115
0.104758
0.126976
0.160739
0.119877
0.152250
0.181274
0.113782
0.116167
0.108415
0.149081
0.106317
0.110305
0.169497
0.152226
0.186833
0.119025
0.145965
0.105679
0.151086
0.143140
0.110701
0.159171
0.082427
0.169640
0.137119
0.152524
0.172422
0.102464
0.122205
0.114345
0.082835
0.106258
0.142085
0.193248
0.146307
0.222145
0.126869
0.117703
0.141788
0.122424
0.150551
0.125549
0.107221
0.139640
0.170267
0.127547
0.095624
0.150779
0.136752
0.100374
0.117808
0.175601
0.160978
0.115414
0.135401
0.169532
0.150832
0.218828
0.134717
0.106924
0.148124
0.114907
0.131792
0.193422
0.123376
0.119033
0.081676
0.165034
0.183047
0.171721
0.140223
0.119195
0.196627
0.158083
0.179187
0.126742
0.197225
0.105765
0.113363
0.107527
0.122385
0.131006
0.134290
0.175784
0.119713
0.110362
0.101421
0.132219
0.100544
0.167473
0.134694
0.101905
0.095477
0.114828
0.215223
0.133649
0.135699
0.138856
0.124145
0.170139
0.149546
0.149810
0.123359
0.146760
0.142270
0.192489
0.121373
0.152341
0.116778
0.142480
0.109366
0.115694
0.146011
0.146235
0.126273
0.163214
0.090241
0.152378
0.136209
0.121493
0.144734
0.099061
0.130750
0.178420
0.110260
0.109099
0.139157
0.199537
0.134839
0.140039
0.168980
0.109320
0.127117
0.204217
0.142564
0.151629
0.111175
0.207978
0.157609
0.146538
0.122484
0.129160
0.130444
0.159993
0.137290
0.137407
0.177505
0.187204
0.136389
0.108288
0.152235
0.126814
0.141943
0.115291
0.121475
0.150955
0.147546
0.148782
0.107075
0.131748
0.113059
0.133491
0.102614
0.122544
0.152647
0.120088
0.129130
0.143588
0.187892
0.114182
0.122396
0.174266
0.129148
0.143131
0.119820
0.133971
0.114661
0.166616
0.121993
0.149706
0.130090
0.144942
0.163240
0.151827
0.168446
0.137905
0.137126
0.154387
0.146476
0.188172
0.160928
0.132294
0.135169
0.155847
0.135783
0.215672
0.113605
0.130628
0.133392
0.209348
0.144070
0.117008
0.121820
0.129153
0.148391
0.179399
0.219403
0.181933
0.118264
0.148318
0.152442
0.132510
0.171674
0.114857
0.123641
0.141170
0.097811
0.090987
0.123756
0.141818
0.093350
0.146762
0.153360
0.098019
0.098599
0.143211
0.129896
0.108656
0.161270
0.131644
0.120164
0.135241
0.136338
0.150244
0.142192
0.107164
0.155584
0.135553
0.136542
0.131212
0.148455
0.189861
0.128547
0.124082
0.135636
0.125736
0.121490
0.151271
0.107535
0.177267
0.110704
0.175850
0.128093
0.111206
0.169985
0.124201
0.099807
0.176641
0.106732
0.155732
0.202451
0.148361
0.145816
0.101133
0.128781
0.132499
0.176363
0.125396
0.168913
0.158339
0.085482
0.141794
0.173053
0.143239
0.162360
0.146432
0.149647
0.091637
0.167987
0.114429
0.165735
0.161084
0.097509
0.139087
0.155469
0.134522
0.124025
0.161505
0.131642
0.147270
0.076288
0.114955
0.081171
0.186204
0.123594
0.203348
0.115491
0.111705
0.195589
0.145370
0.149144
0.126317
0.146853
0.129297
0.094843
0.109385
0.131792
0.130630
0.200866
0.170304
0.134960
0.151416
0.110897
0.167085
0.176444
0.157579
0.160932
0.107987
0.158573
0.116021
0.080582
0.134353
0.213577
0.111065
0.131212
0.100130
0.165051
0.142466
0.074968
0.093947
0.144340
0.126115
0.104426
0.143874
0.138129
0.166296
0.141479
0.076853
0.199902
0.150605
0.193143
0.110329
0.181765
0.135719
0.120346
0.139476
0.165727
0.134012
0.128734
0.092152
0.213437
0.093899
0.143740
0.098212
0.147913
0.109071
0.123806
0.127159
0.159562
0.156751
0.159709
0.091885
0.174845
0.140037
0.143362
0.155272
0.151242
0.131865
0.183449
0.175740
0.151095
0.095954
0.122979
0.149659
0.102651
0.145585
0.097227
0.166360
0.144065
0.140459
0.121546
0.124056
0.140589
0.186847
0.183128
0.127734
0.147034
0.158711
0.090502
0.168199
0.148729
0.160933
0.261727
0.139232
0.115695
0.149071
0.184918
0.087971
0.165081
0.168854
0.106419
0.130249
0.141090
0.167149
0.183557
0.153854
0.166584
0.149830
0.199590
0.151401
0.141598
0.224508
0.156859
0.165384
0.141715
0.224695
0.175744
0.117538
0.153439
0.113641
0.105410
0.139534
0.107575
0.177023
0.149695
0.213776
0.173769
0.179032
0.216759
0.137660
0.130472
0.184336
0.164078
0.196655
0.150057
0.172395
0.110355
0.134007
0.157765
0.184361
0.157139
0.095492
0.151582
0.134278
0.141390
0.125713
0.172176
0.201338
0.185787
0.153534
0.144333
0.171008
0.163380
0.140332
0.145050
0.104377
0.133809
0.087009
0.126642
0.176431
0.114349
0.109137
0.110832
0.133714
0.120006
0.142278
0.152726
0.144383
0.188165
0.101938
0.145465
0.135130
0.163888
0.133864
0.146047
0.137828
0.182729
0.161761
0.195506
0.162655
0.153006
0.129531
0.217283
0.114030
0.191848
0.132836
0.179921
0.102099
0.134556
0.167320
0.134212
0.163162
0.105273
0.143802
0.133570
0.130682
0.169772
0.148969
0.173300
0.104508
0.119433
0.163338
0.120636
0.168891
0.109279
0.166070
0.163511
0.129741
0.128532
0.148093
0.183119
0.198055
0.129539
0.115344
0.118397
0.152321
0.145766
0.106847
0.125694
0.120013
0.177393
0.122688
0.157017
0.109318
0.148937
0.127015
0.130404
0.112980
0.119195
0.129076
0.202127
0.182825
0.101233
0.149446
0.134343
0.155560
0.089354
0.147005
0.184189
0.096779
0.109118
0.176128
0.094022
0.229966
0.092679
0.161121
0.113343
0.147819
0.174945
0.139162
0.128665
0.131130
0.155418
0.124605
