47	516	242	120
67	505	234	118
69	505	232	115
91	498	225	111
115	493	215	104
132	484	215	101
168	479	194	92
194	475	183	88
194	475	182	90
214	468	176	85
235	465	166	78
254	461	157	74
267	458	156	72
281	454	151	70
285	455	146	68
294	452	146	66
309	448	141	62
322	445	136	60
336	442	130	59
351	440	124	56
351	441	124	55
364	438	122	54
377	437	116	51
391	436	110	49
400	434	110	48
411	432	106	46
412	433	105	47
422	432	102	44
435	429	98	44
445	428	96	43
455	427	94	41
464	427	93	41
464	427	92	41
476	426	90	40
487	426	87	39
497	424	86	39
509	424	82	37
519	422	84	37
521	423	82	37
536	421	78	36
550	421	75	35
563	420	72	34
575	419	71	32
587	418	69	32
587	418	67	32
599	417	66	32
610	416	65	32
622	414	62	31
634	413	60	31
644	411	59	30
644	410	58	31
655	408	57	31
664	407	57	31
673	406	57	30
681	405	56	29
693	405	53	29
694	405	53	29
704	407	51	27
715	406	50	28
724	407	48	27
733	407	48	28
743	408	47	28
742	408	46	28
752	409	45	27
762	409	44	27
770	408	43	27
778	408	43	27
787	408	41	27
788	408	42	27
796	407	40	27
804	407	40	26
814	407	38	25
822	405	37	25
830	405	37	24
830	405	38	25
838	404	37	25
849	403	34	24
856	402	32	23
864	402	32	23
872	399	31	24
871	399	31	23
879	398	30	23
886	397	28	23
893	396	27	23
899	397	27	21
906	396	27	22
906	395	28	22
912	396	27	21
917	397	26	21
921	396	27	21
926	395	26	21
930	397	27	19
930	394	28	21
933	395	26	21
937	395	26	20
939	393	27	20
941	392	26	21
943	393	27	20
944	393	27	19
946	393	27	19
946	393	27	19
948	393	26	19
950	393	26	20
950	394	27	20
950	394	27	19
950	393	26	20
951	394	26	20
950	395	27	19
950	395	27	19
948	395	27	18
948	395	27	18
947	394	27	19
945	394	27	18
944	392	26	18
943	391	26	19
942	392	25	17
942	392	24	17
941	391	22	17
932	389	28	18
928	389	30	17
924	389	29	17
920	387	30	17
921	387	30	17
916	386	30	17
912	386	30	17
908	386	30	17
903	386	31	18
900	385	30	17
899	385	30	18
896	385	30	17
891	386	29	17
887	387	29	17
883	388	29	17
877	388	30	17
877	389	30	17
872	389	30	17
866	389	30	17
860	389	31	18
854	388	31	18
848	387	30	18
848	387	31	18
840	385	31	19
837	386	28	17
835	384	24	16
823	383	29	16
816	381	32	16
815	380	32	16
810	379	31	16
805	379	31	16
801	378	31	16
797	378	31	17
794	378	32	16
793	378	33	17
790	379	33	17
788	378	33	16
785	378	32	17
783	378	33	17
780	378	32	18
780	378	32	17
777	376	32	17
774	378	31	18
771	378	32	18
768	379	32	18
765	381	33	18
765	381	33	18
763	381	34	18
760	382	32	18
757	382	34	19
754	382	35	19
752	382	35	19
753	382	35	19
751	383	34	20
748	382	36	20
745	382	35	19
744	381	34	20
740	382	35	19
743	382	34	19
740	382	33	18
737	382	35	19
734	380	36	19
734	380	36	20
733	380	37	21
733	380	37	21
733	380	37	21
733	381	37	21
733	383	37	21
734	383	36	22
734	384	37	23
735	384	37	23
735	386	38	23
736	387	39	25
737	390	38	24
738	391	40	24
740	393	40	25
739	391	41	26
740	394	41	27
742	393	42	29
743	395	42	29
742	395	44	30
743	395	46	30
742	394	45	30
741	396	46	29
741	395	46	31
743	396	42	29
746	397	40	28
738	398	46	28
737	397	46	29
736	397	48	30
737	399	48	31
736	400	50	32
737	401	51	33
736	402	54	34
736	402	52	34
737	405	53	34
736	405	55	36
737	407	55	36
737	408	57	37
738	410	57	40
737	410	58	40
738	413	59	41
737	413	61	43
738	415	61	44
738	417	62	44
737	418	62	45
737	418	62	46
735	417	62	45
734	415	60	46
735	415	57	42
739	414	50	42
728	413	58	42
727	414	59	42
727	413	58	42
729	414	57	42
730	413	59	45
733	415	58	45
733	418	62	45
734	418	62	46
733	420	64	46
733	421	67	48
732	424	69	49
734	425	69	51
733	428	71	52
732	428	71	53
734	429	73	54
735	431	73	55
734	432	73	56
733	431	73	56
731	430	71	56
730	431	72	55
729	428	70	55
727	426	67	54
730	431	58	46
733	431	51	46
719	424	63	49
719	424	63	49
718	423	62	50
721	425	59	50
724	425	59	51
726	427	59	51
730	428	61	53
728	427	61	55
733	431	62	54
738	431	62	56
743	435	63	57
749	437	64	57
755	440	67	59
757	439	65	60
763	443	69	60
769	445	72	61
775	446	76	63
782	447	76	65
788	448	78	66
788	447	78	67
792	449	79	65
796	448	81	65
800	446	78	65
804	443	75	64
812	445	67	58
806	449	74	55
804	443	77	58
806	441	78	58
811	442	78	57
815	441	80	59
820	443	83	59
820	442	82	60
825	445	86	58
828	447	91	60
833	449	95	62
837	451	98	64
841	454	98	64
840	453	98	65
843	454	99	66
845	455	99	66
847	455	99	67
847	454	100	67
846	453	101	66
845	453	100	66
843	449	98	66
847	450	88	59
832	446	95	58
828	441	92	60
827	441	88	58
829	441	88	58
828	440	88	58
831	440	89	57
832	441	90	58
833	442	92	58
835	442	93	59
834	443	93	60
838	445	93	60
843	447	97	61
846	449	98	63
848	451	100	65
851	452	100	66
850	452	101	67
851	452	102	67
849	452	101	66
846	450	99	64
842	448	97	61
841	444	91	60
840	444	92	61
842	446	83	53
826	440	90	53
824	436	86	55
823	436	84	55
823	436	83	55
822	436	84	54
824	436	82	55
825	437	82	54
825	436	83	55
827	436	82	55
827	434	83	55
827	435	83	55
828	434	82	55
829	432	80	55
830	431	78	54
830	431	79	54
829	431	78	53
829	431	79	52
828	430	82	53
824	429	85	52
817	429	86	51
812	429	84	50
808	426	82	50
807	427	83	50
803	427	81	50
801	426	77	50
801	425	73	49
802	425	70	48
803	425	68	48
802	425	68	47
805	426	66	47
807	425	67	47
809	424	68	47
810	425	69	47
809	423	71	48
809	423	71	47
808	423	72	47
808	422	71	47
805	422	73	47
804	422	72	46
800	421	73	46
801	422	72	46
798	422	72	46
796	423	71	46
792	423	71	46
790	423	70	46
786	423	70	47
787	423	69	46
784	422	68	46
779	421	69	46
776	419	67	45
773	418	67	45
769	417	66	46
769	418	66	44
764	416	66	45
760	415	66	45
754	414	66	45
750	413	64	44
745	412	63	44
745	413	62	43
740	411	61	44
736	410	60	44
731	408	58	44
727	408	57	42
724	407	55	42
723	407	56	42
722	407	53	41
720	407	52	41
718	406	50	42
719	406	48	41
719	406	47	40
719	406	47	40
719	406	47	39
719	407	47	39
720	408	47	39
721	408	47	39
722	408	47	39
723	408	47	39
724	408	46	38
724	409	48	37
724	407	47	37
725	405	48	36
724	401	48	38
726	402	48	37
725	402	49	37
725	401	48	36
724	401	48	37
723	401	48	36
722	401	48	37
722	401	48	37
722	401	47	36
721	401	48	36
720	400	47	36
720	400	47	36
719	400	47	36
719	400	47	36
717	401	48	36
717	400	47	35
715	400	47	37
713	402	47	35
712	402	47	35
712	402	47	35
710	402	47	35
708	402	47	35
706	401	46	36
705	401	46	35
701	401	46	35
701	401	46	34
699	399	46	35
697	398	46	34
695	398	45	34
693	397	44	35
690	397	43	34
691	398	43	34
688	397	42	35
686	398	42	34
684	397	42	35
682	399	41	33
680	398	41	34
679	398	41	34
678	398	41	34
675	398	42	33
673	397	41	35
671	398	40	34
669	398	40	35
669	398	39	34
665	400	40	33
663	400	39	33
661	399	39	34
658	400	39	34
656	401	39	34
656	401	39	34
654	401	39	35
652	398	38	36
651	398	38	35
651	397	37	36
650	397	37	34
651	396	37	34
650	395	38	35
649	395	38	35
648	394	38	35
647	393	39	36
647	392	38	35
646	392	38	34
644	390	38	35
642	389	39	35
639	390	38	34
636	391	37	33
634	389	38	35
634	389	38	36
630	391	38	35
628	392	37	36
626	395	37	35
623	397	37	35
621	397	37	35
621	398	36	36
618	398	37	35
616	397	37	38
613	386	38	48
610	385	38	47
609	385	37	45
609	390	36	40
608	389	37	41
604	384	42	44
602	385	40	42
599	389	37	38
598	393	39	34
597	392	39	35
596	393	39	34
596	398	40	32
596	397	39	33
595	398	38	33
596	401	38	32
595	400	38	32
594	402	38	33
592	404	38	33
589	405	39	31
586	406	38	29
583	403	41	29
583	402	41	30
581	399	41	31
580	398	42	32
579	397	42	31
578	397	42	31
576	397	42	31
576	397	43	31
574	398	43	31
572	399	43	30
569	398	45	32
568	398	45	33
566	399	45	32
567	397	46	34
565	399	46	33
564	397	48	35
564	399	47	35
565	397	48	36
567	396	49	36
566	398	49	34
568	399	49	35
570	400	50	34
573	399	49	35
576	398	49	35
580	399	50	34
580	399	49	33
584	398	49	34
590	398	47	32
594	396	47	33
597	396	47	33
600	395	46	32
601	395	45	33
604	393	45	34
608	393	44	34
608	394	45	34
612	395	44	33
614	393	45	34
613	393	44	34
617	391	45	36
619	392	45	36
623	390	46	36
626	391	45	37
630	390	45	37
628	392	45	37
633	391	45	38
639	391	45	38
644	394	44	38
648	394	43	39
653	394	42	39
653	398	42	35
658	400	42	36
662	400	41	38
666	401	42	38
670	402	40	39
674	402	41	40
674	405	40	37
679	400	41	42
683	391	40	51
687	390	40	51
692	402	40	40
696	403	40	40
696	406	41	36
700	406	40	37
704	408	40	36
708	406	41	37
710	406	42	37
711	406	44	38
712	405	44	39
712	404	45	39
713	403	46	40
711	402	49	40
708	403	49	40
706	402	49	40
707	402	49	40
703	403	48	39
698	403	48	39
694	404	47	38
691	404	45	39
688	404	43	39
687	405	42	38
686	403	40	40
684	403	41	39
684	405	41	38
686	405	41	38
691	404	40	39
690	405	41	39
696	405	41	38
703	405	42	38
713	405	42	38
724	406	42	38
733	408	41	37
733	408	41	36
741	409	42	36
747	408	46	38
751	409	47	38
755	410	50	39
758	410	52	39
758	409	52	40
761	411	52	40
764	411	52	40
766	413	53	40
768	414	52	40
771	414	52	39
772	413	52	40
776	413	51	39
781	411	52	39
786	410	53	39
792	409	53	39
795	409	56	38
794	409	56	39
800	409	57	37
803	409	60	38
805	408	60	38
808	407	62	39
807	406	64	38
808	405	64	39
807	404	66	39
808	405	65	38
806	405	66	39
804	407	67	38
803	407	67	38
805	407	65	38
803	409	66	38
802	410	66	38
800	409	66	39
799	408	65	38
796	409	66	38
798	409	64	38
795	408	64	38
792	408	64	38
788	407	66	38
782	407	65	38
776	408	66	38
775	408	67	38
767	407	66	39
756	408	67	39
745	408	66	39
732	409	67	38
720	409	63	38
720	409	63	39
705	408	61	38
690	408	58	38
680	408	53	37
668	406	50	37
657	403	48	37
658	403	47	37
649	400	42	36
639	398	41	36
629	394	40	38
618	393	41	36
607	391	40	38
608	391	40	37
598	390	41	37
589	390	42	37
581	391	43	37
573	391	46	38
568	395	49	36
569	393	50	38
566	394	49	37
564	396	49	36
565	397	48	36
563	397	49	37
561	399	49	37
562	395	50	41
562	401	49	37
561	403	48	36
559	406	48	34
558	404	48	37
556	403	48	38
555	401	48	40
553	401	48	40
552	401	49	41
551	400	51	42
551	402	51	39
552	401	52	40
553	403	52	38
554	401	52	40
556	402	51	40
559	401	50	41
561	402	50	40
562	403	51	39
562	402	50	41
565	401	50	41
568	402	49	42
571	403	49	41
575	402	47	43
579	403	46	42
578	402	46	43
581	403	44	42
584	401	44	42
584	399	43	44
586	402	42	41
585	400	42	42
584	405	42	38
582	402	43	40
580	404	43	38
579	404	44	40
577	404	44	40
576	402	44	41
577	402	43	42
576	403	43	40
575	403	42	40
574	404	42	39
572	405	43	39
571	404	43	39
570	408	43	36
567	408	43	37
565	404	42	41
562	406	44	38
560	403	43	40
558	403	43	40
559	403	42	40
557	404	43	39
556	402	43	40
554	404	43	38
552	404	42	39
549	402	42	39
549	400	41	41
544	401	42	40
540	401	42	39
536	400	44	39
532	400	44	40
529	399	45	40
529	398	44	41
527	400	45	40
526	402	46	38
525	401	46	39
526	403	45	37
526	400	45	39
526	400	45	39
527	399	44	38
528	398	44	38
527	397	44	38
528	401	45	36
529	402	44	36
529	402	44	36
531	403	43	35
532	403	43	35
535	402	40	35
537	402	41	37
540	401	40	36
540	400	40	38
540	401	40	36
539	400	39	37
538	401	40	36
536	402	39	35
535	404	40	34
535	403	40	34
535	404	41	34
536	403	40	33
537	403	39	33
538	405	40	32
539	403	38	32
539	401	39	35
538	403	40	31
538	402	40	32
538	401	39	33
537	400	39	33
537	402	40	33
538	403	40	32
538	402	39	32
538	399	39	35
537	404	39	31
536	404	38	30
532	400	38	34
531	402	39	32
529	403	37	31
525	402	38	31
522	402	37	31
520	399	38	33
518	401	39	31
518	399	39	33
518	398	39	33
517	399	39	32
517	397	38	33
515	396	39	34
513	395	40	33
514	396	40	33
513	394	40	33
515	390	39	36
516	390	38	35
517	392	39	33
520	392	38	33
519	390	39	33
522	391	37	34
525	390	38	33
527	391	37	33
529	392	38	32
529	390	37	33
529	392	37	30
531	395	37	30
532	394	37	31
533	392	37	31
536	393	37	30
539	392	37	31
539	396	37	27
541	390	35	32
543	390	37	30
544	393	37	28
545	391	37	29
545	390	36	29
545	390	36	29
546	391	37	29
547	390	37	29
549	389	37	30
551	390	37	30
552	392	37	30
552	390	37	32
554	396	37	28
557	393	36	30
559	389	36	33
561	389	37	33
565	389	36	32
564	391	36	31
568	389	36	32
572	388	35	31
576	387	36	32
580	383	36	33
585	384	36	33
585	387	37	30
591	390	35	29
596	389	36	31
600	390	36	31
604	393	37	30
607	392	36	31
607	392	36	31
609	392	38	30
611	391	37	31
612	393	38	30
612	391	39	31
613	391	39	32
612	390	38	32
613	391	39	31
614	389	39	32
613	388	39	33
613	389	40	32
613	388	40	33
613	388	40	33
612	389	40	32
611	391	41	32
609	390	41	32
608	391	39	32
608	391	39	31
607	392	39	31
607	390	37	32
607	390	38	33
607	391	38	33
609	390	37	34
612	392	37	32
611	392	38	32
614	390	37	33
616	392	39	32
617	390	39	33
618	392	38	31
618	393	39	31
617	392	39	32
616	394	39	31
616	394	39	32
616	391	39	32
617	392	39	32
618	392	39	32
619	393	39	32
620	393	38	32
620	392	40	33
621	393	41	32
620	393	41	32
620	392	42	32
619	392	42	32
619	391	42	33
619	391	43	33
619	393	43	32
618	393	43	32
617	393	43	32
617	392	43	33
617	394	43	31
616	393	43	32
616	393	43	32
614	392	43	32
615	392	42	32
615	393	42	31
614	393	42	32
614	395	42	32
614	395	42	32
614	394	42	33
614	394	42	32
613	393	42	33
613	393	42	33
612	391	41	33
610	391	41	32
609	391	41	33
608	392	40	32
608	391	40	33
607	392	39	32
607	392	39	33
607	391	39	33
608	391	39	34
609	391	39	33
609	391	39	34
610	392	39	33
610	393	40	33
611	394	39	34
610	393	41	34
610	395	40	33
610	394	41	34
610	396	42	33
608	396	40	34
607	395	41	36
607	395	40	35
608	396	40	35
607	394	41	36
608	396	40	36
609	395	40	36
610	397	40	37
609	395	40	38
612	397	40	37
611	396	40	37
613	396	40	37
614	398	40	36
616	399	40	36
618	397	40	37
619	398	41	37
619	398	41	37
620	399	40	36
622	399	40	37
624	398	40	38
626	398	41	38
628	399	41	37
628	397	41	38
630	398	41	37
632	398	41	38
633	399	43	38
635	401	43	39
634	402	44	39
633	402	45	39
634	403	44	40
632	405	45	40
629	407	45	40
626	407	44	40
624	407	44	41
624	407	44	41
621	406	43	42
619	407	43	40
617	407	43	40
615	406	43	41
613	407	43	42
615	407	44	42
612	405	44	43
610	405	44	43
609	405	43	42
608	407	43	43
608	406	44	43
608	406	43	43
607	405	44	43
608	406	45	42
610	406	45	43
613	407	44	43
616	406	45	44
615	406	46	44
621	406	44	44
625	405	44	44
630	404	44	45
632	404	46	45
637	404	45	44
637	405	46	44
640	405	46	44
643	406	45	45
643	407	45	44
645	407	45	45
644	407	46	44
644	407	46	45
645	411	46	44
645	408	47	46
646	408	48	47
649	408	46	46
653	408	47	47
653	408	47	46
657	410	47	46
662	409	47	47
667	409	47	47
670	408	47	48
673	410	47	47
673	409	47	47
677	411	47	48
682	415	46	45
689	415	46	46
697	416	46	47
705	417	46	46
704	417	46	46
713	417	47	46
719	417	48	46
725	417	48	47
731	420	50	44
735	421	50	43
735	421	50	44
738	421	53	45
738	419	56	46
738	419	57	46
736	419	57	46
735	421	57	45
736	421	56	45
733	423	55	43
729	419	55	47
727	421	53	44
725	420	51	44
722	418	51	45
721	419	53	45
720	417	51	45
719	417	49	45
719	416	50	45
719	417	50	44
719	417	49	46
718	417	50	46
718	417	50	46
718	417	50	45
717	417	49	44
715	417	49	44
713	416	48	45
715	416	48	44
713	416	47	44
711	414	47	45
709	414	46	44
705	414	47	43
703	413	47	44
702	413	47	44
701	412	46	44
697	411	46	43
694	411	44	43
691	410	44	42
688	408	44	43
689	410	44	42
687	407	43	41
685	406	43	42
682	405	44	41
681	406	44	42
679	405	44	42
679	405	43	41
677	404	43	41
674	402	44	42
672	401	44	42
670	401	43	41
667	402	43	40
666	401	43	42
663	401	42	41
660	401	43	41
656	401	42	41
650	402	43	40
645	400	43	42
645	399	43	43
640	398	44	42
636	397	44	42
631	398	45	40
625	398	45	40
622	398	44	41
622	399	43	40
619	397	46	42
614	399	47	40
609	400	48	39
605	403	47	37
599	406	50	35
600	405	49	36
596	404	50	37
592	405	51	36
588	403	52	37
583	404	52	36
580	403	55	37
580	403	54	37
578	404	55	36
575	405	54	35
573	405	54	36
570	405	55	36
567	406	55	35
567	405	54	38
564	405	54	38
562	402	54	40
559	401	54	40
556	401	54	40
551	403	56	38
551	401	54	40
548	404	57	37
544	402	58	40
543	404	56	38
539	405	58	39
536	405	59	39
535	405	59	40
533	406	59	38
530	403	60	40
526	406	60	37
522	405	61	38
518	406	61	38
518	404	61	40
514	404	63	40
510	404	64	39
506	404	64	40
503	408	66	38
501	407	67	38
500	408	67	38
500	406	70	40
499	408	70	40
500	409	71	41
503	410	70	40
505	410	68	41
505	410	69	42
507	412	69	41
510	413	70	43
514	413	69	43
518	410	68	46
521	411	65	47
521	411	65	47
524	415	64	43
527	417	64	44
530	417	64	47
534	418	60	49
537	421	62	47
537	421	63	48
541	421	60	49
544	422	61	48
547	424	60	48
550	423	60	49
554	423	61	49
554	423	62	49
560	422	61	49
567	421	61	50
576	420	60	48
587	421	59	48
599	418	53	51
598	421	53	48
610	421	52	49
619	422	50	49
626	421	50	50
633	420	49	50
639	417	49	50
637	418	49	50
643	417	49	48
647	415	48	48
651	414	48	47
655	412	48	46
656	412	49	45
656	411	48	46
656	411	48	44
655	411	48	43
654	411	48	43
652	411	47	43
650	412	46	41
649	413	46	41
647	412	46	40
645	411	45	40
644	409	44	41
643	408	43	40
643	407	43	39
642	407	43	39
643	406	43	39
644	403	42	39
646	402	42	37
646	400	41	38
648	399	41	36
648	399	41	36
649	399	40	35
649	398	40	35
650	398	40	34
650	398	41	34
650	396	40	35
650	398	40	34
651	395	40	34
650	394	40	35
650	395	39	33
650	398	38	31
651	395	38	32
650	396	38	31
654	395	37	32
654	392	39	30
655	389	38	30
656	386	38	30
656	385	38	30
656	387	38	29
655	386	39	29
656	385	38	28
656	387	39	28
656	386	40	29
655	386	40	29
653	386	40	29
653	387	40	29
653	389	40	29
653	388	39	28
654	386	37	29
654	387	38	27
654	388	38	26
655	385	38	28
656	383	39	27
657	383	39	26
656	383	41	26
655	380	41	26
655	380	41	26
655	380	41	25
656	378	40	27
656	377	40	27
657	378	40	25
659	379	41	25
659	380	41	25
660	379	40	24
660	381	41	24
659	380	43	24
659	379	43	25
658	378	42	25
658	377	42	25
660	381	40	24
660	380	41	25
661	379	41	25
662	378	40	24
660	377	42	23
661	377	42	24
660	378	42	22
660	377	43	23
658	376	44	22
657	376	42	21
656	373	43	23
657	374	41	22
657	374	42	22
657	374	43	21
656	371	43	21
657	369	43	22
659	371	41	21
659	371	41	21
660	371	41	21
662	371	41	21
663	372	40	21
667	372	40	20
669	371	41	20
669	370	41	21
671	370	42	21
673	369	43	21
676	370	42	20
678	370	42	21
681	370	41	20
679	371	43	19
681	371	44	20
683	369	44	20
687	368	44	21
690	368	44	21
693	367	43	19
692	368	44	18
695	369	45	19
698	369	45	20
701	369	47	20
702	367	47	20
705	367	47	21
704	368	47	20
707	366	47	20
710	366	48	20
711	367	48	20
713	371	48	20
714	370	49	21
714	370	49	20
716	368	50	21
717	371	49	21
718	370	49	21
720	371	48	20
720	370	48	20
721	371	48	20
721	372	47	20
722	372	49	21
722	374	49	21
720	376	50	21
720	376	49	21
720	376	49	21
719	377	49	20
717	377	51	21
713	378	51	20
711	376	51	22
707	373	49	24
707	375	49	22
693	368	59	29
692	369	53	30
689	377	49	24
682	377	47	23
676	381	45	22
675	382	46	21
668	384	43	20
660	382	42	22
655	383	39	21
647	382	39	22
642	383	36	22
641	382	37	23
636	383	36	23
629	383	36	22
623	383	36	22
617	382	36	24
610	382	35	24
610	382	35	23
603	383	35	25
596	383	34	23
589	383	32	24
581	384	31	22
573	385	32	24
573	384	31	25
563	389	33	20
556	386	32	23
548	389	33	22
542	388	35	23
535	387	35	23
535	385	34	25
529	386	37	25
524	386	38	24
519	387	39	24
516	385	39	24
510	388	39	23
511	387	40	24
506	389	38	23
500	388	38	25
494	387	43	26
488	389	44	26
485	390	44	27
485	391	45	25
479	390	47	28
475	392	48	27
471	390	50	28
465	393	51	27
462	391	52	29
463	390	51	29
458	392	52	29
454	392	54	28
452	394	55	28
449	392	57	31
447	393	57	30
448	393	56	30
447	392	57	31
446	393	58	30
446	395	58	29
448	395	59	29
450	393	59	31
449	393	59	32
452	393	58	32
453	395	58	30
455	393	57	31
456	395	58	30
459	396	57	30
458	395	57	30
460	392	57	32
462	396	56	30
463	397	56	31
465	400	56	29
467	397	57	31
467	396	58	32
468	399	58	30
473	399	56	30
475	397	56	31
478	398	55	31
481	398	56	32
481	397	57	32
484	395	56	32
487	398	56	30
491	397	55	31
494	395	55	32
498	396	54	30
497	393	55	34
501	396	55	31
505	397	55	31
509	399	55	31
513	399	55	31
517	400	55	31
518	397	55	34
523	400	55	33
528	402	54	34
535	405	53	32
539	406	52	34
544	406	53	34
545	404	51	35
550	405	51	34
554	405	51	34
558	406	49	35
562	406	49	35
566	406	49	35
566	401	48	38
569	403	48	38
573	405	49	38
577	406	49	37
583	404	49	38
587	405	48	39
587	407	48	38
592	406	49	40
600	406	48	41
607	406	48	41
615	406	47	42
624	408	45	40
623	406	45	43
631	409	45	41
639	412	45	40
646	410	45	44
652	410	45	45
656	411	46	45
655	411	47	45
660	412	46	47
663	414	47	45
667	413	47	46
672	411	47	48
678	410	48	49
678	411	48	48
685	412	49	49
690	415	51	47
697	417	52	45
700	418	55	48
705	420	56	48
705	418	56	50
708	421	59	48
713	422	60	48
718	421	61	49
722	421	62	50
727	421	63	50
726	419	64	51
730	423	66	51
734	423	66	50
736	424	68	51
738	424	70	52
742	425	71	53
742	423	71	54
746	425	71	53
747	426	74	53
752	429	73	54
752	430	77	54
752	431	78	53
752	431	77	53
755	431	77	54
754	431	79	56
756	430	79	56
756	431	80	56
755	430	80	56
756	431	80	56
757	431	78	56
757	432	79	57
757	433	79	55
757	431	80	57
757	430	82	57
757	429	82	56
756	430	82	56
753	429	83	55
751	431	82	54
751	430	81	55
747	432	82	54
747	431	82	54
743	432	81	55
738	433	81	56
734	431	80	57
727	432	80	56
721	433	78	56
720	433	79	55
716	432	75	57
709	431	74	57
704	431	74	56
697	430	73	57
688	429	73	56
688	431	74	54
680	430	71	55
671	430	68	54
659	428	66	55
648	428	63	54
639	427	57	56
639	428	58	54
630	429	54	54
622	428	52	55
614	427	52	55
607	428	53	53
603	428	53	53
603	426	53	55
599	427	53	55
595	426	54	55
589	424	55	55
585	425	55	53
581	423	55	55
581	424	56	55
577	423	59	54
577	422	62	55
577	421	62	56
580	422	60	55
584	427	62	53
584	424	63	56
588	422	61	57
592	422	62	59
597	422	61	59
601	422	60	57
605	422	59	58
605	424	58	56
609	422	57	58
612	422	58	58
615	423	58	58
616	422	58	58
617	422	58	58
618	421	58	58
619	420	58	59
620	420	59	59
624	418	59	59
627	417	58	59
631	417	58	60
630	419	58	57
635	418	57	59
639	419	57	58
642	419	57	58
646	420	55	58
648	422	57	58
648	424	55	56
653	422	54	56
658	423	54	58
662	423	53	57
668	424	52	57
671	423	52	58
671	425	52	56
675	424	52	58
678	424	52	58
681	423	52	58
684	425	52	58
686	429	52	56
686	430	53	56
689	431	53	58
693	430	52	58
696	429	52	57
701	429	53	57
706	429	53	56
706	430	53	55
711	429	53	55
712	430	56	55
715	431	58	55
715	433	59	57
714	433	61	57
715	433	60	56
715	434	61	56
715	434	60	56
715	435	60	57
718	432	58	57
720	433	59	57
720	433	60	58
723	433	61	57
727	432	62	58
729	434	64	58
732	434	64	58
733	434	67	59
732	433	66	59
734	434	66	59
737	435	67	59
737	435	68	59
739	435	68	60
739	436	69	61
740	437	69	61
742	437	69	61
744	439	69	61
746	439	70	61
749	441	70	62
752	441	71	62
752	440	72	63
755	441	72	62
760	440	73	64
761	442	76	64
765	444	76	63
768	446	78	63
768	444	78	64
771	445	79	64
776	445	79	64
783	446	79	63
789	446	80	64
797	445	82	65
796	443	81	67
804	443	84	65
813	446	88	64
821	447	90	64
827	449	95	65
832	450	99	66
832	450	96	67
833	452	102	67
838	453	103	66
840	454	104	66
842	453	104	68
844	453	104	67
844	453	103	67
846	452	102	66
849	452	103	66
851	451	104	67
851	453	105	66
851	452	107	67
850	452	106	67
851	451	107	68
851	452	108	68
850	453	107	67
849	454	107	68
849	454	107	67
849	453	107	68
848	453	107	68
848	454	107	68
847	453	106	69
845	455	107	68
843	453	106	68
843	453	107	67
842	452	106	68
839	451	107	68
835	452	108	68
832	454	106	68
826	452	105	69
827	453	105	67
824	452	102	68
820	452	99	67
817	452	96	66
817	452	94	65
813	448	93	65
813	448	95	65
812	447	94	65
810	446	94	65
808	444	93	64
806	445	92	63
805	446	89	62
805	446	89	63
805	446	88	62
808	444	87	62
809	444	87	62
812	441	87	62
813	440	89	61
813	441	88	61
815	439	88	61
814	438	90	60
814	437	90	59
813	439	91	58
811	438	91	57
811	438	92	58
810	438	90	58
807	439	89	58
807	439	87	58
807	439	86	57
807	438	87	57
807	438	87	56
807	437	88	56
805	436	89	56
802	435	90	56
800	435	89	56
794	435	89	56
794	436	89	55
790	435	87	55
787	434	86	55
784	433	84	55
780	432	83	54
777	432	82	54
777	432	82	54
776	431	82	53
770	431	84	54
766	431	83	54
761	432	83	54
756	430	81	55
755	432	81	53
751	432	78	54
746	432	77	54
741	432	77	54
735	431	76	56
729	433	75	55
729	434	75	54
722	433	74	55
715	432	72	55
708	434	71	54
703	431	66	56
696	432	65	55
696	431	64	55
691	433	62	54
686	433	60	55
683	430	59	56
681	430	57	55
679	430	56	55
679	431	56	54
677	430	56	56
676	428	57	56
674	428	57	56
672	425	57	57
669	424	56	55
669	426	57	54
668	426	56	55
665	428	56	54
663	429	55	53
660	430	55	54
658	428	53	56
659	429	53	55
657	427	53	55
656	431	53	54
657	429	53	53
659	428	52	52
661	428	52	53
660	428	53	53
665	424	52	54
671	422	53	54
676	420	52	54
680	418	53	53
683	419	55	53
682	419	56	53
687	420	56	52
690	420	58	52
692	420	60	52
693	420	61	51
696	420	60	51
695	419	61	52
696	419	61	52
699	418	61	51
702	418	62	51
704	417	61	50
706	416	62	50
705	417	62	49
706	416	62	49
706	416	62	49
706	416	62	49
706	415	62	48
705	416	61	47
706	415	61	47
703	413	61	48
701	414	60	47
699	414	59	46
698	415	58	46
697	416	56	45
697	415	56	45
696	416	55	45
697	415	54	45
697	415	53	45
698	415	53	44
703	415	51	43
701	415	52	44
705	415	52	43
708	415	53	42
710	414	53	42
712	412	56	42
713	410	55	43
715	410	55	43
715	410	55	42
716	410	56	42
715	409	57	41
716	408	56	40
715	408	57	40
715	408	57	40
715	407	57	40
713	406	56	40
712	406	55	40
712	407	54	41
711	407	53	40
712	407	53	40
710	407	53	41
710	406	52	40
710	405	52	40
711	405	52	39
711	404	53	39
712	404	52	39
711	403	53	38
711	403	53	40
710	403	53	39
710	404	52	39
707	406	51	39
708	405	51	39
706	405	51	39
706	405	50	38
706	405	50	38
705	404	50	37
706	403	50	37
706	402	50	38
705	400	50	39
705	400	51	39
704	400	50	38
703	401	50	37
702	402	49	36
701	402	49	36
700	402	49	37
699	405	47	36
698	406	47	36
697	404	47	36
697	402	48	36
696	402	48	37
696	400	48	37
697	400	48	36
696	401	47	36
695	402	47	36
694	401	47	36
694	401	47	36
693	402	47	35
693	403	48	34
692	403	47	34
691	403	47	34
689	401	47	33
688	400	47	34
687	401	47	34
684	401	47	35
681	400	46	35
679	401	44	34
678	401	43	34
678	402	44	34
677	400	43	34
676	401	43	33
675	399	43	33
675	400	43	33
675	402	43	33
674	401	43	32
675	401	42	33
674	400	42	33
674	400	41	33
674	400	42	33
674	397	41	33
674	397	41	34
674	397	41	33
674	396	41	34
673	397	41	33
674	397	42	33
675	395	41	34
675	394	41	33
674	394	41	33
675	396	41	33
674	395	41	32
672	397	41	31
673	397	41	32
673	398	40	31
673	399	40	31
673	400	40	31
672	396	40	32
672	394	40	32
673	393	41	31
673	392	40	32
673	391	40	32
672	391	39	31
670	391	39	31
667	391	39	33
665	390	39	32
664	390	39	32
662	392	39	32
660	393	38	32
658	393	38	31
656	392	38	31
656	392	38	32
656	391	38	32
656	389	37	32
654	387	37	31
654	388	37	31
653	387	36	31
651	387	37	30
651	386	37	30
651	385	36	32
650	388	36	30
650	388	36	30
648	388	36	30
646	391	36	29
646	389	36	31
644	388	36	31
642	388	35	30
640	390	35	29
639	390	35	30
639	389	34	30
638	389	34	29
638	390	34	29
637	389	34	30
636	389	34	29
635	388	34	29
634	388	34	29
635	387	34	28
634	387	34	29
632	387	33	29
631	387	33	29
627	388	33	28
625	387	33	28
625	387	34	28
623	387	33	28
621	388	33	28
619	386	33	27
617	387	32	27
616	385	32	27
616	385	32	27
614	386	32	26
612	385	32	26
611	386	32	25
610	383	31	25
609	383	31	25
609	382	31	25
608	382	31	24
609	381	31	22
609	380	31	21
610	380	31	20
613	377	31	21
613	377	31	22
614	379	30	22
616	377	30	21
617	379	31	20
619	377	30	19
621	376	31	18
621	375	30	20
623	374	30	19
624	372	29	22
625	372	30	21
627	372	29	20
629	373	29	20
629	372	29	21
631	376	29	20
632	374	29	19
634	374	28	19
636	373	28	19
639	373	28	19
638	373	28	19
641	372	28	20
643	370	28	21
643	370	28	20
645	368	27	21
645	370	28	21
645	370	28	19
646	368	26	21
647	368	26	20
646	368	26	21
646	371	26	20
646	369	26	21
646	369	26	20
646	367	26	20
646	367	26	20
645	367	26	19
644	369	27	19
643	369	27	19
642	368	28	19
641	372	27	18
638	372	27	18
636	372	26	19
633	371	27	18
631	370	25	19
631	370	26	19
629	369	26	18
628	370	26	17
626	371	26	14
625	370	27	14
625	368	25	16
626	370	25	15
625	370	26	14
626	372	26	14
625	372	26	14
623	372	25	15
620	374	26	14
620	374	25	14
619	375	26	14
617	373	27	14
617	372	26	14
618	369	27	14
619	368	26	14
619	369	26	14
620	369	26	13
621	370	27	13
622	372	25	14
624	371	26	14
624	372	27	15
624	373	28	14
626	372	26	15
626	369	27	15
628	368	27	16
629	367	27	15
630	366	27	16
630	366	27	16
632	365	28	16
635	365	28	15
637	364	28	14
638	364	27	16
639	363	27	16
639	362	27	18
640	364	27	16
640	363	27	16
638	363	26	16
636	363	27	15
633	362	27	15
633	361	27	17
630	361	27	17
626	362	27	17
623	362	27	17
618	363	27	17
614	363	27	17
614	363	27	18
610	363	27	18
606	363	27	18
603	363	28	17
601	364	29	17
600	363	29	16
600	363	29	17
600	364	28	17
598	366	29	17
598	366	28	16
598	366	28	17
598	365	28	17
598	364	28	17
596	367	29	17
595	368	29	16
595	367	29	16
593	366	31	16
593	365	31	16
592	365	30	16
591	364	30	18
590	366	29	18
589	368	31	18
588	368	31	18
588	370	31	17
588	370	30	18
588	370	31	18
590	370	32	18
591	370	31	18
592	371	32	18
592	370	31	18
593	370	31	18
593	371	32	18
593	370	31	17
592	370	32	18
592	370	32	18
594	370	32	18
593	370	32	18
595	371	31	17
598	372	31	17
600	372	30	18
602	374	29	17
604	373	29	17
605	372	29	18
605	373	29	17
606	374	28	17
607	375	29	17
608	376	29	17
611	374	28	19
611	375	28	17
615	376	28	16
618	378	29	17
619	378	28	19
619	380	28	17
619	381	29	16
619	380	29	17
620	379	28	18
620	379	29	17
619	377	29	18
619	376	29	20
618	376	29	19
618	377	29	18
617	376	29	19
618	376	27	18
620	372	27	23
623	375	28	21
624	376	29	20
625	377	29	19
626	379	29	17
626	378	30	17
628	377	30	18
629	376	30	18
632	375	31	20
632	377	30	17
634	375	31	19
635	377	33	17
636	376	33	17
638	375	32	17
640	377	31	16
639	377	31	17
640	375	31	19
642	377	32	18
643	376	32	17
644	373	33	19
646	373	34	18
646	373	33	19
646	372	34	19
647	373	34	19
647	373	33	19
647	372	33	19
648	373	33	18
648	373	33	19
648	374	33	19
648	374	32	20
649	374	33	18
650	371	34	20
651	372	33	19
650	372	33	19
652	373	34	18
653	372	33	20
655	375	32	19
656	376	32	20
658	377	33	20
658	378	33	18
661	377	32	19
662	380	33	19
665	381	33	17
666	381	34	19
668	380	34	18
669	379	34	19
672	378	33	19
673	379	34	19
674	379	35	19
677	377	35	20
678	378	36	19
677	376	36	21
679	377	36	21
680	376	36	21
682	376	36	20
682	376	36	21
685	377	35	20
685	377	35	19
688	377	35	20
690	377	36	21
693	377	36	20
696	378	36	21
698	380	37	21
697	378	37	22
702	379	36	22
706	381	37	21
711	381	37	23
714	384	38	23
718	384	39	24
718	383	40	24
722	383	41	24
726	384	41	23
729	383	43	24
734	382	43	24
736	383	44	25
736	383	44	25
739	384	45	24
741	383	46	24
742	383	47	24
743	380	47	26
744	382	47	26
745	382	46	24
747	382	46	26
747	385	47	26
749	386	47	26
750	386	48	27
752	388	48	27
752	386	48	29
754	388	49	28
757	388	49	28
759	389	51	28
761	388	53	28
764	392	53	29
764	391	52	29
766	393	53	29
770	395	54	29
773	396	54	30
775	395	55	33
780	397	56	32
779	396	56	33
784	398	56	32
788	397	57	34
791	397	58	34
795	399	60	33
798	397	61	34
799	397	60	34
800	398	63	34
802	398	64	33
802	399	65	33
801	400	66	35
801	401	67	36
801	402	66	36
800	405	66	35
800	407	66	36
801	409	66	37
800	411	66	36
800	411	67	37
801	411	66	37
802	413	67	36
801	410	68	38
801	410	68	38
802	410	68	39
802	410	69	39
802	410	70	40
803	410	69	40
804	411	70	40
805	413	68	41
807	415	69	40
808	416	69	40
808	415	70	41
810	416	71	41
811	417	73	42
815	417	73	43
816	419	74	43
817	419	75	44
817	419	75	44
818	419	75	44
820	421	75	44
822	421	75	45
823	422	76	45
824	422	76	46
824	423	76	46
823	423	77	46
822	424	79	46
820	424	80	46
816	425	81	47
811	426	81	47
812	426	80	47
809	427	80	48
805	426	79	48
803	427	78	48
802	427	77	48
800	427	77	49
800	427	77	49
797	427	79	49
794	425	78	51
791	428	78	50
788	428	77	50
785	430	76	50
786	430	76	50
784	430	74	51
782	431	73	51
782	431	72	52
781	430	72	53
779	430	74	51
780	430	73	52
778	431	73	52
777	431	71	52
778	431	69	52
780	431	68	52
779	432	71	52
780	432	70	52
779	435	72	52
777	435	74	51
776	436	74	52
774	434	73	53
770	434	74	52
771	434	74	53
767	433	73	52
764	433	72	52
760	433	71	52
757	431	69	53
752	432	70	51
752	432	70	52
749	428	68	52
744	425	67	52
741	422	66	52
738	422	66	51
734	421	65	51
734	422	65	50
731	423	64	50
728	423	63	50
725	421	62	52
722	422	60	51
720	423	59	51
720	423	59	51
717	425	59	50
715	425	58	51
712	424	56	51
710	424	56	51
707	424	56	51
706	426	56	50
703	425	56	51
699	424	55	52
696	426	55	50
692	427	54	51
688	427	53	51
688	428	52	50
685	428	51	52
681	428	51	51
678	428	50	51
675	428	50	50
673	427	50	50
674	426	50	51
671	425	50	50
671	425	50	51
670	424	50	52
669	424	50	52
669	425	50	52
669	424	50	52
667	424	50	51
666	423	50	53
666	423	51	53
667	423	50	53
669	423	50	54
669	423	50	54
671	423	50	53
671	423	50	53
672	423	50	53
672	422	51	53
672	424	51	53
671	423	51	52
671	423	51	54
672	423	52	54
672	422	52	55
673	425	52	54
675	425	52	55
676	426	52	54
678	425	52	56
679	425	53	56
678	425	54	56
676	425	54	58
672	425	54	57
673	426	55	57
668	425	55	56
662	426	54	57
656	426	54	58
651	425	54	57
646	426	54	57
646	427	54	57
641	429	54	56
636	429	54	55
632	431	54	57
626	432	55	58
620	431	55	57
620	430	54	58
614	430	55	58
606	428	55	58
600	429	56	58
593	427	55	59
590	428	55	58
589	427	55	58
586	426	55	59
583	426	55	58
581	426	55	57
578	426	54	57
574	424	55	57
575	424	55	58
570	424	55	58
566	424	58	56
564	429	58	51
564	432	60	50
567	429	58	54
566	430	60	53
571	430	58	53
575	430	56	53
580	431	57	54
583	430	55	55
586	430	55	54
586	429	56	56
590	430	55	54
591	427	54	56
592	431	55	52
595	433	55	50
597	431	56	52
597	432	56	52
604	428	54	56
609	429	54	56
615	432	53	53
621	430	54	54
625	432	53	54
624	432	53	54
627	431	53	54
628	431	53	53
625	429	54	54
625	427	53	54
625	426	52	53
624	427	52	53
625	427	52	53
626	428	52	52
630	428	52	52
635	427	51	52
637	426	52	52
637	425	52	52
636	426	56	50
633	423	58	51
627	421	59	51
621	421	58	49
616	420	55	48
617	421	55	48
610	420	52	48
604	419	49	49
600	420	49	49
597	421	49	49
594	422	50	49
594	423	49	47
591	422	49	49
588	423	49	47
587	421	48	46
589	417	47	48
591	414	47	46
592	416	47	45
595	413	47	45
597	410	46	46
598	410	47	44
597	409	47	44
596	411	48	43
597	410	47	44
596	412	47	42
599	414	45	42
602	413	45	42
607	413	46	43
612	412	46	44
612	412	46	43
618	408	45	44
622	410	46	43
626	408	45	43
629	408	45	42
634	406	45	42
634	405	45	42
641	405	44	41
646	404	46	40
650	404	50	38
652	404	52	38
654	400	54	40
653	401	55	39
655	400	55	39
655	400	55	38
656	400	55	39
656	401	55	39
656	399	54	39
655	400	54	38
654	401	53	38
653	398	53	38
652	402	53	36
651	402	53	36
649	401	53	37
649	402	53	37
647	400	52	37
646	401	51	36
645	402	50	35
645	403	48	36
646	404	48	35
644	402	48	36
644	404	48	36
645	406	48	35
645	404	48	36
645	403	47	36
645	403	46	35
645	404	47	35
644	403	48	35
644	402	48	36
644	401	47	36
642	400	49	35
642	400	47	35
642	400	47	35
642	401	45	36
641	401	45	35
641	401	42	35
641	400	42	35
640	401	41	35
640	401	42	35
640	400	42	36
642	399	41	35
641	403	42	33
643	401	41	35
645	400	41	35
645	399	40	35
647	400	40	34
649	399	40	35
652	398	40	36
654	400	41	34
656	400	40	34
657	399	40	34
659	399	40	34
662	398	41	35
664	400	40	35
668	400	41	35
672	400	41	36
671	400	41	35
677	402	41	34
682	402	41	35
687	403	42	35
694	401	41	35
699	403	44	35
700	402	43	37
706	403	45	36
712	402	46	36
719	402	48	36
725	403	49	36
733	404	50	36
732	404	51	36
740	406	51	35
747	406	53	35
755	407	55	35
762	406	58	36
771	405	59	37
771	405	59	37
778	407	60	36
786	407	61	37
794	409	63	38
801	410	64	38
807	409	67	39
807	410	66	38
813	409	68	40
819	410	70	39
823	410	72	40
828	412	74	41
832	413	74	42
832	415	74	40
835	415	76	42
839	415	76	43
841	417	79	43
845	419	80	44
848	420	79	44
848	421	80	42
851	421	82	44
854	422	83	45
855	422	84	45
856	421	86	46
858	422	86	46
857	422	85	46
857	423	87	47
858	425	86	46
859	427	87	46
859	428	88	48
859	430	89	48
858	430	89	48
857	431	89	48
858	432	90	49
856	431	91	50
855	431	91	49
852	431	94	51
852	431	93	51
850	431	93	51
848	432	92	51
844	430	92	53
841	430	92	52
840	430	91	52
839	431	91	52
837	429	91	52
836	429	91	52
832	429	91	53
831	428	91	52
827	426	91	52
826	426	91	51
823	426	91	52
818	426	91	52
816	427	88	51
810	426	89	52
807	428	86	51
808	427	85	52
803	427	86	52
802	427	83	52
801	425	83	52
799	423	82	51
797	423	83	51
798	423	82	51
796	422	82	50
793	421	83	51
790	420	84	51
785	420	84	51
781	420	83	50
781	420	82	50
776	419	83	50
769	420	83	50
763	421	82	49
755	421	80	49
747	422	79	49
745	422	79	48
737	423	78	49
727	423	76	49
717	423	72	49
708	424	70	48
702	422	67	49
702	422	67	48
695	421	66	49
688	420	63	49
680	420	61	49
673	420	59	49
666	419	58	49
666	420	58	49
662	418	54	50
658	415	52	51
654	415	50	50
649	415	51	50
644	413	51	51
642	416	53	49
636	419	52	47
628	416	52	50
618	414	50	50
608	412	50	51
598	411	49	50
598	414	48	48
587	411	49	50
576	414	51	46
569	413	52	47
563	412	53	47
557	411	54	48
556	414	54	45
552	411	56	49
548	412	55	47
546	408	57	50
543	413	55	46
540	410	57	49
540	410	57	49
538	410	58	48
538	407	58	49
537	406	58	49
536	407	58	48
537	411	57	46
537	408	57	48
536	411	57	46
536	407	56	49
536	411	56	46
534	406	56	50
532	408	57	47
532	409	57	46
530	409	56	46
529	409	57	45
528	408	57	46
528	408	57	44
526	408	56	43
526	410	57	41
524	408	58	42
523	406	57	43
522	406	57	41
520	404	57	42
518	403	56	43
518	407	57	40
515	406	58	39
512	404	57	41
509	402	59	43
504	402	61	42
502	403	61	41
501	404	61	39
499	403	64	41
497	402	64	41
497	400	65	41
500	402	65	38
502	400	65	39
502	400	64	39
504	399	60	40
502	402	61	38
501	401	61	39
498	401	61	40
493	399	61	41
493	400	60	40
487	405	62	37
480	407	66	38
476	406	68	38
472	404	69	39
470	404	71	39
471	404	71	40
469	402	70	39
466	402	69	40
466	402	67	40
462	401	67	42
457	402	65	42
457	402	68	41
450	405	69	41
446	404	70	42
441	408	71	38
437	405	71	38
434	400	72	43
434	402	69	42
430	403	72	41
427	398	73	44
423	403	74	39
421	400	77	39
419	399	78	40
418	397	78	42
419	400	77	40
419	397	80	41
422	400	79	39
424	397	78	42
427	394	76	43
427	397	76	40
429	395	77	42
431	392	77	42
433	391	77	43
436	392	78	38
439	390	77	42
439	391	78	40
443	392	77	40
446	391	77	42
447	390	75	43
449	392	75	43
450	395	73	42
450	395	74	42
451	398	75	40
452	398	74	40
454	396	73	42
455	399	73	39
456	397	72	39
455	396	71	41
455	397	71	40
454	401	70	36
451	398	70	38
449	396	69	42
446	393	69	40
445	393	68	41
442	395	69	39
438	397	70	36
436	395	72	39
434	394	72	36
432	391	74	38
432	394	75	38
431	391	73	37
430	391	73	38
431	391	74	38
432	393	72	37
433	393	71	38
433	393	71	37
433	394	70	38
433	397	71	37
433	400	71	36
434	401	70	37
433	404	71	37
434	404	71	38
433	404	72	36
432	404	73	35
432	403	73	36
432	400	73	36
432	399	72	38
432	399	73	38
431	396	72	38
430	397	70	38
430	397	69	38
428	397	69	38
425	395	68	41
426	396	68	40
422	399	70	38
419	399	70	37
415	396	70	40
414	397	70	38
410	399	72	37
410	399	73	38
407	397	73	38
407	395	72	40
404	395	71	38
402	398	71	37
399	400	72	38
399	397	74	41
393	404	74	37
391	406	74	37
389	409	74	37
387	405	76	42
387	407	76	39
387	408	76	38
386	406	77	38
387	404	76	39
387	401	76	38
388	401	75	39
389	401	76	38
388	400	76	39
389	401	75	39
390	401	74	39
392	404	74	38
392	402	74	39
392	401	74	39
392	401	75	39
393	403	74	39
391	402	75	41
392	404	76	40
392	405	78	39
394	405	79	38
394	406	78	39
396	406	78	39
401	406	78	40
405	406	77	38
409	404	76	40
414	402	74	41
414	404	74	41
418	402	74	42
422	401	72	42
425	404	70	41
426	405	69	41
428	408	68	39
428	409	68	38
428	409	68	39
428	409	68	39
427	411	70	37
428	406	71	38
430	406	70	36
430	407	71	37
432	405	69	37
436	405	66	38
439	406	65	37
441	402	64	37
441	404	64	36
441	404	64	36
442	403	63	37
442	404	65	35
444	402	65	36
445	403	62	35
448	403	62	34
447	404	62	33
450	401	60	35
451	398	58	36
454	399	57	35
457	400	58	34
458	400	58	33
458	400	58	32
461	401	56	33
462	401	55	34
463	403	56	31
465	402	56	32
469	401	56	31
469	402	56	30
473	401	56	30
478	400	54	32
482	398	54	31
486	397	51	31
489	396	51	30
489	393	49	34
492	391	49	34
493	390	50	33
496	389	51	32
500	388	50	31
504	387	48	30
504	387	48	30
509	386	48	29
515	384	47	32
521	385	46	30
528	385	44	30
534	384	41	33
533	387	42	30
538	387	42	30
542	387	41	30
546	388	39	29
549	386	38	30
551	386	38	30
550	388	39	28
553	385	38	32
555	384	37	31
558	384	37	31
559	385	36	29
561	385	37	29
561	384	38	29
564	384	36	29
567	384	36	28
570	385	35	28
570	383	35	31
572	382	34	31
573	382	33	30
572	382	34	30
572	381	34	31
572	384	35	29
573	381	34	30
572	384	34	30
573	382	34	33
574	386	34	31
574	388	33	30
575	385	33	30
576	386	33	26
576	384	34	28
576	383	33	29
577	385	32	27
579	384	32	27
579	384	32	25
579	385	32	26
578	386	31	25
577	387	32	24
576	386	31	23
575	384	32	23
573	385	31	22
570	383	32	24
568	382	32	25
568	382	32	25
566	380	32	25
565	380	33	26
565	378	33	28
565	377	33	29
564	380	34	26
564	379	33	26
563	383	34	24
562	383	32	23
560	384	32	22
557	384	33	23
554	384	34	23
554	384	34	24
551	384	35	23
550	382	33	26
547	382	33	26
544	384	33	25
543	384	32	24
543	384	33	24
540	385	33	24
537	382	34	25
536	381	34	26
531	381	35	25
529	381	35	25
530	380	35	26
528	380	36	27
527	380	35	28
526	379	36	29
524	384	37	25
524	385	36	25
524	384	36	24
521	385	36	24
520	383	38	26
519	384	39	26
520	385	39	26
520	385	38	27
520	385	39	27
522	384	37	28
522	383	36	30
522	384	37	28
521	384	37	29
520	384	38	29
520	386	37	27
520	386	38	25
520	386	38	25
520	384	39	26
521	383	38	26
522	383	39	26
522	382	38	27
523	382	38	27
524	381	38	27
525	381	39	27
527	382	38	26
528	382	38	27
527	380	38	28
530	380	38	30
532	378	37	32
532	382	39	30
533	382	36	31
534	384	37	30
534	382	36	31
534	382	37	31
535	385	35	30
536	382	38	32
537	383	36	32
536	383	37	31
537	382	37	32
537	381	37	33
537	383	37	31
539	381	36	33
539	385	36	29
540	383	36	31
540	383	36	31
539	384	36	30
540	384	35	30
538	386	35	28
537	386	36	29
536	384	36	32
535	385	37	32
535	385	37	32
535	385	37	32
535	384	36	33
536	387	37	31
535	389	38	29
535	388	37	30
536	388	37	31
536	389	37	30
536	389	37	29
537	388	38	29
537	387	38	29
538	383	37	34
537	384	38	32
537	383	37	33
538	383	38	33
538	385	38	31
539	384	38	32
539	384	38	32
541	383	39	32
544	382	38	34
545	382	39	33
549	381	37	33
552	380	37	33
551	381	37	32
553	383	36	31
553	381	35	32
553	381	35	31
553	379	36	33
552	381	36	30
552	380	36	31
552	382	38	31
554	380	37	32
556	380	38	32
559	381	38	33
562	381	38	31
561	379	38	34
567	380	37	31
571	379	36	32
576	378	35	32
580	382	34	28
583	379	33	31
582	381	34	30
584	382	33	29
586	382	35	30
588	380	34	31
589	381	33	30
589	380	33	31
590	378	33	32
590	379	33	31
589	381	33	29
588	378	34	31
587	375	33	33
587	374	33	33
587	376	33	32
587	379	34	29
587	376	33	32
587	378	33	30
588	381	33	28
588	378	33	30
588	376	33	32
588	379	32	29
588	376	32	32
586	374	32	33
585	372	32	33
584	374	32	31
584	373	31	32
583	373	32	33
581	375	32	31
580	375	32	31
579	375	32	31
579	378	32	29
578	376	32	31
578	376	32	31
580	378	32	30
582	376	30	30
582	378	31	31
583	378	31	29
583	380	31	27
584	376	30	29
585	374	31	29
586	372	30	31
587	374	30	28
587	375	31	28
587	376	30	26
588	377	30	25
589	375	31	27
590	374	31	28
592	377	30	25
595	376	29	25
593	377	30	24
595	375	28	26
598	371	28	28
598	373	29	27
601	370	28	29
602	373	29	27
602	375	29	25
602	377	29	24
602	373	29	26
601	373	29	25
603	371	28	26
602	373	30	24
603	372	29	26
604	371	28	27
606	368	28	29
609	370	28	27
609	369	29	27
612	371	28	28
612	374	28	25
613	375	27	24
616	376	27	22
616	374	28	23
617	375	28	22
618	375	27	22
618	375	27	22
619	377	28	20
620	373	27	24
621	374	27	22
621	373	27	21
621	371	27	24
621	372	28	24
621	373	27	22
621	372	27	23
621	374	28	20
620	376	28	18
619	375	28	19
619	376	28	18
619	376	28	18
619	374	28	20
618	377	27	20
617	377	27	20
617	378	27	20
617	377	27	20
617	377	27	19
616	375	27	22
617	374	27	21
616	378	28	20
617	377	27	20
616	376	27	21
616	376	27	21
615	375	28	22
615	376	28	22
614	377	28	20
614	374	27	22
615	374	27	22
615	376	28	20
616	373	28	21
617	375	29	21
617	374	28	20
615	370	29	23
617	372	29	22
616	372	28	21
616	369	28	23
617	369	27	23
615	370	29	22
615	368	28	25
616	372	28	21
616	371	27	22
615	371	27	23
615	371	27	22
614	376	27	19
613	375	27	19
613	376	29	20
612	376	28	18
610	372	27	22
609	370	27	23
608	369	28	23
606	367	26	22
606	366	29	23
605	363	27	25
604	365	29	23
602	365	28	23
600	365	28	24
599	368	27	23
600	366	27	23
598	366	27	24
597	369	27	21
595	368	25	23
595	368	28	24
593	375	32	25
593	369	25	21
592	370	25	20
590	372	28	22
588	376	30	19
586	365	27	26
587	372	28	20
586	373	32	21
588	376	35	22
598	384	42	40
599	386	38	37
596	381	41	42
595	378	40	46
595	382	39	42
592	377	39	46
588	376	39	45
585	380	40	42
579	391	41	31
576	388	39	34
576	388	39	34
572	390	38	32
569	387	39	34
567	387	39	33
565	389	39	34
563	389	38	34
564	392	39	32
561	392	41	33
559	391	43	35
558	393	41	32
557	391	40	33
555	390	39	33
555	390	39	32
552	390	39	33
547	391	39	33
543	392	39	32
539	390	41	33
536	390	41	32
536	391	41	32
535	391	42	32
534	390	43	31
534	390	43	32
534	390	42	32
533	391	43	32
533	391	42	32
534	393	42	31
534	396	42	29
535	394	40	31
535	396	42	30
535	396	40	31
535	396	41	31
534	395	41	31
534	393	41	31
533	392	41	31
533	391	41	30
532	391	41	29
533	390	39	30
532	390	39	30
534	389	38	31
534	390	40	29
534	391	39	28
534	393	39	29
534	392	40	29
535	390	38	30
535	392	39	29
535	392	37	29
534	393	38	29
534	391	37	29
534	390	37	30
532	390	37	29
532	389	37	29
528	391	39	29
527	392	38	29
525	392	38	29
525	393	39	29
523	396	39	27
522	394	39	28
521	393	39	29
519	395	40	27
516	395	41	27
516	394	40	28
515	393	40	28
512	394	41	28
510	394	42	29
508	394	42	28
505	395	42	28
506	394	42	28
502	395	43	27
500	396	44	28
497	396	45	28
494	396	45	28
491	398	46	28
491	397	46	28
488	397	46	29
485	398	47	28
482	398	48	30
478	399	48	30
475	398	48	30
475	398	48	30
472	400	49	30
468	399	50	30
464	400	51	30
460	399	52	30
456	400	53	31
456	398	53	32
452	399	54	31
449	398	55	31
446	397	56	33
442	396	58	34
439	399	57	33
439	398	58	33
436	398	59	34
432	398	60	35
429	399	60	34
425	397	61	35
420	398	63	36
420	398	62	35
415	398	65	36
411	397	66	37
408	397	67	37
404	398	67	37
400	399	68	37
401	399	68	38
397	401	69	37
392	401	70	38
388	401	71	39
384	402	72	39
380	404	72	38
380	404	73	39
376	405	74	40
371	406	75	40
367	405	76	41
363	407	78	40
359	409	78	41
360	409	78	40
356	409	80	43
352	409	79	43
347	409	80	44
344	412	80	43
339	411	82	45
338	412	82	44
335	412	82	45
330	412	84	47
326	413	85	47
321	413	86	48
317	413	87	48
317	414	87	46
312	413	87	48
307	415	88	47
301	412	89	49
296	412	91	50
291	411	91	50
290	413	91	48
285	411	92	50
280	412	93	50
275	411	94	50
270	413	95	49
266	412	95	49
265	413	95	49
262	413	96	49
258	414	97	49
255	414	97	50
253	414	97	49
250	414	98	49
251	413	99	49
250	413	98	50
248	412	97	50
246	411	96	49
244	412	96	48
242	412	97	48
242	411	98	49
241	413	98	46
241	411	98	47
242	411	98	46
243	410	98	46
243	412	98	44
244	410	98	46
246	410	97	45
248	411	97	44
252	411	96	44
255	410	96	44
261	410	95	45
260	411	97	44
265	412	96	43
272	412	94	44
278	413	93	44
285	413	93	44
292	415	91	43
292	414	92	44
299	414	92	43
306	415	91	43
312	414	90	43
320	413	90	43
326	414	89	44
326	413	89	44
333	414	89	44
339	415	90	44
345	415	88	43
353	415	87	45
361	414	85	45
359	414	86	46
367	415	85	46
373	415	83	45
378	415	84	44
383	414	83	45
388	414	82	45
388	415	83	45
393	413	83	44
399	412	81	44
404	410	81	45
409	410	81	45
415	411	80	45
414	412	81	45
421	412	79	45
428	411	79	46
435	410	78	46
443	410	76	45
449	411	76	45
448	411	76	45
456	412	73	45
463	411	71	45
466	410	72	44
471	410	71	44
476	409	71	44
475	409	71	45
480	409	71	44
486	409	70	45
491	409	70	44
497	406	68	46
503	408	68	44
503	407	68	45
509	406	66	46
514	407	66	45
520	407	65	45
524	406	64	46
530	406	63	46
529	406	62	46
534	406	62	46
538	406	61	46
543	406	61	45
548	408	59	45
551	408	58	46
552	409	58	46
555	409	58	47
558	409	57	48
560	410	56	46
563	407	54	49
563	409	54	47
563	408	54	47
562	408	54	48
560	407	53	47
559	405	53	47
555	405	54	47
552	404	54	47
552	404	54	47
548	406	56	45
544	408	59	44
541	409	60	46
539	410	61	46
538	412	62	47
538	412	61	46
538	412	62	47
539	414	63	48
540	415	62	47
541	416	60	48
541	416	60	48
541	415	60	49
540	414	60	48
538	412	60	48
535	411	60	48
533	409	59	48
528	407	59	48
528	408	60	47
523	407	60	48
519	408	60	48
513	409	61	47
507	409	61	47
501	410	61	46
501	411	62	46
495	409	64	47
489	407	66	47
484	407	67	46
482	407	68	45
481	406	68	45
481	406	68	46
481	406	67	45
481	405	67	46
481	405	66	46
479	405	66	45
478	406	65	45
477	405	65	46
476	406	64	45
473	405	64	45
470	404	64	45
465	403	65	44
461	403	65	44
462	403	65	45
457	403	66	43
454	403	65	43
448	403	65	43
443	402	66	43
436	402	68	42
437	402	67	43
431	401	70	43
429	401	71	42
429	402	70	42
428	402	70	42
427	402	72	41
428	401	71	42
428	401	72	41
428	400	72	41
430	399	72	40
434	399	71	40
436	399	71	40
436	398	71	41
439	399	70	40
442	399	70	40
445	399	69	40
448	400	68	39
450	399	68	39
450	399	69	39
454	399	68	39
456	398	68	40
459	397	67	39
462	397	65	39
463	395	64	40
463	396	64	40
463	396	63	39
464	396	64	39
462	394	64	39
463	395	64	38
462	396	66	38
462	395	66	38
464	396	66	37
464	395	68	38
466	397	68	36
469	398	68	37
471	398	68	37
471	397	68	38
474	399	67	37
476	399	66	37
477	396	65	37
477	396	65	36
477	395	65	36
477	395	65	36
477	395	66	35
477	394	66	35
477	395	66	35
479	397	65	34
481	394	65	35
480	394	65	35
482	394	65	35
484	392	64	35
486	392	63	34
487	389	63	35
489	388	63	35
488	387	63	35
489	386	64	34
491	384	64	33
494	383	63	34
497	380	63	33
501	379	62	33
500	380	62	33
504	378	62	33
508	378	60	32
512	378	60	32
516	377	60	32
521	377	58	32
521	377	58	32
525	377	58	31
529	377	57	31
534	376	56	31
538	376	56	30
543	376	56	30
543	375	56	31
548	376	55	29
553	376	54	29
558	377	54	29
562	375	53	30
566	375	52	29
565	376	53	29
568	375	52	29
572	378	51	28
575	379	51	27
579	379	50	28
582	377	49	29
582	378	50	28
585	380	49	27
588	377	49	28
590	376	49	28
593	377	48	26
594	375	48	27
594	376	47	26
596	375	46	26
598	374	46	26
600	373	45	26
601	372	45	26
601	371	45	25
600	371	45	26
602	370	45	26
603	373	45	24
606	372	44	24
609	371	44	24
611	370	44	24
611	371	44	24
613	370	44	25
616	371	43	23
620	374	42	22
624	373	42	23
625	373	41	23
626	373	41	23
629	374	41	22
631	375	40	22
635	375	39	21
638	376	38	19
641	376	38	19
640	376	39	20
644	375	39	19
648	375	38	20
651	374	38	19
655	373	37	18
659	373	36	18
660	371	36	19
663	371	36	17
666	367	34	19
668	367	34	18
671	367	33	17
672	366	33	17
672	365	34	19
675	364	33	17
677	363	31	17
679	361	30	17
680	361	30	17
681	358	30	17
682	358	30	16
684	356	29	18
684	355	29	17
684	354	29	18
686	356	29	17
685	352	29	20
686	355	29	18
687	356	27	17
688	355	26	19
687	355	26	19
686	357	27	17
685	359	27	16
686	360	26	15
684	357	26	17
684	358	27	16
684	359	27	15
682	359	27	16
682	360	26	16
682	361	26	15
681	359	26	16
681	360	27	15
680	361	26	16
679	361	26	15
677	361	27	15
677	362	27	14
676	361	27	15
675	360	26	14
674	359	26	14
673	359	25	14
672	357	26	14
673	357	26	14
672	358	26	14
672	356	25	13
672	354	25	14
672	355	26	13
673	354	25	13
673	354	25	13
673	354	26	13
675	355	25	13
675	354	26	13
677	356	25	13
678	356	25	13
678	356	25	14
680	357	26	13
681	357	26	12
683	356	27	12
685	357	26	13
686	357	26	13
687	356	26	13
688	357	26	12
691	356	27	13
694	355	26	12
696	356	24	12
697	355	23	12
698	355	23	13
699	355	23	12
701	355	23	12
702	357	22	13
704	358	22	12
704	358	21	13
704	358	21	12
704	358	22	12
703	356	22	13
701	357	21	13
698	358	21	12
696	357	22	12
697	357	21	13
694	357	22	13
695	359	20	13
695	359	21	13
695	360	20	13
693	362	21	13
693	361	20	14
692	362	20	13
687	360	22	13
683	361	22	14
679	362	22	14
675	362	22	14
675	361	21	14
672	362	22	13
668	364	23	13
664	365	22	14
662	364	22	15
659	365	22	14
659	364	22	15
655	363	23	15
654	363	22	14
651	361	22	14
648	360	22	14
645	359	23	14
645	358	23	15
641	358	22	15
639	358	23	16
637	362	23	14
637	362	23	16
636	364	24	14
635	363	24	14
636	364	24	15
636	366	24	15
636	364	25	16
637	364	24	17
639	364	24	17
639	365	25	17
639	364	25	18
641	366	26	16
642	366	25	17
643	365	26	17
644	367	26	16
644	365	26	18
646	367	26	16
647	365	26	18
649	364	27	18
650	364	27	18
652	364	27	18
653	363	27	19
655	366	27	17
656	366	28	18
657	365	27	20
659	367	28	19
659	368	28	19
660	368	28	21
660	369	29	20
661	370	28	20
661	370	28	21
660	371	29	21
660	371	29	21
659	370	29	21
660	371	30	21
659	373	30	21
659	371	30	22
658	370	30	22
658	370	30	23
659	370	30	22
658	372	31	21
658	372	31	21
657	375	31	21
656	374	32	22
655	375	32	22
654	375	32	22
654	376	32	22
653	374	32	23
652	376	32	22
651	376	32	22
650	377	33	22
650	376	33	23
649	378	32	22
645	378	34	23
643	379	33	22
640	379	33	23
635	379	33	24
637	379	32	23
634	381	33	24
631	381	33	24
629	381	33	24
625	381	33	24
623	380	32	25
623	380	32	25
619	381	34	24
616	380	33	24
612	380	34	24
608	379	33	24
604	379	33	24
604	377	32	26
602	377	32	25
600	376	32	26
596	377	33	25
596	374	32	28
594	376	33	26
593	376	33	27
592	376	32	26
587	376	33	26
583	375	33	27
579	377	34	27
575	377	34	27
575	377	34	27
571	378	36	26
567	377	36	27
565	375	35	27
564	374	36	27
560	373	36	27
561	374	36	26
557	374	36	26
553	375	38	26
549	377	38	25
547	376	39	27
544	378	39	24
544	375	38	27
541	376	38	26
537	377	39	26
534	378	39	26
531	379	40	25
529	381	41	26
528	381	42	26
525	381	42	26
524	379	41	27
522	380	41	26
519	381	40	25
516	381	41	25
515	380	42	27
514	379	42	26
510	378	42	26
508	379	42	26
506	379	42	25
502	378	41	27
502	379	41	27
499	378	41	26
495	376	41	26
491	377	41	26
487	376	42	25
483	375	44	26
483	375	43	26
480	374	42	26
475	374	44	26
471	373	44	26
468	373	45	26
466	373	45	25
467	372	45	25
465	371	44	25
463	370	44	24
461	369	43	24
458	368	44	24
457	367	45	25
456	367	45	25
454	368	46	24
454	367	46	24
455	370	46	23
458	370	45	22
460	370	45	23
459	370	46	23
462	370	45	22
466	369	45	23
470	370	42	21
473	371	42	21
479	370	40	22
479	369	40	23
482	372	40	21
485	371	40	21
490	371	41	22
495	373	39	21
501	371	36	21
502	371	37	21
505	373	34	20
507	373	34	20
510	372	33	20
511	373	34	20
514	373	34	19
513	370	34	21
518	372	34	19
523	371	32	20
527	372	32	19
530	370	32	20
533	368	31	21
533	369	31	20
535	368	31	19
538	368	30	20
540	368	29	18
542	367	28	19
543	367	29	18
544	367	29	18
545	367	28	18
546	367	28	17
549	368	27	16
550	367	27	16
552	367	27	16
552	365	27	17
555	367	27	16
558	365	26	16
560	364	26	16
563	363	26	17
566	362	25	17
567	361	24	18
568	364	25	16
569	364	25	17
569	363	25	17
570	365	25	16
572	364	25	16
572	363	25	16
572	362	25	17
571	361	25	16
572	361	24	16
572	362	24	15
570	363	25	15
571	362	25	15
570	362	24	15
570	362	24	15
568	362	24	15
568	361	24	15
568	361	24	15
567	361	24	15
567	362	24	14
566	360	24	15
566	361	24	14
564	362	25	15
565	363	24	14
564	362	24	15
562	362	25	15
561	363	24	14
559	363	24	14
558	363	24	14
556	363	25	15
555	363	24	15
554	363	25	14
551	364	25	15
548	364	25	15
546	362	24	16
544	363	25	16
545	362	25	17
544	364	26	16
544	366	27	16
545	365	27	16
547	367	27	17
546	367	27	16
546	368	27	16
547	367	28	17
547	366	28	17
548	366	27	17
548	366	27	17
549	363	27	18
548	364	29	17
549	365	28	17
549	367	27	17
549	367	27	17
548	368	28	17
548	369	27	17
548	367	28	18
548	369	27	18
548	368	27	19
546	368	28	19
546	370	28	17
543	371	29	17
544	370	29	18
541	370	29	19
539	370	29	18
537	370	31	18
535	368	32	19
533	368	32	20
534	367	33	20
533	368	32	20
533	368	33	20
533	367	33	20
533	369	33	20
532	369	33	20
532	369	33	20
530	369	33	20
529	370	33	20
527	371	33	20
525	371	34	20
522	370	34	19
522	370	34	20
520	370	35	20
518	370	36	21
516	370	36	21
514	370	38	21
513	371	37	21
513	370	37	22
512	371	38	21
511	371	38	21
509	373	38	21
508	373	38	23
505	374	38	21
506	374	38	22
504	374	39	22
503	372	38	23
499	372	39	22
497	373	40	22
496	373	40	23
495	373	41	22
493	372	42	23
492	373	42	22
491	375	42	22
490	375	43	23
489	373	44	23
489	374	43	23
488	373	44	23
489	375	42	23
488	375	45	23
487	376	45	23
487	376	44	23
487	376	44	23
487	377	45	22
487	376	44	24
487	374	44	24
486	374	44	25
485	376	44	24
485	375	45	24
483	376	45	24
483	375	45	24
482	376	45	24
481	375	45	24
480	376	45	24
480	375	45	24
479	375	46	24
479	375	46	24
479	376	46	23
478	376	47	24
479	376	45	23
479	376	45	23
479	378	45	23
478	377	45	24
477	377	45	24
476	377	46	24
475	377	46	23
475	378	46	23
473	377	46	24
473	375	46	24
473	375	46	24
473	374	46	24
473	375	46	24
473	375	46	23
473	373	47	24
474	374	46	23
474	374	46	23
474	374	46	23
475	375	46	22
474	374	45	23
476	375	46	22
476	375	46	22
477	374	45	23
478	375	44	22
477	374	44	23
477	375	45	23
478	376	44	22
478	375	44	23
477	376	45	22
476	375	44	22
475	375	44	22
475	374	44	22
476	374	43	23
476	375	43	21
477	372	42	22
476	373	42	21
478	372	43	21
477	372	43	21
477	371	42	21
478	371	42	21
478	371	42	21
479	370	42	21
479	370	42	21
480	371	42	21
480	370	42	22
481	370	41	21
481	370	42	21
481	369	42	20
481	368	42	21
481	368	41	21
482	367	41	21
482	369	42	19
484	367	41	20
485	367	41	20
487	369	41	18
487	367	40	19
488	366	40	19
490	366	39	19
490	366	39	19
491	366	39	18
493	365	39	18
493	364	38	19
495	364	38	18
496	364	38	18
497	365	37	18
498	365	37	17
499	364	37	18
499	364	37	18
500	363	37	18
501	362	37	18
503	363	36	17
504	362	37	17
506	362	35	17
507	362	35	17
508	362	36	17
510	361	34	17
512	362	34	16
512	361	34	16
514	361	33	17
513	360	33	17
515	361	32	16
516	361	34	16
518	360	32	16
518	361	33	16
520	360	32	16
520	360	31	16
522	360	32	16
522	359	32	17
523	359	32	16
524	359	31	16
525	358	31	16
524	359	31	15
525	358	30	15
526	358	30	16
527	358	30	15
528	357	29	15
529	356	30	15
529	357	30	14
531	356	30	14
531	355	30	14
533	354	29	14
534	354	29	15
536	354	28	14
535	354	29	14
537	354	28	13
538	352	28	15
539	352	27	15
541	352	27	15
542	352	26	15
542	353	27	15
542	352	26	14
544	351	26	16
545	352	25	15
546	352	26	14
547	352	26	14
546	351	26	14
549	351	24	14
550	350	24	14
552	350	24	14
552	349	24	14
553	348	24	15
553	348	24	15
553	349	24	14
553	348	24	13
555	348	23	14
555	348	22	12
556	347	22	13
556	347	22	13
556	347	22	12
556	347	22	12
557	346	22	12
557	346	22	12
558	345	21	12
557	345	21	13
557	345	21	11
559	344	21	12
559	343	21	12
559	342	21	11
559	342	21	11
559	341	21	11
561	341	21	12
562	340	21	12
564	340	22	12
567	340	21	11
569	339	21	11
569	339	22	12
572	338	20	12
574	339	20	11
576	339	20	11
579	339	20	12
581	339	20	11
580	339	19	11
583	338	19	12
584	337	18	11
586	337	18	12
587	338	18	11
587	338	18	11
587	338	17	11
588	337	18	12
591	338	16	11
591	336	16	12
593	337	17	11
595	338	18	11
594	338	17	11
596	337	18	11
599	337	16	11
602	338	17	11
603	338	17	11
607	338	16	11
608	338	16	11
611	338	17	11
614	339	16	11
619	337	20	12
623	338	24	12
628	334	31	14
626	332	39	19
641	388	33	23
643	386	35	29
646	384	35	28
650	383	35	29
655	384	34	29
655	385	35	28
660	386	35	27
666	389	35	26
674	390	34	27
682	391	35	26
693	391	33	26
694	393	34	25
706	393	34	24
723	392	34	25
738	389	34	26
753	388	34	26
767	392	36	24
767	392	36	23
785	393	36	24
798	392	38	26
813	392	41	26
829	390	43	27
849	391	41	28
847	392	42	27
865	392	44	28
886	391	44	28
906	395	45	26
927	397	47	26
948	398	48	26
947	398	48	26
970	397	49	28
993	398	50	27
1019	398	49	26
1040	397	53	26
1066	399	53	23
1065	398	53	24
1092	399	52	23
1116	399	53	24
1143	400	55	27
1171	401	56	27
1201	401	56	27
