0.023853
0.130682
0.120648
0.093369
0.164178
0.145887
0.111366
0.117702
0.133413
0.159182
0.124435
0.076151
0.152242
0.131298
0.166963
0.108527
0.128267
0.147030
0.128492
0.133988
0.175776
0.102490
0.181945
0.095249
0.163280
0.135441
0.131067
0.167889
0.120904
0.151643
0.133554
0.151587
0.113771
0.129449
0.180186
0.151683
0.127868
0.130122
0.160606
0.185045
0.147376
0.135754
0.114299
0.138073
0.114511
0.119561
0.106357
0.145166
0.173569
0.130182
0.140403
0.164876
0.181003
0.129951
0.117490
0.146573
0.152307
0.169719
0.144782
0.174606
0.151905
0.129372
0.178645
0.093632
0.124672
0.127744
0.145824
0.143762
0.158793
0.188202
0.124890
0.104558
0.168038
0.156171
0.138673
0.125515
0.170039
0.117490
0.084741
0.114689
0.108380
0.120446
0.170296
0.106528
0.153511
0.139523
0.157098
0.109095
0.162978
0.105669
0.149513
0.098734
0.137355
0.136569
0.121616
0.157101
0.121902
0.114789
0.156680
0.137884
0.122739
0.099481
0.129412
0.085449
0.133756
0.125364
0.170838
0.087266
0.133520
0.166390
0.147452
0.183668
0.109372
0.131069
0.138959
0.128271
0.085338
0.151212
0.125991
0.167009
0.220276
0.129943
0.177807
0.168677
0.128129
0.107423
0.133108
0.118046
0.127453
0.122245
0.098962
0.115991
0.137553
0.104786
0.110193
0.170986
0.178898
0.099210
0.133467
0.115782
0.136669
0.140375
0.158309
0.099381
0.148309
0.164426
0.107500
0.146663
0.146459
0.184210
0.150843
0.163700
0.121653
0.145267
0.148096
0.136782
0.163714
0.166620
0.117290
0.115586
0.128719
0.175728
0.140171
0.197094
0.180082
0.137784
0.085426
0.168760
0.127896
0.129251
0.119663
0.089938
0.083890
0.117253
0.125563
0.111678
0.132348
0.140731
0.113705
0.118131
0.092582
0.105167
0.129607
0.144578
0.110779
0.123175
0.151192
0.159739
0.128204
0.116302
0.181379
0.100646
0.163504
0.127995
0.164907
0.133969
0.152882
0.150811
0.161044
0.112283
0.168123
0.173317
0.144599
0.156165
0.102798
0.138570
0.177793
0.155866
0.147802
0.071420
0.138564
0.151357
0.130346
0.104974
0.147286
0.145888
0.132904
0.151417
0.135235
0.085189
0.129457
0.127387
0.107258
0.133931
0.093805
0.125016
0.104107
0.096845
0.144976
0.109825
0.156633
0.163069
0.132688
0.161561
0.128614
0.097766
0.123677
0.104492
0.132082
0.135688
0.107366
0.159408
0.113865
0.116549
0.105942
0.103165
0.155993
0.140668
0.092037
0.095181
0.074869
0.136988
0.201421
0.106802
0.138981
0.115860
0.101410
0.143298
0.156460
0.106297
0.099555
0.096460
0.135357
0.108373
0.100651
0.125716
0.122055
0.210313
0.174131
0.163852
0.102756
0.238634
0.097959
0.120125
0.149087
0.120927
0.176111
0.118472
0.124428
0.124667
0.202554
0.167461
0.163153
0.155423
0.115082
0.087145
0.124171
0.146811
0.129050
0.183354
0.172145
0.139923
0.088348
0.127924
0.094576
0.139320
0.107993
0.145996
0.173232
0.141660
0.122005
0.164049
0.176302
0.121238
0.209464
0.088320
0.142358
0.144818
0.124782
0.170499
0.135036
0.134488
0.097271
0.118971
0.133452
0.098404
0.120291
0.126884
0.098076
0.117877
0.133100
0.151961
0.095191
0.117460
0.130030
0.106172
0.112842
0.084303
0.156974
0.135105
0.137302
0.108116
0.097058
0.169016
0.112108
0.153232
0.200974
0.134212
0.096479
0.092788
0.127052
0.150128
0.153538
0.109999
0.144425
0.155319
0.164616
0.185169
0.115202
0.160333
0.102541
0.117801
0.082433
0.118962
0.110881
0.155376
0.144769
0.100860
0.107718
0.134838
0.142750
0.101128
0.127345
0.140420
0.122874
0.088084
0.145206
0.144173
0.129577
0.134237
0.097851
0.143322
0.116509
0.084333
0.117003
0.095200
0.131559
0.207040
0.113953
0.133836
0.087504
0.116401
0.129373
0.187037
0.145029
0.144434
0.145732
0.202569
0.143585
0.122875
0.152550
0.106532
0.123481
0.156970
0.195575
0.113732
0.084605
0.126664
0.122823
0.129665
0.111139
0.136822
0.144220
0.155765
0.143818
0.142982
0.116110
0.124222
0.148085
0.100653
0.134580
0.151293
0.142017
0.142194
0.102276
0.118220
0.108298
0.107236
0.118093
0.102934
0.096853
0.151958
0.140063
0.127027
0.117610
0.105784
0.154687
0.114941
0.072865
0.094589
0.160874
0.130354
0.125152
0.116108
0.111773
0.147604
0.153742
0.092491
0.129570
0.160966
0.121627
0.114476
0.106724
0.173087
0.152300
0.140057
0.165240
0.098810
0.132995
0.075392
0.165622
0.138513
0.237168
0.168191
0.124682
0.109419
0.149802
0.131030
0.144190
0.154208
0.097530
0.133886
0.078917
0.157660
0.096106
0.161942
0.123148
0.125415
0.096781
0.128967
0.132690
0.134092
0.124475
0.145716
0.116611
0.190324
0.112024
0.106881
0.155043
0.141686
0.116349
0.138859
0.148211
0.142662
0.139279
0.107834
0.131781
0.159554
0.093053
0.100361
0.123546
0.105794
0.121774
0.088070
0.095313
0.120717
0.160829
0.124996
0.171987
0.102356
0.195549
0.142558
0.108217
0.124342
0.158890
0.108363
0.166449
0.156747
0.073483
0.152925
0.134077
0.107986
0.175093
0.103278
0.091333
0.156136
0.114830
0.160276
0.149272
0.108237
0.144164
0.099772
0.146200
0.126495
0.157903
0.102806
0.078967
0.130226
0.162426
0.140169
0.152765
0.182335
0.115537
0.112689
0.134285
0.095833
0.120272
0.114066
0.106772
0.101981
0.123447
0.131105
0.131992
0.107266
0.180496
0.109199
0.163634
0.147002
0.108821
0.119241
0.118126
0.140504
0.161983
0.153952
0.156770
0.125473
0.161258
0.110478
0.115027
0.117949
0.135055
0.118366
0.154037
0.083795
0.109401
0.130352
0.131124
0.121775
0.152102
0.166651
0.121995
0.158885
0.131705
0.153914
0.140958
0.111866
0.147714
0.157234
0.124598
0.167340
0.150777
0.155406
0.135002
0.097956
0.150219
0.108829
0.185894
0.078948
0.132550
0.128475
0.101640
0.130389
0.141237
0.154276
0.150666
0.111234
0.136049
0.164126
0.131436
0.109148
0.112442
0.126695
0.132079
0.144444
0.108833
0.083883
0.108717
0.145666
0.101942
0.135598
0.108414
0.088474
0.174809
0.144467
0.104546
0.155994
0.129185
0.087935
0.111787
0.189537
0.087277
0.113627
0.115546
0.155685
0.158790
0.179267
0.200552
0.092507
0.147917
0.159078
0.151485
0.158363
0.099335
0.188127
0.130353
0.163529
0.128853
0.147495
0.122141
0.090171
0.139564
0.161830
0.146651
0.159719
0.132048
0.111411
0.111698
0.163604
0.149462
0.121501
0.140961
0.109362
0.124666
0.144035
0.177382
0.118857
0.192080
0.178147
0.140673
0.177072
0.143920
0.110977
0.114697
0.128655
0.194417
0.105005
0.112493
0.107090
0.100557
0.143445
0.152949
0.170549
0.158774
0.176238
0.133961
0.139761
0.126563
0.156813
0.162654
0.164978
0.136913
0.160687
0.179357
0.120996
0.146968
0.179220
0.124181
0.190297
0.185061
0.140566
0.126707
0.131588
0.084795
0.139794
0.166115
0.131388
0.117017
0.142123
0.124662
0.135757
0.168619
0.144629
0.171407
0.124270
0.116800
0.097347
0.097950
0.107524
0.191048
0.137528
0.129715
0.134829
0.142948
0.105330
0.158147
0.132757
0.112193
0.113976
0.168162
0.124661
0.207998
0.140432
0.161568
0.114585
0.090957
0.145750
0.173725
0.158310
0.115901
0.125334
0.112077
0.124573
0.161487
0.102730
0.164811
0.200552
0.143417
0.154151
0.129829
0.163905
0.158202
0.092901
0.125249
0.150630
0.118194
0.106509
0.109749
0.120220
0.091987
0.152097
0.192668
0.162534
0.109053
0.155018
0.177006
0.110351
0.147364
0.104304
0.148728
0.122102
0.140297
0.168673
0.175123
0.099025
0.087429
0.135478
0.135151
0.140871
0.216770
0.131722
0.180151
0.133908
0.111434
0.180023
0.139935
0.108192
0.130250
0.140482
0.220681
0.181697
0.186446
0.167675
0.174512
0.138058
0.135124
0.104251
0.088480
0.156475
0.109669
0.164782
0.166852
0.133328
0.150284
0.208766
0.181946
0.173369
0.115037
0.098348
0.111163
0.093120
0.128258
0.150690
0.121774
0.146364
0.145594
0.167358
0.125428
0.164799
0.114238
0.107501
0.089185
0.143971
0.219356
0.103200
0.097058
0.118870
0.140510
0.125018
0.152020
0.136602
0.091388
0.115323
0.168951
0.148364
0.118721
0.154488
0.133378
0.168935
0.132014
0.144330
0.138593
0.110889
0.115947
0.121685
0.099038
0.116155
0.133894
0.146769
0.113277
0.091578
0.126477
0.218035
0.160244
0.143775
0.107389
0.138318
0.164351
0.118829
0.165648
0.108118
0.139423
0.162430
0.153310
0.104232
0.145930
0.118531
0.158755
0.128312
0.102893
0.112010
0.113848
0.125810
0.107270
0.173753
0.175310
0.101262
0.164757
0.147650
0.162449
0.114249
0.094829
0.169884
0.171864
0.156850
0.172130
0.123906
0.123516
0.117651
0.179395
0.138049
0.167813
0.093641
0.172222
0.165420
0.144425
0.154996
0.135970
0.161002
0.127774
0.111655
0.149294
0.184570
0.148420
0.183187
0.142906
0.141227
0.153747
0.130368
0.109953
0.126770
0.111887
0.188812
0.153172
0.162881
0.098970
0.124505
0.140369
0.180638
0.099382
0.088629
0.129953
0.169154
0.219738
0.170280
0.126052
0.111100
0.098343
0.131347
0.136119
0.129646
0.167025
0.134423
0.105244
0.194180
0.121081
0.138065
0.120679
0.137526
0.155085
0.147147
0.182639
0.196774
0.234531
0.105960
0.150112
0.094090
0.139994
0.174919
0.072527
0.167470
0.116917
0.092176
0.113270
0.147154
0.133705
0.092619
0.151388
0.109270
0.118411
0.173758
0.166521
0.142556
0.093170
0.146028
0.129232
0.104295
0.137241
0.204293
0.106072
0.192552
0.129345
0.212615
0.210711
0.152480
0.140944
0.197961
0.122791
0.138674
0.173645
0.186073
0.153702
0.130123
0.096807
0.099154
0.163772
0.207504
0.162309
0.161379
0.117427
0.165518
0.154442
0.160005
0.153820
0.077468
0.155969
0.115599
0.124102
0.089744
0.117837
0.143640
0.126403
0.141745
0.122549
0.130052
0.105578
0.147074
0.148381
0.119613
0.121530
0.145728
0.121687
0.142628
0.130237
0.097530
0.115937
0.120734
0.144592
0.130734
0.133656
0.142175
0.084268
0.108666
0.117927
0.160819
0.138032
0.112590
0.160060
0.163141
0.145903
0.118485
0.129414
0.155437
0.185579
0.179388
0.181845
0.111005
0.143276
0.158293
0.146770
0.159981
0.127137
0.124921
0.184063
0.138882
0.153014
0.167633
0.116699
0.152023
0.121942
0.171821
0.154942
0.188405
0.128940
0.171739
0.156599
0.148126
0.131639
0.199657
0.118354
0.146918
0.176004
0.131589
0.142078
0.120627
0.126929
0.115674
0.111872
0.086204
0.184484
0.191904
0.162846
0.164795
0.109624
0.104612
0.152301
0.103156
0.139790
0.123558
0.160977
0.138120
0.088075
0.151110
0.111160
0.127686
0.096623
0.138502
0.144589
0.098665
0.108346
0.159191
0.135116
0.135570
0.154250
0.120283
0.090617
0.112879
0.129807
0.110885
0.152173
0.151612
0.114671
0.114640
0.097456
0.165140
0.107833
0.119203
0.148940
0.138054
0.123874
0.145112
0.087644
0.145170
0.119486
0.103650
0.117901
0.100867
0.115906
0.121475
0.145214
0.129091
0.151001
0.138651
0.100656
0.121426
0.129042
0.125264
0.143535
0.137095
0.166639
0.196681
0.129544
0.140738
0.129551
0.170340
0.135434
0.138118
0.090841
0.185063
0.176556
0.127930
0.153363
0.135542
0.156574
0.184294
0.244217
0.115863
0.125659
0.153838
0.155475
0.173020
0.127112
0.115080
0.111661
0.164528
0.155943
0.178058
0.145076
0.125906
0.155523
0.124158
0.103741
0.105244
0.173620
0.148301
0.165320
0.157644
0.163951
0.118746
0.154211
0.090811
0.141910
0.141434
0.165823
0.147340
0.116338
0.171035
0.177968
0.132823
0.099957
0.145414
0.095196
0.133875
0.153853
0.166138
0.170904
0.107014
0.149894
0.137623
0.086520
0.136595
0.146827
0.104047
0.185920
0.109258
0.121782
0.152446
0.115086
0.141653
0.112386
0.126961
0.160115
0.142325
0.095792
0.126597
0.151222
0.167695
0.154290
0.180625
0.143086
0.092510
0.189694
0.093097
0.152617
0.134629
0.125751
0.161639
0.127525
0.139259
0.145199
0.151389
0.101834
0.158080
0.201678
0.174759
0.121455
0.126021
0.099636
0.111067
0.166990
0.108614
0.146770
0.110484
0.133816
0.174752
0.086135
0.137395
0.126350
0.201769
0.148643
0.111509
0.145679
0.134251
0.108220
0.138038
0.178115
0.107246
0.165294
0.129706
0.130781
0.143749
0.140415
0.142850
0.193275
0.114695
0.154227
0.144049
0.106868
0.101321
0.093364
0.129740
0.082017
0.199384
0.081208
0.202314
0.102670
0.092438
0.157871
0.160657
0.136198
0.129083
0.161089
0.117706
0.155804
0.125865
0.142534
0.130663
0.191883
0.163762
0.185110
0.114334
0.102859
0.147873
0.086307
0.126022
0.178028
0.153886
0.157645
0.128915
0.112115
0.150725
0.199468
0.137250
0.147888
0.157178
0.129469
0.129116
0.175752
0.171898
0.153950
0.192994
0.096758
0.129769
0.162486
0.163486
0.180406
0.134664
0.115569
0.107031
0.105917
0.124718
0.145659
0.098754
0.122292
0.117671
0.148840
0.155342
0.197207
0.087602
0.105578
0.107397
0.148850
0.122715
0.097799
0.164991
0.133313
0.124073
0.112444
0.121829
0.118551
0.099634
0.134584
0.143962
0.128621
0.118247
0.095731
0.139443
0.147819
0.137734
0.162398
0.110546
0.153360
0.103416
0.138860
0.134900
0.151047
0.145122
0.182210
0.085768
0.160142
0.207815
0.154281
0.125156
0.156894
0.128156
0.159355
0.195553
0.159013
0.140550
0.132765
0.161857
0.143927
0.122207
0.130600
0.141696
0.119117
0.170320
0.123304
0.153468
0.129890
0.110735
0.151591
0.124516
0.251278
0.168479
0.153068
0.094466
0.119457
0.085688
0.127937
0.128927
0.090946
0.139264
0.087209
0.181776
0.102331
0.163791
0.116104
0.110788
0.122108
0.140492
0.139344
0.169523
0.131735
0.108176
0.168926
0.101104
0.104888
0.082603
0.128382
0.131989
0.102462
0.114933
0.118047
0.134583
0.121660
0.136647
0.133610
0.110670
0.143075
0.164218
0.199713
0.117732
0.142345
0.131083
0.174282
0.171164
0.108237
0.144232
0.149609
0.140508
0.170707
0.107970
0.160971
0.112033
0.110015
0.196106
0.142077
0.133997
0.171060
0.087308
0.131882
0.128597
0.128788
0.164450
0.171500
0.145039
0.133100
0.105505
0.087627
0.130273
0.126056
0.126820
0.112127
0.128482
0.172400
0.122560
0.108457
0.167501
0.135598
0.124746
0.099027
0.151451
0.141348
0.115224
0.108672
0.113031
0.073365
0.123050
0.136281
0.200501
0.138591
0.144536
0.104269
0.111765
0.121537
0.095355
0.104085
0.167199
0.151464
0.139065
0.155531
0.144375
0.106987
0.158132
0.375324
0.144573
0.119553
0.078465
0.143608
0.127724
0.132068
0.141841
0.193117
0.125805
0.073251
0.134804
0.137969
0.103491
0.119488
0.094780
0.154749
0.114663
0.160094
0.158984
0.080271
0.204280
0.135336
0.156198
0.130419
0.126235
0.120338
0.117786
0.137514
0.161428
0.117087
0.113014
0.106594
0.088733
0.144865
0.076505
0.122983
0.169962
0.191872
0.138453
0.168204
0.127182
0.146662
0.149316
0.118640
0.132525
0.123152
0.192336
0.148452
0.129096
0.218148
0.154184
0.152321
0.119053
0.173059
0.150544
0.152508
0.111817
0.238578
0.143943
0.178566
0.132092
0.153301
0.119465
0.084548
0.136913
0.150611
0.139386
0.170568
0.142569
0.135435
0.129069
0.111723
0.149209
0.132329
0.134790
0.118629
0.122460
0.121366
0.146295
0.125801
0.154549
0.139141
0.161011
0.215663
0.142275
0.089509
0.106041
0.126824
0.156972
0.112186
0.136140
0.139557
0.160060
0.134079
0.097225
0.109773
0.141554
0.152358
0.154103
0.148579
0.134236
0.141246
0.153574
0.105569
0.167233
0.131036
0.102510
0.115112
0.158150
0.141916
0.089722
0.120045
0.112356
0.113277
0.110970
0.179578
0.163508
0.149388
0.101289
0.128142
0.101299
0.142236
0.186388
0.091840
0.114181
0.141768
0.096400
0.102986
0.088555
0.126684
0.107791
0.167822
0.145002
0.233327
0.117874
0.161533
0.131968
0.112413
0.113043
0.075318
0.165633
0.149002
0.185933
0.177428
0.183048
0.170968
0.141709
0.142442
0.208343
0.125451
0.158880
0.166413
0.148782
0.135539
0.109216
0.119074
0.157645
0.127703
0.126309
0.124866
0.133172
0.151451
0.117887
0.114139
0.115784
0.125831
0.132984
0.162216
0.154151
0.192670
0.183929
0.115500
0.202110
0.138703
0.134817
0.130076
0.137056
0.128512
0.143324
0.159010
0.172285
0.128211
0.154169
0.127988
0.138212
0.140731
0.137921
0.115869
0.184964
0.174633
0.102391
0.135763
0.099505
0.160213
0.124547
0.133719
0.163103
0.149231
0.136196
0.135942
0.112027
0.108284
0.093928
0.113117
0.175494
0.100502
0.132535
0.117218
0.148624
0.130092
0.152402
0.105921
0.117079
0.122202
0.190550
0.125520
0.163442
0.140647
0.138182
0.133336
0.176829
0.126150
0.145862
0.119938
0.143574
0.145960
0.133002
0.138826
0.107751
0.181971
0.170961
0.163139
0.078382
0.212072
0.147812
0.116603
0.169432
0.176812
0.104428
0.153753
0.168572
0.091468
0.130262
0.117497
0.118427
0.123224
0.139405
0.183663
0.188608
0.178354
0.141816
0.155563
0.125261
0.104037
0.116548
0.115718
0.123583
0.122488
0.143285
0.117238
0.149832
0.145880
0.173146
0.175011
0.126892
0.172065
0.167169
0.094661
0.094006
0.162519
0.163791
0.145200
0.110475
0.155392
0.143112
0.159623
0.158068
0.159343
0.118790
0.122937
0.112758
0.160780
0.156109
0.201185
0.084645
0.156443
0.143518
0.099481
0.156309
0.157658
0.142129
0.117479
0.128388
0.103742
0.144962
0.152326
0.116457
0.150072
0.130955
0.112091
0.122360
0.103665
0.117908
0.101151
0.133633
0.130644
0.130893
0.170727
0.099269
0.124124
0.119591
0.142667
0.129589
0.174371
0.137056
0.121099
0.123137
0.091933
0.104735
0.153791
0.127349
0.146488
0.133626
0.112295
0.132308
0.143216
0.144264
0.120906
0.100920
0.125034
0.126613
0.112245
0.127767
0.115642
0.112175
0.183922
0.144938
0.098367
0.153868
0.166729
0.136411
0.103316
0.137973
0.163250
0.078276
0.087200
0.126523
0.129548
0.127102
0.129345
0.130898
0.140197
0.125849
0.136010
0.108936
0.132270
0.117421
0.160645
0.122622
0.158678
0.151878
0.141538
0.104446
0.122230
0.136529
0.159829
0.176241
0.087796
0.114097
0.115917
0.099773
0.139276
0.148678
0.171007
0.139400
0.111503
0.162539
0.123167
0.188913
0.117708
0.117004
0.127875
0.130470
0.106993
0.148939
0.131648
0.117824
0.132617
0.140203
0.101565
0.142436
0.143937
0.139905
0.132074
0.127341
0.131434
0.161867
0.144125
0.091665
0.117125
0.198890
0.147519
0.111495
0.143437
0.115929
0.199491
0.116930
0.098916
0.112288
0.193608
0.131649
0.161012
0.113384
0.163099
0.205116
0.165512
0.151598
0.151866
0.083767
0.126249
0.157804
0.128909
0.157984
0.115381
0.087397
0.131271
0.206234
0.133709
0.171315
0.120953
0.158953
0.131259
0.109539
0.129084
0.096468
0.146423
0.130222
0.142531
0.115614
0.159421
0.170171
0.143451
0.125103
0.130394
0.200042
0.120867
0.136926
0.152457
0.163912
0.164340
0.127064
0.146270
0.174120
0.150624
0.105443
0.111072
0.135592
0.117085
0.115922
0.141980
0.098514
0.139777
0.139921
0.082663
0.072564
0.179390
0.145732
0.137920
0.115744
0.193198
0.178573
0.140489
0.149662
0.190259
0.140349
0.138380
0.155178
0.124308
0.155929
0.105591
0.170310
0.144615
0.117572
0.129804
0.086044
0.116086
0.130349
0.102166
0.157086
0.160456
0.143902
0.124237
0.162766
0.099627
0.148450
0.124420
0.130823
0.146091
0.107953
0.121129
0.110971
0.156344
0.140577
0.141873
0.104711
0.136326
0.161880
0.138783
0.183539
0.163079
0.174849
0.183623
0.140525
0.098661
0.165993
0.214855
0.097155
0.134730
0.122051
0.133096
0.097700
0.118555
0.107909
0.087987
0.124349
0.129622
0.113132
0.151292
0.144004
0.134567
0.136413
0.095525
0.137266
0.177336
0.140407
0.129421
0.107476
0.191103
0.172420
0.104376
0.155342
0.130269
0.149662
0.142574
0.142334
0.143463
0.120801
0.161542
0.174722
0.147932
0.156711
0.152417
0.101525
0.132025
0.077267
0.143929
0.130706
0.127956
0.082386
0.153490
0.126952
0.121930
0.133003
0.105637
0.191409
0.133944
0.088592
0.106663
0.121752
0.108545
0.134869
0.180201
0.136395
0.127258
0.164097
0.151962
0.141407
0.103638
0.132724
0.123834
0.153564
0.196842
0.117743
0.144964
0.145583
0.164045
0.115996
0.106178
0.133457
0.112633
0.137264
0.128448
0.110144
0.081997
0.137895
0.118943
0.120373
0.082283
0.114463
0.126182
0.111650
0.154029
0.146686
0.141118
0.110861
0.121203
0.127138
0.129886
0.158436
0.131194
0.180120
0.111635
0.155301
0.169108
0.158947
0.147101
0.134387
0.164168
0.137507
0.114990
0.158812
0.116946
0.090972
0.102575
0.113872
0.087122
0.117224
0.172662
0.138723
0.138658
0.088360
0.145435
0.162580
0.097893
0.115165
0.148559
0.132038
0.141943
0.121427
0.139689
0.127945
0.111622
0.110973
0.090526
0.089873
0.098736
0.115114
0.185408
0.128158
0.178329
0.139394
0.095564
0.143955
0.189573
0.128700
0.095957
0.140233
0.149877
0.197039
0.129494
0.190919
0.142071
0.071244
0.149850
0.134855
0.160481
0.114622
0.169748
0.162186
0.149028
0.163264
0.166140
0.137422
0.120600
0.104860
0.122416
0.139380
0.177158
0.131202
0.166898
0.162771
0.189381
0.168378
0.139546
0.173246
0.148545
0.172443
0.100143
0.073896
0.161202
0.142407
0.154983
0.199339
0.168052
0.140723
0.126719
0.139661
0.170321
0.198393
0.111306
0.130285
0.118421
0.205978
0.116499
0.160766
0.184928
0.189044
0.163208
0.144588
0.125782
0.145867
0.140356
0.185385
0.174369
0.183898
0.179093
0.136140
0.143733
0.102219
0.121154
0.160738
0.132911
0.114755
0.168571
0.118553
0.145532
0.140390
0.143678
0.122844
0.128319
0.198382
0.157637
0.160574
0.155119
0.118440
0.178682
0.122423
0.155830
0.124434
0.115949
0.147651
0.150338
0.162016
0.112702
0.186559
0.076210
0.107431
0.127437
0.172568
0.114225
0.144845
0.116665
0.106531
0.133723
0.124479
0.139798
0.084676
0.122708
0.116586
0.141237
0.146684
0.096855
0.157970
0.147000
0.119845
0.086600
0.136877
0.175493
0.101883
0.118260
0.121150
0.138024
0.131849
0.187023
0.179055
0.159962
0.128625
0.140601
0.130269
0.119709
0.122460
0.090874
0.112691
0.129261
0.164618
0.145769
0.191545
0.123423
0.164402
0.172634
0.088708
0.107807
0.142564
0.136653
0.202564
0.114178
0.078154
0.165731
0.111978
0.155224
0.095124
0.127606
0.093232
0.118351
0.098430
0.120617
0.129252
0.158230
0.127479
0.206780
0.182284
0.128015
0.149632
0.126805
0.109148
0.110491
0.114558
0.160716
0.143960
0.135302
0.112978
0.158919
0.177077
0.147080
0.117213
0.177197
0.141556
0.131615
0.167289
0.178499
0.166276
0.130228
0.194155
0.149152
0.106208
0.150027
0.162811
0.151143
0.121491
0.141513
0.204991
0.152107
0.185463
0.176857
0.190235
0.161421
0.152407
0.115360
0.142966
0.122820
0.108758
0.114562
0.105659
0.131043
0.141695
0.106435
0.181022
0.130051
0.149482
0.119220
0.137360
0.134840
0.144345
0.140264
0.155305
0.147866
0.160959
0.112591
0.136980
0.114059
0.160688
0.164546
0.149705
0.105485
0.124885
0.094826
0.172130
0.117977
0.113888
0.149154
0.162528
0.131647
0.131578
0.156883
0.177489
0.145226
0.074646
0.187649
0.172269
0.150289
0.159586
0.135618
0.169404
0.176280
0.210654
0.139215
0.097373
0.176316
0.144658
0.128853
0.114470
0.178080
0.167702
0.152116
0.150675
0.131763
0.150609
0.166304
0.168764
0.160872
0.144030
0.124087
0.130132
0.168527
0.192331
0.147164
0.140876
0.126643
0.194194
0.108537
0.205301
0.143578
0.107881
0.106380
0.158538
0.199673
0.223960
0.168694
0.143687
0.122384
0.136655
0.138652
0.151067
0.119109
0.113244
0.112661
0.138551
0.131453
0.154005
0.104072
0.167301
0.114909
0.111419
0.121345
0.062748
0.158469
0.124754
0.100199
0.175344
0.149734
0.092606
0.108523
0.116350
0.153322
0.067860
0.136961
0.166911
0.197346
0.134162
0.101437
0.146392
0.133005
0.116725
0.152534
0.121390
0.215804
0.142278
0.080533
0.114356
0.094735
0.140914
0.133997
0.118072
0.147295
0.118332
0.099726
0.120660
0.139033
0.148467
0.086045
0.114110
0.133695
0.100418
0.115888
0.129085
0.145896
0.108241
0.129578
0.109602
0.144049
0.172122
0.137702
0.153537
0.098817
0.175578
0.187350
0.119619
0.152780
0.167026
0.108998
0.122943
0.129360
0.136239
0.191556
0.147110
0.136228
0.107888
0.129748
0.178298
0.197467
0.137507
0.161248
0.115365
0.121200
0.099705
0.094275
0.155501
0.185673
0.185292
0.126319
0.149316
0.087836
0.136443
0.089149
0.142897
0.132083
0.141792
0.116583
0.187465
0.107203
0.141207
0.152184
0.235793
0.177770
0.148988
0.149901
0.106797
0.120643
0.147973
0.152825
0.117539
0.161946
0.141265
0.135978
0.166068
0.155787
0.126144
0.129360
0.106623
0.138759
0.176600
0.115516
0.128879
0.080059
0.140011
0.110574
0.180830
0.152317
0.127899
0.135312
0.132833
0.134009
0.156707
0.134506
0.095480
0.151142
0.097564
0.091818
0.134534
0.082786
0.095286
0.076717
0.125179
0.103984
0.122100
0.127792
0.108611
0.142612
0.162918
0.124841
0.128031
0.167139
0.158830
0.170416
0.173429
0.124825
0.100341
0.108568
0.081258
0.098467
0.110735
0.134774
0.084724
0.129575
0.084908
0.137565
0.155934
0.188653
0.132947
0.157704
0.190299
0.171646
0.087816
0.138998
0.122584
0.093868
0.191402
0.109612
0.127494
0.166391
0.200250
0.111121
0.132277
0.117626
0.120874
0.137008
0.197249
0.127830
0.139380
0.135627
0.173561
0.137276
0.143894
0.085236
0.142947
0.183285
0.151266
0.189246
0.190048
0.144476
0.101794
0.116649
0.112701
0.138588
0.162881
0.157911
0.137142
0.168482
0.085006
0.142480
0.199723
0.149697
0.118244
0.171584
0.144032
0.104223
0.158195
0.114443
0.141889
0.132506
0.112644
0.141906
0.118138
0.137637
0.136170
0.151142
0.136386
0.129326
0.198614
0.083909
0.141426
0.114664
0.117434
0.117715
0.107601
0.131181
0.149225
0.124560
0.138508
0.113592
0.125143
0.103371
0.108907
0.134931
0.126638
0.137628
0.098826
0.157893
0.122675
0.159925
0.138517
0.091922
0.173019
0.111892
0.122477
0.136451
0.177702
0.128742
0.117526
0.147641
0.103802
0.126892
0.144142
0.186424
0.180389
0.146821
0.129796
0.169110
0.131289
0.203516
0.122211
0.177442
0.121914
0.154941
0.114695
0.109322
0.106837
0.166584
0.159678
0.122359
0.134157
0.228239
0.129847
0.136449
0.160697
0.102701
0.129479
0.137099
0.146255
0.123605
0.122778
0.134228
0.131475
0.116580
0.102601
0.165313
0.191385
0.180035
0.130456
0.112789
0.178173
0.177540
0.111978
0.135098
0.140665
0.071367
0.166103
0.138580
0.124817
0.202777
0.109369
0.210171
0.181064
0.166475
0.123434
0.176474
0.107520
0.183106
0.179114
0.135650
0.169086
0.173871
0.149974
0.188122
0.160343
0.163151
0.110142
0.161336
0.114270
0.176381
0.135934
0.107759
0.162969
0.114737
0.141682
0.172246
0.089560
0.098723
0.138236
0.122428
0.204065
0.181094
0.163279
0.182077
0.183088
0.177648
0.222559
0.130276
0.163834
0.154430
0.192763
0.210070
0.132184
0.180020
0.128854
0.134137
0.140469
0.190707
0.167576
0.080449
0.144042
0.081056
0.129875
0.210368
0.081522
0.110525
0.119897
0.117927
0.166264
0.119640
0.150845
0.158620
0.110003
0.180376
0.099735
0.175000
0.135284
0.145115
0.140497
0.139902
0.142550
0.133150
0.150818
0.118932
0.135853
0.118826
0.156815
0.129755
0.238090
0.125242
0.166561
0.142762
0.102163
0.242157
0.222074
0.147330
0.067539
0.187160
0.119197
0.172511
0.130160
0.106054
0.160071
0.163149
0.171582
0.127889
0.184436
0.157072
0.138516
0.241796
0.164444
0.185504
0.148448
0.154534
0.145505
0.174785
0.137196
0.129717
0.205209
0.168245
0.119075
0.100746
0.094268
0.173593
0.157040
0.143137
0.162800
0.145329
0.200391
0.153900
0.121089
0.139173
0.144679
0.139195
0.127570
0.194735
0.153687
0.180096
0.122743
0.136841
0.162895
0.097011
0.125721
0.108081
0.132114
0.137164
0.179828
0.121199
0.132810
0.137370
0.134581
0.154284
0.111559
0.107553
0.187387
0.176678
0.134719
0.152721
0.118450
0.075567
0.142194
0.092697
0.110120
0.123265
0.143523
0.143147
0.158315
0.123551
0.135009
0.183544
0.168263
0.190893
0.130760
0.175311
0.102293
0.158318
0.121984
0.107351
0.163709
0.149836
0.154567
0.125176
0.160689
0.104853
0.171381
0.179979
0.117944
0.129193
0.113089
0.147097
0.196766
0.166641
0.192422
0.126997
0.144670
0.130739
0.124731
0.215843
0.142436
0.155734
0.120536
0.133746
0.152099
0.171155
0.135605
0.166703
0.119627
0.158270
0.120544
0.185621
0.173248
0.211992
0.157121
0.120964
0.100017
0.093040
0.166146
0.164758
0.219562
0.121480
0.123946
0.142323
0.157495
0.115121
0.116352
0.129339
0.144765
0.096484
0.091869
0.157939
0.147253
0.140945
0.158083
0.139050
0.109530
0.123326
0.098350
0.182733
0.168631
0.138512
0.131567
0.140244
0.155947
0.157444
0.108754
0.086076
0.128502
0.132576
0.139210
0.155543
0.104425
0.093588
0.121341
0.140129
0.090200
0.131480
0.151807
0.112629
0.094857
0.162145
0.172705
0.126218
0.210686
0.104913
0.130242
0.155340
0.150945
0.132028
0.225123
0.147004
0.113041
0.184427
0.117481
0.173247
0.166594
0.189931
0.175150
0.123893
0.173535
0.137587
0.173806
0.159440
0.151091
0.116633
0.160886
0.151777
0.166476
0.095464
0.138419
0.148500
0.144702
0.133353
0.167582
0.102507
0.167311
0.177269
0.113951
0.169693
0.141422
0.155910
0.105410
0.220994
0.158276
0.140470
0.164840
0.214557
0.177768
0.176817
0.190845
0.104023
0.176060
0.175333
0.095302
0.205010
0.134592
0.102457
0.196575
0.184319
0.137694
0.192480
0.161977
0.174134
0.170953
0.119369
0.185028
0.153801
0.120913
0.131069
0.117355
0.162246
0.130184
0.130131
0.217992
0.198733
0.117834
0.115573
0.121580
0.155876
0.149370
0.177560
0.103373
0.114250
0.151528
0.139622
0.169886
0.184641
0.101860
0.114389
0.132755
0.120763
0.091270
0.142354
0.110872
0.128890
0.094157
0.135949
0.144469
0.159271
0.155968
0.125275
0.108014
0.152132
0.252005
0.120611
0.159949
0.105502
0.131671
0.126306
0.133576
0.117338
0.106287
0.122576
0.153630
0.129290
0.105404
0.149216
0.140897
0.113703
0.163340
0.114451
0.159221
0.197315
0.140818
0.147470
0.090621
0.129504
0.178293
0.126893
0.122704
0.117741
0.164106
0.118482
0.137939
0.157234
0.123276
0.098550
0.150893
0.105839
0.097934
0.128186
0.120187
0.099503
0.149331
0.145083
0.117872
0.098555
0.152482
0.110323
0.110278
0.109692
0.167610
0.174363
0.097517
0.107710
0.122451
0.094537
0.125382
0.177856
0.098694
0.149146
0.146488
0.118969
0.180153
0.142830
0.141446
0.086802
0.187477
0.200659
0.086183
0.114244
0.145880
0.129961
0.152048
0.113857
0.179787
0.139954
0.133383
0.145849
0.107568
0.122277
0.115870
0.173835
0.143528
0.120045
0.179415
0.165212
0.138327
0.122357
0.114527
0.120256
0.107849
0.148780
0.185227
0.108672
0.092026
0.148410
0.117262
0.130589
0.126444
0.137708
0.156339
0.160125
0.141201
0.130364
0.101042
0.104990
0.151860
0.124074
0.113660
0.178793
0.101389
0.138766
0.111842
0.176618
0.118878
0.124094
0.089246
0.158595
0.114821
0.141694
0.136467
0.104926
0.094513
0.105066
0.136956
0.172332
0.210138
0.108549
0.125661
0.130075
0.106163
0.129679
0.121546
0.143401
0.139333
0.104153
0.131621
0.118141
0.121688
0.110780
0.123429
0.155275
0.144696
0.174948
0.115373
0.119918
0.147000
0.110451
0.180067
0.130887
0.185060
0.123423
0.160903
