562	415	18	22
560	414	20	22
559	413	19	21
558	412	19	21
556	411	19	20
556	412	19	20
556	411	19	20
555	411	19	19
554	410	18	18
553	409	19	18
553	409	19	16
553	409	19	17
552	409	19	17
551	409	19	16
552	408	19	17
551	408	19	17
551	407	19	17
551	407	19	17
551	407	19	16
550	406	19	16
550	406	19	17
550	406	19	17
550	405	19	17
550	406	19	17
551	405	18	17
551	405	18	16
551	404	18	17
552	403	18	17
552	402	18	18
552	402	18	18
553	402	19	18
554	402	18	19
555	401	18	18
557	402	18	17
559	401	17	16
559	402	17	16
560	401	18	16
562	401	17	16
563	400	18	17
565	400	18	16
567	400	18	17
567	400	18	17
569	400	17	17
570	399	18	17
571	399	18	17
573	400	18	15
574	400	18	15
575	399	18	14
576	398	18	13
577	398	18	12
578	398	18	12
579	398	17	12
580	399	17	11
580	399	17	12
580	399	18	12
581	398	18	13
582	398	17	15
582	398	17	15
582	397	17	15
582	398	17	15
582	398	16	14
582	397	16	14
580	397	17	14
580	397	16	14
579	397	16	14
578	397	17	14
577	398	17	14
575	398	17	14
574	397	18	15
572	397	18	15
572	398	18	15
570	397	18	16
569	397	18	15
567	397	16	15
565	397	17	15
563	397	17	15
561	397	18	16
559	397	17	15
557	397	17	15
556	396	16	14
554	396	17	13
554	396	17	14
553	396	17	14
551	397	18	14
550	397	19	15
548	396	20	16
547	397	20	16
547	396	20	16
546	396	21	16
545	397	20	15
545	397	18	15
544	397	18	16
543	397	18	16
543	397	19	16
544	397	17	16
544	398	17	16
542	398	18	15
542	397	18	14
542	397	18	14
543	397	18	13
543	397	18	14
543	396	19	15
542	397	20	15
540	396	23	17
540	397	24	16
539	397	24	17
543	397	22	16
544	397	23	16
543	398	24	17
548	396	22	17
548	396	22	16
549	398	21	15
550	398	21	15
551	397	21	15
548	397	25	15
551	398	24	14
550	398	25	15
553	397	24	14
556	398	22	13
557	398	23	14
559	399	22	13
559	398	23	14
559	399	23	13
561	398	23	14
561	397	28	15
562	397	27	16
563	397	25	16
565	398	23	15
565	396	22	16
566	398	22	15
568	399	21	14
570	397	20	15
571	398	19	13
572	398	18	12
572	399	19	12
574	397	18	13
572	399	19	13
576	399	16	14
575	399	18	15
575	399	18	15
575	399	18	15
574	399	19	17
575	398	19	17
574	398	21	18
573	399	21	17
573	399	21	17
575	398	20	17
575	399	20	18
573	399	20	21
571	399	23	23
574	398	20	21
571	399	23	23
572	398	21	23
572	398	20	23
575	397	16	15
570	403	22	22
573	397	16	17
573	399	15	14
572	400	17	17
571	399	15	16
569	399	17	16
568	399	18	16
564	398	18	16
565	399	18	15
562	399	19	16
560	397	19	17
556	397	19	16
555	397	19	16
556	397	19	15
553	398	20	15
552	398	19	16
550	397	20	15
545	397	21	15
542	397	23	15
544	397	19	14
544	397	18	14
544	396	17	14
543	397	17	13
543	396	17	14
541	396	19	14
540	397	19	14
539	396	19	14
539	398	18	14
539	398	20	14
537	397	19	14
537	397	20	13
537	398	19	13
535	397	19	13
535	398	19	14
535	398	18	13
533	397	21	13
533	397	19	13
532	398	20	14
533	398	18	13
533	398	18	13
534	398	17	14
532	398	19	15
534	397	18	16
533	398	18	14
535	398	17	13
533	398	20	15
532	398	22	15
534	398	21	16
531	398	23	16
530	398	25	18
527	398	30	21
536	399	23	16
534	399	25	15
541	400	21	14
540	400	21	14
547	399	17	14
547	401	18	12
547	401	20	13
548	401	21	12
550	401	22	12
549	401	22	12
550	401	24	13
552	402	24	13
553	401	25	14
555	402	25	13
558	402	25	14
559	403	25	14
559	402	25	14
560	404	26	14
562	404	26	14
564	404	26	14
567	405	29	14
568	405	29	15
569	405	29	15
572	406	26	16
575	402	23	17
577	405	24	14
580	407	22	13
579	407	22	13
581	404	22	15
577	403	26	18
579	406	28	17
579	407	28	17
586	406	23	16
580	406	29	17
584	406	27	17
589	407	22	15
593	407	18	15
595	408	19	14
596	408	19	14
595	408	19	15
596	407	19	15
596	408	19	16
599	409	17	14
598	408	18	15
599	408	17	15
600	408	16	15
599	409	18	17
600	409	17	16
598	409	19	19
601	408	17	16
601	409	16	15
601	410	16	16
600	409	16	16
602	410	14	14
601	410	15	15
600	411	17	19
600	410	17	19
600	410	15	17
600	411	15	15
599	411	16	16
597	411	17	16
597	410	18	17
597	412	18	16
596	411	18	17
593	409	18	18
593	411	18	17
592	410	19	17
591	411	20	17
590	409	20	19
588	410	19	18
587	410	20	18
586	411	20	18
584	410	19	16
582	410	20	16
581	410	20	17
579	410	21	17
577	411	21	15
575	411	21	15
573	411	20	14
570	412	21	14
568	411	20	14
565	411	22	15
563	411	22	14
560	410	25	15
557	411	28	16
557	411	27	15
558	410	24	16
556	411	23	15
555	410	24	16
554	410	23	15
553	411	23	17
552	411	24	19
551	411	24	19
551	410	23	17
549	411	21	15
548	410	22	17
548	411	21	19
547	411	21	19
546	409	26	20
545	410	24	18
544	410	22	19
543	411	22	18
543	410	21	17
542	411	24	18
542	411	21	17
543	410	20	16
542	411	20	18
541	411	27	18
540	410	29	18
539	411	28	18
542	411	21	16
544	411	20	15
548	410	17	15
548	409	18	15
546	409	20	15
549	408	19	16
549	408	19	15
555	409	16	15
557	409	17	14
557	409	18	14
558	410	18	14
559	410	19	14
559	409	20	14
561	409	20	14
561	408	21	14
560	409	24	14
562	408	22	14
564	408	23	14
566	408	23	14
568	408	23	14
570	409	24	14
573	409	24	14
572	408	23	14
575	408	24	14
576	409	25	14
578	408	26	15
578	406	27	17
581	408	24	15
580	408	25	15
583	405	22	18
588	408	23	13
590	407	21	14
591	407	22	15
589	407	23	15
590	407	23	15
592	407	22	15
594	407	22	15
597	407	20	14
598	407	19	14
598	407	20	14
598	406	20	15
599	405	20	15
600	406	19	15
602	406	18	15
602	404	18	18
602	404	19	18
603	404	18	18
605	404	17	18
605	404	17	19
605	404	17	19
606	403	17	18
606	403	17	20
605	402	17	20
606	401	17	20
606	403	17	18
605	402	17	17
605	402	17	17
604	401	17	17
605	401	16	17
603	401	17	17
601	401	18	16
599	401	18	16
599	400	18	17
597	400	18	17
597	400	18	15
595	401	19	16
593	399	19	16
591	399	19	15
591	400	19	15
589	399	19	14
587	398	21	15
585	398	21	15
583	398	22	15
581	398	22	15
582	397	22	16
579	397	22	15
578	398	23	15
575	397	24	14
577	395	21	16
577	395	21	15
575	396	23	17
574	397	23	17
573	397	22	18
572	397	21	16
572	396	20	14
571	396	19	14
572	396	20	15
570	396	21	16
570	396	20	16
570	395	20	15
570	395	20	15
570	394	21	15
569	395	20	14
569	394	22	15
568	395	24	16
568	395	22	15
571	395	20	17
571	395	19	15
571	396	19	16
574	393	16	15
574	394	17	14
576	393	17	15
577	393	17	15
577	393	19	15
575	393	20	15
576	393	20	16
576	394	22	16
576	393	23	15
581	393	21	15
584	393	19	14
584	393	20	14
586	394	20	13
586	393	21	13
588	394	20	13
589	394	21	13
591	393	21	13
591	394	21	13
593	393	22	14
593	393	24	15
595	393	23	14
599	394	20	13
600	393	20	13
601	394	20	13
602	394	20	13
604	394	20	13
606	394	20	13
607	395	19	12
607	394	19	12
609	395	19	12
610	394	18	13
612	395	17	13
613	394	17	13
615	395	16	13
615	395	16	13
616	394	16	13
616	394	17	14
616	395	17	15
615	395	18	15
616	396	19	16
614	397	22	16
616	396	20	16
618	396	20	17
618	397	21	17
617	398	23	17
617	396	21	18
617	396	21	18
620	399	18	14
620	396	17	16
619	397	20	15
615	401	25	18
617	394	20	22
615	398	23	20
615	396	18	16
615	397	18	15
611	395	17	15
611	396	18	14
611	397	19	14
609	396	20	15
607	396	19	15
606	396	20	14
604	396	20	14
601	397	21	14
601	397	21	14
599	397	22	14
595	397	22	14
593	397	23	14
591	397	23	13
588	397	22	13
589	398	24	13
586	397	26	14
584	397	25	14
581	397	27	15
579	397	27	15
576	397	29	15
577	397	27	14
571	397	34	16
566	396	35	15
562	396	41	18
570	397	24	13
571	397	22	14
566	398	24	15
564	397	26	16
564	397	27	17
562	397	25	15
562	397	24	15
562	398	24	14
559	398	22	13
559	398	20	14
558	397	26	18
556	397	27	18
556	397	26	19
555	397	26	18
556	398	23	16
555	398	21	15
554	397	22	15
553	397	21	16
553	398	23	16
553	399	23	15
552	399	23	16
549	398	25	18
551	398	23	16
549	399	22	15
548	401	22	14
550	400	22	14
550	400	22	15
554	400	19	15
555	400	19	15
555	399	20	15
556	399	21	16
556	400	22	15
558	400	22	16
558	400	24	15
557	400	26	16
558	401	28	16
558	401	27	17
559	401	29	17
563	401	27	16
562	401	30	16
572	401	22	14
573	402	24	14
574	402	22	13
577	403	22	13
578	402	22	13
581	402	22	13
582	402	23	13
584	403	24	14
584	402	24	14
586	400	24	15
587	399	23	17
588	397	25	19
590	404	24	14
593	404	22	13
594	404	20	13
595	404	19	13
598	404	17	13
599	404	18	13
597	404	19	14
600	405	18	14
602	405	17	14
602	405	17	15
602	405	16	15
602	405	16	15
603	405	16	16
603	405	17	16
601	406	18	16
601	407	20	16
599	409	22	15
597	409	24	16
599	408	24	17
599	408	24	18
601	405	24	19
599	406	24	18
597	403	21	18
598	404	21	17
598	405	21	17
597	404	22	17
597	405	19	15
597	404	18	16
598	404	17	15
598	405	20	15
598	407	19	13
598	407	20	14
599	406	20	13
599	406	21	14
598	405	21	16
599	405	21	15
597	406	24	14
598	405	23	14
599	404	22	15
606	405	17	14
607	403	17	15
607	405	18	14
608	404	17	14
607	405	19	14
609	405	19	14
608	406	22	16
611	406	21	15
611	406	24	16
612	406	23	15
609	407	28	17
612	407	28	16
616	406	27	16
616	407	28	15
621	408	26	14
625	406	23	14
627	407	23	13
629	407	23	13
632	408	23	13
635	408	24	13
637	408	24	14
638	407	26	14
636	407	26	14
643	408	23	14
645	408	25	13
646	408	25	14
650	409	26	14
653	410	30	15
652	408	27	15
654	410	23	14
658	410	23	13
661	409	21	13
664	409	21	13
663	408	21	13
664	409	23	14
662	410	26	15
666	410	24	15
667	410	25	15
670	410	24	16
669	409	24	16
673	410	23	16
675	410	20	15
676	410	21	16
678	410	21	17
680	410	20	17
680	411	20	18
683	411	18	15
685	411	18	19
686	411	17	16
688	410	16	16
687	410	18	17
686	410	17	15
687	410	18	15
688	410	18	15
688	411	18	15
688	412	18	15
687	412	19	15
687	412	19	15
687	411	20	16
688	411	20	16
686	410	19	14
686	410	20	15
686	410	20	15
684	409	20	16
684	410	20	15
684	410	21	16
683	410	21	17
682	409	22	18
682	410	23	17
680	410	24	16
676	410	28	16
672	410	31	17
678	410	24	16
677	410	27	18
676	409	29	19
682	409	21	17
682	409	20	16
681	410	20	16
682	409	21	17
682	410	22	19
682	409	23	19
682	409	21	18
684	409	20	18
684	410	21	18
685	409	21	17
686	408	20	15
686	409	20	14
689	409	20	14
691	409	21	15
692	410	20	15
692	410	22	16
691	410	22	16
694	410	21	15
698	410	19	16
701	410	19	14
706	409	16	14
707	409	18	14
707	409	18	15
709	410	19	16
711	410	21	15
715	409	21	15
714	411	24	15
717	410	25	15
718	410	24	15
715	410	31	16
717	411	32	16
724	411	28	14
730	412	25	14
735	411	25	13
734	411	26	13
738	411	26	13
743	411	24	13
747	412	24	13
750	412	24	13
753	412	25	13
753	412	25	13
756	412	26	14
760	413	27	14
765	410	27	17
768	409	28	18
766	408	30	19
775	411	25	15
774	413	26	14
779	412	23	15
784	414	22	14
785	410	23	18
785	413	24	15
786	411	24	17
792	414	22	15
794	412	20	16
798	410	19	18
802	412	18	18
800	411	18	19
802	410	20	20
805	413	20	16
808	412	19	17
808	414	22	18
806	418	28	16
809	412	22	20
814	414	23	17
813	414	25	17
812	414	28	19
814	416	26	16
817	414	21	16
816	414	21	15
816	412	22	17
817	411	23	17
818	410	23	17
819	411	22	16
818	411	22	16
819	411	23	15
819	411	27	16
817	411	31	16
825	410	25	17
823	408	25	18
823	408	24	17
822	410	25	17
823	410	23	16
824	412	23	16
824	412	23	17
824	412	22	16
823	412	24	17
824	413	24	16
825	414	24	16
827	414	23	16
825	413	23	18
826	413	23	17
826	413	22	16
825	414	21	16
824	413	23	16
823	415	23	14
823	414	23	15
823	414	22	15
823	414	21	15
822	414	24	15
822	414	24	14
823	413	23	15
823	414	22	14
822	415	24	14
823	416	23	14
825	416	20	14
828	416	17	14
829	416	16	14
829	416	16	14
829	415	17	14
829	416	17	15
830	416	18	14
829	417	22	14
830	416	21	14
830	416	18	15
830	416	17	14
830	417	19	15
830	417	18	15
831	418	18	15
831	418	17	15
831	419	17	14
832	419	16	14
831	419	16	15
833	420	15	14
832	419	14	15
832	420	16	16
832	422	17	14
832	422	17	14
832	423	19	16
831	422	19	17
830	423	22	16
830	422	19	16
829	424	23	13
828	423	20	14
828	425	21	13
828	424	21	14
827	423	21	14
826	424	22	14
826	425	21	13
825	424	23	14
824	426	21	13
823	425	22	14
821	425	21	14
818	426	22	14
819	425	22	15
818	426	21	14
818	426	23	13
815	427	22	13
813	427	24	13
810	427	24	13
808	427	25	13
809	428	25	13
806	428	24	13
803	428	25	14
800	428	26	13
799	428	26	13
795	428	25	12
795	428	26	13
791	429	26	13
788	429	27	13
785	429	26	13
782	429	25	14
778	429	28	14
774	430	27	13
772	429	35	14
768	429	32	14
764	429	31	14
760	429	33	14
760	430	34	14
757	430	31	14
754	430	32	14
750	430	31	13
747	430	32	14
744	430	28	13
743	430	29	15
741	430	29	14
738	431	26	13
737	431	27	14
734	431	26	14
731	431	25	15
731	431	27	14
728	431	23	14
726	432	25	14
724	432	21	14
723	432	23	14
721	432	20	14
720	432	21	15
718	433	21	15
717	432	21	15
715	432	20	16
714	433	20	16
712	433	18	15
712	433	16	15
711	434	16	15
707	434	17	15
706	434	18	16
704	435	16	16
704	435	14	15
703	435	15	15
702	435	14	14
701	435	15	15
698	435	16	15
696	435	16	15
697	436	16	14
696	435	16	15
693	436	17	15
690	435	17	16
689	435	17	16
688	436	19	16
689	436	18	16
685	435	20	16
684	436	19	16
680	436	23	17
679	437	20	16
677	436	19	16
677	436	19	15
674	436	19	16
672	436	19	16
671	437	20	17
669	437	18	17
668	437	18	16
668	437	17	15
666	437	17	14
664	436	16	14
660	437	18	16
657	437	18	16
659	437	18	17
657	437	19	18
653	437	18	18
650	437	19	17
648	437	19	17
646	437	20	17
646	438	20	17
645	438	19	16
643	439	19	14
642	439	18	13
641	439	19	14
639	440	18	14
642	440	16	15
640	439	16	13
636	440	17	13
635	440	18	13
638	440	15	13
637	439	14	13
637	438	14	14
635	438	15	14
634	440	15	13
632	440	15	13
631	440	16	13
629	440	17	13
630	440	17	14
629	439	17	13
628	440	17	13
627	440	17	13
626	440	18	12
626	440	19	13
624	440	19	13
622	440	19	13
621	440	20	13
621	440	20	14
620	440	21	13
619	440	20	13
617	440	22	14
617	440	21	13
616	440	22	13
614	440	22	12
613	440	22	12
613	441	22	12
613	441	22	12
611	441	23	12
611	441	23	13
609	442	24	13
608	441	24	12
608	442	23	12
607	441	24	12
607	442	24	12
605	441	25	13
605	441	25	13
603	442	26	13
604	442	25	13
603	442	25	13
603	441	26	13
602	442	27	13
601	442	27	13
602	442	26	13
600	442	27	13
600	441	27	13
600	442	27	13
599	442	28	13
600	442	28	13
599	442	28	13
599	442	28	13
600	442	29	13
600	442	29	13
601	443	29	13
601	443	29	12
601	443	30	13
600	443	31	13
601	443	31	13
601	444	31	13
602	444	31	13
602	445	32	13
602	445	32	13
603	445	33	13
603	445	33	13
604	445	33	13
605	445	33	13
606	447	19	12
606	445	33	13
607	446	32	13
607	448	23	11
608	449	20	12
607	450	17	11
608	452	16	11
608	448	18	14
608	446	20	14
611	445	34	14
610	446	35	13
610	447	36	12
609	446	36	13
611	447	34	13
611	449	17	13
610	450	18	13
610	447	30	14
605	446	39	15
608	447	38	15
603	447	42	15
608	448	26	15
610	447	25	16
609	447	20	16
609	446	32	15
610	447	30	16
610	447	31	16
610	447	31	15
600	447	38	15
600	447	37	15
601	447	35	16
598	446	36	16
598	447	36	17
596	446	36	17
595	447	34	17
598	447	26	15
595	447	25	16
590	447	29	16
587	447	29	17
590	446	22	15
587	446	21	16
584	445	21	17
582	446	20	16
581	446	20	16
578	446	19	16
574	446	18	17
571	446	19	18
567	445	18	18
563	446	17	17
563	445	18	17
559	446	16	17
555	446	16	17
550	445	16	18
546	446	17	19
541	449	17	18
542	446	17	20
539	445	16	19
534	445	17	20
532	445	16	17
527	445	17	17
522	446	19	16
522	445	18	16
518	446	19	18
514	445	18	17
509	446	19	16
505	445	20	15
500	444	21	16
497	444	20	16
494	445	21	17
490	444	22	16
486	445	23	17
483	444	23	17
482	445	23	17
478	444	24	17
475	444	24	18
472	445	24	18
471	445	22	17
467	445	22	16
467	445	22	16
464	446	22	16
458	446	25	17
456	446	24	17
451	446	24	18
447	446	25	17
446	445	25	17
442	447	26	17
438	446	27	19
434	446	26	18
427	446	29	19
423	447	28	18
423	447	27	18
417	447	30	17
414	446	29	17
407	447	32	17
402	448	32	19
397	447	34	17
391	447	35	19
383	448	39	19
379	447	39	18
375	448	38	18
371	448	37	19
374	448	35	19
367	448	36	19
361	449	40	19
353	449	43	19
350	449	41	19
345	449	43	19
348	449	39	19
345	450	39	19
340	450	39	18
336	450	39	20
331	451	41	20
323	451	43	20
324	450	43	20
320	451	43	18
318	452	42	19
312	452	43	18
309	452	42	20
305	453	43	20
303	453	44	18
301	453	43	19
297	453	43	20
293	454	44	19
290	454	43	19
282	454	45	18
281	454	46	18
279	454	44	19
270	455	44	19
263	456	47	20
256	456	50	20
256	456	49	18
257	456	44	20
253	455	43	20
249	456	40	21
236	459	40	20
229	460	42	19
232	460	29	18
227	457	45	21
213	459	49	23
214	460	46	21
211	458	47	21
211	459	37	21
215	458	38	21
212	457	41	21
208	457	43	23
206	457	41	24
205	456	41	24
201	456	44	25
203	455	41	24
206	455	40	24
204	456	39	23
207	455	37	22
209	454	35	22
209	454	35	23
207	454	37	24
208	454	35	24
210	454	33	23
209	453	34	25
209	453	33	23
211	452	32	22
207	452	36	29
210	452	32	23
213	451	29	21
211	451	31	23
214	450	28	22
213	450	28	22
214	450	27	22
216	449	27	21
215	450	27	22
217	449	27	20
218	449	26	20
219	449	26	20
220	449	25	20
222	448	25	17
224	448	26	17
227	447	24	17
230	447	23	18
230	447	23	18
232	446	25	18
233	446	26	17
236	445	26	17
240	444	27	18
242	444	28	18
242	444	27	18
244	443	30	18
248	443	29	18
252	442	29	17
258	441	29	17
259	442	29	17
261	441	30	17
264	440	32	18
268	440	31	18
271	439	32	19
273	439	34	19
273	439	35	19
274	438	36	19
280	438	35	19
280	437	38	20
284	437	38	19
290	437	35	18
290	438	35	19
294	437	35	18
299	437	34	18
304	436	33	18
307	436	34	17
311	436	35	18
312	436	34	17
316	435	35	18
320	435	34	18
324	434	35	17
327	434	36	18
331	434	35	17
331	435	35	17
335	434	36	17
339	433	36	18
343	433	36	18
346	433	37	18
355	433	37	18
354	433	38	19
357	433	38	18
362	433	38	17
367	433	38	16
370	433	39	18
372	433	40	18
367	433	46	18
375	433	41	18
382	433	39	18
385	433	39	19
389	433	40	19
392	432	41	18
393	433	40	18
398	433	25	18
402	432	36	17
404	433	39	18
411	433	39	17
414	433	37	17
415	433	38	17
423	432	34	16
424	431	26	18
426	429	21	20
431	429	24	19
433	431	35	18
430	433	40	20
436	433	37	17
439	434	35	16
445	433	33	16
442	438	27	14
444	435	28	17
455	430	24	19
461	430	19	16
462	430	22	17
467	431	19	18
469	432	22	19
469	434	21	17
472	435	21	17
476	429	22	18
477	429	20	18
482	430	23	18
483	429	21	19
483	429	22	19
486	430	22	22
489	432	23	19
493	429	24	20
494	429	26	22
498	428	23	20
498	430	21	20
503	429	21	17
504	429	20	16
505	429	20	16
506	429	18	16
505	430	19	16
506	429	18	15
505	429	18	15
504	429	18	15
502	429	19	16
497	429	22	17
493	428	24	17
490	429	23	16
491	429	21	16
489	429	20	16
485	429	21	17
480	430	23	17
482	429	21	16
480	429	21	16
479	429	19	14
473	429	21	15
469	429	22	15
467	429	22	15
466	429	22	15
463	428	23	15
458	430	26	16
457	429	24	16
452	429	27	17
448	429	28	17
449	429	27	17
442	430	32	19
443	429	30	18
441	429	29	18
439	430	30	18
438	430	30	18
439	430	29	17
435	430	31	18
433	430	30	17
431	430	32	18
430	430	32	17
429	431	34	18
430	431	32	17
428	432	33	18
427	432	35	17
428	432	34	17
429	433	34	17
428	433	36	17
428	433	35	17
429	433	36	17
429	434	36	17
431	434	36	17
432	435	36	17
432	434	37	17
434	435	36	17
435	435	36	16
437	435	35	16
439	436	35	16
440	436	36	16
441	436	36	16
441	437	36	16
442	437	38	17
445	437	36	16
447	438	37	16
450	438	37	16
449	439	37	15
452	440	34	16
452	441	33	16
455	442	28	15
458	446	22	12
462	446	22	11
462	447	21	11
465	444	31	15
475	441	35	16
479	442	34	16
484	441	35	16
481	441	40	16
487	442	33	16
487	445	22	15
493	445	32	16
492	444	39	17
490	443	47	20
489	442	47	22
495	443	45	21
500	443	44	22
502	444	43	22
506	443	44	22
518	443	37	21
519	443	35	21
525	443	32	21
525	443	33	24
527	442	36	25
532	442	32	23
531	443	36	26
534	443	32	23
531	442	37	27
532	442	37	27
538	443	29	23
540	442	31	23
535	443	36	31
542	442	29	24
542	442	30	22
548	442	24	22
541	442	31	23
547	442	25	23
547	443	25	24
552	442	20	22
551	442	23	24
553	442	21	24
554	441	21	24
556	442	19	20
556	442	19	20
556	442	19	20
556	443	20	23
555	442	21	24
555	442	22	23
558	441	21	22
558	442	21	21
561	442	19	20
559	441	23	23
559	441	24	22
564	442	21	20
564	442	22	20
564	442	23	20
565	442	23	20
566	441	23	20
569	442	22	20
571	441	22	19
573	441	23	20
574	442	23	19
574	442	23	19
576	442	25	19
586	440	21	18
586	440	23	18
582	441	25	18
585	441	26	19
585	441	27	19
588	441	27	19
590	441	28	19
594	441	27	18
592	441	27	18
592	441	30	19
594	441	30	18
595	442	32	18
599	442	30	17
599	441	32	18
600	443	34	18
600	442	34	18
602	442	35	18
605	442	35	18
608	441	35	19
610	442	36	18
612	441	37	18
613	442	36	18
618	442	34	17
622	442	33	18
625	442	33	18
627	443	34	18
630	443	33	17
631	443	34	17
633	443	35	17
637	442	35	18
643	443	36	17
645	443	36	17
646	443	36	17
651	443	35	16
651	443	38	18
655	443	36	18
658	444	36	19
662	443	36	19
660	443	37	18
665	442	35	19
667	442	35	19
669	443	35	18
671	443	36	18
673	443	35	19
673	444	36	19
673	442	37	20
677	443	35	19
677	442	36	20
681	442	32	20
683	442	31	19
684	442	30	19
685	442	29	18
686	441	28	18
687	441	28	19
687	440	27	19
688	440	26	19
689	440	25	18
688	439	25	18
689	438	23	19
689	438	22	19
686	437	22	20
686	437	23	20
687	437	21	20
688	436	20	19
685	436	21	21
684	435	20	21
683	434	20	20
682	434	21	21
681	434	21	20
681	433	20	20
682	433	17	19
681	432	17	21
680	432	17	21
680	432	16	20
680	432	16	20
678	430	16	21
677	431	16	23
674	429	19	28
673	429	19	29
673	428	19	29
672	428	20	28
670	428	20	29
669	427	20	27
667	427	21	25
665	426	21	25
665	427	21	24
663	425	23	26
661	425	23	25
660	423	22	27
657	423	22	25
657	423	22	26
651	422	23	27
648	421	26	27
645	420	26	26
643	420	27	28
639	420	27	23
639	420	27	22
636	420	28	21
631	419	30	20
627	417	35	24
638	415	22	20
637	417	22	19
637	417	21	19
633	416	23	19
633	416	22	18
632	416	21	19
630	415	21	20
629	416	21	21
628	416	22	20
627	415	22	20
625	414	23	24
624	413	23	23
622	412	23	23
621	411	24	24
621	410	23	23
620	409	24	25
617	409	24	24
617	409	23	23
613	409	24	24
613	409	24	24
611	409	25	24
611	407	26	22
610	407	27	25
610	405	30	21
612	402	24	22
611	404	24	20
613	402	24	19
612	402	23	19
613	401	23	19
611	401	25	19
614	399	27	20
612	399	29	19
612	398	29	21
614	397	27	22
613	397	28	23
614	397	29	24
617	397	26	20
618	396	26	22
621	395	24	21
617	396	29	20
631	392	19	21
627	396	23	18
625	396	28	17
626	396	26	17
625	396	29	18
625	396	32	17
628	396	32	17
636	395	27	16
637	395	28	16
637	394	30	16
639	393	31	17
643	392	31	16
647	391	31	16
652	391	30	16
653	391	30	16
657	391	29	16
658	390	32	16
666	391	29	16
670	391	29	17
675	391	30	17
674	391	32	17
681	389	28	17
684	391	21	16
687	388	22	19
691	389	27	17
688	389	32	19
689	389	32	18
693	387	30	18
692	389	29	19
691	387	32	20
695	388	28	17
694	387	29	16
692	386	30	16
692	386	28	18
696	386	23	18
693	384	24	19
686	383	27	21
681	384	28	22
676	382	31	23
673	382	32	28
671	384	28	26
668	383	27	26
661	379	27	26
662	383	28	23
658	380	28	24
655	381	26	22
650	378	25	24
646	377	23	24
642	379	21	21
643	377	20	22
636	381	23	20
631	381	23	21
625	382	20	19
620	382	23	18
617	380	25	17
618	380	24	18
614	379	26	18
609	379	28	18
605	380	30	20
605	378	28	21
608	379	24	22
608	381	23	21
605	382	23	21
603	380	25	20
603	378	25	18
603	378	25	18
599	381	25	17
599	380	26	16
598	379	28	16
596	378	27	17
594	378	27	17
592	379	29	16
592	379	31	15
592	379	30	16
590	378	31	17
588	381	33	23
585	379	26	20
584	380	27	20
587	378	29	18
586	378	29	18
588	376	28	18
587	378	26	17
586	380	22	18
587	380	20	18
587	380	18	18
587	380	18	18
583	379	22	21
587	378	18	18
588	378	18	20
583	378	23	20
588	377	20	20
591	377	16	21
592	376	16	20
593	377	15	19
592	375	17	20
593	374	17	22
594	375	17	21
590	376	20	20
591	375	19	20
593	375	19	21
593	376	22	18
592	378	24	17
594	377	21	17
592	379	24	17
587	378	30	16
595	379	24	15
586	379	34	18
587	379	35	17
591	379	31	15
594	380	30	16
593	380	32	16
593	380	33	17
595	380	33	17
594	379	34	18
595	379	34	17
597	380	33	17
596	380	35	18
596	380	36	18
597	379	35	19
598	379	37	19
598	380	36	18
596	380	38	18
596	380	39	19
599	379	36	21
600	378	35	19
602	373	24	24
601	369	25	27
600	371	26	26
599	371	25	25
597	371	26	23
598	371	25	23
598	372	25	23
598	373	24	24
598	373	24	23
598	375	25	23
596	376	28	22
594	374	31	22
595	375	31	22
594	375	32	22
593	375	32	22
590	376	31	21
588	375	32	21
586	375	32	20
586	375	33	20
585	376	31	19
584	375	30	20
584	373	28	24
580	375	30	25
582	374	30	27
582	375	29	27
581	376	31	28
578	375	30	27
576	374	32	25
574	373	31	25
574	374	32	26
574	373	31	26
576	374	29	26
576	375	28	25
576	376	24	24
575	380	23	21
575	378	22	20
574	378	21	22
571	381	22	19
570	382	23	20
568	381	26	20
568	384	20	17
567	381	21	18
566	380	23	19
566	380	22	19
565	378	22	22
564	382	23	19
565	381	24	20
566	375	31	23
565	376	34	23
565	381	26	19
565	382	22	17
564	383	22	17
564	386	21	15
564	385	21	15
564	385	21	16
564	387	22	14
564	387	21	13
563	385	22	14
564	384	22	14
564	385	22	14
564	383	22	16
564	383	23	17
565	383	23	18
563	383	24	20
563	382	25	19
567	383	21	18
565	383	22	17
568	384	19	16
566	382	20	16
567	382	20	16
568	382	19	18
567	382	20	18
562	382	22	17
561	382	22	17
560	381	23	17
558	382	23	18
557	382	25	18
555	383	26	18
552	382	27	18
551	382	28	18
548	382	29	18
546	382	29	18
545	382	30	17
543	382	31	17
540	383	33	17
539	383	32	17
537	383	32	16
535	383	33	16
537	383	31	15
535	383	31	16
534	383	31	15
531	382	32	16
531	382	31	16
528	383	32	17
525	382	33	17
522	382	34	18
523	382	32	18
523	382	31	17
520	381	33	17
520	382	33	17
519	382	35	17
515	383	39	18
514	382	37	17
512	382	37	17
509	383	35	17
508	383	34	17
510	382	29	17
503	382	34	18
505	381	30	17
496	382	36	20
498	381	32	20
497	381	34	20
497	379	31	19
498	380	34	19
499	378	30	21
499	379	34	21
500	380	32	20
500	381	29	20
500	376	27	24
504	381	28	22
507	379	29	24
507	376	30	29
507	376	32	29
510	375	33	28
514	377	34	29
517	374	32	28
519	377	33	25
523	377	32	25
522	376	33	27
527	377	30	24
531	378	33	24
534	378	31	23
537	378	30	22
540	379	27	22
541	378	27	22
543	378	28	22
550	379	26	24
550	379	28	26
552	378	28	24
554	379	27	23
555	379	29	22
555	379	29	23
557	379	29	25
556	378	30	24
557	380	31	24
558	381	31	24
558	380	32	24
559	381	31	24
557	379	29	22
557	380	30	22
557	381	31	22
555	381	33	22
553	381	33	22
552	381	29	20
551	381	28	19
548	382	28	19
546	383	27	18
544	381	28	21
544	383	28	19
540	383	28	20
538	382	28	21
534	385	29	18
531	386	31	18
527	386	32	18
528	385	35	17
524	385	32	18
520	387	30	17
516	386	30	18
513	388	31	17
509	388	30	15
508	389	31	15
505	390	33	16
501	390	35	16
499	389	38	17
497	390	36	17
494	390	38	16
494	391	38	16
493	392	38	15
491	392	38	16
489	392	39	16
487	393	40	16
486	395	40	16
486	395	41	15
485	396	41	15
483	395	42	16
483	395	41	16
483	397	41	15
484	397	41	15
483	398	42	15
483	398	41	15
483	399	39	14
482	399	43	14
482	399	43	14
483	400	43	14
482	401	47	14
482	400	43	15
484	402	44	14
484	403	45	14
484	404	49	14
484	403	47	14
484	404	49	14
485	404	48	15
486	404	47	15
487	405	47	14
487	406	49	14
487	406	48	14
488	406	48	14
489	407	52	15
489	408	50	15
489	409	50	15
489	410	49	14
490	409	49	15
489	409	50	15
488	411	50	15
487	412	53	14
486	413	50	14
486	413	52	14
485	414	50	14
484	415	51	15
482	416	52	14
481	417	51	14
478	417	51	15
479	417	51	15
477	418	52	14
475	418	52	16
472	419	50	15
469	419	51	16
467	422	52	14
466	422	55	14
464	423	52	15
462	423	54	14
459	424	53	14
456	426	56	14
453	425	53	15
453	425	58	14
451	426	56	15
448	427	55	15
446	427	58	15
446	427	64	15
444	428	58	16
443	427	60	16
441	428	63	16
442	427	62	16
441	428	61	15
440	430	60	15
440	431	61	15
440	430	67	16
442	431	70	15
443	432	67	15
444	431	70	16
444	432	68	15
445	432	71	16
446	432	61	16
447	431	63	16
451	428	56	19
453	432	58	16
455	432	59	15
455	429	55	19
458	432	56	16
459	430	56	17
462	432	56	16
463	431	57	16
465	431	59	17
465	430	58	18
466	430	57	18
468	432	57	16
469	433	58	16
471	431	60	18
472	426	61	22
471	432	62	17
472	425	63	22
473	428	66	20
472	426	66	21
473	430	63	17
472	431	62	17
500	419	44	26
492	420	50	25
475	427	67	20
476	423	74	21
475	426	63	19
475	428	60	17
476	426	57	19
476	425	63	19
509	415	32	24
508	416	34	21
506	415	35	22
508	415	35	21
507	414	36	22
510	412	35	24
512	412	34	24
509	416	38	22
516	418	33	20
516	417	34	22
518	416	32	20
522	415	33	21
525	410	31	22
531	407	28	20
521	418	40	20
521	414	39	20
520	415	39	18
525	415	36	19
526	414	34	18
529	413	32	18
530	413	32	19
535	412	34	22
539	411	27	18
543	411	25	19
544	411	25	18
546	411	26	22
546	410	25	22
547	412	26	23
549	409	27	24
549	408	33	26
553	409	30	25
555	409	28	22
556	409	27	22
562	408	25	21
568	408	22	20
573	407	21	20
576	406	22	20
582	405	19	17
575	405	25	17
582	405	23	16
585	404	24	15
586	403	26	16
592	404	25	14
594	403	27	14
595	404	27	14
600	404	25	13
605	403	24	14
608	403	26	14
610	404	27	14
615	403	27	14
615	403	28	14
620	403	31	14
625	402	29	14
629	402	30	13
631	403	32	14
636	403	31	13
635	403	32	14
637	403	33	14
645	403	33	14
648	401	37	17
645	401	38	16
655	401	28	16
652	402	33	15
654	402	32	18
659	400	32	19
664	399	27	19
668	399	30	17
669	400	30	17
670	399	26	19
672	399	31	18
674	399	30	18
676	400	32	18
682	398	26	18
683	398	25	17
682	399	28	15
683	398	28	16
683	399	30	14
686	398	27	14
686	398	29	16
687	398	29	17
688	398	27	18
689	398	28	18
690	398	28	19
690	398	27	20
691	399	27	20
693	398	26	20
693	398	24	20
695	399	27	20
696	399	26	20
697	398	23	19
695	398	23	18
695	398	23	18
695	397	23	20
697	397	23	20
699	398	22	19
700	398	20	18
700	399	22	19
699	400	26	21
702	397	20	18
702	398	20	18
700	401	22	16
702	395	19	16
702	397	20	15
702	397	20	16
702	399	19	15
700	398	22	16
700	398	22	16
699	399	23	15
699	398	23	16
698	398	22	16
697	398	24	15
697	398	24	15
703	399	19	15
702	399	20	15
701	399	21	16
700	398	25	16
705	399	21	16
707	399	20	15
708	398	20	16
710	399	20	16
710	398	20	17
710	399	21	16
717	399	20	16
718	401	20	16
719	399	22	17
722	400	22	17
721	400	23	18
722	400	23	19
726	400	23	18
733	401	20	19
733	399	22	18
738	399	19	18
740	396	17	19
744	397	17	17
748	399	16	15
752	399	16	15
755	397	16	16
758	395	18	18
757	397	18	16
762	401	16	13
768	401	15	13
770	401	14	12
771	401	15	13
770	401	16	13
772	400	16	14
772	400	17	15
774	403	16	13
772	403	19	12
772	403	20	11
772	403	19	11
773	404	21	11
772	404	22	11
774	404	22	12
774	404	23	12
775	404	24	12
775	404	23	12
775	404	24	12
776	404	25	12
777	405	25	11
779	405	25	11
781	406	25	11
780	407	26	11
781	407	27	11
783	407	27	11
781	406	29	13
783	407	32	13
786	409	27	11
787	409	20	12
787	406	20	15
788	405	18	16
791	405	20	17
790	406	21	17
790	406	22	17
789	407	26	15
789	408	25	14
790	409	28	15
792	408	29	16
796	409	26	15
795	407	26	16
798	408	26	15
800	408	30	15
801	408	29	15
802	409	27	14
806	409	24	14
805	408	25	14
808	408	24	15
808	409	24	16
809	408	23	16
807	407	24	16
807	408	25	17
806	407	26	18
807	406	26	20
808	406	26	22
808	413	29	18
806	410	32	22
805	405	33	25
806	412	32	20
811	410	28	21
810	413	28	20
814	407	19	19
815	406	19	17
816	406	17	17
816	409	16	16
816	407	16	15
817	408	15	14
816	410	16	13
817	409	15	14
817	409	14	14
816	410	15	14
815	409	16	15
814	409	16	16
816	410	17	16
815	410	18	16
815	410	18	16
815	411	21	18
815	410	20	17
815	411	22	18
816	411	22	17
814	412	24	20
816	411	21	19
815	410	22	17
814	411	23	19
814	411	23	20
814	411	22	18
818	409	20	16
819	410	18	15
818	410	20	16
820	410	20	17
821	409	20	16
823	409	18	15
823	410	17	15
827	411	16	13
828	410	16	14
830	411	16	13
832	411	16	12
833	411	16	11
834	411	16	12
836	411	16	12
839	412	15	11
840	412	14	11
841	411	15	11
842	411	15	11
843	412	15	10
842	413	15	10
843	412	17	11
843	412	20	11
843	412	21	11
841	412	19	11
841	412	13	12
842	412	14	11
838	412	17	11
834	412	20	12
834	411	19	13
830	412	20	13
829	412	21	13
828	413	21	13
828	411	20	14
827	411	18	14
825	410	19	15
821	409	22	16
822	409	22	15
820	410	20	15
819	408	20	15
818	407	19	15
819	408	18	14
816	407	19	15
814	407	19	15
812	407	20	16
814	409	18	17
811	409	20	17
811	407	20	18
809	407	20	18
809	408	20	17
803	408	25	18
807	408	21	20
799	407	27	19
799	407	26	18
796	406	29	18
796	406	30	19
793	404	29	18
792	405	27	18
790	405	29	19
788	404	27	18
787	403	28	18
786	403	28	18
786	403	29	19
785	403	27	18
784	402	29	17
784	402	26	16
785	402	27	16
784	401	25	15
784	401	26	15
783	400	27	15
782	400	26	14
782	399	24	14
783	399	23	14
783	397	21	12
782	397	21	12
782	397	22	12
780	397	22	12
779	396	21	12
780	396	20	12
777	395	22	13
776	394	22	13
773	395	23	13
772	394	24	12
770	395	22	13
772	394	22	13
772	393	19	12
769	393	19	12
764	394	24	12
762	393	24	12
758	393	25	12
758	392	25	12
755	392	26	12
753	391	25	12
751	391	25	12
748	390	26	12
749	390	21	12
750	390	18	11
745	390	19	11
743	389	18	12
739	389	19	12
736	388	18	12
735	389	19	12
729	388	23	12
718	387	30	13
725	386	20	13
721	386	20	12
712	388	25	12
715	387	22	11
714	388	20	11
708	388	23	12
708	387	21	12
690	386	35	12
698	386	25	12
693	387	31	11
690	387	33	13
686	386	37	12
688	386	34	14
686	386	39	13
686	386	38	14
687	386	39	14
686	385	38	14
688	385	38	16
689	385	40	14
692	385	40	14
696	385	41	14
698	387	42	16
702	387	43	14
707	385	41	15
711	386	43	15
716	386	41	14
717	388	42	14
720	388	42	14
725	387	44	15
728	387	43	14
733	388	44	15
737	388	45	15
737	387	45	15
740	389	45	14
743	389	46	17
746	389	46	16
749	388	47	16
751	390	48	14
749	389	48	15
751	389	47	14
753	390	45	14
753	391	46	14
752	390	48	14
753	392	50	13
753	389	49	16
752	390	51	14
753	391	51	15
751	391	54	14
750	393	54	14
749	391	55	15
748	390	53	16
747	393	54	13
743	394	53	13
741	392	55	15
739	392	56	15
740	394	55	14
738	395	58	13
737	394	59	14
736	395	59	14
735	395	59	14
734	396	59	14
733	395	59	15
733	396	60	15
732	396	62	15
732	397	62	15
732	397	63	15
732	398	63	15
734	397	64	16
732	398	65	16
731	396	66	19
730	398	68	17
729	396	69	19
729	399	69	18
728	399	69	17
727	398	71	19
726	398	73	20
725	400	73	19
727	402	72	18
742	403	56	17
748	403	49	18
762	405	32	18
759	407	35	17
756	407	35	17
755	408	32	17
753	409	34	15
753	408	29	20
749	410	32	20
746	411	29	20
741	412	32	21
737	412	31	18
736	412	33	19
733	414	33	20
730	413	33	19
722	417	33	20
716	417	35	22
712	417	35	20
711	415	35	22
706	417	32	23
698	418	35	25
692	416	37	21
683	407	39	32
676	414	37	25
676	412	37	28
668	418	38	24
657	407	38	33
651	417	38	23
641	409	36	32
632	424	41	22
622	415	42	31
622	422	40	24
612	411	42	35
604	424	38	24
584	434	40	20
573	437	41	23
573	434	42	22
562	437	42	24
552	439	43	24
543	441	42	25
531	441	44	25
521	445	45	23
518	446	55	23
510	449	46	27
500	447	48	26
489	450	54	26
479	454	56	28
468	456	59	27
409	448	124	31
389	449	147	33
376	451	158	34
370	451	143	33
359	455	159	34
353	455	145	33
351	456	160	34
343	458	158	33
335	459	158	35
328	460	147	33
319	463	159	32
313	464	158	33
313	466	157	35
303	466	161	33
298	468	158	33
294	469	157	35
285	472	154	35
287	472	146	35
281	473	155	34
279	474	152	35
278	474	151	35
277	476	150	35
278	477	147	36
279	476	146	35
279	478	144	33
282	477	141	33
284	478	140	34
287	478	138	33
291	479	137	34
291	480	137	33
295	481	133	31
299	480	132	31
303	481	128	30
306	480	127	30
311	481	124	31
312	480	124	31
316	481	121	30
321	480	120	31
326	482	118	31
331	483	116	32
336	483	114	33
336	482	114	32
341	482	113	30
346	482	111	31
351	483	110	28
357	483	108	28
357	484	109	29
370	485	105	26
375	486	103	26
382	486	102	25
387	487	99	22
395	488	97	23
395	487	101	24
401	487	101	23
408	487	99	24
415	488	95	23
422	490	97	22
428	489	97	24
429	489	95	23
434	490	95	23
441	491	94	23
449	491	93	22
455	492	94	22
461	492	92	21
462	492	92	22
468	493	90	22
475	494	90	22
481	495	90	22
487	495	90	22
494	496	90	23
494	496	89	23
501	498	89	23
506	499	88	21
513	500	88	22
519	500	87	21
524	500	88	22
530	502	87	21
536	503	86	21
542	504	87	21
547	504	86	21
553	505	86	21
553	505	86	20
558	507	85	20
564	507	86	20
569	508	86	20
575	509	86	20
579	509	86	20
579	509	85	20
583	511	86	20
589	511	85	19
592	512	86	19
596	514	86	19
601	514	86	20
601	515	85	20
604	516	83	20
608	517	84	19
611	518	79	19
615	520	79	19
617	520	83	19
617	521	82	18
619	521	76	18
621	523	77	19
623	525	78	19
624	526	82	18
625	527	84	19
625	529	78	19
626	530	84	20
626	531	82	19
625	533	82	19
626	535	85	19
625	534	82	19
625	537	86	19
624	538	80	19
623	540	85	18
622	542	76	17
620	543	77	18
619	542	84	19
618	545	79	18
616	546	85	19
615	548	87	18
612	550	88	19
611	552	81	19
611	551	87	19
609	553	75	20
607	555	84	20
605	558	84	19
604	560	81	20
601	561	84	20
601	561	85	20
600	563	85	20
599	565	90	20
598	567	84	21
595	569	91	22
594	572	90	20
593	574	92	21
592	576	92	22
591	579	94	22
589	581	93	22
589	584	97	23
589	583	95	23
588	586	97	24
587	589	93	24
586	592	95	23
586	595	97	24
586	597	97	24
586	597	97	24
586	599	98	26
586	602	90	25
586	606	97	25
586	609	95	25
587	612	97	25
586	613	100	24
586	617	100	24
586	619	103	24
585	623	104	23
583	625	101	24
582	629	97	23
581	626	94	27
579	633	94	23
577	637	97	21
571	639	108	22
568	643	105	21
565	645	103	20
564	646	104	20
560	648	105	21
549	653	119	20
544	653	109	20
538	655	111	22
538	656	104	20
532	656	118	23
524	657	118	24
518	657	111	26
513	657	118	27
507	656	120	30
502	656	114	32
500	656	120	32
497	655	126	34
491	652	128	37
487	651	105	36
481	650	105	37
479	648	110	42
482	650	178	54
471	645	146	49
474	642	107	47
470	639	96	46
469	636	82	44
468	633	79	46
466	633	81	45
466	629	76	46
465	626	67	46
465	623	62	47
464	620	62	49
464	617	58	50
465	617	57	48
464	614	54	49
464	606	51	52
465	602	48	51
468	600	41	48
468	600	43	49
471	598	41	49
472	594	40	51
474	590	33	47
479	587	33	46
480	584	32	52
481	583	33	55
484	580	29	48
487	577	27	47
489	575	27	46
492	571	27	44
495	569	27	44
496	569	26	43
496	580	34	31
499	578	37	30
502	571	39	31
503	569	36	32
505	566	39	33
505	567	37	33
506	567	36	29
509	564	38	29
509	563	36	28
509	561	36	30
510	557	37	30
510	558	38	29
512	551	40	33
511	549	41	31
510	544	44	33
508	540	47	34
510	543	46	32
507	541	48	34
508	537	49	34
502	537	52	34
505	535	51	34
503	533	54	35
503	534	53	33
503	534	54	32
503	532	54	31
502	530	55	31
500	530	57	31
502	530	54	29
504	530	48	28
507	530	50	27
503	528	56	29
504	527	57	28
504	526	60	28
505	524	62	29
508	523	60	28
512	523	58	28
513	522	60	27
514	521	62	27
515	519	65	27
520	518	62	27
519	518	63	27
519	518	66	26
523	516	66	26
526	515	67	25
535	513	66	24
535	512	66	24
535	512	70	24
543	511	67	22
545	511	68	22
550	509	67	22
554	508	68	21
554	507	69	22
557	506	70	21
563	506	69	21
566	504	70	21
574	503	68	21
573	502	75	20
574	502	71	20
579	501	73	20
585	501	69	19
590	499	72	19
594	497	75	19
601	496	73	20
602	496	71	20
604	495	76	20
612	494	75	19
616	493	78	19
620	492	79	19
626	490	79	19
628	491	76	18
635	490	76	19
639	488	78	18
644	486	78	18
648	487	79	17
649	486	81	17
660	484	82	17
672	482	75	17
667	481	84	16
676	480	82	17
675	479	87	17
677	479	86	17
689	479	80	17
684	477	89	16
695	476	84	16
693	476	88	16
695	474	89	17
694	476	90	15
698	474	89	17
694	473	94	17
696	473	95	17
704	471	85	18
702	470	85	17
699	470	79	16
701	470	60	15
703	471	58	13
702	471	61	14
698	471	72	14
695	470	87	15
694	469	87	16
692	470	87	17
677	470	96	16
677	471	84	16
656	471	106	18
656	470	100	20
635	471	113	20
639	471	102	20
617	471	116	19
626	471	100	21
617	471	100	20
619	471	98	20
604	471	106	20
588	463	103	29
591	471	104	25
576	475	112	23
583	473	104	24
586	474	100	23
572	475	110	24
572	476	106	25
565	477	109	25
571	478	100	26
573	476	97	28
575	478	94	28
577	478	91	28
578	477	89	28
580	478	86	28
588	476	77	28
601	475	61	27
604	476	58	26
594	475	65	29
606	473	49	28
589	476	58	27
580	473	64	32
566	471	76	35
560	469	77	38
558	469	72	39
552	466	73	43
543	466	73	42
540	464	70	41
542	464	69	39
535	463	69	38
527	462	68	36
519	461	70	36
516	460	67	35
511	460	68	34
511	460	69	33
498	458	74	36
500	458	68	32
498	457	68	33
489	456	71	34
483	454	75	35
487	455	71	33
481	454	73	35
473	453	78	36
466	451	81	39
459	450	85	42
455	449	85	41
451	448	85	40
454	447	81	39
454	446	79	36
456	445	75	34
454	445	73	33
449	443	74	34
447	441	73	34
441	440	76	33
439	439	73	32
434	438	75	32
428	437	77	34
423	436	78	33
422	435	79	33
417	434	79	34
415	433	77	32
413	431	76	31
407	430	77	32
402	430	78	31
400	429	79	31
397	428	78	30
391	427	80	32
388	425	79	30
383	423	80	31
378	422	81	31
376	423	81	31
374	421	81	31
370	420	80	30
365	419	82	30
363	418	81	29
360	416	80	29
357	416	82	30
355	415	82	29
352	414	82	29
348	413	83	29
346	411	82	29
342	410	84	29
334	409	90	32
337	408	87	29
337	407	87	29
342	406	84	27
344	405	85	27
335	404	93	32
350	403	83	28
355	403	83	26
360	402	83	26
363	401	83	26
370	400	80	25
368	400	82	26
374	400	80	25
378	399	82	25
384	399	80	25
387	399	81	25
392	399	81	24
390	398	82	25
398	398	79	24
402	398	80	24
404	400	82	23
409	399	81	25
414	398	81	24
413	399	81	25
417	398	81	24
420	399	82	24
424	399	81	24
427	399	80	24
428	399	81	23
428	399	81	23
428	398	81	23
432	398	81	24
431	399	82	24
433	399	81	24
433	399	81	24
433	400	82	24
432	400	82	25
431	401	84	25
429	401	84	25
429	402	82	24
429	403	83	24
426	402	84	25
427	403	81	25
427	404	80	25
421	404	83	26
420	404	81	25
418	405	81	25
413	405	84	27
411	405	84	28
410	406	82	26
406	407	82	25
399	407	84	26
402	407	81	26
394	407	86	27
389	408	87	29
384	408	88	28
377	409	89	29
376	409	86	29
376	409	86	31
370	409	87	29
364	409	88	30
352	411	90	31
344	411	92	31
344	411	91	31
337	412	93	31
332	412	92	32
327	412	93	31
322	413	92	31
316	412	92	30
316	413	92	30
310	413	92	32
304	414	93	31
298	414	95	31
294	415	95	31
290	415	96	31
289	415	96	31
284	416	99	31
288	415	94	30
271	415	109	32
275	414	107	32
284	415	99	32
287	415	96	31
275	414	112	33
300	415	93	29
312	414	88	30
320	414	87	30
321	414	94	30
326	413	88	28
340	415	82	27
349	415	82	27
354	416	86	27
373	415	85	27
374	415	85	26
385	416	83	25
397	415	82	25
405	416	83	24
416	416	83	25
426	416	83	24
428	415	83	25
440	415	80	24
450	415	80	24
460	415	78	24
470	415	78	24
480	415	78	23
479	417	77	21
490	415	77	23
498	416	76	22
509	416	75	23
510	418	81	21
522	418	76	21
518	418	81	21
531	418	75	22
539	419	73	21
548	418	70	22
554	419	70	22
548	419	85	23
547	419	84	23
559	418	78	24
571	418	71	23
579	419	69	21
579	422	70	22
575	421	74	23
586	424	70	19
595	423	66	19
591	424	71	20
595	423	70	21
592	423	75	22
583	423	84	22
591	422	78	22
591	423	81	22
605	425	70	21
599	427	76	21
613	428	65	20
618	427	61	19
617	427	63	21
611	428	70	22
608	428	73	22
596	428	87	23
605	428	81	22
602	428	83	22
617	429	70	23
619	429	69	23
619	430	71	23
625	430	68	23
620	430	74	23
622	430	72	23
610	432	86	21
608	434	88	20
613	435	86	19
633	435	68	19
632	435	71	19
615	437	89	18
619	437	88	18
633	437	78	17
628	438	84	18
624	438	88	19
621	439	92	19
621	439	91	19
627	439	88	20
623	440	91	19
623	441	92	19
628	442	88	20
647	441	70	19
636	442	80	20
625	441	92	21
647	443	70	18
641	444	76	18
640	444	76	19
638	445	77	20
628	445	89	20
653	444	63	18
626	444	89	21
626	444	89	20
624	443	90	21
627	443	86	20
635	444	78	20
628	443	83	21
629	444	81	20
624	444	84	21
622	444	86	20
628	443	75	21
630	443	69	21
621	443	78	22
618	441	78	22
612	441	81	21
614	439	76	22
617	440	72	21
615	439	71	21
609	437	74	24
607	436	71	24
613	430	52	27
606	430	59	29
603	432	64	27
599	433	55	27
594	432	60	28
597	423	38	30
597	422	36	31
589	424	43	32
591	430	44	26
592	432	36	21
585	417	30	30
581	425	41	29
574	425	45	30
576	424	36	24
577	424	35	24
573	422	35	23
569	420	33	24
563	419	32	23
561	419	30	23
552	417	30	23
549	417	28	22
544	416	26	23
538	414	24	22
533	413	24	24
524	413	26	24
524	413	27	25
519	411	24	25
512	411	24	26
507	410	24	26
500	409	25	28
495	407	23	28
494	409	25	28
488	408	24	26
483	407	23	25
478	408	24	22
472	407	23	21
469	407	23	20
469	406	24	21
466	403	24	24
463	403	23	23
460	401	24	24
459	401	25	24
457	400	23	22
457	400	25	21
456	399	25	22
457	399	24	21
457	401	25	20
459	399	22	20
459	397	21	22
459	398	21	21
461	395	22	23
463	395	21	22
465	394	21	21
466	393	23	22
467	393	23	23
465	394	27	23
465	395	27	20
470	393	27	20
475	392	24	22
480	390	23	18
480	392	23	18
479	390	27	18
487	390	23	18
488	389	25	18
493	387	25	18
500	387	21	15
501	387	20	15
507	386	19	14
511	386	19	14
515	386	19	15
518	386	21	15
520	386	22	13
521	385	21	14
523	385	22	15
528	384	22	14
529	384	23	13
533	384	23	13
535	384	25	13
536	384	25	13
539	384	25	13
542	383	27	13
546	383	28	13
549	382	29	13
548	383	30	13
552	382	30	14
554	382	30	14
556	382	31	14
560	382	30	14
562	382	30	14
563	382	29	14
567	382	29	14
570	382	29	14
572	382	29	14
575	382	29	14
578	382	29	13
578	382	29	13
581	382	28	14
584	382	29	14
586	383	28	13
590	382	27	14
593	382	27	13
593	383	27	14
595	383	27	13
598	382	26	14
602	383	25	13
604	383	25	12
608	382	24	12
607	383	25	13
612	382	23	12
613	382	24	12
619	382	22	13
615	382	32	14
617	382	28	14
605	382	59	17
605	384	66	16
609	383	67	16
610	383	70	17
610	382	73	17
613	383	70	17
613	383	74	18
613	383	77	18
616	383	77	18
621	382	74	18
623	382	70	18
624	382	70	17
626	382	76	20
626	382	77	18
629	383	43	17
631	382	41	16
632	382	43	15
631	383	43	15
631	382	45	16
637	383	37	14
641	383	34	13
640	383	31	12
640	384	32	11
639	384	33	11
632	382	36	14
630	383	38	12
626	384	42	11
608	384	49	13
610	384	47	13
603	384	47	13
603	385	39	14
601	385	37	13
602	384	28	14
590	386	34	13
589	387	36	13
590	387	26	13
586	387	22	12
580	389	21	11
575	387	23	13
569	386	31	15
568	385	32	16
564	385	27	14
559	386	27	13
556	383	27	16
554	378	27	20
550	382	31	20
551	377	29	21
551	379	31	21
550	379	27	21
549	382	27	21
546	385	30	19
540	386	38	17
542	387	37	16
542	386	37	18
540	387	40	16
538	388	40	16
540	389	43	15
539	392	40	13
538	393	34	12
542	392	38	13
543	393	37	13
545	392	37	14
546	394	40	13
546	395	39	12
546	395	34	12
547	395	34	14
551	395	31	14
551	395	29	14
551	395	28	15
550	395	27	15
550	395	26	15
551	395	27	14
551	396	28	13
550	397	26	13
543	398	29	15
548	397	25	14
549	398	22	13
546	399	24	14
540	399	24	15
544	398	38	19
538	400	44	22
535	397	58	24
530	399	57	23
550	398	46	24
552	398	44	23
562	397	36	23
563	395	36	22
559	396	39	21
560	395	42	24
558	396	45	24
559	396	48	28
559	398	49	28
555	398	55	29
554	398	57	30
558	399	54	28
555	396	57	34
552	395	51	32
568	393	29	26
569	393	26	22
569	393	24	22
568	394	29	25
568	394	28	26
568	394	29	30
565	400	36	26
561	399	42	29
543	408	59	22
558	407	49	27
542	412	65	22
539	412	72	22
546	412	67	21
541	413	75	19
538	413	77	20
541	412	76	25
566	408	53	28
557	415	64	22
568	413	56	25
567	416	59	23
555	418	71	24
567	420	62	20
558	422	73	19
562	423	73	20
567	424	70	20
571	423	65	21
567	425	71	21
566	425	75	23
570	426	73	24
577	427	68	26
577	428	69	25
576	428	71	26
580	429	70	28
582	430	70	28
585	431	69	27
589	432	66	28
588	432	68	28
587	432	71	28
593	433	66	28
595	435	65	28
595	436	66	27
597	438	64	28
597	439	65	28
598	437	64	29
597	440	65	28
598	441	66	29
599	442	65	30
600	442	64	31
598	444	66	31
602	444	63	32
601	445	64	33
600	446	65	34
600	449	65	33
600	449	64	35
599	449	66	34
603	450	62	36
603	450	64	37
605	450	61	37
605	451	62	39
605	455	60	37
602	460	63	34
602	454	64	39
603	459	64	34
603	459	66	38
604	460	66	38
606	461	67	37
602	462	71	37
608	463	64	37
606	464	69	39
608	463	69	41
609	464	70	44
604	464	76	46
604	465	76	45
607	468	76	45
605	473	78	45
603	469	82	50
606	474	84	45
612	475	79	47
612	471	77	51
611	473	81	52
617	480	75	48
619	484	76	47
618	486	76	46
620	480	75	52
618	485	83	50
614	487	88	52
623	488	83	54
622	489	88	57
627	488	82	59
627	488	83	58
630	487	84	60
630	489	86	62
634	490	86	61
