0.125031
0.154021
0.138524
0.157184
0.193869
0.173985
0.183599
0.154449
0.153016
0.205587
0.191525
0.200153
0.089358
0.237940
0.239183
0.181692
0.165049
0.217529
0.219323
0.173299
0.225152
0.234593
0.111788
0.149671
0.232582
0.158958
0.334990
0.206881
0.199154
0.231370
0.145231
0.187272
0.205773
0.179549
0.196514
0.233943
0.169039
0.158808
0.194812
0.107482
0.210155
0.247063
0.141672
0.148203
0.150187
0.222595
0.219344
0.186768
0.164710
0.152171
0.216773
0.203022
0.170080
0.207244
0.123431
0.164377
0.298531
0.109030
0.226879
0.205873
0.216934
0.162569
0.161217
0.243518
0.344921
0.188004
0.172004
0.169437
0.176782
0.153704
0.236918
0.175806
0.162810
0.199517
0.166780
0.181917
0.135115
0.163861
0.157323
0.184982
0.204493
0.221807
0.162560
0.211769
0.179112
0.248034
0.152332
0.215253
0.139579
0.166832
0.132441
0.195684
0.133191
0.184668
0.137648
0.186234
0.197700
0.191731
0.174526
0.242094
0.117427
0.160762
0.159949
0.158665
0.212837
0.135631
0.110923
0.133220
0.150690
0.139034
0.153352
0.159622
0.138965
0.140388
0.119767
0.203130
0.137891
0.201582
0.159738
0.173760
0.206389
0.244475
0.240360
0.203039
0.144379
0.183983
0.154145
0.211193
0.210412
0.180743
0.212715
0.150141
0.200872
0.208467
0.189350
0.157021
0.169881
0.188606
0.215171
0.174369
0.198558
0.101722
0.084727
0.211847
0.129757
0.168019
0.161170
0.155964
0.232546
0.153449
0.177155
0.208113
0.109864
0.211841
0.250009
0.128189
0.155661
0.218579
0.231357
0.234930
0.138466
0.187148
0.282789
0.151692
0.172888
0.140209
0.176065
0.202154
0.173369
0.125368
0.125453
0.227074
0.154028
0.165566
0.254858
0.134218
0.190842
0.147656
0.209358
0.179787
0.153548
0.119248
0.162072
0.153757
0.147980
0.217746
0.203681
0.232774
0.225275
0.097963
0.159345
0.202980
0.169317
0.096262
0.135421
0.116853
0.211081
0.164390
0.202791
0.138433
0.237229
0.110902
0.189845
0.163049
0.300509
0.093436
0.132062
0.155214
0.207463
0.169911
0.149899
0.177422
0.162446
0.149660
0.132906
0.153076
0.216860
0.238550
0.133801
0.193920
0.106730
0.147868
0.248709
0.238899
0.201278
0.244620
0.164125
0.203000
0.188327
0.176137
0.261736
0.176808
0.119900
0.193705
0.140986
0.185697
0.122026
0.146970
0.309032
0.145528
0.120318
0.250589
0.222086
0.122643
0.207350
0.138672
0.158876
0.241991
0.149277
0.171289
0.172385
0.197618
0.112665
0.195620
0.135504
0.212256
0.198206
0.161607
0.150189
0.201826
0.195274
0.283419
0.260520
0.244088
0.207574
0.119362
0.149564
0.157821
0.165934
0.194235
0.195829
0.124887
0.170092
0.205363
0.215590
0.128573
0.141078
0.193043
0.182085
0.193922
0.141006
0.200394
0.191127
0.230155
0.174305
0.169392
0.197781
0.172941
0.179123
0.224586
0.153744
0.115447
0.127769
0.260108
0.201405
0.174481
0.158165
0.156033
0.169235
0.180815
0.115302
0.106607
0.155950
0.105042
0.139843
0.189179
0.145619
0.094922
0.146703
0.068435
0.219090
0.158401
0.184224
0.142385
0.152745
0.171146
0.185765
0.203612
0.180528
0.163908
0.164492
0.163377
0.130536
0.183976
0.158684
0.181232
0.235417
0.188947
0.234754
0.190348
0.141174
0.204604
0.162938
0.206089
0.162246
0.258400
0.243625
0.147210
0.171829
0.135109
0.170954
0.204564
0.149225
0.166183
0.185743
0.173421
0.135763
0.229809
0.149601
0.146502
0.211722
0.216717
0.112528
0.200097
0.072207
0.179454
0.175645
0.086949
0.136138
0.175786
0.171819
0.165903
0.268417
0.148158
0.138457
0.182651
0.124903
0.234468
0.144440
0.158519
0.174036
0.198771
0.119351
0.227722
0.100762
0.217923
0.220062
0.227686
0.149378
0.204134
0.184134
0.133168
0.129981
0.175715
0.158969
0.154585
0.153408
0.205860
0.167688
0.204100
0.190183
0.157073
0.184697
0.169932
0.121974
0.137718
0.171451
0.166018
0.155117
0.095663
0.219391
0.189205
0.151389
0.148572
0.175879
0.125351
0.190049
0.215113
0.175852
0.184874
0.195834
0.141265
0.140718
0.207038
0.248785
0.125509
0.130690
0.175488
0.284565
0.108830
0.123469
0.114341
0.168769
0.111250
0.206087
0.175993
0.214357
0.116430
0.152734
0.164019
0.168041
0.203624
0.201634
0.131108
0.169190
0.140806
0.132519
0.157462
0.154551
0.092718
0.210504
0.154821
0.154006
0.235632
0.157080
0.084265
0.163079
0.172592
0.208053
0.178123
0.133522
0.178192
0.163230
0.117157
0.163712
0.118201
0.196877
0.124566
0.193372
0.174741
0.150231
0.142159
0.170864
0.173090
0.147378
0.224824
0.153399
0.234607
0.187978
0.163640
0.152514
0.134318
0.174587
0.144691
0.136401
0.233662
0.198648
0.130945
0.150110
0.148841
0.181698
0.186646
0.141814
0.212132
0.117558
0.202843
0.242128
0.151922
0.118202
0.184353
0.166654
0.178700
0.174913
0.177828
0.173826
0.173281
0.263117
0.193866
0.195162
0.165817
0.191002
0.226827
0.168144
0.150418
0.159632
0.211907
0.214102
0.188676
0.173564
0.171804
0.243582
0.151476
0.139078
0.194934
0.181544
0.127223
0.177755
0.230535
0.185734
0.277395
0.203202
0.170883
0.235801
0.149092
0.346692
0.248972
0.198130
0.212549
0.177216
0.173648
0.262744
0.236468
0.194852
0.189544
0.154074
0.167777
0.209230
0.147983
0.166090
0.200478
0.189187
0.188292
0.240575
0.142942
0.162601
0.143370
0.195265
0.143465
0.182441
0.195382
0.172045
0.153884
0.150386
0.183000
0.218619
0.180752
0.178666
0.158653
0.236008
0.206415
0.205642
0.182929
0.114770
0.176281
0.183670
0.207823
0.234578
0.147826
0.148011
0.216017
0.133671
0.162519
0.149154
0.207694
0.155944
0.124325
0.133138
0.164294
0.167299
0.174680
0.149873
0.210583
0.210970
0.169560
0.205505
0.267975
0.341291
0.223809
0.158164
0.148892
0.268422
0.257556
0.185759
0.231122
0.186051
0.288846
0.198142
0.139823
0.292013
0.276780
0.156548
0.249788
0.303965
0.201253
0.110136
0.200277
0.158144
0.166467
0.184515
0.158567
0.206885
0.172070
0.227955
0.216784
0.256342
0.250198
0.148085
0.254236
0.136689
0.217666
0.177147
0.237296
0.195935
0.211009
0.247680
0.222462
0.217099
0.192031
0.253622
0.209253
0.186118
0.229960
0.181126
0.233680
0.213144
0.289845
0.182297
0.190533
0.320289
0.183010
0.188793
0.186755
0.203456
0.167830
0.268676
0.151743
0.143785
0.255814
0.166872
0.170769
0.264538
0.153404
0.223068
0.282807
0.135970
0.175594
0.209790
0.153154
0.152751
0.169120
0.196489
0.155066
0.163910
0.179450
0.220322
0.134335
0.180628
0.206980
0.158094
0.179702
0.190495
0.172510
0.140093
0.129901
0.119933
0.262232
0.165615
0.217201
0.185258
0.213521
0.181810
0.198483
0.227010
0.176560
0.152730
0.181015
0.099945
0.218145
0.214074
0.170348
0.298222
0.107377
0.127976
0.145811
0.192569
0.357511
0.233152
0.222723
0.201034
0.164052
0.147826
0.157711
0.164892
0.152824
0.169508
0.196050
0.164322
0.205331
0.154538
0.166434
0.178723
0.173219
0.191226
0.251082
0.174532
0.253643
0.231717
0.111488
0.167296
0.153559
0.109903
0.148052
0.213797
0.169496
0.137994
0.158485
0.150243
0.140643
0.106709
0.171488
0.172809
0.172068
0.181830
0.167310
0.231399
0.173766
0.226488
0.186491
0.179193
0.215575
0.163682
0.136105
0.155725
0.172947
0.147186
0.209550
0.184358
0.202387
0.219090
0.209082
0.169016
0.251388
0.105910
0.112211
0.314688
0.139186
0.158718
0.135756
0.228961
0.166327
0.261731
0.158334
0.188250
0.203669
0.189030
0.247443
0.228698
0.175957
0.195348
0.234952
0.147548
0.187564
0.231664
0.129033
0.166381
0.213054
0.226488
0.240196
0.146779
0.203926
0.138530
0.144131
0.218229
0.213313
0.190381
0.163879
0.175685
0.144915
0.187992
0.163993
0.153100
0.249264
0.146241
0.183411
0.259823
0.163052
0.193278
0.187317
0.147296
0.235178
0.173164
0.258887
0.156625
0.172837
0.180423
0.180497
0.143406
0.120514
0.157722
0.171361
0.183477
0.213267
0.216786
0.282209
0.176922
0.160786
0.193612
0.193388
0.180024
0.184504
0.210961
0.176362
0.275977
0.177257
0.283305
0.190352
0.176028
0.149207
0.138566
0.139361
0.250369
0.174205
0.131141
0.128155
0.159071
0.153742
0.137076
0.167481
0.117281
0.227728
0.176279
0.186792
0.139090
0.152222
0.256323
0.168082
0.209932
0.181800
0.245390
0.124998
0.193267
0.265893
0.154925
0.185125
0.165457
0.233573
0.206706
0.190932
0.191676
0.131504
0.162524
0.179113
0.180161
0.201001
0.148253
0.146772
0.193127
0.123357
0.197581
0.099781
0.183992
0.122875
0.167531
0.206253
0.140412
0.140433
0.193027
0.183082
0.168417
0.167725
0.164193
0.302880
0.207805
0.270844
0.215578
0.144440
0.139273
0.288574
0.166842
0.149032
0.105392
0.189247
0.125453
0.158630
0.224357
0.188269
0.159001
0.191954
0.153006
0.211713
0.183632
0.151819
0.155097
0.195425
0.117795
0.134125
0.187371
0.153964
0.160713
0.141448
0.230127
0.208980
0.145834
0.140340
0.098953
0.174724
0.171173
0.119686
0.150242
0.147429
0.161331
0.154674
0.161933
0.265043
0.243614
0.187271
0.174637
0.123136
0.141170
0.132483
0.138563
0.204021
0.215277
0.149719
0.136181
0.178674
0.147260
0.251058
0.116486
0.167980
0.229297
0.204881
0.151753
0.201930
0.232158
0.153992
0.128960
0.139436
0.204399
0.204374
0.179043
0.167250
0.193189
0.223912
0.261280
0.145284
0.161404
0.103633
0.152287
0.162161
0.193176
0.151831
0.113673
0.170573
0.130899
0.191195
0.183097
0.199946
0.156402
0.135132
0.172611
0.187475
0.146673
0.122402
0.152794
0.166101
0.204513
0.205607
0.306176
0.209868
0.148283
0.235074
0.173789
0.198283
0.163873
0.130938
0.128356
0.166142
0.175921
0.128332
0.107364
0.172006
0.176035
0.156361
0.221422
0.186604
0.157040
0.178383
0.242928
0.240702
0.145528
0.166426
0.172873
0.136690
0.198956
0.210185
0.152061
0.185567
0.125775
0.193252
0.203350
0.213434
0.173455
0.194313
0.110792
0.187747
0.232010
0.130197
0.157989
0.229846
0.160302
0.151441
0.103185
0.219107
0.143127
0.154006
0.170615
0.182581
0.206897
0.124823
0.175445
0.158534
0.221900
0.158238
0.145042
0.223606
0.179840
0.250739
0.127357
0.286062
0.217216
0.139150
0.189819
0.206968
0.139030
0.153992
0.142551
0.157988
0.236144
0.143361
0.145199
0.186862
0.179392
0.157364
0.136785
0.166422
0.167234
0.205121
0.223765
0.184675
0.125961
0.174622
0.199873
0.122143
0.237386
0.259237
0.113151
0.191617
0.215488
0.177574
0.099918
0.174745
0.129692
0.174084
0.156337
0.205834
0.143442
0.176888
0.125593
0.166606
0.167788
0.256985
0.131906
0.150904
0.205341
0.152543
0.145727
0.187271
0.153633
0.189684
0.158728
0.165458
0.125367
0.183091
0.215707
0.171546
0.247770
0.144788
0.076729
0.132313
0.161120
0.150767
0.175357
0.182232
0.097210
0.201200
0.146958
0.172926
0.157407
0.117239
0.157126
0.155091
0.216233
0.183779
0.255080
0.103406
0.148591
0.121234
0.129069
0.173689
0.130648
0.099643
0.114523
0.184658
0.184414
0.166927
0.216860
0.181720
0.127305
0.201109
0.184721
0.132995
0.177238
0.173401
0.188184
0.163545
0.194599
0.174226
0.247979
0.149066
0.152727
0.206068
0.181224
0.111024
0.101425
0.184180
0.190270
0.143688
0.204413
0.145923
0.151306
0.117161
0.170628
0.237237
0.187478
0.150124
0.107560
0.147727
0.169251
0.198380
0.176232
0.199775
0.212348
0.140764
0.159025
0.207487
0.179394
0.279210
0.167689
0.220067
0.171714
0.189050
0.148822
0.181596
0.192451
0.150377
0.256808
0.175018
0.191591
0.222610
0.154295
0.138856
0.223862
0.199126
0.229283
0.142025
0.223960
0.213176
0.230783
0.152885
0.175929
0.110009
0.189018
0.166551
0.305862
0.176717
0.182419
0.169596
0.137113
0.234020
0.146004
0.142589
0.168834
0.227705
0.285269
0.140175
0.193886
0.177483
0.223839
0.209919
0.119985
0.125006
0.142162
0.098495
0.238965
0.281451
0.113223
0.190879
0.182017
0.186333
0.311481
0.271567
0.145520
0.173906
0.152679
0.172927
0.219935
0.258537
0.171483
0.178788
0.203317
0.188474
0.143916
0.157540
0.216283
0.239239
0.145505
0.170302
0.208816
0.159292
0.141103
0.152890
0.160029
0.137020
0.226958
0.211934
0.272125
0.180268
0.148430
0.173068
0.189414
0.141044
0.160129
0.173194
0.224488
0.105242
0.184603
0.246976
0.140946
0.128342
0.150427
0.264444
0.227244
0.151082
0.213897
0.185690
0.248572
0.160651
0.235707
0.211698
0.163728
0.273422
0.115618
0.233461
0.221855
0.201754
0.153797
0.180001
0.221621
0.177413
0.227837
0.138093
0.187078
0.234181
0.222243
0.141158
0.168554
0.141606
0.184059
0.160424
0.185179
0.207320
0.243210
0.171721
0.185469
0.166677
0.163239
0.160713
0.108332
0.228271
0.172209
0.136720
0.136888
0.133471
0.114187
0.125329
0.189774
0.138814
0.195628
0.167220
0.111361
0.188007
0.126523
0.186404
0.129972
0.226156
0.199746
0.203750
0.169012
0.189798
0.209913
0.160153
0.150152
0.198467
0.177161
0.148944
0.181908
0.176264
0.121876
0.101047
0.232525
0.188719
0.154849
0.143351
0.217452
0.163484
0.138537
0.197611
0.186786
0.170116
0.154969
0.149903
0.117810
0.188659
0.244385
0.197316
0.243566
0.180799
0.158182
0.290579
0.186694
0.156924
0.296097
0.323324
0.132899
0.158187
0.184972
0.147556
0.162277
0.137444
0.147289
0.127900
0.224956
0.130030
0.173254
0.154428
0.197500
0.106938
0.177385
0.169182
0.221696
0.135790
0.183850
0.192271
0.135163
0.119075
0.168438
0.232185
0.173984
0.133840
0.187848
0.135943
0.106548
0.160095
0.216042
0.206417
0.254735
0.139791
0.139080
0.134865
0.167172
0.173733
0.231995
0.232828
0.147391
0.193553
0.142730
0.217173
0.158080
0.168655
0.199297
0.138333
0.158450
0.168852
0.166940
0.134397
0.121459
0.147804
0.192576
0.140745
0.117027
0.218634
0.233084
0.116115
0.188705
0.144258
0.175036
0.141482
0.151496
0.200332
0.183697
0.137198
0.159615
0.192718
0.158140
0.196849
0.126798
0.160554
0.162444
0.145000
0.181573
0.216087
0.254867
0.162772
0.146835
0.137985
0.183528
0.217700
0.120346
0.194808
0.158323
0.175754
0.178418
0.131345
0.217939
0.137747
0.144211
0.163940
0.133069
0.174824
0.226131
0.231447
0.202158
0.165809
0.168227
0.237123
0.244592
0.274726
0.108605
0.131141
0.151421
0.150326
0.154787
0.121655
0.157803
0.154583
0.221220
0.160075
0.118307
0.126358
0.204479
0.131558
0.134287
0.238893
0.193846
0.157090
0.200109
0.177501
0.179504
0.259731
0.160036
0.171343
0.189058
0.189377
0.193919
0.202587
0.206271
0.191426
0.126921
0.205500
0.158145
0.142704
0.282611
0.209947
0.148460
0.260291
0.228170
0.173764
0.146525
0.119094
0.139339
0.200790
0.170352
0.210762
0.173749
0.168354
0.152512
0.227118
0.167716
0.172992
0.205688
0.131351
0.199216
0.193738
0.109244
0.174381
0.181512
0.167527
0.191676
0.235486
0.141214
0.153593
0.225639
0.175293
0.119775
0.199305
0.190783
0.138867
0.149570
0.167529
0.151404
0.147490
0.269541
0.140456
0.161883
0.164394
0.166396
0.168024
0.198008
0.230176
0.176396
0.131366
0.130920
0.167974
0.195779
0.187902
0.251563
0.159481
0.211988
0.138832
0.145833
0.144966
0.222024
0.156072
0.261465
0.143043
0.183399
0.203061
0.142211
0.129062
0.205721
0.212337
0.179398
0.190832
0.199554
0.192710
0.158715
0.354470
0.140498
0.164880
0.180613
0.166535
0.198173
0.190974
0.145251
0.206566
0.218735
0.129404
0.231238
0.182534
0.196733
0.137364
0.214274
0.177976
0.149095
0.127089
0.182361
0.213224
0.216658
0.231456
0.299888
0.173954
0.148080
0.174265
0.135373
0.177779
0.247076
0.129223
0.175565
0.167807
0.178784
0.114061
0.186400
0.176179
0.117824
0.276240
0.248368
0.129039
0.134090
0.226219
0.168730
0.213638
0.202553
0.172534
0.135944
0.225511
0.235325
0.169114
0.203278
0.181378
0.146867
0.115471
0.158967
0.147051
0.209193
0.258280
0.152548
0.242600
0.195790
0.229077
0.217828
0.307363
0.155142
0.181146
0.198919
0.217464
0.149011
0.205336
0.220524
0.149779
0.116818
0.168638
0.183666
0.206334
0.190552
0.134309
0.140399
0.163596
0.171725
0.169031
0.162059
0.185653
0.186895
0.164332
0.089372
0.159762
0.167930
0.290432
0.261820
0.178041
0.244790
0.126443
0.153514
0.161976
0.120965
0.179358
0.129951
0.105052
0.189935
0.158438
0.159487
0.258895
0.127997
0.232201
0.127962
0.174850
0.291716
0.179997
0.132606
0.176201
0.190415
0.165760
0.180863
0.177709
0.160493
0.160097
0.105024
0.232385
0.104622
0.152241
0.202349
0.181973
0.165048
0.230868
0.217633
0.231459
0.165551
0.136153
0.237528
0.148703
0.147579
0.118661
0.105124
0.153836
0.211982
0.124631
0.168133
0.196306
0.178479
0.143409
0.202831
0.176727
0.223835
0.202735
0.178956
0.197462
0.168279
0.117330
0.237792
0.273220
0.256776
0.145404
0.192326
0.281113
0.261575
0.201809
0.168396
0.185560
0.182620
0.181509
0.219196
0.150531
0.217500
0.211562
0.180556
0.186921
0.185012
0.218024
0.216254
0.175610
0.163949
0.168005
0.114943
0.247327
0.136846
0.199422
0.180673
0.201268
0.185951
0.171561
0.142207
0.194635
0.228973
0.204435
0.170403
0.216129
0.258243
0.141917
0.210663
0.165122
0.168767
0.171131
0.149569
0.149206
0.149952
0.251060
0.209873
0.200687
0.259138
0.242632
0.173794
0.148928
0.147218
0.287430
0.165197
0.193555
0.118568
0.209386
0.211774
0.145237
0.131368
0.203946
0.140354
0.191148
0.222754
0.145887
0.178582
