739	360	52	33
738	359	54	34
737	359	53	33
736	358	53	34
736	359	52	33
734	359	54	34
733	360	53	33
732	360	54	34
731	360	55	34
729	360	56	34
728	360	58	35
726	360	59	35
726	360	58	35
725	360	58	35
724	360	60	36
723	360	61	36
722	361	62	36
722	361	62	36
720	361	62	36
720	360	63	37
717	361	62	37
717	361	62	37
717	362	64	37
716	363	62	37
714	362	62	37
714	362	63	38
715	361	65	39
713	361	67	39
711	362	65	39
710	361	67	40
709	361	67	40
709	360	72	42
709	363	63	39
707	363	67	40
706	362	70	41
707	362	70	41
704	362	71	42
701	360	76	45
701	362	73	44
700	363	71	43
699	362	77	44
699	362	76	45
698	361	82	46
699	359	83	48
696	363	76	45
695	363	78	46
694	362	83	47
694	362	84	48
692	364	82	47
692	363	83	47
691	361	86	50
691	361	86	50
689	366	79	47
689	365	82	48
689	363	87	50
689	364	85	50
688	359	95	54
687	359	97	55
686	360	98	55
685	360	98	56
685	361	96	56
685	362	94	55
683	363	95	55
683	362	98	57
682	363	98	56
682	364	97	56
682	364	94	56
681	363	99	57
680	361	102	60
680	362	103	60
679	364	98	58
679	365	97	59
677	363	105	62
677	362	108	63
677	363	106	62
676	364	106	62
677	358	113	67
676	359	111	67
676	359	113	68
674	361	109	67
674	362	111	67
674	361	113	68
674	361	112	69
673	361	113	70
671	363	110	68
670	363	116	69
671	364	115	68
671	366	110	67
669	364	116	69
669	365	113	70
669	361	123	74
667	365	117	71
667	366	117	71
666	364	125	74
665	365	119	73
664	366	118	73
664	365	123	75
663	369	114	72
662	365	128	77
663	366	122	76
662	367	124	76
660	369	122	75
660	360	135	84
659	362	132	83
659	360	142	85
657	360	143	86
656	365	134	83
654	363	141	86
656	362	141	87
655	364	139	87
654	364	137	86
652	365	142	87
651	370	134	84
649	369	138	86
650	367	141	88
649	367	142	88
648	369	139	88
646	368	144	89
647	368	142	91
644	366	149	93
644	363	158	96
645	366	151	93
643	368	149	93
641	369	151	94
640	365	161	98
639	368	155	96
638	368	156	96
638	368	157	97
637	374	147	93
636	373	155	95
634	378	145	91
633	378	148	91
631	371	163	98
632	371	161	99
630	374	159	98
629	375	157	97
627	364	179	109
625	366	172	108
625	369	170	106
623	368	173	108
621	367	183	111
621	365	186	113
620	372	169	108
618	373	171	108
616	375	172	108
614	375	172	109
614	377	171	107
612	381	166	105
608	375	180	113
608	382	166	108
606	388	157	102
605	394	155	97
604	387	166	104
602	380	179	113
600	379	180	116
599	384	173	111
596	391	168	106
596	395	161	103
593	398	159	101
593	394	164	105
591	392	177	109
591	379	194	123
589	385	186	120
587	384	190	121
586	392	178	114
583	399	168	108
584	381	203	125
583	385	200	124
580	388	195	123
580	390	187	123
576	393	187	121
577	391	190	122
575	390	196	124
572	388	204	128
570	395	192	122
567	402	180	116
565	403	177	116
563	404	180	117
560	403	183	118
559	404	180	118
557	411	175	113
555	410	177	114
556	399	196	125
555	388	217	136
552	389	215	139
551	391	212	138
550	393	210	136
546	399	204	132
544	393	216	139
543	382	239	151
540	394	217	140
538	396	219	137
533	404	210	133
531	410	204	127
531	413	193	123
527	405	212	133
527	406	209	133
526	409	204	130
521	412	204	128
519	408	211	133
519	417	196	123
516	417	197	124
516	417	198	125
514	414	208	130
510	407	214	137
509	410	211	134
508	396	234	148
504	392	245	154
502	405	226	144
500	416	208	134
499	418	210	131
497	415	212	137
494	415	216	136
494	416	216	135
491	414	221	140
490	410	226	140
487	412	222	140
487	404	245	147
486	399	244	153
484	405	238	148
481	418	220	139
479	423	212	132
481	403	256	151
475	399	262	154
475	402	254	154
476	399	254	156
475	403	248	152
470	410	237	147
468	409	251	151
468	416	236	148
467	405	268	160
463	403	273	164
461	412	257	158
459	419	251	154
455	412	255	155
458	406	236	143
458	368	265	157
458	352	249	153
456	342	237	144
454	313	268	157
452	314	228	139
449	320	219	132
448	317	221	138
444	319	223	136
447	300	245	155
443	304	249	152
443	302	252	155
442	304	251	154
439	312	233	148
439	310	238	149
437	312	241	149
434	312	244	150
433	303	251	160
437	299	260	162
427	310	252	154
435	305	252	157
427	315	246	151
430	321	235	146
426	318	244	148
425	319	243	149
425	314	248	155
423	324	233	145
424	323	237	146
423	324	235	144
420	321	241	150
419	329	237	142
417	315	250	156
420	321	242	151
418	321	248	151
417	324	242	148
418	329	235	143
418	330	234	142
417	326	234	148
415	317	254	156
417	327	236	147
414	325	241	149
414	309	265	165
413	319	250	158
410	316	261	161
412	319	255	159
411	333	237	147
410	337	233	142
408	343	229	138
408	344	229	139
407	342	231	141
406	341	236	142
403	338	241	146
409	338	236	145
405	335	241	149
408	340	238	146
405	335	244	151
404	337	245	151
404	334	245	154
405	329	253	159
404	339	246	150
405	338	245	152
405	333	249	159
405	334	251	156
402	335	250	159
402	329	257	165
406	330	256	165
403	334	256	161
403	342	246	155
404	344	243	153
403	330	255	168
406	333	253	166
404	335	256	164
402	339	252	160
403	333	257	169
406	332	259	171
402	333	261	169
406	324	266	180
404	337	259	168
402	335	258	170
406	345	252	164
402	342	256	165
406	338	257	171
402	335	265	175
406	331	265	179
407	344	252	168
402	334	264	178
405	342	253	172
404	346	251	167
402	343	254	171
402	345	254	174
401	351	247	167
405	336	260	181
406	343	257	176
405	333	265	187
405	338	266	183
404	336	267	185
405	336	268	186
405	338	263	185
404	345	258	178
403	336	269	190
403	345	266	183
403	342	266	185
403	330	280	200
403	334	280	194
403	338	277	191
405	344	269	186
406	343	267	187
406	341	270	194
404	348	267	186
403	347	269	190
402	350	270	186
404	343	277	195
404	353	266	186
403	352	269	187
403	356	265	184
405	347	280	194
405	351	271	189
404	346	275	198
405	347	271	196
404	347	273	198
405	357	262	186
404	350	271	198
405	348	277	198
406	349	274	199
406	345	282	203
405	365	256	184
405	360	256	191
404	351	273	200
405	363	260	189
405	347	278	206
405	348	281	206
405	351	282	203
405	348	288	206
405	345	282	210
404	350	278	206
404	350	276	206
402	345	286	212
402	358	271	202
401	348	285	211
401	355	279	205
400	360	272	201
399	362	274	201
399	364	271	200
398	370	273	196
397	369	272	199
398	367	270	202
397	363	278	206
395	365	277	205
393	360	287	212
397	370	272	199
396	364	278	207
396	366	279	206
394	372	276	201
394	367	284	209
391	372	282	205
390	378	276	201
389	378	278	201
389	383	273	198
391	379	275	202
388	384	273	199
389	378	278	207
391	374	278	210
390	373	280	211
387	385	271	201
385	379	280	208
385	377	282	210
385	388	274	201
387	373	286	217
384	384	279	208
381	392	271	200
379	389	272	204
380	380	282	215
378	390	271	207
380	370	294	225
376	367	304	230
377	377	287	218
377	373	289	225
377	375	289	223
376	367	297	231
376	382	277	217
374	372	292	226
371	365	308	235
372	369	303	234
371	358	311	245
373	360	308	242
368	378	298	226
370	376	298	229
370	373	302	231
370	371	304	234
369	379	290	224
367	387	279	218
368	385	291	223
369	389	286	217
366	396	283	212
365	403	275	207
366	399	276	210
362	395	289	214
362	403	285	208
362	396	293	215
363	402	279	207
361	402	280	208
363	400	282	212
363	394	287	219
363	390	293	221
363	389	294	224
360	396	291	217
360	399	285	215
362	375	305	237
360	383	297	231
361	387	297	229
360	394	288	221
360	381	297	234
358	388	297	228
358	391	295	226
358	385	297	231
357	391	288	227
355	386	297	232
353	387	290	230
353	393	284	226
352	400	282	219
352	401	278	218
350	379	307	237
350	387	291	230
348	390	293	228
350	384	298	233
350	393	287	226
350	393	288	224
346	378	306	239
350	386	298	230
348	391	292	225
348	396	286	220
347	399	283	217
347	407	268	208
347	396	283	219
350	390	289	225
349	391	285	223
351	393	277	220
350	389	290	225
352	383	292	229
352	386	289	225
353	387	286	222
354	385	286	223
356	394	275	213
357	391	272	214
357	391	273	216
358	387	280	218
360	391	270	213
362	390	273	214
363	392	268	211
365	402	259	200
365	392	266	210
367	381	276	218
369	381	275	217
372	388	268	210
373	381	272	215
374	387	265	209
375	381	272	215
376	380	271	216
376	380	272	215
375	391	261	203
379	388	262	206
381	374	276	216
382	386	263	204
386	367	276	223
383	390	255	200
389	388	253	200
392	383	253	204
390	381	258	208
392	371	272	216
393	398	233	188
399	384	253	200
400	386	242	198
401	385	253	197
404	384	241	197
405	374	260	207
408	387	235	193
410	379	249	200
413	381	237	196
412	384	233	191
413	381	241	195
416	383	234	193
420	387	223	187
421	380	241	193
422	374	241	200
423	381	234	191
426	392	220	179
430	383	231	187
430	376	233	193
434	389	219	179
437	381	231	185
437	382	224	183
439	396	204	169
442	378	229	185
444	380	217	182
445	372	233	192
448	371	230	190
450	379	217	182
451	371	226	188
453	372	221	186
455	374	224	184
457	366	227	191
459	370	227	184
464	366	225	188
466	370	213	184
466	366	230	187
467	376	204	177
470	372	221	179
471	365	217	186
474	372	212	178
477	352	228	193
479	348	234	199
482	345	232	201
484	349	227	196
487	351	225	193
488	342	236	202
491	350	225	193
491	346	229	197
496	355	214	184
498	357	208	183
502	349	225	189
503	349	215	189
503	347	229	192
507	347	220	192
510	348	216	190
512	336	231	202
515	351	213	184
516	349	215	188
518	349	220	190
519	343	225	195
521	340	220	197
524	345	215	193
525	338	227	199
527	341	214	193
530	357	197	176
531	359	197	174
533	353	205	179
535	364	191	167
537	365	180	166
539	363	194	168
541	362	184	169
541	368	180	163
544	360	194	168
545	361	188	169
546	360	194	170
549	353	199	175
547	359	190	170
552	364	183	165
552	359	184	169
552	359	192	168
555	354	201	173
557	358	191	169
558	352	198	174
560	350	202	176
562	368	181	158
563	360	185	166
565	348	196	176
567	349	196	174
568	345	199	180
568	351	197	175
570	351	193	174
570	346	198	178
571	349	203	175
573	349	196	174
574	351	195	171
574	353	193	170
577	357	183	165
577	351	189	171
579	350	191	173
578	349	191	171
581	354	188	166
582	356	189	163
581	354	194	164
584	352	190	167
583	348	192	170
585	347	192	171
585	351	190	166
586	347	191	170
587	341	200	176
585	345	200	172
586	340	204	177
588	340	204	178
588	339	200	177
588	336	202	180
589	345	196	171
590	341	200	173
592	345	194	168
592	346	203	166
591	347	202	164
593	352	190	159
594	347	201	165
594	350	192	160
597	345	199	166
595	349	200	159
595	349	192	160
593	354	194	156
594	348	199	162
593	345	206	165
592	353	197	156
597	354	191	153
594	352	201	154
597	348	199	159
598	351	190	155
597	352	197	154
599	352	191	153
601	349	192	156
602	351	191	153
602	353	191	151
603	346	201	158
604	354	189	149
601	346	208	156
604	342	207	160
599	351	202	152
603	355	198	148
602	353	197	149
602	353	202	149
605	345	211	155
601	355	199	146
600	352	205	148
607	339	220	161
607	348	210	151
609	350	203	147
610	346	211	150
610	351	195	146
610	353	204	143
610	354	206	143
609	353	209	145
608	355	209	140
610	354	207	141
610	354	206	140
610	348	208	147
611	341	215	153
608	352	212	143
611	373	185	122
610	357	198	136
609	360	208	132
611	350	212	143
612	366	193	127
614	377	177	115
613	370	185	122
616	348	214	143
617	357	206	135
618	348	216	144
619	359	205	132
619	355	210	135
618	348	219	142
622	361	201	128
623	367	192	121
625	359	205	128
624	359	209	128
628	371	198	116
629	362	209	125
633	377	182	109
633	372	175	114
636	384	169	101
639	389	159	95
642	397	152	88
643	396	149	88
647	389	166	96
645	393	164	90
648	392	159	90
651	390	158	93
651	396	154	86
656	391	156	91
656	392	161	90
657	388	165	93
657	395	161	87
660	389	159	91
661	392	159	90
662	396	158	86
665	370	210	111
666	369	213	113
666	370	215	112
668	368	225	114
670	365	220	117
669	365	224	117
668	371	217	113
671	375	203	109
670	387	175	99
671	397	169	87
673	384	186	101
670	398	169	87
672	386	188	99
671	380	203	106
667	393	177	95
671	392	180	95
668	400	176	88
669	397	175	91
669	391	192	98
667	390	189	100
665	402	179	88
666	393	189	97
667	388	209	102
663	399	182	92
665	386	213	107
661	383	229	113
660	386	228	107
660	394	200	102
658	384	236	113
657	390	215	109
657	384	244	115
658	375	254	122
655	392	219	108
654	391	216	110
652	390	237	111
653	386	253	117
653	396	223	107
648	395	228	110
650	384	261	121
647	386	263	121
645	394	250	113
645	390	273	119
643	399	227	112
639	394	257	118
638	391	276	121
636	403	260	110
633	392	277	122
631	399	273	117
627	390	294	126
626	382	303	135
624	397	269	119
621	391	290	127
621	391	297	128
620	389	298	130
617	388	301	132
616	386	311	133
610	397	286	124
609	398	289	121
610	396	294	126
606	406	264	114
606	410	241	113
603	416	233	107
604	428	215	95
601	422	226	103
601	413	255	111
600	428	209	96
599	422	217	103
598	419	244	106
595	424	219	101
595	418	248	108
593	427	220	98
593	398	321	127
591	432	229	93
595	430	210	95
587	407	310	120
590	430	243	98
593	417	289	109
593	420	271	107
584	435	230	94
592	400	329	127
578	433	243	96
587	428	243	101
577	410	320	119
587	424	254	105
586	432	230	98
589	418	291	113
576	442	232	88
583	432	240	98
577	433	241	100
577	419	312	111
575	438	238	93
580	428	270	103
573	432	261	102
573	437	242	95
576	432	268	100
572	436	240	97
575	425	302	107
572	439	246	95
573	439	249	96
570	437	263	98
568	438	249	97
571	433	268	102
567	440	249	95
570	434	260	102
570	439	260	100
568	436	263	100
567	431	287	106
560	442	251	96
566	441	251	97
560	444	251	94
560	447	246	93
560	450	245	90
559	449	247	94
558	450	244	91
559	444	257	100
559	449	253	93
554	453	248	90
553	454	249	88
551	455	247	89
550	456	251	88
550	452	252	94
546	453	255	93
545	448	265	98
544	432	357	116
542	426	373	121
536	432	350	116
535	454	270	95
538	456	262	91
537	457	254	91
537	451	265	97
536	450	275	99
532	456	269	91
530	454	264	95
524	458	262	92
524	456	270	94
520	460	265	89
519	459	266	91
516	456	273	96
513	460	271	90
511	462	271	88
511	464	265	86
506	463	271	88
507	462	270	89
506	460	266	93
499	465	272	88
500	461	269	92
497	462	270	93
501	460	271	94
501	456	288	101
489	466	282	88
489	467	277	88
487	467	279	89
488	465	276	92
485	469	282	89
488	458	316	101
481	467	284	94
482	464	287	93
475	471	285	90
474	469	280	92
472	470	281	89
471	469	280	92
470	468	289	93
470	466	291	98
466	470	288	92
465	475	288	86
463	472	289	89
461	474	292	90
459	474	293	90
456	476	293	89
455	475	293	90
455	477	291	89
454	478	291	88
452	477	290	89
450	476	290	92
450	476	301	93
445	479	295	89
443	477	295	92
442	477	297	93
442	480	292	91
443	476	298	95
436	485	301	88
435	480	300	93
430	482	307	92
429	482	309	93
434	478	308	97
428	485	303	93
426	486	308	92
425	485	306	92
425	483	307	96
418	489	307	90
423	480	312	100
416	491	306	90
415	489	310	91
415	490	312	89
419	491	315	91
421	491	317	90
423	493	313	86
428	493	313	87
428	493	312	88
434	497	310	83
434	500	316	81
445	494	329	85
441	503	315	79
449	495	343	86
448	502	323	80
457	501	327	79
473	466	514	115
458	499	333	77
466	501	352	79
474	504	377	74
479	503	400	76
484	481	526	98
482	510	339	65
496	514	339	62
498	516	333	60
503	518	335	57
510	521	324	53
520	522	329	51
538	520	373	52
542	523	348	50
546	525	318	47
555	529	307	41
573	526	350	44
571	527	394	42
588	530	367	40
591	527	487	45
590	530	313	40
602	531	311	39
610	531	316	40
617	530	334	41
623	530	316	41
626	529	340	44
627	530	313	42
634	529	306	44
635	527	307	46
638	526	294	47
657	527	423	53
646	527	311	47
663	526	439	57
652	525	322	54
672	526	468	62
656	522	322	56
675	525	474	65
666	521	591	75
668	521	606	75
672	518	584	78
668	520	354	66
680	519	536	79
667	516	327	66
673	518	382	70
679	518	318	63
678	519	323	59
696	519	477	83
697	514	571	97
679	510	347	77
693	513	354	77
689	510	318	70
690	512	326	64
693	513	326	67
692	512	325	65
700	512	327	71
694	509	331	71
695	507	321	70
696	509	319	66
699	510	317	70
697	507	329	77
696	506	318	73
693	504	317	70
691	506	388	90
688	502	570	114
685	500	585	124
686	495	593	124
689	500	590	120
683	497	592	124
681	495	594	124
678	492	599	129
681	494	595	131
677	492	599	128
679	497	597	127
668	492	611	131
668	491	606	132
666	493	610	129
658	494	621	125
659	498	620	129
650	492	256	72
661	492	403	108
646	489	623	134
647	484	632	136
651	489	623	139
643	486	636	142
639	489	640	134
626	484	651	130
640	489	634	139
634	483	639	149
638	487	641	147
626	482	653	147
611	478	653	136
629	481	628	146
627	480	648	155
617	474	659	155
614	473	644	151
632	488	646	162
622	481	630	143
616	479	632	156
614	481	655	159
608	477	623	153
565	465	660	151
610	481	669	165
598	476	679	163
599	472	635	162
605	476	612	155
594	479	663	158
593	484	619	153
593	471	613	158
583	463	359	130
595	474	420	129
586	471	267	100
581	475	255	94
579	474	258	94
577	472	255	95
577	474	254	91
575	471	251	94
571	473	254	99
569	470	250	101
567	470	250	105
563	467	256	103
561	466	153	77
570	470	160	75
562	469	243	106
557	468	238	99
562	466	235	99
556	464	231	99
554	464	234	102
551	462	232	104
551	463	200	85
558	464	255	112
549	463	228	103
555	463	245	105
550	462	213	104
548	461	217	103
551	460	348	143
547	456	231	108
541	456	217	107
537	454	213	103
537	455	210	97
534	452	199	93
535	452	199	101
534	453	206	95
533	452	196	92
529	450	193	96
527	448	198	93
527	447	197	99
527	448	195	94
523	447	178	90
525	446	189	101
522	445	199	99
522	446	184	96
521	442	191	97
520	446	167	87
521	445	183	103
519	439	176	98
518	440	177	100
517	441	174	95
514	439	169	86
515	440	176	100
516	438	163	95
514	434	148	83
513	437	155	80
512	437	174	98
512	435	166	101
512	434	156	97
511	432	156	91
512	432	160	97
509	431	162	102
510	429	160	101
510	429	161	103
509	427	150	98
508	430	159	104
507	427	143	96
506	428	152	102
507	426	143	95
505	426	146	103
508	427	143	93
506	424	141	91
505	424	140	101
506	422	138	93
506	422	138	99
506	422	134	96
505	419	133	96
506	418	132	96
506	418	130	93
505	418	119	89
505	419	131	95
503	417	119	90
504	419	125	96
508	418	119	91
503	412	114	86
506	415	120	92
503	410	107	87
503	410	113	87
504	410	112	87
503	407	109	87
502	407	113	90
507	406	104	87
503	405	110	90
513	407	97	83
500	400	102	84
503	401	107	93
502	400	102	84
506	399	98	86
509	400	94	84
504	395	98	86
506	396	95	86
507	393	93	85
506	392	92	84
505	391	91	87
518	395	78	80
504	384	94	85
517	393	80	77
504	381	91	81
505	384	89	83
506	378	85	83
505	381	84	79
506	377	81	84
508	378	77	79
504	372	80	78
521	382	67	71
504	370	78	76
514	375	71	72
505	365	73	75
518	374	66	66
505	364	70	68
507	365	73	71
507	362	67	69
506	359	69	74
507	359	63	69
506	355	68	71
512	356	60	66
503	351	68	70
509	353	64	69
506	352	64	67
507	348	58	66
510	349	59	63
506	346	61	64
509	347	55	60
506	342	59	63
