0.037413
0.175782
0.078823
0.203566
0.169294
0.159152
0.102355
0.164214
0.111696
0.149195
0.210704
0.145382
0.080872
0.174710
0.133796
0.103444
0.182974
0.113785
0.149973
0.170123
0.128586
0.125761
0.117843
0.150997
0.090901
0.255323
0.141305
0.137402
0.085199
0.141800
0.170130
0.086909
0.152157
0.099341
0.143611
0.093224
0.139403
0.157130
0.133738
0.115077
0.165496
0.129331
0.139838
0.173726
0.218355
0.160972
0.092228
0.149056
0.202677
0.189854
0.146948
0.154979
0.172076
0.119655
0.117497
0.134156
0.101074
0.208043
0.113654
0.106250
0.185133
0.156000
0.099077
0.171143
0.091499
0.130643
0.129233
0.143300
0.194223
0.120438
0.105676
0.140626
0.140709
0.187483
0.236959
0.144339
0.132755
0.143812
0.086975
0.094513
0.145369
0.180555
0.160630
0.133090
0.077287
0.177250
0.145149
0.153223
0.159201
0.100530
0.153013
0.141427
0.161983
0.121583
0.115921
0.162040
0.127015
0.119995
0.115741
0.115863
0.126529
0.099416
0.152171
0.143275
0.139002
0.126058
0.135259
0.130900
0.135430
0.165399
0.112099
0.144246
0.179919
0.162032
0.183881
0.159502
0.132393
0.163773
0.118519
0.154946
0.147301
0.119481
0.102740
0.121828
0.118810
0.149947
0.181208
0.151701
0.143538
0.173837
0.116936
0.104026
0.161766
0.089813
0.135998
0.130409
0.159382
0.186293
0.128655
0.134412
0.123534
0.141057
0.111924
0.082211
0.119496
0.152369
0.176051
0.121372
0.104926
0.105337
0.108706
0.123481
0.174286
0.163221
0.121969
0.161811
0.137561
0.107088
0.199515
0.101357
0.141645
0.189348
0.120018
0.114796
0.109508
0.152912
0.118170
0.132634
0.157352
0.118237
0.115725
0.110160
0.146445
0.122034
0.151784
0.179232
0.142369
0.102746
0.139642
0.176428
0.162669
0.162725
0.123290
0.225061
0.152456
0.191747
0.111792
0.123058
0.127160
0.144085
0.152456
0.193599
0.170066
0.126642
0.107697
0.135954
0.219949
0.142338
0.142758
0.108680
0.122935
0.107677
0.200065
0.144033
0.142607
0.125421
0.153485
0.122643
0.216226
0.159002
0.186622
0.153212
0.132012
0.166332
0.156703
0.134418
0.177465
0.128416
0.188372
0.152444
0.124355
0.157131
0.146405
0.155234
0.144696
0.144404
0.108240
0.172304
0.119342
0.137666
0.169154
0.156370
0.142357
0.146988
0.096502
0.175044
0.140238
0.174675
0.142858
0.158166
0.106189
0.160432
0.206286
0.157153
0.091886
0.128006
0.205357
0.211826
0.142233
0.191960
0.102891
0.114599
0.231175
0.129211
0.112093
0.122261
0.136909
0.169605
0.134372
0.107537
0.130409
0.084673
0.108155
0.111614
0.098754
0.117153
0.166971
0.118619
0.177755
0.110846
0.122627
0.220431
0.156336
0.137629
0.134259
0.175540
0.128971
0.139794
0.125494
0.140932
0.125029
0.185005
0.104021
0.097714
0.148482
0.150681
0.123255
0.111670
0.110910
0.201976
0.130406
0.139609
0.116517
0.145911
0.222982
0.154474
0.166758
0.197403
0.209869
0.166509
0.248204
0.161644
0.155415
0.171895
0.190946
0.160506
0.123355
0.126646
0.122726
0.149611
0.160962
0.153264
0.131316
0.191471
0.171022
0.175672
0.116572
0.143951
0.116557
0.147183
0.122169
0.159948
0.136398
0.163725
0.138321
0.122230
0.145045
0.085655
0.131522
0.138947
0.151984
0.151445
0.131572
0.168150
0.125422
0.123161
0.127458
0.161973
0.100823
0.155808
0.179036
0.157177
0.205253
0.117802
0.108243
0.147944
0.172328
0.179224
0.109670
0.205268
0.150546
0.187246
0.138134
0.160281
0.149873
0.151051
0.120269
0.105032
0.176037
0.126807
0.155282
0.146548
0.128070
0.164030
0.138673
0.139702
0.108361
0.097940
0.213689
0.140335
0.120552
0.163866
0.149229
0.180945
0.119648
0.155484
0.178439
0.122194
0.164042
0.112509
0.126519
0.222424
0.132606
0.190433
0.142207
0.235054
0.190023
0.172059
0.123639
0.158486
0.112691
0.145730
0.161414
0.165741
0.131051
0.149187
0.174242
0.142080
0.119849
0.135614
0.119830
0.121868
0.129755
0.163496
0.181141
0.211592
0.217782
0.154587
0.162154
0.196225
0.130947
0.108232
0.165812
0.174937
0.194093
0.133739
0.150679
0.130790
0.158510
0.147894
0.160658
0.097427
0.118297
0.141685
0.154106
0.166183
0.100593
0.169186
0.144901
0.163436
0.156844
0.164306
0.158012
0.140944
0.143593
0.209267
0.163380
0.185083
0.175312
0.145824
0.118992
0.145643
0.138717
0.133161
0.218896
0.133555
0.149483
0.158718
0.149973
0.102334
0.135909
0.204333
0.160054
0.145864
0.126784
0.124513
0.143493
0.191789
0.179489
0.149676
0.180525
0.176659
0.187949
0.166724
0.193431
0.099829
0.216037
0.210226
0.127398
0.140165
0.174011
0.148341
0.127057
0.153703
0.158540
0.222846
0.161463
0.238520
0.196434
0.192155
0.164565
0.141032
0.167471
0.137621
0.177712
0.141800
0.228041
0.156354
0.182983
0.193292
0.122715
0.141273
0.125769
0.230866
0.159607
0.173773
0.183968
0.131442
0.173712
0.153492
0.213045
0.119858
0.134295
0.148556
0.154924
0.188738
0.149640
0.142810
0.125395
0.167784
0.131708
0.222222
0.095056
0.149632
0.146348
0.137620
0.166109
0.131787
0.124707
0.208655
0.170030
0.135317
0.220140
0.167893
0.179728
0.119143
0.165312
0.174291
0.142124
0.148117
0.166688
0.224089
0.170591
0.108299
0.150235
0.144507
0.155475
0.118709
0.077242
0.139586
0.144413
0.150017
0.132602
0.115089
0.076663
0.131259
0.100672
0.096132
0.131598
0.143037
0.090469
0.170887
0.152236
0.125648
0.175352
0.178777
0.161428
0.206139
0.100075
0.174540
0.148364
0.142234
0.086121
0.148991
0.116254
0.154453
0.147673
0.108984
0.129724
0.166182
0.207864
0.087840
0.098692
0.114349
0.114117
0.193486
0.113708
0.170871
0.105039
0.134766
0.138067
0.104635
0.180726
0.117590
0.163425
0.149906
0.221788
0.152638
0.140470
0.186730
0.197437
0.147621
0.143020
0.125479
0.107174
0.127498
0.107579
0.130297
0.129126
0.130691
0.111636
0.108622
0.129380
0.202535
0.222038
0.083570
0.140024
0.107728
0.139194
0.139344
0.201118
0.088376
0.154155
0.141903
0.119856
0.084757
0.127867
0.161809
0.125674
0.084942
0.155859
0.125315
0.110532
0.146654
0.142117
0.142117
0.127615
0.152649
0.129609
0.125359
0.161136
0.153436
0.125059
0.099311
0.120052
0.098584
0.115469
0.111765
0.111453
0.155474
0.145807
0.142159
0.113137
0.077607
0.124300
0.141572
0.118464
0.176195
0.115931
0.146907
0.092715
0.090364
0.215620
0.153435
0.144138
0.141861
0.100640
0.129515
0.169463
0.132995
0.172043
0.178193
0.139145
0.090107
0.171961
0.147606
0.145325
0.146513
0.098523
0.148848
0.156971
0.134798
0.202018
0.149648
0.109726
0.133402
0.106315
0.148830
0.133694
0.149864
0.133731
0.114748
0.179686
0.127918
0.112137
0.146254
0.121288
0.133604
0.130022
0.137252
0.155129
0.121538
0.143617
0.126231
0.201870
0.129421
0.195053
0.161360
0.147651
0.140534
0.151706
0.196609
0.178243
0.163348
0.133131
0.146701
0.178626
0.169744
0.218789
0.191441
0.164446
0.158698
0.125599
0.178360
0.123019
0.147790
0.122220
0.117112
0.115855
0.146555
0.114371
0.125482
0.145963
0.161095
0.238318
0.180046
0.101369
0.174983
0.123439
0.083339
0.126076
0.168614
0.090420
0.112778
0.210931
0.185545
0.168205
0.173582
0.111176
0.177474
0.186904
0.227992
0.169002
0.141683
0.176280
0.170027
0.114637
0.115879
0.156457
0.166815
0.133886
0.214172
0.126468
0.157571
0.111038
0.126588
0.159104
0.110508
0.100064
0.120661
0.152570
0.130046
0.115744
0.157347
0.207072
0.126261
0.151166
0.185070
0.178791
0.155081
0.170332
0.175026
0.222480
0.129565
0.072554
0.132420
0.152236
0.154054
0.137291
0.136657
0.241064
0.150868
0.108165
0.203985
0.131531
0.181931
0.162190
0.141548
0.130510
0.237726
0.119455
0.165413
0.242815
0.126091
0.185425
0.157358
0.109768
0.168190
0.120772
0.161848
0.126347
0.127959
0.138067
0.110045
0.142938
0.142678
0.110114
0.159116
0.126045
0.139012
0.240274
0.114819
0.155909
0.154523
0.223725
0.125532
0.118355
0.145600
0.230062
0.122036
0.186930
0.154364
0.116895
0.133572
0.125786
0.160873
0.150129
0.165757
0.119597
0.119020
0.194756
0.162463
0.140904
0.110336
0.141087
0.162611
0.155199
0.139084
0.177940
0.135484
0.122501
0.131526
0.137785
0.180852
0.145301
0.110111
0.187793
0.189519
0.079362
0.214679
0.147189
0.132556
0.116873
0.152042
0.199375
0.098294
0.210409
0.150893
0.221181
0.135612
0.219170
0.130493
0.123415
0.121347
0.110013
0.153796
0.143591
0.137355
0.111009
0.090298
0.155136
0.177379
0.088359
0.180584
0.140497
0.156773
0.123845
0.119391
0.125024
0.146142
0.158347
0.174597
0.159089
0.220299
0.224539
0.148501
0.168621
0.182389
0.154245
0.132687
0.183550
0.086190
0.150264
0.168985
0.141792
0.146540
0.185348
0.117920
0.144100
0.143113
0.164230
0.116570
0.142267
0.109794
0.139898
0.084397
0.112282
0.187882
0.145353
0.178688
0.130085
0.138321
0.116917
0.180881
0.119050
0.118187
0.099590
0.141230
0.120528
0.169353
0.147987
0.172958
0.173939
0.158993
0.169565
0.178405
0.150850
0.097348
0.202760
0.169074
0.173802
0.179251
0.165531
0.116389
0.165393
0.210621
0.147310
0.162077
0.178036
0.136752
0.210803
0.165760
0.185162
0.140300
0.149979
0.166638
0.136892
0.180310
0.091995
0.184585
0.206347
0.142271
0.157267
0.153782
0.121572
0.143160
0.116744
0.154599
0.150575
0.098757
0.185283
0.177193
0.179707
0.166436
0.131494
0.181075
0.188562
0.177961
0.162203
0.128652
0.170956
0.110684
0.129443
0.147315
0.134222
0.129794
0.132638
0.112747
0.154555
0.182299
0.170638
0.197377
0.161232
0.154224
0.137693
0.174380
0.122723
0.177477
0.165401
0.162036
0.165630
0.202902
0.228072
0.185452
0.233432
0.141883
0.117796
0.132697
0.121888
0.177473
0.104772
0.129890
0.148635
0.203012
0.156623
0.142322
0.219097
0.136945
0.160071
0.137778
0.183082
0.212741
0.100457
0.170547
0.171941
0.183216
0.154838
0.120845
0.124445
0.155239
0.160979
0.133167
0.156496
0.095769
0.154403
0.123096
0.112846
0.118333
0.135775
0.135591
0.092871
0.100818
0.148601
0.148574
0.150662
0.128456
0.134444
0.101589
0.131888
0.139673
0.174773
0.173506
0.165950
0.162549
0.155344
0.136598
0.163640
0.125947
0.229710
0.150862
0.204115
0.131919
0.120904
0.129529
0.105464
0.177814
0.153868
0.123460
0.116193
0.120915
0.117630
0.113109
0.170150
0.185547
0.147862
0.174353
0.142589
0.152933
0.174035
0.107076
0.161254
0.146665
0.118334
0.145247
0.116032
0.152030
0.121108
0.117188
0.233716
0.076418
0.138122
0.134764
0.155160
0.105820
0.145748
0.147609
0.118336
0.131802
0.157964
0.168096
0.143334
0.146269
0.207592
0.140803
0.098802
0.112128
0.143493
0.165886
0.152074
0.172880
0.155366
0.137120
0.186434
0.169135
0.173441
0.134519
0.160166
0.174582
0.200635
0.117180
0.107508
0.142523
0.136141
0.072272
0.137392
0.143970
0.144771
0.136413
0.155005
0.146540
0.115719
0.168601
0.125852
0.118749
0.120286
0.200003
0.213506
0.213614
0.113377
0.136062
0.098784
0.166044
0.121784
0.096242
0.166125
0.123342
0.134960
0.162958
0.126528
0.196583
0.124203
0.122540
0.133008
0.098386
0.142772
0.207063
0.185103
0.158780
0.106979
0.188292
0.160274
0.138260
0.190219
0.153672
0.126186
0.117652
0.156592
0.147600
0.153222
0.121331
0.163162
0.157266
0.204324
0.145193
0.182158
0.113105
0.110513
0.131090
0.094398
0.171690
0.166681
0.137357
0.125882
0.108731
0.149807
0.097855
0.160853
0.153342
0.141852
0.130687
0.091159
0.146591
0.122631
0.135701
0.087964
0.119495
0.118237
0.178881
0.115307
0.111157
0.127964
0.238413
0.112450
0.126770
0.157405
0.135428
0.103662
0.126801
0.173312
0.196429
0.159987
0.130450
0.168873
0.128917
0.117933
0.129293
0.143249
0.116696
0.198527
0.165592
0.113348
0.136066
0.147889
0.105356
0.151750
0.169134
0.149189
0.205210
0.175300
0.087849
0.143679
0.159000
0.108989
0.094379
0.136818
0.108835
0.172815
0.130629
0.132893
0.138640
0.149501
0.203958
0.117297
0.146905
0.130878
0.100191
0.101254
0.137641
0.153471
0.170526
0.121292
0.147158
0.154025
0.119351
0.133923
0.142259
0.111378
0.179140
0.149476
0.133603
0.191462
0.170627
0.128643
0.156526
0.152289
0.152341
0.141998
0.119769
0.188061
0.150518
0.133879
0.127685
0.150000
0.181585
0.119164
0.122343
0.174716
0.133219
0.097010
0.141943
0.139582
0.140332
0.124397
0.102747
0.194333
0.172608
0.131479
0.091550
0.166266
0.158226
0.172258
0.162566
0.158628
0.103424
0.125513
0.188810
0.098234
0.152526
0.120417
0.143926
0.137997
0.186511
0.144675
0.124779
0.117269
0.104059
0.129914
0.142531
0.145175
0.140154
0.167328
0.129039
0.139740
0.117465
0.160135
0.150431
0.128067
0.124549
0.161633
0.115032
0.094811
0.105680
0.146683
0.126163
0.072919
0.122731
0.123651
0.128254
0.163793
0.142648
0.155966
0.169375
0.123754
0.118416
0.100764
0.106400
0.132294
0.133842
0.170959
0.115239
0.178106
0.131421
0.125196
0.135044
0.146856
0.110634
0.143021
0.196214
0.157145
0.129642
0.121701
0.168851
0.145777
0.117478
0.086453
0.179307
0.132751
0.160275
0.164464
0.213858
0.153068
0.130154
0.105935
0.144110
0.135427
0.139473
0.115535
0.145974
0.109040
0.137896
0.122407
0.125863
0.178914
0.199696
0.135483
0.152669
0.162579
0.125332
0.141696
0.147342
0.148252
0.120935
0.109865
0.167964
0.121181
0.080750
0.128579
0.108744
0.099172
0.095533
0.133505
0.213382
0.186123
0.121120
0.106668
0.125190
0.240618
0.219175
0.118055
0.109153
0.246064
0.169013
0.168619
0.160369
0.217814
0.099059
0.166764
0.161742
0.111350
0.156745
0.099710
0.157000
0.185600
0.140631
0.170502
0.149395
0.149535
0.137485
0.133640
0.136558
0.092826
0.166213
0.129691
0.137336
0.196199
0.170727
0.178303
0.181334
0.164643
0.143663
0.165441
0.121761
0.133186
0.113992
0.200556
0.133428
0.186337
0.221587
0.141167
0.148039
0.085397
0.123637
0.162323
0.092948
0.159021
0.187227
0.151412
0.148904
0.128857
0.142715
0.134834
0.114506
0.125600
0.139245
0.123637
0.128518
0.108756
0.116792
0.193889
0.173057
0.130575
0.211148
0.140967
0.170224
0.099395
0.131195
0.157217
0.159348
0.096575
0.173868
0.148297
0.163140
0.107626
0.147879
0.098394
0.187042
0.184993
0.161429
0.161026
0.150723
0.128933
0.161558
0.130641
0.095137
0.176746
0.152434
0.105768
0.114262
0.109136
0.152985
0.102271
0.119195
0.164626
0.138861
0.133070
0.189075
0.093330
0.126239
0.143379
0.139782
0.186502
0.160265
0.174426
0.113163
0.160511
0.193125
0.151499
