0.024526
0.139122
0.139760
0.119233
0.141393
0.091858
0.143574
0.157250
0.163273
0.108512
0.147085
0.123506
0.166005
0.138633
0.135201
0.099680
0.150191
0.169939
0.116561
0.131941
0.176859
0.121326
0.159588
0.163266
0.132010
0.101376
0.104374
0.197280
0.155645
0.127495
0.104263
0.158494
0.162835
0.139363
0.126175
0.088056
0.120369
0.126269
0.174818
0.149755
0.161533
0.185204
0.151735
0.165028
0.151932
0.093448
0.093166
0.146877
0.157825
0.142791
0.134362
0.147634
0.175043
0.158366
0.111185
0.125345
0.147447
0.153656
0.162118
0.265614
0.144453
0.139247
0.130407
0.070270
0.128971
0.170854
0.170104
0.111739
0.084742
0.163272
0.148890
0.162155
0.103930
0.193633
0.116042
0.154666
0.097468
0.119604
0.149819
0.175345
0.200342
0.169209
0.127286
0.098473
0.143092
0.150151
0.139112
0.135923
0.144481
0.137484
0.090745
0.131364
0.164467
0.160675
0.126564
0.090967
0.117913
0.174377
0.113292
0.091531
0.108312
0.120397
0.100683
0.132894
0.139911
0.146859
0.106422
0.145438
0.132206
0.124451
0.097552
0.104960
0.118110
0.171372
0.105926
0.134580
0.109884
0.133124
0.186102
0.134805
0.108848
0.142454
0.140322
0.149881
0.180703
0.137771
0.150170
0.123329
0.117197
0.151106
0.134099
0.137575
0.136725
0.126878
0.143527
0.145668
0.102062
0.152182
0.144138
0.118353
0.136034
0.143773
0.168492
0.135380
0.102525
0.144626
0.169208
0.173749
0.136520
0.122932
0.106524
0.129631
0.121924
0.119701
0.147218
0.149571
0.175783
0.150098
0.116223
0.120377
0.136768
0.132929
0.186519
0.134564
0.097635
0.108459
0.151968
0.112570
0.086186
0.137899
0.088661
0.108649
0.160292
0.174828
0.096990
0.119705
0.113294
0.130933
0.140109
0.129088
0.137541
0.110171
0.110728
0.132896
0.150114
0.149853
0.127417
0.076224
0.156368
0.154737
0.142149
0.139323
0.104470
0.129690
0.153701
0.113454
0.097987
0.120480
0.114104
0.123695
0.163481
0.150979
0.123162
0.088935
0.123079
0.121427
0.160523
0.101318
0.149189
0.116305
0.172748
0.150782
0.183119
0.161270
0.151840
0.136063
0.092104
0.084082
0.178469
0.133068
0.133280
0.123873
0.129207
0.159608
0.132585
0.142680
0.178003
0.102852
0.120836
0.112345
0.112075
0.127377
0.159935
0.117575
0.128084
0.108179
0.113491
0.176512
0.109554
0.097974
0.200223
0.193040
0.150573
0.191954
0.078680
0.094125
0.180999
0.129759
0.145304
0.130784
0.162599
0.129946
0.176263
0.093971
0.119612
0.121781
0.115161
0.120946
0.103870
0.117693
0.129733
0.155313
0.151353
0.115844
0.120953
0.105590
0.111706
0.140775
0.135316
0.123931
0.145790
0.156989
0.138891
0.114624
0.144102
0.110922
0.132185
0.135036
0.153099
0.141087
0.140759
0.112215
0.144964
0.091367
0.100673
0.090626
0.112661
0.132314
0.085932
0.105050
0.165116
0.190393
0.139203
0.165332
0.149961
0.121030
0.121629
0.127964
0.118756
0.110513
0.119312
0.095662
0.129006
0.114962
0.096913
0.148078
0.125951
0.147198
0.083391
0.116704
0.096441
0.139417
0.100734
0.149368
0.094316
0.108803
0.197574
0.139618
0.145071
0.140895
0.143221
0.120624
0.140765
0.161021
0.149472
0.123462
0.166695
0.139978
0.068561
0.162105
0.134959
0.116701
0.118112
0.144758
0.072782
0.110602
0.143781
0.184605
0.144745
0.163123
0.145825
0.159474
0.131828
0.124774
0.152879
0.183290
0.106178
0.124403
0.108769
0.110662
0.149699
0.124627
0.116687
0.144148
0.146363
0.127298
0.113548
0.108597
0.123454
0.124358
0.125923
0.145268
0.105809
0.176515
0.110541
0.150978
0.159082
0.120783
0.095490
0.092125
0.118281
0.140923
0.172941
0.135118
0.115231
0.112407
0.103465
0.137731
0.114470
0.094241
0.119912
0.164511
0.174324
0.156827
0.100790
0.081969
0.125659
0.115948
0.093923
0.111751
0.104227
0.093302
0.156134
0.098218
0.166471
0.142893
0.125859
0.149205
0.116518
0.093485
0.166342
0.142856
0.146613
0.202859
0.160970
0.124957
0.120471
0.143261
0.176649
0.148085
0.109594
0.143223
0.093002
0.099084
0.082563
0.190047
0.148448
0.135865
0.153376
0.143326
0.107902
0.189706
0.125334
0.115786
0.097525
0.113395
0.136538
0.116528
0.113052
0.109613
0.104833
0.173888
0.149313
0.113740
0.144118
0.126593
0.166518
0.134742
0.161481
0.145859
0.135936
0.143240
0.150436
0.168632
0.123120
0.144902
0.128405
0.122612
0.112828
0.110230
0.114733
0.166176
0.199135
0.101017
0.148824
0.176892
0.134346
0.092753
0.143943
0.067363
0.133073
0.155505
0.108586
0.086789
0.134653
0.156636
0.152198
0.129114
0.117068
0.157579
0.105761
0.153829
0.153436
0.146756
0.137204
0.079501
0.144112
0.105420
0.215846
0.138773
0.126337
0.086752
0.142327
0.117385
0.093593
0.103195
0.108393
0.134881
0.193621
0.136377
0.129625
0.136943
0.170619
0.113909
0.143136
0.135755
0.154302
0.140165
0.107234
0.133279
0.123844
0.108433
0.120913
0.174562
0.125442
0.116868
0.106500
0.128974
0.088891
0.162045
0.118292
0.138861
0.151725
0.085012
0.108800
0.113418
0.133409
0.133158
0.114455
0.194337
0.094584
0.142621
0.160339
0.138799
0.141840
0.161398
0.171194
0.192034
0.182776
0.126767
0.167162
0.194937
0.169701
0.175324
0.159840
0.145594
0.149353
0.131376
0.091873
0.089621
0.115316
0.157285
0.195721
0.106442
0.145087
0.208345
0.105815
0.145047
0.170357
0.166425
0.129223
0.078661
0.148808
0.088338
0.170841
0.144698
0.197117
0.147041
0.179953
0.123217
0.109430
0.129096
0.148515
0.169676
0.116265
0.102556
0.188495
0.159594
0.143383
0.132784
0.229054
0.125157
0.156613
0.101153
0.159029
0.189118
0.095805
0.114253
0.197763
0.111466
0.112153
0.174050
0.118425
0.129328
0.164961
0.153164
0.209774
0.172662
0.223385
0.083509
0.125809
0.125679
0.089721
0.140808
0.100602
0.129647
0.135625
0.122387
0.109678
0.136684
0.120369
0.143018
0.111085
0.130595
0.179106
0.153613
0.135967
0.175105
0.143584
0.164009
0.112902
0.141586
0.115222
0.128643
0.117140
0.181926
0.165031
0.126822
0.102047
0.120760
0.144504
0.154928
0.179968
0.124671
0.130077
0.127267
0.106483
0.115387
0.134685
0.124610
0.135200
0.099725
0.105528
0.160068
0.113431
0.109608
0.161585
0.170086
0.171484
0.144610
0.159293
0.126129
0.180017
0.108119
0.168228
0.153061
0.112994
0.162107
0.165752
0.151979
0.184993
0.106710
0.142875
0.121401
0.103111
0.102196
0.119174
0.188085
0.149873
0.135889
0.156815
0.146565
0.162574
0.121682
0.144891
0.126059
0.129486
0.111819
0.105336
0.135179
0.122834
0.164096
0.121602
0.149134
0.204646
0.155662
0.085641
0.170319
0.097560
0.135436
0.180181
0.103425
0.114602
0.155095
0.141886
0.142190
0.101922
0.107865
0.139866
0.171682
0.161449
0.194610
0.155849
0.174993
0.132418
0.078884
0.110841
0.139202
0.135093
0.169171
0.146078
0.161515
0.157282
0.100472
0.130946
0.156081
0.150514
0.113667
0.190407
0.242902
0.157414
0.152682
0.130665
0.125263
0.131514
0.136067
0.119284
0.098801
0.096592
0.153411
0.158523
0.091133
0.116231
0.185190
0.136091
0.161696
0.146425
0.119833
0.113526
0.101657
0.147298
0.120416
0.116255
0.131830
0.152966
0.156182
0.148042
0.077236
0.153327
0.088493
0.126451
0.145642
0.135565
0.076394
0.121119
0.092932
0.111978
0.135579
0.109115
0.151745
0.135564
0.137937
0.099892
0.100048
0.153072
0.151106
0.078278
0.104610
0.167088
0.132440
0.173882
0.155582
0.145804
0.190521
0.098682
0.111826
0.104430
0.111667
0.135032
0.139908
0.109004
0.171207
0.164124
0.140450
0.064349
0.108634
0.073484
0.097556
0.114098
0.103372
0.108027
0.107627
0.098631
0.088355
0.104272
0.141939
0.132325
0.120924
0.126797
0.136904
0.141059
0.122695
0.165417
0.136341
0.142203
0.153081
0.130421
0.168778
0.101297
0.088257
0.178244
0.068796
0.088471
0.183809
0.200526
0.176445
0.098712
0.128646
0.166972
0.118762
0.133986
0.125479
0.177653
0.215250
0.140717
0.139958
0.125667
0.128862
0.109538
0.130015
0.096201
0.126871
0.119974
0.135501
0.092226
0.134399
0.141287
0.226560
0.080743
0.109543
0.139053
0.159683
0.145454
0.098624
0.176057
0.134007
0.139974
0.117461
0.122355
0.155220
0.110351
0.126357
0.109888
0.139647
0.148647
0.145153
0.116291
0.117014
0.115448
0.059578
0.159469
0.131583
0.153628
0.137356
0.103060
0.056660
0.142903
0.135015
0.146893
0.147489
0.250833
0.132241
0.109063
0.163569
0.123892
0.151914
0.120780
0.136156
0.177587
0.136184
0.123087
0.111423
0.135010
0.111065
0.129345
0.132081
0.144284
0.143382
0.146471
0.123058
0.180895
0.159164
0.163711
0.127746
0.150279
0.140559
0.111871
0.118811
0.124159
0.124076
0.132174
0.183687
0.114569
0.111149
0.126526
0.113089
0.123662
0.148266
0.150379
0.160547
0.165049
0.116573
0.117067
0.139833
0.137940
0.123600
0.150165
0.160793
0.136495
0.096434
0.119369
0.138621
0.134070
0.140582
0.166114
0.195300
0.186055
0.150267
0.182245
0.157672
0.134032
0.085690
0.162643
0.141152
0.085302
0.120656
0.171446
0.079542
0.106187
0.115573
0.117926
0.154174
0.131582
0.121329
0.200296
0.107839
0.124634
0.141033
0.156545
0.159304
0.137554
0.121243
0.111873
0.176933
0.113930
0.130434
0.143989
0.123828
0.159500
0.183465
0.094218
0.101104
0.150032
0.149265
0.165564
0.092072
0.157468
0.137293
0.151090
0.141502
0.155363
0.152397
0.127779
0.134218
0.128136
0.133740
0.140179
0.145831
0.113565
0.129861
0.171984
0.168608
0.171095
0.118554
0.132279
0.099095
0.083428
0.084836
0.103268
0.108115
0.158468
0.147501
0.156992
0.134501
0.127813
0.184224
0.172513
0.091998
0.123965
0.082726
0.135197
0.160571
0.120151
0.176569
0.099434
0.123665
0.147471
0.120621
0.195644
0.136045
