347	135	19	18
346	134	20	18
346	134	20	18
346	134	20	18
346	133	21	18
346	134	22	19
346	140	21	19
346	149	24	22
347	163	24	20
347	164	25	21
346	177	23	21
347	192	21	20
345	206	22	19
343	215	22	20
341	217	21	19
340	218	21	19
340	217	21	19
340	217	21	19
339	218	21	19
339	216	21	18
340	217	20	18
340	216	21	19
340	217	20	19
338	217	20	19
337	217	20	19
337	217	20	19
337	217	20	18
337	217	21	19
336	218	20	19
337	219	20	19
336	219	20	19
336	220	20	19
337	217	21	19
338	208	22	20
339	195	22	20
340	178	23	20
341	162	24	23
341	161	22	23
340	145	23	19
339	133	23	19
337	124	21	18
335	121	21	18
334	121	21	18
334	122	21	18
334	124	21	18
334	129	20	18
333	135	20	18
334	142	19	18
333	148	20	18
333	148	20	18
333	151	20	18
332	152	20	18
332	150	20	18
331	149	19	18
331	147	20	19
330	147	20	18
330	146	20	18
329	145	20	17
329	145	20	18
328	144	20	18
328	144	20	19
328	144	20	19
327	145	20	19
326	145	20	19
326	144	20	19
325	145	20	19
325	147	21	19
325	148	21	19
325	149	21	19
326	152	21	19
325	151	22	19
326	151	22	19
326	148	22	19
326	149	23	19
328	145	22	19
329	142	22	19
330	143	22	20
331	149	24	20
331	159	27	24
331	159	27	25
332	173	25	20
331	189	23	20
330	204	21	20
324	217	22	20
321	225	21	19
321	224	21	18
318	227	22	19
316	226	21	19
315	226	21	19
316	226	21	19
316	226	21	19
315	226	21	20
317	227	21	20
317	227	22	19
317	226	22	19
318	226	21	19
318	227	20	20
318	227	20	19
319	227	20	19
320	228	20	20
320	229	21	20
321	230	20	20
321	231	21	19
320	231	21	19
320	231	21	20
320	232	21	20
319	233	22	21
319	234	22	20
320	232	22	21
320	231	22	20
321	223	22	21
323	210	22	20
323	193	22	21
322	177	26	24
322	164	28	27
322	164	27	26
325	153	23	21
325	143	23	21
324	138	22	20
323	136	22	20
322	137	22	20
323	136	22	20
322	141	22	20
322	149	22	19
320	156	23	19
321	162	22	19
322	163	21	19
321	163	21	18
322	163	20	18
321	161	21	19
320	159	21	19
320	158	20	18
319	156	20	19
320	156	20	18
319	155	21	19
319	155	21	19
319	155	21	19
319	154	21	20
319	154	21	20
319	154	21	20
319	154	21	19
320	155	21	19
320	155	21	20
320	156	22	20
320	159	21	20
320	159	22	20
320	160	23	20
320	162	23	20
321	160	23	20
320	159	23	20
321	155	23	19
321	155	22	19
322	150	23	20
324	148	23	20
325	149	24	21
326	152	24	21
326	159	26	23
326	160	26	23
330	172	26	24
330	185	25	22
329	198	24	23
329	213	23	22
327	227	24	22
327	226	24	21
324	234	23	21
321	235	23	20
320	234	22	20
319	233	22	20
317	232	22	20
317	232	22	20
319	231	22	21
318	232	22	21
319	231	22	21
319	232	22	21
319	232	22	21
319	232	22	21
320	233	22	21
320	232	21	21
320	232	21	20
320	232	21	21
321	232	22	21
320	233	22	21
320	232	22	21
320	232	23	21
320	232	22	21
320	233	23	21
320	234	22	21
320	233	22	21
320	234	22	21
320	234	22	21
320	235	22	21
320	236	22	21
320	237	22	21
320	237	22	21
320	238	22	21
320	239	22	20
320	238	22	21
320	236	22	22
320	231	23	21
320	231	23	21
321	221	23	20
323	203	24	21
326	182	23	22
327	164	25	26
326	146	24	20
326	146	23	20
325	134	24	21
323	128	24	20
322	127	22	20
321	131	22	20
319	137	22	20
320	138	22	20
319	146	22	19
318	153	22	20
318	157	22	19
318	158	22	19
318	157	22	18
318	156	22	18
318	154	22	19
318	151	22	20
318	150	21	20
317	149	22	21
317	149	22	21
317	149	22	20
317	148	22	20
317	149	22	20
317	148	22	20
317	148	22	20
318	148	22	20
318	147	22	20
318	148	23	20
319	149	23	21
319	150	23	20
320	151	22	21
320	153	22	21
320	153	23	21
320	155	23	21
321	157	23	20
320	155	23	21
322	154	23	20
323	149	24	20
323	149	24	20
325	145	23	21
327	144	24	21
328	146	24	22
329	153	25	21
330	162	24	21
330	163	24	20
331	176	25	22
331	191	24	23
332	206	23	21
326	221	25	21
325	230	23	21
325	231	23	21
324	234	21	20
324	232	22	20
323	233	22	20
323	232	22	20
323	232	22	20
323	231	22	20
322	231	23	21
322	231	24	21
322	232	23	21
323	231	22	21
323	231	23	21
323	231	23	21
323	231	23	21
323	231	23	21
323	231	23	21
323	232	22	21
323	232	22	21
324	232	22	21
323	232	23	21
322	232	23	21
323	232	22	21
323	232	22	21
323	232	22	21
323	233	22	20
323	233	23	20
324	234	23	20
325	233	24	21
330	231	22	21
332	224	23	22
333	224	23	22
337	213	24	22
342	201	22	22
345	188	22	21
344	175	23	22
343	166	23	22
343	166	23	21
341	161	22	21
339	159	22	21
336	160	22	21
334	162	22	20
334	164	22	20
334	164	22	20
333	166	22	20
336	168	23	21
341	170	22	21
347	173	22	21
349	174	22	21
349	175	22	21
349	174	22	21
348	172	22	21
348	168	22	22
347	166	22	21
345	164	23	21
346	164	22	20
344	164	23	20
342	165	22	21
342	166	22	20
343	169	22	20
345	171	22	20
346	171	22	21
349	172	23	22
350	175	22	21
350	174	23	22
349	174	22	21
347	171	22	21
348	172	21	21
346	169	22	21
345	167	22	21
345	167	22	20
343	168	22	20
341	170	23	20
342	169	22	20
343	172	22	20
345	174	22	20
349	175	22	21
352	177	21	21
352	179	22	21
352	178	22	21
352	178	22	20
351	176	22	21
349	174	22	20
349	171	21	20
348	170	22	20
347	170	22	21
346	170	22	20
346	171	22	20
345	172	23	21
351	172	22	21
353	174	22	20
353	174	22	20
354	176	22	21
353	176	22	21
351	176	22	21
350	174	22	20
347	171	21	20
348	171	21	20
346	169	22	20
344	168	23	20
342	169	22	20
341	169	22	20
341	171	22	20
340	171	22	20
341	173	21	20
342	176	21	20
343	179	22	20
345	181	21	20
345	184	21	20
346	183	21	20
346	185	20	20
346	183	21	21
343	181	22	20
342	178	23	21
342	174	22	20
342	174	21	20
341	173	22	19
339	171	22	20
338	171	23	19
337	170	23	19
338	171	23	20
339	171	23	20
342	172	23	20
346	174	23	20
348	175	22	21
349	175	22	21
350	175	21	20
350	175	21	20
349	174	21	20
349	172	22	20
347	171	22	20
348	170	22	20
347	170	23	21
346	170	23	21
346	172	22	20
348	174	22	20
349	176	22	20
350	178	22	20
352	180	22	20
352	179	22	21
352	179	22	21
351	178	22	21
350	176	22	21
348	174	22	20
347	171	22	20
348	171	22	20
345	169	22	20
344	168	22	19
344	169	21	19
345	170	21	20
345	170	21	20
346	171	21	20
348	173	21	19
352	175	22	20
354	176	22	21
355	177	22	21
354	177	23	21
354	177	23	21
354	176	23	22
352	176	22	21
352	176	22	21
350	174	22	20
350	173	22	20
351	173	21	20
349	173	22	20
347	173	22	20
347	174	22	20
346	175	22	20
347	177	21	20
347	177	21	19
349	178	21	19
351	178	22	20
354	180	22	20
354	180	21	21
354	179	22	21
354	179	22	21
354	178	22	20
352	175	22	21
351	172	21	20
349	169	21	20
346	168	22	20
346	167	22	20
344	167	22	20
342	167	22	20
341	167	21	20
341	167	21	20
341	167	21	20
342	166	21	20
342	166	21	20
342	166	21	20
342	165	20	20
342	164	20	20
342	164	20	20
342	163	20	20
342	162	20	20
342	161	20	20
342	161	21	20
343	161	20	20
344	161	21	20
343	162	21	20
345	164	21	20
346	165	21	20
348	168	21	20
348	172	22	20
349	176	21	21
350	175	21	21
349	179	22	20
347	181	22	20
344	182	22	21
340	182	23	21
336	181	22	21
337	181	22	21
334	178	22	22
331	176	22	22
327	175	24	22
326	173	24	21
322	171	25	21
322	171	25	21
319	170	24	21
317	168	23	21
315	167	23	21
313	167	22	21
310	167	23	22
310	167	23	22
308	169	20	21
303	170	21	21
302	173	20	21
301	174	21	22
301	173	20	23
300	173	20	24
300	175	20	21
299	175	23	20
302	171	20	20
307	169	22	21
309	168	21	20
309	168	21	20
311	167	21	20
311	167	21	20
310	168	21	19
306	169	24	25
305	172	20	20
305	172	20	21
305	174	21	22
305	177	20	20
305	178	21	21
306	176	20	20
306	174	21	23
306	173	20	21
314	172	19	19
317	169	20	19
318	167	21	20
318	168	21	19
316	167	22	19
316	167	21	19
315	166	22	20
315	166	21	19
315	166	21	19
315	166	22	19
317	166	22	20
317	166	21	20
319	167	21	19
319	167	21	20
318	168	21	21
315	169	22	22
314	172	20	20
313	172	20	19
313	173	21	20
312	173	22	20
312	172	23	20
315	168	20	20
316	167	21	20
316	167	22	20
317	166	22	21
317	166	21	20
317	166	22	20
315	168	21	19
313	170	21	21
313	170	20	21
311	173	21	21
309	173	21	22
310	174	20	20
311	173	20	20
313	170	18	19
313	171	19	19
315	167	20	20
316	165	21	20
318	165	21	19
317	165	21	19
317	166	20	18
317	166	20	18
317	167	20	18
315	169	20	18
313	171	20	20
310	173	21	21
309	173	20	20
310	173	20	21
310	173	21	21
311	174	20	21
312	173	20	20
313	173	20	20
313	172	20	19
313	172	20	19
315	172	20	20
316	172	19	19
316	173	18	20
315	173	18	19
314	173	20	21
313	173	20	20
312	173	20	20
310	172	20	20
311	172	19	19
310	170	20	20
312	168	21	20
311	168	21	21
312	166	20	19
311	166	20	19
310	166	21	21
308	168	21	21
310	169	21	21
310	169	21	21
311	169	20	21
313	167	19	20
315	167	20	20
316	165	20	20
316	166	20	20
317	166	21	20
317	166	20	19
316	166	21	19
316	167	20	18
313	169	19	19
312	170	20	20
312	170	20	19
312	171	20	20
312	171	19	19
312	169	20	19
314	168	19	19
315	166	21	19
314	166	20	19
317	163	20	20
317	161	19	20
316	160	20	20
317	159	20	20
316	160	21	21
316	160	20	21
315	161	20	19
313	163	20	21
311	163	21	21
311	165	21	20
311	165	20	20
311	164	20	20
312	161	19	20
312	159	18	19
313	155	21	17
313	154	20	18
314	153	22	18
314	153	21	17
312	153	22	19
307	154	23	24
310	156	20	21
306	158	22	22
308	161	21	21
307	161	22	21
308	161	21	21
309	161	21	20
309	159	21	21
309	158	21	20
309	156	21	21
309	157	20	21
309	157	20	21
308	160	20	21
307	163	19	20
306	168	22	21
308	175	22	22
308	175	23	22
310	182	23	21
312	187	24	21
316	193	24	22
320	195	24	22
322	197	25	22
322	197	24	22
323	197	25	21
326	193	23	22
329	186	23	22
329	176	23	21
330	163	24	23
329	163	24	23
330	154	24	24
331	146	25	24
331	139	25	23
329	137	27	23
331	137	26	23
331	137	26	23
331	138	26	23
331	141	25	24
331	150	25	23
331	159	24	23
331	173	23	22
330	173	24	22
329	191	24	22
330	210	23	23
331	230	21	22
331	223	23	22
333	212	22	22
333	212	22	22
333	203	23	22
334	197	22	21
334	190	23	22
335	186	23	21
336	186	22	21
336	186	22	21
336	189	23	22
338	193	23	22
338	195	23	22
339	198	23	22
339	197	23	22
339	197	24	22
338	197	24	22
337	194	25	23
337	190	24	23
337	185	24	22
337	178	24	22
336	178	24	22
337	169	24	22
337	161	24	23
337	152	22	23
335	143	24	22
334	133	25	25
334	133	25	25
334	126	24	22
333	120	26	23
330	118	28	23
331	117	27	24
331	119	26	24
331	119	26	23
329	123	27	23
330	129	24	24
329	140	25	25
328	157	26	23
330	177	23	23
330	177	23	22
329	198	25	24
330	221	24	24
329	215	24	23
331	202	25	24
331	192	23	23
331	192	23	23
332	183	23	22
334	176	21	22
334	171	24	24
334	169	24	23
335	168	23	24
335	168	23	24
335	170	23	23
336	170	23	23
335	170	23	22
335	169	24	22
334	167	24	22
334	166	25	22
332	164	24	22
331	162	23	22
331	160	24	23
330	158	24	22
331	157	24	22
331	157	24	22
332	155	23	22
334	156	22	23
334	154	23	23
332	153	22	22
332	151	23	21
331	151	23	22
331	150	22	21
332	148	22	21
331	146	22	22
333	144	21	22
332	143	21	21
332	143	21	21
331	142	22	22
332	141	22	23
332	142	21	22
332	142	21	22
330	142	22	23
330	142	22	24
331	144	22	23
330	146	22	23
330	150	21	23
328	152	22	22
325	155	23	22
326	156	22	22
324	159	22	21
323	163	23	21
322	164	22	20
322	164	22	20
320	162	23	22
321	162	23	22
322	159	23	22
321	158	23	23
322	158	23	22
322	160	23	22
322	162	23	23
321	163	23	22
321	165	23	23
319	168	24	23
320	169	24	23
321	167	23	22
321	164	23	23
321	164	23	22
322	161	22	21
320	157	23	21
321	153	23	20
322	150	22	20
322	149	23	21
322	149	23	21
320	148	22	20
320	149	22	21
319	152	23	21
319	153	22	21
319	153	23	21
319	153	23	21
318	152	23	21
320	148	22	21
320	144	23	22
322	142	23	21
322	141	22	21
322	141	22	21
322	141	22	21
321	140	23	21
320	141	23	21
319	142	23	22
319	147	23	22
319	147	23	22
321	153	22	21
320	155	23	22
319	154	23	23
319	152	24	23
319	149	23	22
319	148	24	23
317	147	24	22
316	145	24	23
315	145	25	23
315	147	25	23
316	149	24	22
315	148	24	22
314	151	24	23
313	153	25	23
312	155	25	22
312	157	24	22
311	159	24	23
311	159	25	23
311	161	25	23
312	163	25	24
312	167	25	23
312	168	25	23
314	168	25	23
314	168	25	23
314	167	25	23
314	166	25	23
314	165	26	23
315	166	26	23
315	166	25	23
315	167	25	23
317	166	25	23
317	161	25	23
317	153	26	23
318	139	27	25
318	127	26	25
318	126	26	25
318	118	25	23
317	112	25	25
316	111	26	25
315	111	26	25
316	115	24	25
317	115	24	24
314	121	25	25
315	133	26	25
314	147	27	27
315	166	26	23
316	188	25	22
316	188	25	22
316	213	24	24
315	220	24	24
316	206	25	23
318	195	24	23
318	184	22	22
317	184	23	22
320	178	22	21
319	172	23	23
319	167	24	22
319	167	25	22
320	168	24	23
319	168	25	23
320	168	25	23
319	169	25	23
319	171	24	22
318	173	25	22
316	176	26	23
317	176	25	23
317	178	24	23
316	180	25	23
316	176	25	24
315	168	25	23
316	158	26	22
315	158	26	22
315	143	26	25
316	134	27	24
316	123	26	24
315	117	27	25
315	115	26	24
315	115	26	24
315	114	26	25
316	117	25	24
316	124	25	23
314	134	25	24
317	148	25	25
316	148	25	24
315	166	27	24
315	188	25	24
315	214	23	23
316	217	24	24
315	205	24	23
315	206	25	23
315	194	24	23
315	184	23	22
315	177	22	23
315	171	22	23
315	167	22	22
316	167	22	22
314	166	22	21
313	166	23	22
313	165	24	22
312	165	24	22
313	164	24	22
313	165	24	22
312	164	25	22
313	164	25	23
313	165	24	23
314	166	24	23
313	168	25	22
314	168	24	22
313	169	24	22
315	169	23	22
314	169	23	22
315	168	23	21
314	166	23	22
315	166	23	22
316	164	23	21
316	160	22	21
316	158	22	20
317	154	21	19
316	152	22	20
316	152	22	20
317	151	22	21
318	152	21	20
318	151	21	21
318	147	22	22
318	143	22	22
318	143	22	22
320	141	21	22
322	140	22	22
322	141	22	21
321	141	22	22
320	141	24	23
320	141	23	23
319	143	21	22
317	144	21	21
318	150	22	21
317	152	22	21
317	153	22	20
316	153	23	20
316	150	23	21
316	148	23	21
315	146	23	21
316	145	22	20
317	146	22	21
316	146	23	21
317	147	22	21
318	147	23	22
320	149	22	21
320	151	23	22
320	152	23	22
320	152	23	22
321	154	22	22
321	157	22	21
320	158	23	21
320	160	23	21
318	161	24	22
318	161	24	21
317	161	24	21
318	160	24	21
317	157	24	21
318	152	22	20
319	150	21	20
320	149	22	21
319	146	22	20
320	144	23	21
321	143	22	21
322	144	21	20
321	144	22	20
321	143	22	20
321	143	22	20
322	143	22	20
321	143	22	20
321	143	22	20
322	143	22	20
322	143	22	19
320	143	22	21
319	145	22	20
319	147	22	20
318	149	22	21
317	152	23	22
318	152	23	22
318	152	23	22
317	151	23	22
318	148	23	22
317	147	24	22
318	144	24	22
318	145	24	22
317	143	25	23
319	143	24	22
318	144	25	23
321	146	23	22
321	146	24	23
320	147	24	23
323	147	22	22
323	146	23	24
323	145	23	24
323	143	24	25
322	142	24	25
322	142	24	24
321	142	24	23
320	142	24	25
320	143	24	25
321	146	23	25
320	150	24	25
320	149	24	25
321	151	23	24
323	152	22	25
324	151	23	25
325	150	23	26
326	150	24	26
327	150	24	25
327	148	24	25
329	146	25	25
331	143	25	25
334	142	23	23
334	139	23	23
335	140	23	23
337	137	23	23
338	133	24	22
339	130	24	22
339	126	24	23
338	122	23	22
338	122	24	22
335	118	23	22
330	114	23	22
327	113	22	22
326	113	21	21
324	112	19	20
324	113	19	20
320	115	23	19
313	117	26	18
310	117	29	22
302	115	24	19
302	114	20	18
303	115	20	17
300	115	21	20
299	116	20	17
298	115	21	17
295	115	21	19
292	115	21	20
293	115	21	20
291	117	21	21
291	118	22	22
290	119	22	23
290	122	23	22
290	123	23	24
291	123	22	23
291	125	23	23
292	127	22	24
295	129	23	24
295	133	26	23
300	135	24	24
299	135	24	24
302	136	24	24
304	137	24	23
307	137	24	24
309	137	23	23
312	138	24	23
311	138	24	23
316	137	24	23
317	137	25	23
323	137	23	23
326	137	23	23
327	135	24	23
328	135	24	23
329	134	25	23
333	131	24	22
336	128	23	22
338	124	23	22
339	120	23	23
338	120	23	23
338	116	23	22
336	114	23	22
334	113	24	22
333	114	24	20
331	116	23	22
332	116	23	21
332	118	16	15
332	122	23	19
303	121	33	29
302	121	21	20
305	121	21	19
306	120	19	18
301	121	22	20
300	121	21	20
298	121	20	19
297	121	21	20
294	121	22	21
294	122	21	20
293	122	21	21
292	122	22	22
291	122	23	23
290	123	24	23
290	124	24	24
290	124	25	23
291	124	24	24
292	124	25	23
295	124	24	24
298	126	24	23
300	126	23	23
301	126	23	23
303	129	25	24
307	131	25	24
309	132	25	24
311	132	25	25
314	133	25	25
313	133	25	25
