0.013448
2.674839
0.168914
0.158230
0.206098
0.249233
0.278737
0.243925
0.186896
0.151945
0.203180
0.106517
0.147743
0.158301
0.181873
0.191686
0.230104
0.184294
0.183021
0.032345
0.097482
0.215278
0.238464
0.282878
0.218102
0.271894
0.228785
0.129497
0.154120
0.143526
0.202154
0.231652
0.243290
0.154105
0.158746
0.142358
0.150969
0.215697
0.205253
0.194297
0.158309
0.209836
0.233178
0.180797
0.503033
0.184033
0.155903
0.198472
0.123242
0.270406
0.194481
0.211125
0.190627
0.290080
0.195599
0.259947
0.089230
0.158920
0.234130
0.201573
0.160920
0.223331
0.215845
0.146112
0.170714
0.168064
0.161174
0.222801
0.478909
0.276659
0.280474
0.288907
0.277827
0.156960
0.279849
0.220431
0.272789
0.120261
0.188592
0.113000
0.203932
0.217020
0.135674
0.157826
0.195696
0.154090
0.139796
0.295927
0.147417
0.212757
0.274232
0.297524
0.228293
0.168438
0.250350
0.172695
0.304211
0.267472
0.236488
0.191476
0.190070
0.195422
0.229413
0.269331
0.318633
0.166251
0.143796
0.179270
0.105312
0.257120
0.145838
0.160535
0.267244
0.141603
0.191810
0.173711
0.196619
0.146106
0.197611
0.203781
0.161401
0.223462
0.163053
0.197716
0.202720
0.208061
0.243131
0.237760
0.193558
0.293218
0.208123
0.274526
0.167130
0.236908
0.213807
0.217613
0.135638
0.175642
0.373152
0.210503
0.682169
0.190424
0.185884
0.109845
0.208944
0.216035
0.247534
0.143245
0.179177
0.114562
0.289241
0.181230
0.655256
0.302886
0.272777
0.355921
0.588119
0.316021
0.232562
0.247915
0.612498
0.328360
0.247308
0.167251
0.331051
0.269087
0.177655
0.216667
0.369798
0.367903
0.511450
0.302811
0.196565
0.146220
0.228039
0.236162
0.235027
0.218143
0.267266
0.310596
0.169695
0.183187
0.143339
0.202421
0.351045
0.249348
0.212428
0.279928
0.342495
0.198214
0.317942
0.270195
0.168238
0.261956
0.222706
0.232807
0.231306
0.188914
0.248634
0.303604
0.213844
0.184180
0.213558
0.154374
0.175257
0.196724
0.184151
0.169611
0.197133
0.188020
0.124502
0.240688
0.201731
0.237949
0.223777
0.256030
0.234910
0.263217
0.238178
0.278582
0.336258
0.273710
0.293529
0.158709
0.237467
0.226693
0.265402
0.194751
0.265337
0.221665
0.169059
0.240592
0.159607
0.155112
0.188673
0.116668
0.183685
0.238833
0.198366
0.185424
0.372264
0.151246
0.171478
0.152663
0.198919
0.303051
0.190529
0.090848
0.146775
0.179245
0.238290
0.198611
0.243984
0.164915
0.137416
0.143148
0.131094
0.154127
0.159362
0.139678
0.125191
0.247495
0.136100
0.091148
0.238023
0.196843
0.208053
0.224845
0.196679
0.173193
0.188125
0.212443
0.496324
0.208503
0.189851
0.215616
0.181758
0.222320
0.237121
0.191828
0.226413
0.256136
0.184931
0.246768
0.165432
0.252666
0.207725
0.211543
0.189914
0.167997
0.113487
0.212745
0.314578
0.245318
0.253128
0.228424
0.167234
0.197885
0.244218
0.163892
0.151521
0.177546
0.227954
0.119473
0.166904
0.187827
0.166817
0.219939
0.607960
0.235004
0.329748
0.288519
0.480933
0.286412
0.186255
0.299955
0.456626
0.352507
0.318189
0.331693
0.301288
0.256571
0.240611
0.284960
0.287322
0.103928
0.166701
0.185230
0.123752
0.237945
0.227203
0.130594
0.132365
0.227116
0.260673
0.201104
0.138910
0.264737
0.151638
0.207216
0.187994
0.202143
0.166992
0.188569
0.271928
0.217562
0.161282
0.157814
0.217787
0.193031
0.103988
0.145814
0.172220
0.220328
0.173746
0.147250
0.195894
0.188854
0.251806
0.218136
0.122657
0.201775
0.146055
0.224474
0.147479
0.138789
0.153785
0.159865
0.241250
0.196946
0.200619
0.143887
0.139653
0.187944
0.305088
0.126413
0.497785
0.269207
0.188246
0.263149
0.496944
0.190936
0.163210
0.137829
0.251885
0.180820
0.128676
0.214612
0.233136
0.278914
0.143402
0.171932
0.265615
0.158930
0.201942
0.177719
0.184708
0.221692
0.174336
0.208225
0.470044
0.321662
0.253001
0.174631
0.269358
0.184134
0.256258
0.220308
0.187564
0.150835
0.179716
0.199659
0.231642
0.219577
0.235219
0.241400
0.549197
0.190953
0.177045
0.180974
0.293914
0.295249
0.193453
0.284112
0.243654
0.209134
0.255820
0.232230
0.183420
0.219955
0.230939
0.217217
0.537967
0.182143
0.261891
0.191173
0.233455
0.207160
0.139396
0.210531
0.216621
0.188777
0.162442
0.296510
0.358258
0.227079
0.279817
0.190376
0.227464
0.188054
0.272614
0.267478
0.168149
0.151779
0.275434
0.235477
0.245486
0.257429
0.267094
0.184928
0.292063
0.176029
0.175891
0.217727
0.251689
0.188381
0.194720
0.150996
0.177362
0.188181
0.239242
0.241610
0.252604
0.214071
0.189924
0.194960
0.204519
0.226676
0.204777
0.172453
0.260723
0.144297
0.175736
0.178380
0.132202
0.177447
0.174066
0.149176
0.191940
0.163960
0.149344
0.151616
0.160746
0.175057
0.175275
0.207486
0.153176
0.167598
0.173355
0.234294
0.200477
0.181991
0.267067
0.253278
0.206662
0.241136
0.284025
0.223769
0.183881
0.226687
0.273149
0.300195
0.203605
0.230243
0.273601
0.173112
0.612943
0.209891
0.324345
0.353197
0.493805
0.297918
0.197076
0.156705
0.261101
0.227171
0.212638
0.232506
0.252145
0.219816
0.175757
0.270834
0.252778
0.277776
0.210496
0.196128
0.497477
0.138332
0.192864
0.197526
0.188529
0.191016
0.215674
0.189825
0.185201
0.151059
0.220383
0.192519
0.265724
0.238708
0.117299
0.217155
0.184123
0.217880
0.157676
0.207730
0.229745
0.166930
0.168306
0.181198
0.170287
0.143709
0.186985
0.186184
0.175638
0.164079
0.153402
0.207595
0.203500
0.218283
0.267517
0.270365
0.288810
0.152349
0.145434
0.178873
0.287210
0.131700
0.124900
0.195857
0.513059
0.224597
0.353704
0.321190
0.315664
0.269023
0.229970
0.166264
0.212837
0.262164
0.251787
0.255522
0.238524
0.199291
0.203832
0.179284
0.192758
0.235935
0.182200
0.144995
0.356843
0.253959
0.228513
0.239682
0.226333
0.299864
0.247539
0.225015
0.133252
0.230644
0.173093
0.241823
0.278170
0.255911
0.194357
0.255573
0.250550
0.226925
0.274297
0.264425
0.248556
0.183169
0.135358
0.173708
0.199424
0.201518
0.151707
0.178851
0.359775
0.223358
0.210954
0.197803
0.225049
0.191367
0.102828
0.061776
0.191796
0.279562
0.254759
0.232610
0.376165
0.178885
0.152995
0.178461
0.190584
0.149120
0.204277
0.216244
0.231741
0.260547
0.169626
0.218075
0.146565
0.144931
0.145638
0.122415
0.226270
0.231856
0.233740
0.145817
0.150957
0.268295
0.237621
0.282196
0.529437
0.161134
0.192260
0.167469
0.278855
0.318095
0.196243
0.200989
0.353104
0.343634
0.133741
0.110723
0.217265
0.213592
0.203524
0.203812
0.351123
0.244466
0.209941
0.214165
0.280408
0.287297
0.290412
0.150922
0.219223
0.188918
0.146635
0.123794
0.172169
0.201308
0.180214
0.216053
0.234866
0.174651
0.156115
0.146856
0.176413
0.174940
0.200518
0.231609
0.378362
0.274746
0.177995
0.178804
0.249694
0.222796
0.280764
0.360476
0.253268
0.139861
0.212532
0.146987
0.303545
0.212962
0.150391
0.194830
0.310390
0.251178
0.237666
0.209044
0.169761
0.226050
0.286235
0.292856
0.180005
0.239829
0.191300
0.129262
0.191262
0.183485
0.178931
0.178417
0.293261
0.258963
0.235381
0.251516
0.217814
0.171978
0.135721
0.237343
0.189789
0.193653
0.160778
0.224375
0.569693
0.164140
0.208056
0.234361
0.262609
0.246883
0.120020
0.141804
0.163210
0.213982
0.174813
0.162616
0.145855
0.185184
0.165941
0.178340
0.159604
0.143436
0.264265
0.209984
0.333637
0.225731
0.219947
0.221532
0.664294
0.238048
0.273776
0.237104
0.085911
0.271596
0.238867
0.257435
0.255278
0.218839
0.241416
0.206813
0.255521
0.164678
0.187042
0.188188
0.306884
0.224761
0.308395
0.266729
0.607674
0.235730
0.173761
0.185121
0.226686
0.152330
0.180472
0.222190
0.162798
0.153107
0.188285
0.185901
0.348160
0.143850
0.227485
0.217209
0.230416
0.182965
0.172529
0.249830
0.200561
0.257644
0.238842
0.179513
0.177387
0.233908
0.142884
0.218561
0.185868
0.140108
0.197395
0.267141
0.212997
0.188080
0.245498
0.255942
0.268633
0.261299
0.214003
0.257349
0.414813
0.310165
0.317092
0.293421
0.373389
0.226195
0.249817
0.248650
0.301984
0.187096
0.146035
0.194376
0.227778
0.127711
0.141781
0.132546
0.440750
0.212436
0.278185
0.230934
0.474757
0.248868
0.225903
0.232227
0.529093
0.309435
0.443018
0.273648
0.297036
0.254693
0.143228
0.237819
0.188476
0.210875
0.133044
0.168346
0.204266
0.194203
0.229774
0.275955
0.201730
0.178897
0.143416
0.190166
0.220963
0.246267
0.165045
0.178091
0.260182
0.183626
0.180786
0.181928
0.240278
0.234476
0.210547
0.169702
0.637066
0.152008
0.217937
0.364989
0.463135
0.168068
0.439893
0.437070
0.372861
0.169213
0.158929
0.200222
0.169749
0.135285
0.201785
0.137468
0.232142
0.204551
0.216196
0.177789
0.232323
0.183835
0.165512
0.147989
0.186925
0.243928
0.230596
0.176922
0.189060
0.217776
0.199744
0.207249
0.189831
0.170288
0.224936
0.183089
0.175163
0.172771
0.354597
0.143857
0.156192
0.204018
0.233435
0.180308
0.250076
0.287130
0.242274
0.232058
0.202676
0.223950
0.224708
0.222228
0.207684
0.219696
0.309531
0.265838
0.461413
0.257026
0.183084
0.303413
0.228435
0.154590
0.147973
0.246490
0.300468
0.207384
0.231222
0.165317
0.182037
0.141239
0.200212
0.240506
0.204964
0.204643
0.199575
0.173717
0.153748
0.231545
0.174459
0.143577
0.555546
0.340443
0.271503
0.265333
0.275396
0.304474
0.310136
0.275633
0.654587
0.428439
0.334933
0.243250
0.342044
0.239125
0.337025
0.252030
0.526766
0.225332
0.269531
0.244972
0.152777
0.260764
0.148951
0.205511
0.147362
0.241522
0.227706
0.202651
0.227453
0.290778
0.353898
0.334760
0.295627
0.501193
0.471668
0.175286
0.327940
0.402074
0.161633
0.276390
0.293549
0.231975
0.200333
0.424026
0.346307
0.350980
0.329183
0.298458
0.396793
0.313397
0.340171
0.354485
0.280740
0.253940
0.292099
0.232685
0.209455
0.252012
0.227820
0.400247
0.399366
0.307910
0.224938
0.241873
0.283961
0.282587
0.435371
0.496543
0.263023
0.258864
0.333182
0.300051
0.348852
0.276325
0.255059
0.272731
0.189448
0.241380
0.247653
0.250591
0.192759
0.191744
0.245706
0.217041
0.231301
0.254018
0.220945
0.223002
0.187691
0.169277
0.196694
0.249826
0.320643
0.218674
0.163851
0.208734
0.153330
0.165841
0.159628
0.224668
0.234684
0.141853
0.193766
0.176605
0.206605
0.237899
0.270679
0.294945
0.263283
0.148306
0.131978
0.249935
0.183742
0.155325
0.156008
0.134392
0.216448
0.196368
0.170918
0.241360
0.208006
0.207719
0.169918
0.224822
0.213302
0.208247
0.182457
0.196123
0.179623
0.287074
0.203144
0.243690
0.222918
0.159081
0.221707
0.166952
0.255445
0.178945
0.156378
0.201164
0.138454
0.165228
0.191952
0.204877
0.238710
0.247139
0.246428
0.258201
0.262495
0.268670
0.211351
0.120732
0.160633
0.196436
0.195038
0.135846
0.243297
0.214607
0.195346
0.145180
0.164520
0.176335
0.215556
0.223050
0.060552
0.108938
0.112727
0.103958
0.202106
0.154873
0.128793
0.154663
0.147775
0.139675
0.197112
0.179065
0.167684
0.178479
0.191926
0.212880
0.213718
0.181400
0.215729
0.203174
0.336477
0.168514
0.173235
0.193717
0.200006
0.206790
0.185514
0.172603
0.253371
0.232299
0.251978
0.297378
0.255545
0.216814
0.193390
0.221292
0.095909
0.181293
0.177201
0.125858
0.104923
0.176002
0.175184
0.167137
0.161694
0.159345
0.219238
0.198568
0.206181
0.172708
0.217357
0.234504
0.167452
0.121502
0.179624
0.163190
0.276047
0.208815
0.261138
0.198687
0.229943
0.174428
0.221300
0.306087
0.180454
0.173018
0.187748
0.226523
0.273376
0.198102
0.287484
0.143046
0.191329
0.166599
0.187939
0.144275
0.150717
0.274178
0.281654
0.182390
0.207606
0.144907
0.179808
0.143568
0.281080
0.250057
0.238407
0.188332
0.212383
0.191236
0.236500
0.285590
0.178915
0.199023
0.227477
0.143545
0.106120
0.218983
0.188365
0.158714
0.170269
0.317917
0.181775
0.262301
0.251535
0.201749
0.175130
0.207494
0.180490
0.222559
0.215407
0.156941
0.230012
0.156358
0.204403
0.272621
0.233829
0.204154
0.159586
0.244963
0.233061
0.218012
0.172364
0.181607
0.209484
0.243769
0.252410
0.172859
0.257206
0.194653
0.209320
0.176900
0.208143
0.194619
0.194583
0.180745
0.122750
0.129874
0.156550
0.177263
0.173971
0.216890
0.154617
0.247872
0.204627
0.164333
0.214422
0.155820
0.204325
0.208894
0.208000
0.157933
0.190896
0.313283
0.161819
0.197199
0.195044
0.137811
0.203334
0.195924
0.330069
0.210752
0.176538
0.190430
0.210619
0.188577
0.236560
0.192156
0.217840
0.273537
0.198566
0.201638
0.222278
0.199921
0.193286
0.272617
0.178499
0.164551
0.191799
0.194790
0.222436
0.189066
0.213988
0.197242
0.201140
0.137951
0.214857
0.192860
0.161196
0.187966
0.177395
0.120393
0.146703
0.168324
0.152902
0.171112
0.147897
0.196562
0.201583
0.219706
0.239870
0.225581
0.206975
0.192405
0.250875
0.177203
0.234540
0.274907
0.358072
0.322881
0.252837
0.273680
0.278290
0.246281
0.251484
0.296793
0.230066
0.332063
0.178414
0.140506
0.184342
0.187733
0.220016
0.194139
0.107275
0.221978
0.149992
0.261143
0.271025
0.306998
0.300772
0.310211
0.254382
0.220711
0.219491
0.199862
0.211318
0.125428
0.241493
0.230792
0.276780
0.196405
0.134799
0.162623
0.180825
0.206268
0.120916
0.108025
0.194247
0.194465
0.230610
0.151384
0.248319
0.177487
0.157192
0.094673
0.214683
0.163411
0.204143
0.135391
0.201143
0.198342
0.210971
0.157115
0.145771
0.175239
0.226480
0.248734
0.292115
0.252137
0.228936
0.238221
0.245081
0.236332
0.319431
0.200169
0.235693
0.197742
0.184559
0.181753
0.293038
0.144806
0.255188
0.199401
0.174356
0.183446
0.163174
0.180182
0.194139
0.151975
0.176344
0.172710
0.184133
0.185208
0.307532
0.248717
0.267890
0.265104
0.262866
0.205390
0.224315
0.248946
0.171278
0.273303
0.217710
0.174898
0.183117
0.202175
0.214807
0.271245
0.271129
0.182894
0.266765
0.234253
0.237520
0.243151
0.245671
0.243649
0.195256
0.262306
0.196712
0.228414
0.347291
0.258599
0.328704
0.221006
0.168117
0.308783
0.325897
0.285944
0.253701
0.298940
0.266349
0.302823
0.237856
0.240771
0.196151
0.191715
0.112433
0.306840
0.295621
0.184364
0.233543
0.426994
0.123763
0.285599
0.202653
0.258970
0.138470
0.135992
0.211173
0.216056
0.240312
0.286474
0.205967
0.248233
0.269261
0.267282
0.215823
0.310214
0.197610
0.282043
0.205370
0.298787
0.163395
0.425165
0.288167
0.263505
0.243431
0.250039
0.198497
0.160362
0.312556
0.323244
0.216325
0.224237
0.228446
0.244951
0.209621
0.201150
0.147220
0.252929
0.227408
0.180209
0.174079
0.265159
0.173021
0.236535
0.221903
0.255741
0.195602
0.292025
0.205095
0.199493
0.145221
0.174387
0.178231
0.185907
0.119745
0.208920
0.161384
0.193478
0.365123
0.300837
0.214483
0.186556
0.183590
0.140473
0.117085
0.198521
0.152397
0.156226
0.182067
0.199243
0.206324
0.116889
0.162146
0.200161
0.156299
0.179030
0.184175
0.188956
0.184799
0.146977
0.233544
0.228344
0.167536
0.171016
0.185525
0.201490
0.194503
0.181453
0.163332
0.183179
0.175769
0.153362
0.127467
0.137505
0.160722
0.168218
0.195765
0.199231
0.247396
0.191985
0.201761
0.280370
0.166157
0.211427
0.160782
0.212562
0.202312
0.239438
0.228627
0.189794
0.213658
0.250086
0.169088
0.196850
0.230349
0.304300
0.161391
0.180338
0.177388
0.305617
0.245946
0.254664
0.295359
0.255503
0.189178
0.166132
0.348754
0.154565
0.192887
0.263009
0.175209
0.125079
0.138112
0.133872
0.106187
0.194029
0.311896
0.209964
0.235623
0.272388
0.195868
0.228477
0.210282
0.242741
0.147746
0.196642
0.181954
0.246531
0.139770
0.178408
0.262092
0.147401
0.102557
0.109120
0.132736
0.234269
0.195225
0.156481
0.142920
0.194225
0.210718
0.189368
0.243515
0.118483
0.170927
0.189537
0.209372
0.243657
0.195922
0.277970
0.213615
0.195183
0.195535
0.216720
0.315993
0.272867
0.179091
0.222244
0.208479
0.180537
0.250567
0.211181
0.269215
0.255106
0.214186
0.196314
0.235423
0.210640
0.194234
0.113996
0.225236
0.211983
0.246038
0.243849
0.211762
0.282282
0.218172
0.224683
0.135242
0.142268
0.148541
0.090741
0.237568
0.211885
0.162082
