0.061882
0.297228
0.253375
0.290188
0.185716
0.205543
0.225772
0.243366
0.224893
0.215307
0.224464
0.217339
0.183987
0.152234
0.156226
0.212605
0.214255
0.173350
0.189782
0.201999
0.206295
0.205552
0.250876
0.262386
0.271645
0.336545
0.239333
0.214606
0.274155
0.233099
0.178411
0.163691
0.294886
0.275328
0.251876
0.285914
0.209611
0.185136
0.282168
0.178163
0.243941
0.241674
0.276713
0.261768
0.183799
0.233451
0.198260
0.252454
0.176314
0.256888
0.193130
0.203482
0.198697
0.199356
0.226943
0.177992
0.273894
0.213870
0.156232
0.088531
0.232175
0.232116
0.183284
0.245578
0.205482
0.225531
0.282228
0.227204
0.301632
0.321275
0.247304
0.293738
0.253250
0.229349
0.277189
0.246534
0.262602
0.259518
0.337068
0.289370
0.274005
0.258154
0.262052
0.285724
0.267681
0.243177
0.376108
0.322832
0.433537
0.354252
0.384005
0.340937
0.362028
0.202117
0.186949
0.211066
0.305427
0.414045
0.320270
0.238366
0.183005
0.256468
0.177839
0.142874
0.180371
0.183216
0.198539
0.215934
0.166631
0.150086
0.145842
0.164744
0.159540
0.140787
0.197682
0.113689
0.252149
0.205595
0.179778
0.180688
0.204168
0.215270
0.143141
0.162215
0.223389
0.186803
0.184732
0.178445
0.190218
0.262759
0.172632
0.158202
0.193573
0.152431
0.166816
0.151182
0.249017
0.212839
0.257083
0.208130
0.280461
0.244039
0.303747
0.166316
0.213895
0.197604
0.188541
0.174705
0.197583
0.203071
0.307673
0.201086
0.258926
0.150687
0.248319
0.193158
0.208011
0.270110
0.243324
0.170673
0.211142
0.213470
0.200397
0.184209
0.180999
0.237159
0.353109
0.176357
0.178649
0.228575
0.193618
0.173583
0.214179
0.172983
0.205746
0.194163
0.238343
0.241325
0.227917
0.246366
0.180325
0.201329
0.233797
0.165000
0.189674
0.210461
0.192843
0.205015
0.191885
0.154236
0.181685
0.239893
0.136453
0.204799
0.240442
0.201910
0.191362
0.254689
0.201744
0.283548
0.242269
0.235191
0.171387
0.216799
0.253718
0.289740
0.250562
0.234502
0.205995
0.203522
0.098318
0.291945
0.281217
0.158357
0.212299
0.210574
0.243225
0.308115
0.292501
0.256813
0.180732
0.141663
0.223276
0.215682
0.192120
0.241787
0.207218
0.249714
0.201742
0.258672
0.252063
0.327724
0.298262
0.264139
0.193659
0.160394
0.197888
0.208270
0.231462
0.194645
0.254808
0.154832
0.190515
0.221282
0.261537
0.221901
0.244469
0.321591
0.313863
0.381620
0.291313
0.229419
0.279513
0.297117
0.314785
0.346498
0.327116
0.309594
0.119053
0.137118
0.134671
0.185215
0.192767
0.178891
0.169975
0.213620
0.171557
0.235992
0.151444
0.226358
0.226817
0.247293
0.187113
0.190918
0.200715
0.230352
0.227881
0.239104
0.279984
0.323004
0.210002
0.251503
0.215282
0.227296
0.253292
0.239553
0.314896
0.274821
0.298192
0.332844
0.491915
0.345177
0.227652
0.196822
0.220274
0.287780
0.235265
0.221536
0.241486
0.239053
0.182532
0.250493
0.269518
0.266445
0.260548
0.174509
0.294729
0.312296
0.266251
0.271382
0.279817
0.267009
0.194333
0.182017
0.216279
0.287193
0.221526
0.292785
0.305637
0.297852
0.238627
0.198321
0.241066
0.174906
0.241123
0.231883
0.241039
0.141952
0.197788
0.168630
0.152682
0.163977
0.231695
0.207551
0.167604
0.203438
0.216785
0.174325
0.181596
0.219231
0.133022
0.154959
0.236616
0.245204
0.163903
0.147389
0.221879
0.246440
0.249722
0.267232
0.259327
0.247018
0.237345
0.309181
0.190102
0.297171
0.231101
0.238255
0.253759
0.235531
0.221814
0.242397
0.183699
0.178062
0.185021
0.159631
0.203823
0.191393
0.181247
0.157461
0.127573
0.173503
0.168981
0.128578
0.167228
0.181638
0.204867
0.171701
0.204009
0.136908
0.177976
0.171094
0.236884
0.206040
0.149811
0.236725
0.256848
0.203104
0.168725
0.201425
0.266004
0.235343
0.175500
0.177219
0.160490
0.224667
0.237543
0.244972
0.187483
0.192869
0.186481
0.244548
0.180436
0.191427
0.271572
0.210603
0.219586
0.205934
0.195518
0.282232
0.239719
0.222658
0.220592
0.254041
0.263101
0.213573
0.235286
0.270110
0.183462
0.236448
0.251431
0.262061
0.245891
0.215275
0.271168
0.285575
0.240198
0.223375
0.220072
0.270810
0.232249
0.254523
0.244034
0.186431
0.214645
0.177158
0.233355
0.391605
0.413434
0.281310
0.123021
0.172740
0.140308
0.279487
0.184637
0.288945
0.348629
0.184508
0.225738
0.233380
0.272539
0.238574
0.327243
0.252681
0.254726
0.170107
0.231993
0.249370
0.246690
0.294469
0.244722
0.193129
0.250993
0.267521
0.285030
0.258278
0.270896
0.225194
0.217868
0.243632
0.294092
0.199648
0.266356
0.160630
0.191698
0.238159
0.273432
0.253968
0.322174
0.355124
0.507443
0.253037
0.248389
0.206733
0.234097
0.227103
0.147571
0.179647
0.197962
0.198512
0.212685
0.135170
0.187973
0.244299
0.258994
0.305061
0.241475
0.188784
0.261387
0.271058
0.233761
0.141991
0.219593
0.215685
0.240585
0.196563
0.183515
0.259696
0.250428
0.214810
0.133037
0.220588
0.230505
0.292293
0.255671
0.079990
0.159767
0.174152
0.204549
0.240649
0.145259
0.189740
0.221693
0.175608
0.170319
0.176625
0.274836
0.298767
0.227040
0.232418
0.264270
0.240490
0.197075
0.231390
0.312562
0.297939
0.249080
0.349389
0.484989
0.233211
0.113159
0.183002
0.236621
0.199714
0.211843
0.178600
0.242316
0.216738
0.383973
0.256131
0.274458
0.239309
0.180397
0.181700
0.149757
0.192623
0.247428
0.159998
0.231864
0.239130
0.289914
0.209090
0.255277
0.197928
0.132173
0.164918
0.182068
0.185284
0.170373
0.194728
0.168677
0.233390
0.304102
0.217002
0.248612
0.243833
0.212114
0.181257
0.176757
0.194973
0.222744
0.240469
0.156491
0.235664
0.173220
0.210678
0.157710
0.212148
0.208627
0.213811
0.255848
0.181683
0.223637
0.259313
0.266569
0.197008
0.197745
0.316549
0.191876
0.107450
0.224717
0.157815
0.168447
0.270691
0.216930
0.209988
0.221421
0.181203
0.112587
0.266540
0.327594
0.249504
0.315182
0.317321
0.239997
0.258008
0.368954
0.192204
0.252097
0.229283
0.225623
0.114063
0.244878
0.199507
0.339038
0.059305
0.164890
0.259565
0.287226
0.195470
0.214661
0.223343
0.179551
0.193925
0.153293
0.184736
0.251787
0.248499
0.308209
0.203463
0.278762
0.234580
0.227790
0.366354
0.154341
0.198745
0.193770
0.292964
0.251764
0.134517
0.300403
0.313446
0.244152
0.305165
0.247856
0.303249
0.158554
0.137927
0.205537
0.242931
0.221525
0.222998
0.290464
0.205765
0.238488
0.213780
0.211023
0.221935
0.165465
0.138806
0.227585
0.197893
0.270064
0.199121
0.213963
0.198720
0.195752
0.159056
0.189241
0.306997
0.142544
0.205778
0.272261
0.260550
0.127819
0.215022
0.270868
0.278605
0.240968
0.239038
0.198161
0.186718
0.157208
0.232617
0.272311
0.242343
0.197737
0.180522
0.139184
0.153479
0.159860
0.144454
0.221185
0.164397
0.258795
0.175622
0.131478
0.225920
0.254292
0.323163
0.200006
0.215430
0.298836
0.238169
0.213483
0.242005
0.280038
0.327035
0.370490
0.387566
0.355589
0.367741
0.232568
0.193684
0.196765
0.186565
0.203931
0.228755
0.203427
0.331779
0.253575
0.229844
0.242837
0.310572
0.246040
0.219703
0.170682
0.190897
0.260542
0.136569
0.153251
0.251682
0.282584
0.195326
0.236784
0.232403
0.199566
0.173892
0.176475
0.159388
0.102721
0.144039
0.193948
0.250428
0.173334
0.229570
0.280293
0.220302
0.260603
0.205256
0.162641
0.242426
0.173484
0.248931
0.194982
0.167705
0.234793
0.196571
0.193328
0.265535
0.250353
0.413656
0.227428
0.214303
0.283911
0.304004
0.089975
0.173510
0.110098
0.253226
0.183608
0.287045
0.260641
0.253802
0.253566
0.309913
0.184107
0.202112
0.352002
0.307359
0.417746
0.195439
0.263420
0.366001
0.309613
0.252497
0.191216
0.282474
0.249858
0.157205
0.199772
0.175007
0.176074
0.160209
0.207396
0.180792
0.183135
0.183022
0.127777
0.221763
0.183122
0.246854
0.251129
0.283039
0.210256
0.205724
0.249526
0.277445
0.286307
0.247629
0.245200
0.200836
0.242922
0.250583
0.221205
0.196886
0.251962
0.285047
0.184256
0.177132
0.189912
0.207200
0.176533
0.267971
0.242005
0.190283
0.150033
0.142659
0.176516
0.171594
0.215439
0.198054
0.135798
0.099599
0.161592
0.241541
0.275776
0.196715
0.316902
0.245236
0.340632
0.374321
0.259652
0.255305
0.294755
0.249666
0.403984
0.284852
0.428625
0.407290
0.340971
0.492682
0.252137
0.340924
0.254435
0.324140
0.354810
0.365880
0.267788
0.412612
0.398898
0.398724
0.365608
0.354454
0.322061
0.397687
0.345397
0.352828
0.451266
0.292199
0.292178
0.206406
0.275641
0.230331
0.252259
0.263495
0.262363
0.248812
0.227716
0.280509
0.297217
0.271447
0.296939
0.318199
0.379064
0.437119
0.282973
0.311676
0.361076
0.277456
0.297248
0.304728
0.346832
0.304237
0.358571
0.312236
0.292556
0.341539
0.325171
0.365883
0.399975
0.306036
0.326303
0.287908
0.260189
0.251324
0.234407
0.186425
0.226801
0.374387
0.283721
0.251523
0.261300
0.196892
0.275729
0.227284
0.292230
0.247705
0.302614
0.244510
0.246388
0.313947
0.266847
0.291167
0.317284
0.234227
0.249277
0.222021
0.227615
0.255584
0.288775
0.221245
0.227645
0.290650
0.264102
0.222670
0.233227
0.270501
0.291975
0.234998
0.242714
0.228375
0.317307
0.459033
0.322963
0.448165
0.356747
0.435687
0.326992
0.320612
0.288141
0.227815
0.332476
0.246477
0.255584
0.189406
0.258168
0.207236
0.264142
0.223719
0.239624
0.257693
0.240976
0.281808
0.385908
0.332603
0.384878
0.246028
0.282128
0.348567
0.257970
0.259487
0.320873
0.240322
0.244237
0.337967
0.225230
0.255409
0.460116
0.298365
0.281456
0.280101
0.279361
0.236608
0.237156
0.199827
0.187221
0.245227
0.206703
0.219923
0.257339
0.204231
0.209477
0.233773
0.244810
0.247802
0.260398
0.281257
0.287041
0.217965
0.289520
0.223575
0.275470
0.215428
0.270877
0.216540
0.207535
0.248563
0.248851
0.202057
0.273186
0.240690
0.227336
0.232115
0.260603
0.248868
0.261488
0.243661
0.272987
0.242995
0.254636
0.263155
0.276417
0.276906
0.211871
0.253550
0.270355
0.303267
0.325159
0.278416
0.328606
0.369627
0.425834
0.304648
0.333430
0.257993
0.213211
0.261428
0.303526
0.240762
0.197214
0.270627
0.299327
0.228199
0.259229
0.291533
0.224629
0.251209
0.329208
0.231767
0.226671
0.217579
0.254618
0.231316
0.143754
0.132682
0.240725
0.123291
0.139739
0.209524
0.315765
0.267312
0.233396
0.291249
0.248498
0.299222
0.277514
0.212025
0.255148
0.300287
0.300095
0.275954
0.300708
0.215549
0.268753
0.186400
0.252886
0.241802
0.293680
0.281959
0.261556
0.284943
0.277108
0.271197
0.345549
0.325276
0.386569
0.278790
0.252798
0.288855
0.259317
0.255842
0.297116
0.267132
0.305018
0.340616
0.281403
0.392106
0.374612
0.380984
0.335262
0.375672
0.186995
0.259819
0.425317
0.275376
0.443771
0.364803
0.329954
0.292859
0.322528
0.283125
0.257581
0.325096
0.270209
0.318640
0.360702
0.231647
0.323763
0.331320
0.261650
0.293807
0.354948
0.253970
0.295251
0.309985
0.228112
0.282173
0.294348
0.227515
0.260889
0.204005
0.242198
0.339394
0.321519
0.306807
0.260818
0.251074
0.301181
0.213851
0.337414
0.312309
0.276064
0.209168
0.259043
0.233074
0.204634
0.255243
0.229696
0.252203
0.260146
0.280000
0.221550
0.287726
0.286175
0.223338
0.243044
0.241470
0.237678
0.292208
0.212732
0.280204
0.279025
0.250792
0.255125
0.317115
0.204000
0.211558
0.217829
0.259893
0.205463
0.251403
0.225206
0.246388
0.322565
0.273817
0.300089
0.235510
0.184055
0.197475
0.334419
0.311225
0.229870
0.245265
0.224368
0.221750
0.235064
0.218094
0.277658
0.232241
0.252433
0.317504
0.279127
0.322346
0.349899
0.270729
0.322196
0.257092
0.326647
0.313327
0.317385
0.291691
0.349168
0.429537
0.422325
0.460248
0.552630
0.490467
0.255152
0.404611
0.285553
0.262354
0.264861
0.236017
0.273017
0.286484
0.342729
0.306962
0.327284
0.250655
0.267549
0.226469
0.253871
0.266806
0.269354
0.241277
0.289692
0.254531
0.331577
0.264014
0.230338
0.299031
0.240045
0.315200
0.262304
0.243722
0.219127
0.287136
0.287956
0.228855
0.283104
0.274247
0.326840
0.345812
0.238377
0.299749
0.297461
0.319770
0.319641
0.400086
0.348318
0.410905
0.503803
0.451767
0.553454
0.289227
0.298296
0.336856
0.278895
0.294142
0.203346
0.282276
0.269617
0.256606
0.312006
0.309815
0.308300
0.234531
0.276934
0.239378
0.232358
0.294325
0.227622
0.340742
0.256341
0.271764
0.258689
0.283136
0.291142
0.341494
0.340171
0.337141
0.359653
0.338810
0.418721
0.370570
0.403449
0.293403
0.275176
0.258254
0.238753
0.308312
0.256556
0.245535
0.378530
0.277379
0.270428
0.358420
0.286204
0.282485
0.243709
0.248612
0.288829
0.320923
0.391023
0.482120
0.560625
0.503442
0.373312
0.274045
0.287671
0.271017
0.264229
0.335360
0.180621
0.211220
0.332877
0.254427
0.288438
0.275583
0.316056
0.216614
0.269807
0.261621
0.244506
0.260711
0.252751
0.291319
0.296979
0.300545
0.277526
0.270567
0.324276
0.289774
0.239743
0.299300
0.284590
0.184609
0.244735
0.308757
0.315720
0.281085
0.309146
0.223093
0.272074
0.213355
0.314842
0.234540
0.286975
0.226484
0.263446
0.241587
0.303560
0.371093
0.426620
0.268006
0.238500
0.291114
0.338975
0.305306
0.255760
0.224856
0.209613
0.280262
0.309463
0.385515
0.251156
0.408592
0.487944
0.369293
0.284470
0.466500
0.311057
0.251572
0.241538
0.308476
0.342417
0.322915
0.284448
0.278962
0.278412
0.387207
0.488026
0.445991
0.268297
0.254850
0.262546
0.337790
0.292304
0.282356
0.338745
0.356681
0.310262
0.276274
0.270103
0.267113
0.355650
0.330347
0.310950
0.376123
0.309377
0.262324
0.310785
0.337156
0.305466
0.205487
0.228486
0.232211
0.245187
0.326832
0.299842
0.312475
0.272382
0.245198
0.203084
0.251374
0.296957
0.165305
0.227316
0.199955
0.237772
0.289916
0.372169
0.346391
0.306921
0.325676
0.305220
0.262913
0.296319
0.267066
0.285560
0.233273
0.293422
0.234867
0.275416
0.255298
0.212151
0.273451
0.250458
0.237106
0.312274
0.275862
0.314582
0.249536
0.298526
0.299910
0.318339
0.293223
0.359836
0.421973
0.367513
0.364650
0.265831
0.223874
0.190116
0.250730
0.190619
0.260691
0.355467
0.271425
0.229294
0.296434
0.291962
0.304436
0.352944
0.218924
0.303962
0.307675
0.346631
0.292609
0.399779
0.331897
0.436759
0.425944
0.317708
0.327998
0.318124
0.397259
0.304848
0.358229
0.432090
0.390124
0.335690
0.291228
0.411072
0.422589
0.279892
0.354794
0.280706
0.283675
0.300338
0.294578
0.259329
0.288460
0.297825
0.299367
0.245261
0.321194
0.324819
0.252467
0.248727
0.276982
0.300659
0.234753
0.253683
0.278800
0.262134
0.296765
0.261276
0.292944
0.226686
0.404459
0.184252
0.291854
0.309484
0.302889
0.260435
0.263997
0.372071
0.219343
0.186467
0.208088
0.253715
0.221890
0.249328
0.196613
0.307234
0.271363
0.259404
0.239576
0.249223
0.256083
0.252930
0.311193
0.383168
0.372344
0.342609
0.329702
0.274323
0.237599
0.257749
0.259920
0.225770
0.386183
0.575583
0.389128
0.283942
0.314162
0.350804
0.313332
0.283323
0.376100
0.483081
0.410843
0.257556
0.273464
0.311420
0.213448
0.267107
0.337331
0.204383
0.225982
0.240344
0.236729
0.169428
0.217276
0.252292
0.173851
0.218911
0.243535
0.173872
0.215829
0.255023
0.264863
0.236169
0.282070
0.237986
0.192343
0.314693
0.243248
0.247167
0.209416
0.280251
0.250348
0.195951
0.235241
0.231602
0.183413
0.239675
0.236940
0.304677
0.227161
0.257441
0.271437
0.228827
0.234473
0.307298
0.305506
0.241564
0.294360
0.285303
0.390183
0.269776
0.382556
0.293479
0.253736
0.262460
0.381813
0.364769
0.387786
0.397366
0.463816
0.543483
0.420888
0.340003
0.259778
0.337459
0.283832
0.281037
0.239385
0.267339
0.330749
0.344411
0.299093
0.281487
0.321435
0.303963
0.253295
0.219506
0.325236
0.210894
0.307128
0.225136
0.320015
0.338542
0.381488
0.334756
0.432386
0.545741
0.419463
0.334840
0.370911
0.232088
0.276824
0.240050
0.269693
0.282864
0.269799
0.335271
0.345379
0.301545
0.330862
0.405532
0.236000
0.279244
0.356252
0.399587
0.418611
0.347862
0.322723
0.362594
0.250801
0.334617
0.229509
0.318276
0.327519
0.326632
0.391903
0.283801
0.296087
0.274897
0.235819
0.207881
0.285172
0.318368
0.238847
0.282131
0.189776
0.204715
0.315572
0.235223
0.268939
0.447208
0.467877
0.345578
0.454380
0.358308
0.379759
0.448308
0.473730
0.275162
0.327931
0.303824
0.320643
0.268569
0.343817
0.378869
0.341020
0.429826
0.543017
0.533826
0.269690
0.172084
0.161004
0.269596
0.195776
0.283250
0.310479
0.410757
0.350583
0.363247
0.458669
0.378249
0.389849
0.355576
0.388853
0.401086
0.413014
0.439927
0.398806
0.298980
0.350287
0.386679
0.415911
0.447558
0.381621
0.368072
0.300684
0.260771
0.284569
0.305821
0.245677
0.222418
0.288723
0.269679
0.263026
0.301334
0.319192
0.311257
0.337849
0.403132
0.338041
0.226446
0.320803
0.329962
0.287980
0.270392
0.251035
0.252609
0.323880
0.288455
0.192493
0.294094
0.263928
0.251891
0.287709
0.276301
0.257307
0.309312
0.276864
0.287747
0.364702
0.279317
0.267573
0.258049
0.288114
0.235686
0.247066
0.247856
0.294940
0.301022
0.281194
0.256782
0.267054
0.261775
0.233396
0.355388
0.249881
0.295255
0.300978
0.251144
0.217320
0.294760
0.260067
0.238099
0.266951
0.242620
0.257310
0.297740
0.272037
0.226554
0.225045
0.251762
0.243071
0.258000
0.274462
0.256815
0.230199
0.293772
0.219153
0.305292
0.328026
0.217299
0.288755
0.298622
0.307123
0.234306
0.159187
0.237819
0.316804
0.265293
0.367895
0.229387
0.320199
0.256690
0.261497
0.212278
0.208622
0.235214
0.308047
0.306063
0.281752
0.259158
0.240227
0.313445
0.265202
0.248741
0.221390
0.257056
0.310177
0.291888
0.293852
0.344867
0.384310
0.319596
0.330755
0.300817
0.269829
0.265961
0.360036
0.286465
0.227964
0.321277
0.274793
0.259133
0.279250
0.272638
0.245886
0.268164
0.388217
0.408024
0.285819
0.264198
0.230910
0.265702
0.318207
0.216211
0.241870
0.251588
0.200090
0.272470
0.239068
0.234290
0.257767
0.275933
0.295154
0.274240
0.307133
0.272053
0.303957
0.269739
0.228217
0.243010
0.258636
0.271724
0.242071
0.240956
0.234043
0.237548
0.303245
0.266943
0.258958
0.246999
0.278552
0.213476
0.200174
0.258338
0.231758
0.225026
0.234011
0.261167
0.226951
0.240308
0.204732
0.224277
0.279233
0.307805
0.242773
0.239929
0.266717
0.234057
0.300786
0.274847
0.212353
0.221169
0.310488
0.270717
0.329198
0.269699
0.263351
0.197428
0.154324
0.262295
0.336976
0.346061
0.325429
0.293519
0.284191
0.309614
0.375768
0.360735
0.362371
0.291073
0.311186
0.389325
0.376328
0.477872
0.520209
0.433630
0.355609
0.389849
0.309266
0.430263
0.286065
0.369648
0.525434
0.475457
0.348636
0.405394
0.390960
0.442316
0.580231
0.573891
0.457764
0.423925
0.475170
0.441301
0.531606
0.541165
