0.045506
0.256953
0.367424
0.385018
0.230502
0.141845
0.153460
0.299678
0.126079
0.093466
0.118975
0.186723
0.107498
0.073984
0.286304
0.135579
0.195478
0.149872
0.158559
0.145250
0.165952
0.137807
0.143513
0.152436
0.152548
0.142092
0.180721
0.132770
0.134570
0.169821
0.139822
0.163669
0.156957
0.192098
0.148912
0.179950
0.151645
0.169194
0.457122
0.421883
0.212136
0.262374
0.315364
0.191693
0.259773
0.174227
0.273707
0.362550
0.169332
0.302280
0.099588
0.197007
0.120169
0.111074
0.225899
0.138719
0.214130
0.230994
0.262167
0.273967
0.155020
0.177869
0.145569
0.163859
0.147158
0.124627
0.121668
0.106054
0.135763
0.278939
0.257871
0.256761
0.180965
0.309300
0.174865
0.247652
0.155471
0.174376
0.376537
0.205253
0.220679
0.299193
0.454417
0.243228
0.222382
0.232689
0.148980
0.282622
0.258386
0.213797
0.349441
0.244787
0.213842
0.216087
0.218282
0.183599
0.159349
0.222621
0.232744
0.187673
0.177903
0.190081
0.121188
0.243742
0.346688
0.481166
0.154357
0.289847
0.344720
0.142215
0.236770
0.186019
0.238692
0.162873
0.162668
0.238607
0.202620
0.230614
0.156292
0.368107
0.203119
0.101533
0.242765
0.150627
0.161408
0.147395
0.186597
0.183403
0.099525
0.168107
0.104793
0.305645
0.144978
0.098115
0.174733
0.176790
0.224759
0.242519
0.269552
0.257344
0.215198
0.316881
0.259884
0.075616
0.264367
0.166083
0.241872
0.207098
0.134612
0.183270
0.203209
0.220606
0.290604
0.239046
0.175678
0.257584
0.240792
0.347196
0.328576
0.257727
0.185980
0.293065
0.360090
0.262796
0.317086
0.386131
0.239766
0.196271
0.265428
0.216385
0.285101
0.255136
0.278578
0.326929
0.397247
0.297554
0.406883
0.305996
0.445904
0.351579
0.437682
0.349592
0.269211
0.322505
0.272121
0.261931
0.237548
0.254998
0.232363
0.193052
0.285486
0.377225
0.559849
0.364284
0.401814
0.303549
0.325157
0.322586
0.304788
0.320560
0.233641
0.309550
0.335024
0.298012
0.230056
0.149163
0.180592
0.160733
0.150362
0.171111
0.193477
0.231053
0.248354
0.152108
0.276891
0.244524
0.258062
0.237936
0.215213
0.208688
0.215199
0.334371
0.348196
0.372464
0.296380
0.302114
0.320648
0.378237
0.423219
0.445511
0.276602
0.366782
0.123809
0.290345
0.143268
0.295244
0.221634
0.202983
0.305393
0.204007
0.242445
0.271701
0.235315
0.237701
0.194852
0.291213
0.188033
0.298050
0.316946
0.354993
0.254211
0.212635
0.311875
0.197502
0.307105
0.181531
0.203753
0.175184
0.234619
0.178399
0.253546
0.293431
0.165823
0.159561
0.175735
0.151533
0.127112
0.254409
0.148189
0.103242
0.132279
0.253537
0.159290
0.136101
0.134732
0.100829
0.115887
0.174964
0.167583
0.116604
0.133747
0.163766
0.121459
0.118383
0.234093
0.273362
0.313500
0.195366
0.183371
0.191918
0.201207
0.160390
0.202695
0.180338
0.251018
0.581503
0.119548
0.284625
0.219519
0.325810
0.280127
0.300634
0.296296
0.243925
0.285945
0.365049
0.392374
0.352220
0.469967
0.443120
0.338407
0.377682
0.224546
0.379278
0.322491
0.391392
0.304180
0.246982
0.252142
0.223761
0.171791
0.283017
0.310439
0.311571
0.373235
0.382600
0.322710
0.321876
0.279005
0.197871
0.225887
0.415864
0.364513
0.326439
0.273495
0.314782
0.353034
0.368680
0.388204
0.415447
0.386254
0.319910
0.248661
0.285097
0.391766
0.321507
0.164009
0.275748
0.209002
0.193976
0.323289
0.198814
0.239146
0.160438
0.110545
0.145457
0.118156
0.106838
0.106181
0.243289
0.121673
0.185834
0.341626
0.278738
0.218822
0.238742
0.215140
0.317487
0.279119
0.196948
0.296923
0.252869
0.240523
0.312680
0.305150
0.238602
0.257275
0.418451
0.232789
0.340370
0.197905
0.214715
0.267857
0.349634
0.163626
0.225187
0.203808
0.216297
0.113165
0.394704
0.199134
0.285218
0.242104
0.332684
0.236978
0.202939
0.197161
0.437615
0.268831
0.326536
0.346947
0.383777
0.337981
0.289847
0.230231
0.204419
0.273274
0.262654
0.320328
0.220285
0.363696
0.153274
0.207089
0.136696
0.145738
0.150125
0.313832
0.179021
0.207624
0.130915
0.168183
0.133052
0.131891
0.156412
0.245630
0.343200
0.295351
0.343147
0.303257
0.302030
0.193138
0.335232
0.345744
0.338115
0.290465
0.423108
0.328238
0.151646
0.233321
0.148703
0.253615
0.187801
0.281254
0.284465
0.318282
0.282082
0.309099
0.203324
0.193110
0.262063
0.398472
0.440845
0.384367
0.433081
0.361450
0.315159
0.260688
0.216657
0.128449
0.108645
0.210473
0.164824
0.142029
0.132203
0.173832
0.136393
0.166209
0.143654
0.172425
0.142088
0.148899
0.199901
0.127417
0.115308
0.162987
0.122613
0.222387
0.168818
0.108982
0.190221
0.135118
0.094378
0.115168
0.126945
0.149312
0.097462
0.157471
0.100224
0.112031
0.114399
0.134763
0.137534
0.190972
0.154039
0.152188
0.131863
0.223170
0.272778
0.228847
0.214770
0.267778
0.207382
0.176696
0.220137
0.111952
0.170671
0.263469
0.290161
0.300899
0.309363
0.202736
0.181880
0.140317
0.336851
0.060632
0.302114
0.169152
0.129231
0.113149
0.272487
0.222664
0.283585
0.241808
0.158827
0.104854
0.218079
0.160928
0.117896
0.102453
0.214195
0.157290
0.105664
0.131517
0.114741
0.121542
0.094219
0.096238
0.137382
0.105470
0.130877
0.138752
0.214669
0.234874
0.174822
0.302561
0.157967
0.194669
0.144043
0.194500
0.166094
0.161138
0.274245
0.240082
0.233221
0.175868
0.300289
0.208117
0.225149
0.395921
0.427242
0.245581
0.515726
0.291398
0.278349
0.221267
0.316219
0.253052
0.306519
0.282222
0.309169
0.210175
0.191471
0.259209
0.225667
0.219541
0.226104
0.147001
0.159986
0.141512
0.155336
0.195725
0.182236
0.147465
0.212529
0.118511
0.122042
0.242112
0.192279
0.328788
0.400781
0.338243
0.105429
0.178662
0.167712
0.165677
0.191960
0.179554
0.248151
0.140411
0.363315
0.325336
0.337360
0.162677
0.320348
0.095902
0.319922
0.225443
0.210202
0.250098
0.177726
0.116421
0.178022
0.159106
0.072013
0.098779
0.095001
0.107875
0.072122
0.074957
0.179083
0.204375
0.241261
0.120839
0.162538
0.138374
0.088949
0.160566
0.191363
0.138475
0.132956
0.122234
0.173192
0.130420
0.128308
0.141050
0.242948
0.185399
0.161509
0.152128
0.144928
0.106767
0.142850
0.139951
0.115572
0.155407
0.146610
0.200713
0.158395
0.140093
0.187083
0.172591
0.189008
0.172709
0.147919
0.146869
0.172673
0.267778
0.465312
0.291980
0.181164
0.186045
0.194591
0.138834
0.192480
0.155225
0.122312
0.136421
0.135917
0.129159
0.132957
0.124081
0.112221
0.267697
0.176229
0.120688
0.194958
0.159524
0.316159
0.276308
0.404568
0.320073
0.212358
0.265780
0.130307
0.248531
0.154946
0.108939
0.237819
0.188426
0.136315
0.134823
0.200705
0.096506
0.121656
0.113633
0.141871
0.219228
0.277817
0.159208
0.188524
0.168832
0.208811
0.235741
0.276680
0.120389
0.178182
0.127212
0.119347
0.126171
0.132800
0.245739
0.115032
0.327069
0.212466
0.181172
0.256982
0.113967
0.282107
0.232945
0.223442
0.269922
0.153194
0.180532
0.156897
0.333420
0.188626
0.319745
0.096281
0.215120
0.246430
0.255663
0.137571
0.207742
0.202077
0.224360
0.225615
0.177239
0.198003
0.162842
0.230630
0.186673
0.183013
0.327789
0.097191
0.204667
0.242331
0.196343
0.219241
0.207332
0.169821
0.187827
0.168407
0.232925
0.146873
0.226937
0.134147
0.179589
0.113903
0.214791
0.313333
0.173615
0.218121
0.364303
0.343563
0.398612
0.295806
0.386820
0.308772
0.179953
0.316159
0.215970
0.251261
0.289713
0.258930
0.188712
0.195295
0.183991
0.164679
0.130593
0.122134
0.133674
0.167037
0.118979
0.165055
0.087954
0.134163
0.234336
0.264755
0.207894
0.274063
0.197298
0.249756
0.192004
0.139003
0.165484
0.164688
0.171457
0.161201
0.167879
0.204039
0.171970
0.096102
0.146122
0.127189
0.201380
0.139382
0.257370
0.216251
0.191829
0.191361
0.219869
0.224391
0.179474
0.266839
0.087274
0.293682
0.252290
0.401009
0.149046
0.414768
0.167073
0.220364
0.195091
0.269086
0.303669
0.346244
0.294398
0.344678
0.225522
0.224732
0.313464
0.241393
0.334024
0.301195
0.228929
0.226269
0.270007
0.193520
0.357424
0.208709
0.237253
0.201670
0.213525
0.211092
0.162863
0.177128
0.308151
0.213589
0.368423
0.169874
0.282016
0.258787
0.262157
0.228323
0.182022
0.291703
0.199580
0.257861
0.229448
0.212150
0.258355
0.277926
0.186300
0.258834
0.252618
0.157452
0.255709
0.505783
0.199133
0.246643
0.315235
0.327500
0.357079
0.500547
0.501249
0.392581
0.449599
0.465519
0.440585
0.360290
0.250683
0.443555
0.319052
0.341856
0.462468
0.284898
0.431457
0.428372
0.361809
0.337354
0.341609
0.507401
0.270210
0.345723
0.246101
0.274926
0.375561
0.305666
0.239962
0.322059
0.320156
0.280829
0.272089
0.276282
0.235826
0.245142
0.298591
0.242823
0.080562
0.169860
0.172176
0.155859
0.238678
0.146644
0.270993
0.210814
0.250196
0.176215
0.173066
0.128896
0.171185
0.160841
0.162421
0.147364
0.163689
0.120578
0.171493
0.163741
0.187335
0.247015
0.177886
0.149871
0.138394
0.181195
0.243904
0.169645
0.147028
0.155875
0.154471
0.152932
0.156003
0.149123
0.130919
0.182674
0.248139
0.214200
0.216608
0.225402
0.143475
0.169860
0.156157
0.167607
0.164149
0.150593
0.189403
0.239147
0.132960
0.164569
0.145942
0.121032
0.095497
0.256199
0.225262
0.098457
0.143463
0.237304
0.158597
0.204006
0.287952
0.260458
0.210713
0.215618
0.187949
0.227564
0.255090
0.120987
0.098350
0.559151
0.345549
0.403629
0.473756
0.342334
0.148860
0.260088
0.226520
0.196594
0.165520
0.249374
0.092111
0.253160
0.255152
0.308651
0.171026
0.371345
0.340853
0.349428
0.233369
0.106803
0.196508
0.142703
0.156379
0.160670
0.158244
0.175348
0.156288
0.241495
0.133302
0.244241
0.136445
0.260576
0.274743
0.074178
0.124503
0.147599
0.155365
0.144818
0.144353
0.146695
0.154070
0.117236
0.168193
0.146028
0.343512
0.104529
0.104423
0.085248
0.177487
0.107988
0.124352
0.222333
0.136036
0.290971
0.230033
0.183442
0.187257
0.302382
0.240196
0.298578
0.211030
0.188054
0.182302
0.226242
0.312786
0.231690
0.220549
0.177620
0.177806
0.175267
0.172356
0.228999
0.255178
0.372481
0.361151
0.314689
0.449528
0.297246
0.293356
0.478418
0.368675
0.382250
0.240860
0.353180
0.186814
0.176444
0.355283
0.236951
0.196008
0.223472
0.318504
0.311238
0.325586
0.491714
0.148585
0.212231
0.390664
0.236289
0.251146
0.273236
0.300790
0.241545
0.332656
0.297067
0.430753
0.388365
0.288657
0.156866
0.268141
0.317382
0.198812
0.186048
0.219848
0.242814
0.230016
0.233010
0.176529
0.231282
0.198277
0.272789
0.136598
0.169019
0.110063
0.370924
0.384711
0.206810
0.248883
0.165420
0.144262
0.272600
0.110738
0.229068
0.276142
0.211492
0.194230
0.179961
0.254996
0.292487
0.165824
0.183029
0.145611
0.171287
0.223243
0.600595
0.198014
0.141830
0.272494
0.285603
0.221493
0.180886
0.261436
0.224125
0.159177
0.174299
0.182114
0.199122
0.217462
0.175826
0.189085
0.207957
0.166152
0.172543
0.068096
0.151968
0.210291
0.193010
0.139910
0.201758
0.239036
0.179754
0.180507
0.164570
0.191502
0.196310
0.198942
0.162684
0.131917
0.195257
0.169258
0.152586
0.200410
0.208956
0.181332
0.235224
0.147084
0.159240
0.160823
0.138294
0.136878
0.162005
0.170572
0.146756
0.243812
0.227972
0.136313
0.196599
0.197669
0.130821
0.132795
0.223320
0.207930
0.186645
0.122541
0.104663
0.148354
0.129131
0.159942
0.151631
0.170163
0.146694
0.150897
0.154281
0.150573
0.146651
0.151501
0.171414
0.212694
0.150522
0.223781
0.301445
0.142574
0.304061
0.231653
0.253850
0.198300
0.154068
0.203487
0.226519
0.083496
0.208223
0.128867
0.343154
0.328399
0.279714
0.235560
0.280829
0.241313
0.270678
0.185250
0.395032
0.271006
0.142392
0.225953
0.164129
0.118336
0.128843
0.102618
0.105568
0.196901
0.186373
0.191214
0.200691
0.220854
0.210317
0.153545
0.162409
0.127136
0.177187
0.260213
0.334282
0.170527
0.130332
0.201406
0.198798
0.116971
0.142013
0.128189
0.114673
0.111662
0.096727
0.141416
0.135883
0.133680
0.164562
0.252944
0.230273
0.275032
0.242035
0.135406
0.152887
0.144425
0.112426
0.157937
0.179272
0.132311
0.168784
0.227408
0.268180
0.138139
0.195906
0.155313
0.167894
0.210666
0.217079
0.320596
0.425373
0.421485
0.276512
0.425223
0.256306
0.139460
0.313279
0.208963
0.176547
0.218584
0.231392
0.174832
0.152812
0.172669
0.132045
0.123199
0.108453
0.169825
0.240712
0.136011
0.176739
0.113404
0.122027
0.166051
0.113617
0.094793
0.166992
0.094731
0.149310
0.175870
0.120986
0.171952
0.132407
0.212552
0.238654
0.210586
0.309801
0.303981
0.162282
0.289148
0.234065
0.345705
0.329051
0.313567
0.298471
0.294528
0.344450
0.141587
0.151780
0.170114
0.300329
0.267484
0.281314
0.162021
0.242076
0.219786
0.218750
0.257429
0.399160
0.391761
0.384296
0.515490
0.495726
0.402229
0.592145
0.416651
0.167818
0.264697
0.217952
0.462434
0.358199
0.266812
0.268661
0.175754
0.369758
0.210977
0.317531
0.242177
0.278413
0.314205
0.432076
0.435201
0.212416
0.150358
0.167659
0.220609
0.147783
0.293894
0.225688
0.158903
0.344001
0.405202
0.381089
0.292798
0.362333
0.219114
0.223283
0.269837
0.160470
0.206779
0.184803
0.346910
0.332832
0.366112
0.111639
0.100646
0.482239
0.402047
0.290276
0.398952
0.187145
0.332807
0.241083
0.186055
0.169354
0.226279
0.164960
0.184843
0.188355
0.217304
0.273095
0.215373
0.351865
0.341449
0.354735
0.334339
0.300724
0.193323
0.234126
0.295307
0.202267
0.164615
0.136055
0.180351
0.204080
0.217891
0.217840
0.278451
0.222862
0.357848
0.297115
0.278863
0.270568
0.367942
0.330716
0.270442
0.276325
0.162600
0.193915
0.207700
0.220371
0.234143
0.281280
0.247397
0.191570
0.259163
0.171723
0.270711
0.293769
0.296721
0.210717
0.222487
0.159672
0.200398
0.185669
0.128854
0.263614
0.269739
0.246726
0.193049
0.229228
0.196277
0.290095
0.262369
0.266681
0.221258
0.223240
0.158553
0.178538
0.190237
0.179321
0.165138
0.237093
0.267516
0.332245
0.209673
0.349251
0.296955
0.179458
0.225392
0.177699
0.166019
0.222937
0.220522
0.207922
0.184202
0.226741
0.228493
0.321692
0.328049
0.234324
0.201046
0.208693
0.276777
0.217616
0.293516
0.301718
0.356144
0.351490
0.310196
0.211382
0.275411
0.212474
0.265500
0.316358
0.278632
0.294483
0.318046
0.309024
0.307175
0.141975
0.117772
0.265420
0.160091
0.071087
0.295027
0.288846
0.326886
0.168964
0.351211
0.175304
0.158892
0.216579
0.100988
0.220267
0.223778
0.250057
0.138575
0.114954
0.171310
0.122711
0.143438
0.145122
0.284013
0.163446
0.163676
0.210338
0.127459
0.165695
0.241827
0.195867
0.270489
0.217571
0.226405
0.270537
0.350743
0.218802
0.268894
0.189970
0.301184
0.206478
0.206940
0.276892
0.201056
0.254022
0.240361
0.202943
0.231534
0.237170
0.217260
0.262761
0.196414
0.279907
0.239768
0.191653
0.229427
0.253195
0.249701
0.188890
0.199894
0.297772
0.358779
0.138015
0.243773
0.275817
0.376306
0.299418
0.418211
0.282681
0.454421
0.268728
0.388799
0.325144
0.268845
0.238398
0.281596
0.216926
0.144703
0.222435
0.298106
0.257293
0.303071
0.179628
0.221204
0.261356
0.341754
0.291425
0.260976
0.278133
0.203698
0.255260
0.301958
0.276020
0.281363
0.257670
0.162210
0.173954
0.344887
0.376667
0.225243
0.171224
0.341454
0.185015
0.310452
0.165524
0.160312
0.229577
0.214036
0.186914
0.277388
0.263842
0.138953
0.146075
0.338490
0.224743
0.264566
0.254350
0.360026
0.211643
0.204390
0.137227
0.268702
0.206603
