0.090293
0.390687
0.378774
0.552789
0.439322
0.472115
0.679088
0.534272
0.617316
0.512402
0.632184
0.514708
0.584102
0.479516
0.436631
0.487134
0.475275
0.545562
0.491521
0.682059
0.237404
0.397480
0.375856
0.487121
0.544625
0.326267
0.347309
0.325550
0.426281
0.714701
0.414294
0.461277
0.529326
0.363253
0.282057
0.357965
0.313834
0.296731
0.527775
0.439866
0.429383
0.524230
0.522312
0.414675
0.360838
0.487342
0.544309
0.517974
0.432098
0.603872
0.422279
0.469123
0.332629
0.318140
0.273527
0.406866
0.499906
0.399260
0.415871
0.398617
0.495561
0.521672
0.608225
0.518304
0.474292
0.389608
0.310268
0.405243
0.312123
0.335378
0.263512
0.299515
0.397271
0.585091
0.541563
0.494389
0.414270
0.508550
0.651779
0.400368
0.280406
0.210255
0.226295
0.217179
0.295510
0.361733
0.501208
0.529971
0.432495
0.568052
0.585298
0.760331
0.645462
0.267262
0.454252
0.282548
0.449560
0.395067
0.254172
0.310845
0.431078
0.353082
0.326255
0.394481
0.306931
0.347951
0.432858
0.436016
0.313098
0.352709
0.344256
0.445359
0.528606
0.518425
0.376317
0.314496
0.324012
0.526418
0.556413
0.428412
0.409915
0.548658
0.469238
0.414402
0.534657
0.388801
0.378715
0.364065
0.554052
0.444020
0.331028
0.436416
0.378684
0.447452
0.462710
0.449615
0.439565
0.329596
0.429764
0.309783
0.505608
0.520310
0.486614
0.341076
0.510320
0.521523
0.549363
0.388753
0.478730
0.457390
0.595472
0.511035
0.656900
0.407673
0.529606
0.460185
0.489465
0.553581
0.405635
0.336169
0.606914
0.520166
0.500102
0.563248
0.541504
0.520710
0.447470
0.537802
0.469912
0.535288
0.597608
0.632471
0.535493
0.492422
0.525879
0.341841
0.324263
0.256597
0.273526
0.469367
0.362425
0.535930
0.601167
0.501086
0.476161
0.354415
0.510496
0.443451
0.413387
0.374241
0.282536
0.255693
0.226180
0.295494
0.424908
0.437591
0.592028
0.571959
0.348023
0.242795
0.245927
0.245248
0.217910
0.194502
0.252760
0.248570
0.272425
0.274999
0.294875
0.215929
0.237529
0.255788
0.304780
0.276912
0.317824
0.463949
0.417279
0.416919
0.490170
0.344944
0.331131
0.442073
0.408320
0.596589
0.520890
0.388846
0.276720
0.430546
0.325666
0.368546
0.409454
0.422988
0.357788
0.332647
0.267102
0.299053
0.239451
0.253476
0.310000
0.319162
0.364739
0.291871
0.242095
0.294767
0.289429
0.472958
0.348516
0.302325
0.364322
0.320088
0.307688
0.314040
0.268118
0.418565
0.360392
0.326232
0.241880
0.289958
0.318241
0.453953
0.501003
0.397466
0.462368
0.621408
0.463361
0.204198
0.272318
0.385643
0.285757
0.272743
0.527070
0.323836
0.469835
0.557211
0.360016
0.284930
0.375121
0.415888
0.251706
0.292140
0.334937
0.497053
0.502901
0.619898
0.492311
0.311759
0.285833
0.425978
0.355748
0.571641
0.552727
0.449428
0.348809
0.565612
0.505870
0.275905
0.433823
0.529059
0.390885
0.470815
0.531088
0.471258
0.458465
0.425003
0.410786
0.396271
0.430288
0.430341
0.388650
0.244701
0.268438
0.330107
0.305278
0.302977
0.272933
0.302175
0.373363
0.516458
0.566344
0.444414
0.393681
0.567147
0.402281
0.443438
0.432275
0.522532
0.489089
0.714650
0.435816
0.456183
0.428295
0.358143
0.401634
0.439255
0.453157
0.467440
0.577179
0.417010
0.268192
0.382726
0.413552
0.561178
0.431763
0.347840
0.583040
0.443197
0.444546
0.319848
0.254730
0.428092
0.406843
0.339349
0.453483
0.396649
0.449855
0.622702
0.401432
0.279374
0.425373
0.404994
0.392123
0.342859
0.212752
0.267733
0.326596
0.372967
0.306285
0.344354
0.322409
0.283305
0.293508
0.412465
0.444495
0.449935
0.400892
0.442506
0.380970
0.322128
0.342773
0.370881
0.412660
0.430828
0.351556
0.573196
0.434041
0.507086
0.489464
0.493970
0.512364
0.588798
0.533264
0.724939
0.609947
0.939846
0.840224
0.880070
0.879345
0.975114
0.452144
0.313894
0.288826
0.283937
0.195820
0.198501
0.174667
0.325224
0.371630
0.364712
0.381766
0.292879
0.397980
0.547101
0.407406
0.361380
0.267386
0.337733
0.329004
0.448729
0.321590
0.342559
0.459997
0.418058
0.296130
0.542609
0.498087
0.466205
0.411468
0.497761
0.516400
0.426763
0.347608
0.297071
0.412598
0.396084
0.257253
0.341764
0.241534
0.543404
0.525583
0.320887
0.339275
0.401853
0.620016
0.540735
0.387433
0.299266
0.323804
0.236608
0.323598
0.331628
0.350374
0.487614
0.567729
0.415897
0.532416
0.294089
0.453743
0.502594
0.400899
0.294662
0.245838
0.343496
0.373833
0.474307
0.327001
0.319338
0.371599
0.467077
0.373641
0.318984
0.419078
0.448709
0.277375
0.397553
0.386591
0.449713
0.425274
0.422010
0.367763
0.416902
0.365367
0.300872
0.335338
0.191572
0.364545
0.375152
0.330556
0.439992
0.303742
0.408387
0.386665
0.293960
0.477392
0.252290
0.375018
0.404420
0.396598
0.303453
0.321486
0.374002
0.423290
0.399045
0.351219
0.334727
0.415000
0.479157
0.358773
0.412425
0.393258
0.460423
0.439636
0.304075
0.490681
0.499931
0.372761
0.328398
0.416510
0.469532
0.308150
0.479944
0.259896
0.372118
0.473159
0.547219
0.526869
0.456196
0.416767
0.348899
0.374034
0.401738
0.396170
0.332917
0.377909
0.288942
0.263592
0.276683
0.331713
0.443379
0.421259
0.520300
0.274048
0.462371
0.309729
0.385861
0.391717
0.311613
0.303161
0.328830
0.397604
0.251854
0.381762
0.352133
0.477897
0.317921
0.248423
0.540910
0.342514
0.321767
0.246923
0.352797
0.413227
0.309496
0.449907
0.472030
0.422357
0.444278
0.284008
0.262108
0.285626
0.280610
0.476252
0.507388
0.484090
0.542835
0.408458
0.336600
0.421955
0.304132
0.245910
0.286032
0.365725
0.240963
0.271982
0.384147
0.409980
0.382120
0.328534
0.306646
0.325649
0.257882
0.255449
0.384775
0.499886
0.439979
0.379990
0.443358
0.433759
0.418773
0.463936
0.533062
0.474519
0.398368
0.307317
0.487949
0.538051
0.408133
0.426481
0.347986
0.352343
0.425219
0.425277
0.420732
0.587155
0.586691
0.298947
0.461743
0.462679
0.377501
0.372321
0.371510
0.387133
0.520962
0.245681
0.274634
0.422506
0.429068
0.498675
0.454855
0.532601
0.539051
0.553068
0.491537
0.305109
0.451313
0.417961
0.384036
0.317823
0.256346
0.227623
0.349603
0.392424
0.227545
0.259560
0.352597
0.190658
0.228079
0.367073
0.421325
0.304183
0.426358
0.433901
0.381904
0.417077
0.448132
0.509490
0.433952
0.242141
0.493589
0.380169
0.327423
0.403094
0.287760
0.663513
0.481849
0.427333
0.291737
0.478658
0.451129
0.254888
0.405233
0.465614
0.361282
0.298434
0.276404
0.440114
0.420383
0.301685
0.260266
0.279305
0.264570
0.313725
0.339290
0.300348
0.287667
0.381518
0.404958
0.338628
0.339006
0.330121
0.243105
0.287488
0.251792
0.219529
0.353678
0.350661
0.467056
0.402694
0.333911
0.399086
0.489034
0.493047
0.445858
0.433855
0.416575
0.347048
0.376853
0.327503
0.264610
0.409972
0.431763
0.395944
0.359670
0.314239
0.255610
0.240819
0.315341
0.215847
0.301260
0.364946
0.327035
0.444523
0.390711
0.301136
0.334734
0.324601
0.298468
0.372602
0.358240
0.251234
0.306224
0.421758
0.389156
0.411488
0.564101
0.417254
0.558520
0.563808
0.322417
0.292885
0.455094
0.527346
0.601320
0.360499
0.346094
0.538962
0.424054
0.428579
0.365910
0.489894
0.436440
0.411312
0.413676
0.406373
0.496454
0.418057
0.497552
0.301138
0.213688
0.342176
0.359712
0.405187
0.328907
0.440018
0.333857
0.459025
0.569983
0.406242
0.361270
0.420831
0.547477
0.422081
0.493401
0.513094
0.484844
0.350085
0.472455
0.442633
0.443199
0.298609
0.209561
0.407366
0.479311
0.533089
0.627567
0.376382
0.487857
0.456194
0.368103
0.308304
0.500321
0.268059
0.288587
0.378935
0.465569
0.409748
0.408831
0.486495
0.463033
0.374645
0.455071
0.375087
0.393297
0.474753
0.383806
0.426347
0.388295
0.502635
0.347334
0.482086
0.266094
0.282615
0.293809
0.289050
0.321698
0.523583
0.496834
0.266192
0.251189
0.372303
0.291482
0.278278
0.348942
0.548086
0.493613
0.390882
0.588368
0.474767
0.516862
0.497190
0.399325
0.443754
0.457266
0.479363
0.378717
0.397643
0.547951
0.547432
0.459024
0.451763
0.375334
0.524678
0.264188
0.367380
0.374041
0.654454
0.458218
0.553164
0.589699
0.767253
0.648375
0.530124
0.533957
0.678476
0.640788
0.519287
0.499786
0.498831
0.506812
0.447652
0.447424
0.430581
0.539866
0.433499
0.356514
0.408947
0.546189
0.479456
0.608913
0.504392
0.502656
0.489833
0.347557
0.249942
0.291142
0.789916
0.498551
0.262300
0.269963
0.219461
0.270072
0.320345
0.276189
0.446147
0.322676
0.302298
0.231403
0.168477
0.282346
0.263582
0.269188
0.310252
0.333543
0.232862
0.307665
0.361826
0.348868
0.467136
0.342282
0.244710
0.145327
0.286144
0.233204
0.250929
0.280585
0.290946
0.098900
0.283996
0.216497
0.172476
0.355207
0.298485
0.433046
0.330748
0.297556
0.248762
0.288232
0.320023
0.488885
0.431182
0.291123
0.390761
0.267927
0.310268
0.334627
0.343183
0.352231
0.337842
0.245910
0.217825
0.149914
0.245319
0.207928
0.314712
0.245111
0.132263
0.199735
0.307718
0.221187
0.193187
0.241235
0.209702
0.264100
0.353504
0.249517
0.441529
0.297727
0.288077
0.255330
0.277798
0.262229
0.367821
0.284262
0.452868
0.283535
0.273488
0.378558
0.248343
0.288054
0.377823
0.245982
0.233817
0.471630
0.186335
0.191249
0.285380
0.308110
0.180308
0.312429
0.357583
0.334554
0.253409
0.380455
0.303972
0.329012
0.284200
0.294200
0.279206
0.373717
0.288321
0.255641
0.371967
0.386865
0.205026
0.216186
0.285496
0.242472
0.236643
0.407033
0.238231
0.240898
0.229455
0.275218
0.278080
0.333949
0.307525
0.290727
0.304608
0.251638
0.393261
0.366384
0.342396
0.450849
0.362377
0.363416
0.321825
0.337096
0.313607
0.258667
0.344758
0.391929
0.291457
0.249879
0.374303
0.296192
0.556938
0.420665
0.383241
0.305785
0.275097
0.233706
0.260647
0.316191
0.264012
0.249860
0.250444
0.205841
0.272448
0.341947
0.168573
0.184155
0.201210
0.277410
0.201989
0.238494
0.282821
0.269747
0.201438
0.191994
0.437910
0.308801
0.306345
0.363866
0.339958
0.249685
0.203388
0.301199
0.262175
0.337040
0.320972
0.247651
0.240542
0.279594
0.220843
0.238537
0.215142
0.243372
0.260442
0.280936
0.204447
0.279762
0.202240
0.217997
0.254502
0.165408
0.208023
0.308669
0.236504
0.248029
0.254189
0.358841
0.274924
0.159050
0.225509
0.202637
0.203184
0.265480
0.268473
0.201083
0.106756
0.227762
0.387069
0.241725
0.287092
0.125606
0.157794
0.200171
0.227382
0.206003
0.247706
0.389205
0.369998
0.337150
0.251093
0.287523
0.198581
0.253873
0.242614
0.253632
0.211285
0.181507
0.192653
0.242177
0.177804
0.152991
0.110515
0.257329
0.198365
0.254306
0.228768
0.195740
0.206935
0.169398
0.156336
0.111957
0.159883
0.157843
0.180306
0.141489
0.194615
0.247403
0.234009
0.152278
0.159226
0.191048
0.204064
0.177970
0.297594
0.311097
0.259218
0.270231
0.266017
0.241080
0.174332
0.172303
0.210275
0.222611
0.177357
0.225965
0.191592
0.165647
0.218259
0.160751
0.264667
0.182143
0.178880
0.156918
0.162321
0.145662
0.167619
0.184763
0.152105
0.176820
0.132301
0.133152
0.137629
0.133569
0.172883
0.179434
0.141012
0.166201
0.238561
0.244619
0.227494
0.176487
0.212981
0.193336
0.235555
0.160546
0.242940
0.191834
0.182722
0.224218
0.277386
0.176658
0.222944
0.224524
0.162753
0.233020
0.237376
0.271424
0.211533
0.177754
0.116492
0.254748
0.262149
0.245824
0.202881
0.211301
0.210348
0.182190
0.182673
0.249340
0.199398
0.157861
0.170527
0.223586
0.147550
0.255847
0.208076
0.337889
0.188818
0.148508
0.156514
0.201346
0.162363
0.245366
0.226881
0.187394
0.231907
0.207930
0.143316
0.229349
0.211565
0.166099
0.060338
0.159502
0.494119
0.234813
0.219759
0.280064
0.216478
0.210682
0.209356
0.172512
0.140043
0.243000
0.295522
0.157410
0.206421
0.188289
0.153597
0.147931
0.196216
0.220306
0.242725
0.272932
0.204452
0.284591
0.293194
0.250526
0.213224
0.356534
0.263935
0.383530
0.240672
0.286232
0.322786
0.278996
0.179330
0.193025
0.240023
0.315494
0.177512
0.308406
0.191511
0.220116
0.337067
0.401037
0.430073
0.313564
0.240375
0.214645
0.180453
0.180522
0.215249
0.224499
0.279753
0.310641
0.279623
0.270606
0.246829
0.277256
0.285815
0.263694
0.248004
0.255200
0.298333
0.304066
0.252886
0.357097
0.410296
0.390100
0.314474
0.279814
0.307483
0.293554
0.503293
0.470794
0.379087
0.423522
0.256690
0.303617
0.438520
0.380005
0.355961
0.360689
0.311764
0.423824
0.466146
0.353363
0.423788
0.307117
0.277526
0.317167
0.259064
0.381189
0.354090
0.385829
0.285084
0.315278
0.356125
0.296912
0.312604
0.551458
0.487449
0.527945
0.397865
0.307416
0.306950
0.283332
0.267200
0.258072
0.196122
0.284453
0.267090
0.309662
0.380356
0.299065
0.305371
0.282447
0.309011
0.349095
0.266261
0.270845
0.289640
0.317547
0.309492
0.226184
0.343636
0.359360
0.264866
0.273428
0.260660
0.283830
0.306986
0.258562
0.237423
0.164992
0.298161
0.250135
0.199765
0.244754
0.320280
0.346373
0.195941
0.280531
0.224926
0.232142
0.276561
0.227538
0.143406
0.240141
0.221013
0.325856
0.233486
0.238375
0.373495
0.286209
0.299486
0.221445
0.225414
0.197173
0.242560
0.302119
0.262157
0.179737
0.294623
0.231013
0.277276
0.302281
0.192063
0.280224
0.324340
0.432970
0.335618
0.264940
0.262894
0.279911
0.253205
0.270359
0.310185
0.278128
0.273354
0.251790
0.305056
0.186912
0.299463
0.189177
0.225603
0.234380
0.254487
0.234288
0.130100
0.207100
0.215991
0.239740
0.247115
0.272816
0.293691
0.245311
0.208843
0.312902
0.243170
0.247688
0.285907
0.422778
0.435484
0.383457
0.290116
0.316412
0.280876
0.209140
0.339692
0.223666
0.153760
0.200212
0.175275
0.242907
0.196350
0.234079
0.249773
0.255991
0.205101
0.309842
0.234390
0.267472
0.267429
0.181974
0.340696
0.316909
0.275440
0.246207
0.194095
0.411550
0.374077
0.262305
0.274281
0.308121
0.306430
0.290524
0.223267
0.303452
0.288983
0.263567
0.271826
0.305759
0.229926
0.249899
0.252842
0.239793
0.282524
0.263085
0.291953
0.242105
0.292422
0.300644
0.306874
0.295043
0.187412
0.227661
0.258378
0.225070
0.344966
0.399906
0.528876
0.341178
0.316331
0.329911
0.311086
0.419036
0.422988
0.291973
0.286784
0.438298
0.362992
0.394880
0.348460
0.313376
0.260396
0.378647
0.408739
0.215664
0.219938
0.255762
0.412350
0.397091
0.416720
0.241354
0.227226
0.278065
0.334301
0.260734
0.202611
0.270054
0.283062
0.324080
0.395621
0.392468
0.519345
0.394562
0.400309
0.372152
0.324564
0.238928
0.311247
0.326555
0.337003
0.359058
0.313905
0.496870
0.405949
0.429443
0.339424
0.393147
0.277277
0.277351
0.263524
0.201835
0.214760
0.326631
0.288385
0.293322
0.212781
0.256202
0.274730
0.260911
0.195744
0.257525
0.224918
0.255253
0.284624
0.259718
0.323847
0.350041
0.256179
0.287460
0.254467
0.266995
0.282381
0.250153
0.226920
0.251166
0.366888
0.311307
0.245384
0.342283
0.351800
0.247828
0.180457
0.222723
0.239265
0.220521
0.259021
0.215607
0.219733
0.316260
0.302309
0.346521
0.353337
0.362473
0.370466
0.233017
0.287962
0.292618
0.301800
0.292315
0.259363
0.250208
0.203244
0.335801
0.222887
0.184335
0.258128
0.236266
0.257173
0.318419
0.304158
0.271255
0.221786
0.292129
0.339516
0.418729
0.384830
0.426986
0.407230
0.452100
0.118634
0.348644
0.278875
0.429338
0.398954
0.468092
0.368976
0.201722
0.271599
0.335712
0.283415
0.301385
0.290437
0.261724
0.304168
0.373778
0.296755
0.346533
0.400006
0.272087
0.348374
0.376061
0.354476
0.311424
0.325166
0.309389
0.319142
0.267190
0.214748
0.256790
0.326885
0.293420
0.321211
0.370697
0.380795
0.390787
0.434250
0.415918
0.400850
0.360243
0.353200
0.355791
0.453390
0.257000
0.239857
0.332431
0.323044
0.335009
0.299935
0.219127
0.304043
0.285452
0.239294
0.242870
0.315541
0.358774
0.259764
0.237174
0.231468
0.202128
0.163116
0.296736
0.262557
0.267111
0.328782
0.355569
0.459497
0.415329
0.289755
0.385057
0.372885
0.223258
0.259529
0.237404
0.320003
0.239846
0.282560
0.336676
0.289345
0.220220
0.196649
0.240715
0.269191
0.264989
0.266261
0.224693
0.271600
0.266632
0.217709
0.191211
0.200461
0.276106
0.241977
0.325760
0.315488
0.272889
0.332235
0.322701
0.289207
0.228776
0.306474
0.253893
0.320766
0.308218
0.258823
0.307329
0.391403
0.317456
0.347535
0.364735
0.475703
0.390875
0.325327
0.246533
0.231450
0.290704
0.233607
0.325408
0.316692
0.203833
0.207899
0.254561
0.285967
0.269607
0.250190
0.237243
0.241666
0.218075
0.215432
0.214759
0.236173
0.317502
0.301864
0.229598
0.265361
0.241896
0.271745
0.222560
0.311244
0.323874
0.328839
0.300932
0.265376
0.284109
0.321663
0.357725
0.217059
0.251391
0.330369
0.261239
0.269583
0.299112
0.285770
0.305508
0.278750
0.271311
0.299333
0.342902
0.366182
0.330933
0.365489
0.210792
0.220211
0.330253
0.272543
0.238717
0.260327
0.258435
0.234997
0.291822
0.342142
0.356631
0.291429
0.138463
0.188908
0.280222
0.256686
0.226252
0.226525
0.196645
0.178545
0.255555
0.238637
0.263793
0.270845
0.296461
0.281186
0.285198
0.268910
0.259052
0.244382
0.236544
0.330158
0.286954
0.198907
0.315356
0.320805
0.270755
0.284026
0.334206
0.331247
0.278809
0.214521
0.226246
0.263913
0.219652
0.275120
0.228180
0.234082
0.233304
0.293645
0.224343
0.261591
0.288064
0.222141
0.244896
0.248643
0.275890
0.394942
0.367279
0.277506
0.295494
0.282206
0.297246
0.334702
0.340826
0.303035
0.285926
0.258258
0.257062
0.256616
0.255042
0.277358
0.295022
0.281657
0.298754
0.225246
0.209685
0.263201
0.401651
0.402978
0.366289
0.267448
0.319716
0.331754
0.329914
0.238837
0.315784
0.371687
0.283775
0.350687
0.367330
0.296140
0.311959
0.213175
0.284556
0.287805
0.255515
0.303838
0.221171
0.286525
0.262195
0.300590
0.409611
0.364371
0.360352
0.289725
0.326782
0.376852
0.257362
0.292284
0.317173
0.280859
0.261345
0.243266
0.255617
0.291304
0.325837
0.306658
0.314229
0.339836
0.320939
0.336903
0.428808
0.289057
0.391736
0.265554
0.317540
0.252825
0.215292
0.343993
0.293696
0.258672
0.262196
0.284716
0.241575
0.372020
0.294780
0.301756
0.378593
0.290733
0.246387
0.388918
0.257218
0.263342
0.227216
0.183995
0.248865
0.249184
0.238358
0.264219
0.257696
0.270278
0.211791
0.201300
0.304776
0.287703
0.309257
0.345548
0.404045
0.300578
0.369583
0.105986
0.083313
0.098907
0.105592
0.115827
0.249867
0.282208
0.223723
0.209195
0.211658
0.184188
0.281730
0.199982
0.241531
0.195861
0.207110
0.124505
0.092819
0.184850
0.230743
0.262518
0.196591
0.331229
0.323985
0.319305
0.281724
0.330937
0.316898
0.342892
0.238424
0.227567
0.305004
0.295237
0.109813
0.136462
0.208468
0.181884
0.210369
0.308208
0.303626
0.260684
0.222718
0.316680
0.301967
0.232989
0.363474
0.300500
0.228971
0.257339
0.253935
0.276015
0.347944
0.291562
0.222248
0.311014
0.290723
0.305282
0.244596
0.309341
0.306136
0.319422
0.339717
0.297706
0.320174
0.274686
0.264455
0.307448
0.250477
0.258623
0.333003
0.119442
0.212287
0.220186
0.230297
0.237870
0.218983
0.340792
0.210506
0.232416
0.266973
0.240729
0.256870
0.311865
0.309182
0.177565
0.246282
0.269059
0.258920
0.209347
0.327393
0.213156
0.219695
0.222351
0.201261
0.190590
0.128674
0.166584
0.319137
0.265891
0.287081
0.200795
0.274698
0.254161
0.163482
0.185187
0.272609
0.232359
0.176596
0.247177
0.229558
0.243925
0.243870
0.262152
0.317082
0.328081
0.464567
0.471627
0.390039
0.329618
0.363858
0.375913
0.546979
0.344378
0.168260
0.158721
0.240701
0.192571
0.200704
0.285589
0.181782
0.274600
0.264258
0.208753
0.243762
0.303130
0.253519
0.227318
0.293427
0.320669
0.273288
0.218268
0.396303
0.306021
0.347794
0.338506
0.279823
0.411063
0.385923
0.285039
0.218585
0.264957
0.246451
0.267220
0.270909
0.340582
0.407030
0.479012
0.455415
0.372535
0.306151
0.234137
0.176688
0.297677
0.402816
0.347718
0.383259
0.327060
0.279009
0.314977
0.399263
0.347901
0.228602
0.283018
0.280170
0.202099
0.330936
0.420819
0.456194
0.426247
0.509266
0.454612
0.567204
0.347864
0.393638
0.299397
0.312983
0.374078
0.431072
0.648411
0.476947
0.429943
0.473564
0.313097
0.336265
0.334024
0.370531
0.311382
0.331057
0.214929
0.211434
0.207071
0.181483
0.225948
0.286712
0.243836
0.448809
0.300104
0.240587
0.305467
0.409715
0.416923
0.249875
0.227431
0.377945
0.314725
0.356331
0.416301
0.396767
0.457188
0.366616
0.388795
0.299565
0.226857
0.271868
0.314215
0.211270
0.279161
0.411283
0.379759
0.325910
0.244444
0.251851
0.258391
0.256105
0.262695
0.405590
0.291928
0.319783
0.341879
0.401763
0.353031
0.503669
0.461267
0.417591
0.250120
0.420007
0.252872
0.374338
0.337323
0.331964
0.404903
0.292225
0.242554
0.192531
0.320032
0.350859
0.445075
0.271811
0.381257
0.371861
0.324584
0.385419
0.271415
0.345662
0.290665
0.318891
0.286587
0.331677
0.317186
0.386753
0.266629
0.339455
0.370578
0.456963
0.258109
0.424730
0.277792
0.286832
0.275465
0.264686
0.340881
0.359730
0.379970
0.575743
0.345744
0.348034
0.321025
0.314610
0.265909
0.301369
0.309376
0.326193
0.288558
0.277601
0.281200
0.262607
0.290983
0.305825
0.379817
0.369351
0.404141
0.429337
0.342786
0.239289
0.311017
0.227391
0.180574
0.227476
0.262390
0.360371
0.270817
0.273444
0.334817
0.337919
0.170191
0.256260
0.381582
0.326875
0.370303
0.365180
0.283041
0.353922
0.342673
0.268355
0.300360
0.221054
0.255600
0.238339
0.258054
0.267723
0.316297
0.341119
0.248627
0.317975
0.350323
0.375658
0.353417
0.291083
0.283529
0.299496
0.259966
0.394326
0.310019
0.300550
0.295190
0.327948
0.307135
0.302680
0.208071
0.349413
0.239421
0.390300
0.483151
0.268367
0.299903
0.365432
0.287862
0.205417
0.235269
0.285105
0.220836
0.266487
0.403679
0.344455
0.246796
0.275669
0.306714
0.401627
0.367211
0.321596
0.390467
0.441689
0.235307
0.256617
0.308638
0.359991
0.392635
0.371865
0.302493
0.407363
0.286961
0.303033
0.358938
0.274416
0.271801
0.271368
0.241173
0.301844
0.305985
0.339283
0.299334
0.331924
0.236949
0.389262
0.225567
0.449741
0.420873
0.284941
0.274291
0.318537
0.360080
0.410780
0.354453
0.324764
0.389348
0.425342
0.408880
0.326523
0.286699
0.379881
0.345350
0.323404
0.412898
0.411962
0.333761
0.223980
0.268867
0.315617
0.236127
0.407747
0.376415
0.374691
