81	371	129	117
73	370	135	116
69	371	137	114
66	371	136	112
64	372	134	111
62	374	133	110
60	377	132	107
57	378	134	106
53	379	136	104
50	381	137	105
48	380	138	116
45	382	137	116
44	381	133	118
44	380	129	119
43	380	127	120
42	379	123	120
41	377	124	123
42	377	124	122
43	377	122	122
43	377	122	122
43	377	123	121
43	379	125	121
42	379	125	122
41	379	125	125
42	381	126	119
41	382	127	121
39	386	127	117
38	387	129	125
38	389	126	129
39	389	124	134
37	388	123	138
39	388	118	134
40	387	115	137
32	386	120	137
34	387	115	136
34	386	109	137
23	386	114	137
23	386	110	141
22	387	106	138
21	388	103	135
21	389	99	134
14	390	105	129
10	389	108	131
6	391	108	130
3	393	108	129
1	392	107	130
0	392	106	129
0	393	104	129
0	392	100	134
0	391	97	138
0	388	94	141
0	387	92	144
0	386	87	145
0	385	82	146
0	383	80	147
0	385	78	146
0	383	78	147
0	383	79	146
0	386	84	143
0	387	83	143
0	387	80	142
0	389	79	139
0	391	75	138
0	393	74	137
0	395	72	136
0	396	73	135
0	398	69	132
0	399	68	132
0	398	66	135
0	398	68	136
0	397	65	137
0	397	62	139
0	396	63	142
0	399	56	143
0	400	51	143
0	401	47	141
0	401	49	140
0	402	47	138
0	403	52	137
0	405	51	139
0	407	51	136
0	409	51	135
0	410	56	135
0	410	49	134
0	412	50	133
0	411	50	133
0	410	49	132
0	409	51	135
0	408	54	136
0	408	49	141
0	408	46	134
0	410	46	135
0	411	56	136
0	413	50	132
0	415	52	131
0	417	52	130
0	420	54	132
0	423	55	132
0	424	56	132
0	427	59	131
0	428	61	129
0	430	62	133
0	432	63	129
0	433	67	129
0	432	62	129
0	432	58	125
0	432	56	126
0	431	55	130
0	432	48	131
0	433	47	129
0	433	43	131
0	434	44	130
0	433	37	126
0	434	30	118
0	436	27	120
0	441	26	112
0	446	31	95
0	456	26	65
0	484	25	37
0	486	21	37
0	491	16	33
0	493	14	30
0	495	13	28
0	466	21	68
0	444	21	112
0	443	33	115
0	443	42	118
0	445	45	121
0	444	52	129
0	445	58	132
0	447	66	129
0	446	74	131
2	447	79	137
15	448	77	133
24	449	77	134
33	449	78	132
40	448	78	133
46	448	77	133
54	449	77	130
67	450	76	128
78	451	75	126
90	449	75	130
103	446	73	126
120	444	72	123
141	443	72	125
161	440	72	126
177	437	72	123
188	433	77	128
199	426	75	119
211	417	77	123
229	404	74	127
249	389	76	123
269	374	73	133
283	361	77	140
297	349	78	145
311	334	79	149
320	320	81	157
325	304	84	168
331	289	88	178
343	268	94	198
358	247	101	216
379	223	112	240
414	200	121	254
453	177	132	276
499	156	151	304
543	135	183	314
618	111	188	348
682	95	201	385
748	100	203	402
796	99	221	441
831	103	234	432
855	129	238	418
849	153	243	370
818	160	226	399
757	170	228	408
699	175	223	377
639	175	234	395
585	173	242	413
530	168	246	391
493	157	245	420
456	152	267	436
450	148	254	409
457	150	249	425
451	156	242	404
455	161	242	411
460	168	237	416
463	171	236	372
460	181	276	497
477	186	220	366
453	198	291	462
461	204	238	339
464	208	278	453
483	213	251	355
493	214	251	416
514	207	240	367
518	199	254	431
524	190	255	354
530	178	256	444
494	174	275	361
493	169	278	494
472	166	265	378
469	162	260	398
460	153	258	384
446	162	264	372
432	162	260	353
424	164	260	348
416	159	268	458
417	161	270	331
430	155	268	473
461	161	243	302
451	161	263	454
483	166	234	273
467	168	263	451
483	163	254	335
474	159	274	466
506	155	242	346
471	144	267	458
457	126	275	475
467	139	260	404
452	135	270	422
442	130	280	458
439	118	292	486
463	100	272	514
441	105	312	513
448	132	309	477
446	100	308	514
443	95	299	511
438	95	289	524
439	94	261	443
421	101	265	449
401	105	267	341
402	110	248	434
392	114	251	450
391	97	249	470
380	87	261	491
380	81	259	463
375	77	261	472
370	62	268	477
374	68	271	415
376	58	271	480
370	51	276	418
374	46	275	467
371	44	284	411
375	58	281	421
396	31	262	478
413	46	253	398
370	41	292	494
372	43	293	471
370	56	295	475
382	82	286	384
374	46	292	472
369	36	297	456
363	37	297	523
371	36	283	534
367	31	286	514
360	46	295	544
365	51	293	528
369	61	286	518
371	68	289	493
362	73	305	482
367	77	315	490
357	81	325	495
362	83	321	502
366	88	313	512
385	94	294	500
396	99	277	488
390	107	281	472
395	112	274	480
394	105	272	493
392	98	267	497
384	90	272	507
380	83	273	507
374	80	271	502
365	77	278	564
361	64	273	499
356	67	285	564
372	73	274	486
347	58	298	489
359	46	286	500
349	45	298	497
346	42	301	535
348	44	301	480
364	36	287	487
346	39	307	464
342	35	309	464
330	49	316	441
321	54	324	484
342	22	296	465
317	11	317	471
311	8	319	524
319	46	303	435
301	0	315	492
327	8	289	512
320	0	299	485
335	4	289	483
303	3	326	488
326	40	312	461
302	0	337	490
321	31	338	484
311	1	337	489
310	37	336	471
316	44	324	459
322	52	312	467
317	69	313	448
317	69	312	450
320	70	309	462
325	74	309	533
320	73	312	462
325	53	315	604
331	68	313	491
336	60	313	471
311	82	346	476
326	48	334	489
325	65	345	464
339	78	332	454
355	48	325	478
334	67	349	565
316	52	381	581
324	50	377	584
332	87	369	551
329	70	380	574
337	64	367	565
328	112	390	570
348	92	360	601
299	83	412	604
305	64	404	634
301	62	402	637
304	58	394	634
296	59	399	625
295	60	391	602
281	66	400	639
277	62	398	629
285	67	390	641
276	65	405	645
285	65	405	636
282	68	425	648
300	62	418	649
293	63	428	641
284	64	435	648
298	72	423	635
292	87	423	627
284	99	423	614
283	100	424	616
271	93	433	626
273	83	440	632
276	101	441	617
260	69	464	642
263	99	465	611
247	73	467	643
229	97	485	617
229	107	479	609
219	83	485	636
225	90	478	628
227	91	461	622
205	90	491	621
201	97	520	582
215	98	500	615
212	125	511	585
208	112	513	598
204	126	528	592
203	131	548	586
219	149	533	569
207	174	538	542
227	139	519	577
201	161	541	555
199	144	527	572
216	141	495	571
182	138	541	576
183	137	531	576
177	131	528	586
181	117	534	600
174	121	538	596
170	124	552	594
189	104	535	614
169	121	561	593
165	107	582	609
162	125	610	591
157	127	585	588
144	116	593	601
126	106	601	613
110	103	595	616
90	92	606	626
63	76	622	639
41	77	620	629
19	43	633	655
14	23	630	652
14	7	628	657
13	4	625	641
8	2	625	645
3	0	634	631
0	0	627	611
3	0	629	609
0	0	629	603
2	0	624	601
2	0	632	578
7	0	638	577
4	0	638	607
4	4	639	594
5	0	645	604
6	1	644	612
3	0	649	612
2	2	639	604
0	0	632	618
0	0	621	592
8	4	601	606
7	0	595	600
6	0	585	605
3	0	583	630
6	1	590	637
0	1	600	658
0	5	613	691
0	8	623	700
3	9	648	706
1	32	676	679
3	57	699	656
3	67	710	650
0	79	713	639
0	91	728	622
0	94	711	621
0	92	720	624
4	75	737	643
0	56	735	662
3	53	745	664
0	48	749	663
1	44	763	670
6	37	756	675
7	28	762	687
4	17	772	698
3	13	774	699
2	7	774	702
1	11	779	699
0	5	785	696
0	8	791	704
0	12	803	702
5	20	809	690
5	26	810	686
6	33	809	683
4	26	817	683
7	21	813	692
8	19	803	694
7	20	792	691
5	25	777	693
9	29	770	683
7	32	764	684
9	29	763	690
6	30	762	681
3	27	776	689
3	35	775	676
6	31	781	686
0	37	787	677
7	39	780	676
2	49	812	665
0	60	807	654
0	70	807	645
0	77	810	640
1	68	814	644
4	60	816	658
0	52	816	665
0	48	782	671
1	48	775	665
0	44	756	671
0	47	745	663
0	50	725	664
2	56	720	658
0	57	710	657
0	66	708	646
1	67	682	645
0	73	676	642
5	79	670	637
0	89	691	630
4	99	687	618
1	108	687	605
0	113	644	604
29	118	901	594
77	122	858	597
125	125	784	589
165	141	723	561
208	162	653	510
251	179	590	461
277	196	537	405
302	209	534	381
324	224	470	352
339	238	426	381
346	249	403	301
356	260	394	289
360	270	390	283
362	281	371	274
365	293	361	255
362	295	357	253
361	296	365	259
357	299	354	257
361	300	427	262
365	300	423	256
376	308	419	269
382	325	419	253
390	322	415	250
379	332	431	241
407	326	406	282
395	333	426	256
442	332	384	282
423	320	405	280
415	322	420	279
410	327	426	264
408	327	427	302
405	319	435	292
394	316	448	306
390	317	445	296
371	316	465	305
366	329	471	286
463	330	374	274
417	321	420	286
409	326	426	291
413	315	423	300
398	316	433	312
406	312	418	294
368	304	449	306
365	301	449	308
338	300	468	307
326	296	475	319
321	295	476	316
316	295	477	315
301	299	492	316
297	294	497	323
281	301	525	318
274	300	555	317
271	301	562	316
284	305	535	311
313	307	499	312
277	309	526	315
297	308	511	312
294	308	505	314
293	306	544	315
284	302	547	321
276	299	559	331
273	298	573	332
282	297	555	331
279	295	562	331
267	290	579	340
246	293	604	334
253	295	599	335
229	298	624	334
239	301	618	333
226	299	629	341
220	294	633	341
203	295	652	347
189	296	664	347
191	299	663	340
198	306	658	323
197	307	658	320
195	308	658	316
216	305	636	320
225	305	623	324
189	308	663	322
211	306	635	332
206	304	638	336
196	309	638	332
190	308	642	337
178	310	651	338
166	313	657	341
158	316	657	343
146	316	671	350
133	320	681	345
129	324	698	341
120	325	723	344
113	331	734	334
109	333	723	333
106	337	718	335
115	339	687	340
133	342	664	344
155	341	646	320
168	338	626	318
183	333	596	327
224	332	634	319
235	322	623	339
211	325	645	334
211	320	646	337
204	319	660	338
199	315	657	352
188	313	675	360
172	313	686	367
165	309	709	345
154	306	719	350
148	309	724	348
150	315	723	333
145	319	735	329
153	312	727	340
155	308	735	340
184	303	705	330
200	298	692	334
222	293	666	336
229	287	660	335
221	278	666	341
212	273	674	344
205	268	678	338
193	259	689	359
184	258	702	349
172	253	705	358
163	251	717	364
150	250	725	359
147	250	736	351
137	249	744	361
133	250	762	357
132	256	772	349
130	258	765	343
130	262	767	337
147	258	749	341
174	254	723	334
194	250	706	342
219	248	680	338
250	246	646	336
242	242	651	341
242	235	644	350
225	234	661	347
208	230	680	342
206	224	670	350
196	225	673	350
177	222	686	354
160	220	694	367
142	222	714	362
131	231	720	352
120	231	730	353
112	240	741	352
103	246	750	342
117	248	731	339
121	243	720	348
133	243	709	348
157	243	686	350
164	235	679	353
190	234	655	350
178	233	658	351
168	229	668	350
155	225	676	356
142	220	690	360
135	224	695	357
122	223	706	361
113	218	718	375
110	222	719	371
104	219	742	370
97	230	772	363
91	229	763	364
103	230	751	352
117	232	745	356
145	238	723	348
168	241	708	348
198	236	682	349
219	234	670	356
236	233	660	365
247	233	654	358
253	232	654	353
250	233	662	358
245	231	670	354
233	232	684	355
225	234	695	354
209	232	713	359
198	227	718	364
189	230	729	366
178	232	738	364
169	236	752	358
159	239	765	348
161	244	765	339
172	242	748	337
185	242	734	333
204	239	717	338
225	235	692	343
248	232	661	346
253	226	652	350
238	225	664	345
230	222	665	357
218	222	678	352
202	216	691	357
194	214	694	362
179	209	701	372
166	211	714	367
154	208	727	365
145	212	743	354
132	209	779	354
123	210	799	350
116	212	794	350
118	211	777	352
122	212	776	344
134	211	757	344
152	214	739	348
174	208	723	350
195	205	701	357
207	207	684	353
193	203	701	357
195	202	697	356
190	199	695	361
168	197	708	365
150	194	714	370
137	199	718	365
115	195	735	371
96	197	746	371
78	199	763	374
65	206	777	371
51	204	789	373
35	218	802	360
26	222	801	356
20	226	799	355
18	226	794	355
20	227	788	357
20	225	781	356
38	220	762	363
26	220	770	358
18	213	770	368
29	213	741	370
15	208	752	382
14	208	745	372
5	204	749	384
2	204	751	386
0	203	748	389
2	204	739	375
1	205	744	370
0	206	738	369
0	205	735	371
0	208	742	367
0	213	738	367
0	213	736	365
0	216	740	368
0	221	740	361
0	223	734	357
0	221	736	361
0	217	726	366
2	214	727	370
1	212	723	371
0	211	718	378
0	211	710	376
0	210	704	372
0	207	703	369
0	206	700	364
3	203	698	375
1	206	698	372
0	209	696	369
0	207	701	373
0	208	705	375
0	212	706	372
0	212	696	370
0	217	707	364
1	213	715	363
1	208	722	366
0	205	727	371
0	201	735	377
2	196	736	381
3	195	744	384
6	192	744	391
5	191	749	389
9	190	748	386
10	186	762	385
9	187	772	383
5	186	775	394
1	183	786	404
0	184	796	402
4	188	800	395
8	193	799	401
7	204	820	392
4	207	826	388
6	206	849	394
29	215	826	376
63	219	800	371
101	222	762	348
126	219	746	352
146	217	735	363
162	217	715	361
166	216	717	366
169	218	710	368
138	217	743	363
159	221	728	356
154	215	743	368
149	211	757	374
143	219	757	368
133	217	776	373
132	220	784	380
117	227	800	373
122	233	803	364
119	232	817	363
134	242	807	352
146	242	797	361
176	246	773	340
199	240	755	356
218	238	740	360
253	232	711	352
265	228	695	370
264	223	695	378
260	220	703	386
256	222	702	375
250	221	713	380
238	216	729	387
226	219	740	389
220	220	752	390
216	221	763	387
211	223	783	387
205	225	788	391
213	230	783	367
196	234	800	379
215	242	799	357
208	246	803	367
254	250	763	346
282	252	735	351
309	252	707	351
323	248	689	358
333	245	676	363
328	243	683	366
325	239	684	374
317	239	693	369
308	236	701	375
295	237	714	369
285	237	722	369
275	236	728	375
272	236	740	376
263	238	748	376
253	238	756	382
251	242	762	380
241	243	782	378
256	244	760	376
278	243	735	365
282	246	739	365
309	250	711	350
332	247	688	362
355	240	657	355
382	237	644	356
375	237	654	354
382	231	650	360
380	231	655	359
375	227	664	364
367	226	668	366
354	224	679	370
344	224	696	371
339	223	695	371
326	225	713	370
319	223	715	375
310	226	718	371
301	225	727	376
298	221	723	374
303	237	709	352
314	245	692	340
321	238	673	352
357	236	628	354
377	239	598	352
380	239	574	347
375	237	563	350
362	236	559	352
346	234	559	354
335	234	569	355
320	232	565	360
304	229	571	361
296	230	567	360
278	230	569	362
260	230	570	362
250	229	572	364
235	230	571	362
227	228	578	367
217	230	590	368
201	231	615	369
194	234	614	367
192	237	593	365
187	239	589	362
191	243	580	357
215	246	561	341
225	246	545	340
247	247	518	338
265	243	495	345
270	243	490	344
279	241	483	357
272	239	485	357
263	237	486	354
250	237	499	361
236	238	504	364
222	239	515	366
210	237	522	361
199	238	541	365
189	240	540	363
178	240	556	363
168	245	565	356
167	252	563	350
157	256	569	358
150	260	570	355
178	267	544	341
178	269	542	341
177	270	534	335
159	268	549	338
151	265	550	342
143	261	555	346
128	256	570	356
143	258	549	354
130	256	566	363
145	259	554	359
134	257	567	370
136	257	561	366
124	257	574	371
123	262	579	363
116	263	591	370
111	267	614	365
117	271	612	360
118	276	603	355
128	279	593	349
140	285	583	337
149	287	571	336
161	285	567	334
175	281	551	337
176	280	547	339
169	276	552	348
168	273	550	349
162	272	554	358
158	270	552	355
157	270	551	362
143	272	563	355
130	272	576	360
118	273	587	359
107	275	594	359
97	276	601	360
92	280	607	353
87	280	611	353
88	284	604	348
85	288	609	345
98	293	585	331
107	296	570	323
127	296	542	324
126	295	537	326
124	294	532	327
109	294	537	330
100	293	540	336
89	292	545	336
81	291	546	340
65	293	554	339
47	290	567	341
41	292	570	343
31	292	574	342
22	293	583	343
14	295	590	343
7	300	604	338
3	300	616	334
4	314	593	316
4	309	586	321
1	314	587	313
5	316	574	307
16	315	558	308
30	313	542	312
50	312	524	315
64	312	509	313
70	311	504	313
68	313	506	318
57	313	519	317
49	313	525	320
42	312	531	316
39	305	537	326
42	305	541	325
39	305	553	325
40	306	556	321
42	303	568	327
47	306	575	324
55	304	578	327
58	305	589	326
73	312	576	314
81	317	579	307
91	322	580	304
94	324	583	298
112	326	567	297
144	328	528	296
148	328	523	298
160	329	512	300
158	328	515	299
153	327	522	300
144	328	530	300
141	329	536	302
139	330	541	302
130	332	551	300
126	337	560	302
121	340	564	301
116	339	580	307
117	337	583	304
116	341	597	307
110	342	619	305
96	346	641	305
102	348	625	302
119	351	606	299
130	353	595	298
154	354	578	298
172	354	569	297
188	354	555	296
196	353	555	296
208	353	549	299
207	353	552	303
196	353	564	309
185	353	569	314
167	352	593	323
146	352	610	331
124	351	637	341
102	350	661	350
80	351	683	362
58	349	707	370
36	350	736	369
14	351	763	368
18	356	764	363
1	359	783	358
0	357	780	360
0	353	779	365
0	349	779	367
0	338	777	381
2	317	769	402
2	301	756	418
3	285	747	432
0	273	748	441
0	263	745	455
0	254	736	465
0	246	729	468
0	234	726	477
0	226	720	489
0	219	722	496
0	213	724	499
0	205	740	512
3	195	744	518
1	185	762	533
6	175	778	536
3	161	806	558
0	148	839	570
0	133	875	585
0	116	903	597
0	98	925	616
0	71	944	642
0	54	949	654
4	40	956	675
1	28	964	690
0	20	967	687
0	13	975	694
0	17	979	691
0	13	994	697
0	10	996	705
0	9	998	710
0	4	998	704
0	1	999	710
0	0	991	716
0	1	1001	711
0	1	997	707
0	8	991	694
0	12	993	699
0	18	985	685
0	18	981	686
2	13	979	696
0	11	940	703
1	8	960	710
0	12	914	699
0	15	941	693
0	25	870	687
0	28	903	666
0	42	902	668
0	50	886	666
3	58	868	659
0	60	865	659
0	64	857	647
0	67	853	649
0	68	866	646
0	73	914	644
0	71	830	641
0	74	898	635
0	76	796	637
0	64	743	652
0	55	702	658
0	62	721	657
0	59	699	660
0	62	735	654
0	59	683	653
0	73	754	643
4	0	651	719
0	4	636	712
3	3	636	716
8	11	632	708
15	7	633	711
32	55	632	664
95	94	590	624
139	124	536	595
142	76	546	637
191	130	501	586
210	113	520	602
253	162	658	557
301	164	647	549
309	160	651	554
316	169	434	547
324	137	630	578
312	123	463	590
345	121	617	593
354	138	595	579
374	117	454	598
395	123	552	587
391	191	640	528
398	178	445	539
404	273	617	440
400	149	549	564
384	191	453	524
392	249	390	470
388	212	589	506
385	324	335	395
388	280	357	437
388	316	358	403
388	289	513	429
372	302	423	409
352	283	635	436
353	313	735	398
355	287	834	428
338	277	859	440
417	274	751	445
445	279	790	436
435	288	789	428
398	285	829	434
418	294	806	424
398	294	760	423
345	287	819	432
292	311	903	408
279	322	939	397
289	327	954	392
252	293	786	426
243	303	881	416
226	337	856	380
181	317	825	402
177	304	761	415
194	303	739	415
201	298	738	420
221	301	676	418
227	297	704	420
349	291	573	428
