0.070201
0.248697
0.221392
0.229220
0.276333
0.218103
0.239562
0.198040
0.282639
0.213351
0.257088
0.406678
0.227828
0.281269
0.265683
0.242465
0.134315
0.213784
0.250898
0.273807
0.248679
0.274865
0.236688
0.223406
0.263903
0.210945
0.189618
0.266125
0.155556
0.283646
0.282930
0.275435
0.257887
0.266937
0.226654
0.208069
0.243557
0.228857
0.231788
0.291989
0.278469
0.309400
0.273880
0.242348
0.252893
0.206529
0.267366
0.209030
0.233052
0.278863
0.220239
0.200037
0.277069
0.240163
0.342332
0.331152
0.255558
0.202419
0.198402
0.207320
0.229351
0.234270
0.236019
0.236796
0.310398
0.254171
0.316072
0.351719
0.251734
0.265345
0.267128
0.298890
0.229720
0.252776
0.326653
0.299112
0.246539
0.372525
0.315122
0.220612
0.214514
0.188545
0.226029
0.319520
0.305262
0.205042
0.224061
0.330195
0.297286
0.149817
0.261482
0.200247
0.273927
0.226245
0.278958
0.235826
0.247159
0.244653
0.262737
0.179994
0.236933
0.233669
0.258082
0.198374
0.200033
0.223958
0.275009
0.241413
0.230142
0.237207
0.230855
0.240836
0.291735
0.307009
0.219939
0.263085
0.235610
0.253474
0.204244
0.236116
0.296821
0.283581
0.271343
0.238390
0.227706
0.187827
0.264280
0.260713
0.293734
0.232086
0.339690
0.256525
0.283795
0.211666
0.218322
0.190148
0.279871
0.240910
0.255971
0.241668
0.235466
0.178623
0.217470
0.156409
0.302588
0.257184
0.251457
0.226592
0.236079
0.236563
0.240571
0.348811
0.229245
0.203524
0.212395
0.274967
0.183509
0.281428
0.228367
0.225471
0.236966
0.257530
0.265734
0.274987
0.214473
0.252922
0.231593
0.145234
0.240751
0.248684
0.183578
0.247981
0.264162
0.272218
0.237211
0.245521
0.250810
0.213865
0.289871
0.269696
0.248088
0.368012
0.280898
0.359874
0.324853
0.263374
0.195449
0.306423
0.155371
0.310550
0.280257
0.298754
0.242568
0.260116
0.271879
0.230548
0.215837
0.236654
0.237784
0.220568
0.293534
0.270312
0.252600
0.236737
0.303388
0.207789
0.274751
0.274660
0.265954
0.184755
0.229312
0.284596
0.248396
0.264568
0.206103
0.201984
0.203654
0.180934
0.185609
0.218404
0.166055
0.129780
0.197933
0.198231
0.191854
0.191690
0.231431
0.139955
0.135694
0.145239
0.203348
0.208377
0.183701
0.190827
0.219219
0.205491
0.155402
0.157654
0.221684
0.217086
0.220302
0.194441
0.243156
0.252367
0.213417
0.239958
0.222232
0.226933
0.159018
0.130461
0.162849
0.202489
0.223042
0.200613
0.201961
0.177873
0.238552
0.185108
0.202310
0.218186
0.201394
0.176764
0.206749
0.203596
0.168847
0.190054
0.248922
0.186522
0.181975
0.184681
0.220269
0.140254
0.188305
0.174011
0.152925
0.188818
0.163830
0.203137
0.206512
0.225447
0.139940
0.180857
0.171778
0.153309
0.214387
0.221055
0.159490
0.225107
0.183933
0.132302
0.072412
0.159644
0.161870
0.140280
0.180668
0.273886
0.231723
0.245173
0.149260
0.201015
0.251696
0.083385
0.152135
0.228724
0.206443
0.199266
0.239433
0.194357
0.229625
0.175123
0.240557
0.222553
0.186712
0.176293
0.251672
0.190569
0.225316
0.158593
0.274193
0.241475
0.203942
0.168833
0.157177
0.175927
0.204770
0.295291
0.275853
0.182886
0.185125
0.303529
0.224216
0.156149
0.183130
0.100359
0.161289
0.200228
0.176963
0.208207
0.224586
0.191935
0.181202
0.187766
0.131776
0.206124
0.220472
0.201319
0.224579
0.247124
0.165086
0.141324
0.186006
0.208593
0.197634
0.210389
0.164159
0.176155
0.131196
0.221349
0.138107
0.248527
0.146522
0.176565
0.137271
0.271530
0.141703
0.208573
0.141567
0.183133
0.228702
0.219061
0.217719
0.190291
0.222161
0.174620
0.161332
0.201279
0.157320
0.198027
0.191960
0.200492
0.199052
0.159114
0.184669
0.195544
0.138708
0.170773
0.208041
0.227708
0.219724
0.227327
0.154590
0.158131
0.237456
0.155506
0.174785
0.193066
0.113729
0.186452
0.180525
0.177829
0.112021
0.130220
0.240205
0.255921
0.246418
0.209219
0.250890
0.275521
0.244676
0.191026
0.249847
0.201859
0.230168
0.257319
0.200227
0.226636
0.244887
0.249057
0.320189
0.193619
0.230255
0.318539
0.240638
0.261258
0.273613
0.193165
0.196761
0.148962
0.223332
0.213623
0.164023
0.210511
0.200685
0.254394
0.228805
0.202162
0.229914
0.245694
0.317786
0.264052
0.210868
0.261342
0.244974
0.221568
0.232216
0.282733
0.191617
0.177886
0.242265
0.247518
0.220599
0.274601
0.282292
0.207684
0.269634
0.302264
0.216532
0.242105
0.273045
0.195517
0.317114
0.196480
0.269254
0.299121
0.334642
0.340376
0.364745
0.299653
0.224380
0.346303
0.399478
0.303326
0.364329
0.445714
0.316179
0.303561
0.319504
0.253109
0.248838
0.332180
0.308943
0.214566
0.273694
0.391292
0.210846
0.344974
0.269034
0.257642
0.254755
0.318455
0.333565
0.312631
0.234072
0.288682
0.279478
0.276638
0.319342
0.232128
0.312318
0.225575
0.224734
0.264554
0.252970
0.270154
0.205472
0.255870
0.184202
0.262380
0.228125
0.288934
0.283809
0.275590
0.291915
0.319612
0.219394
0.261080
0.313908
0.234191
0.252208
0.290748
0.245764
0.251661
0.227162
0.269659
0.249695
0.274354
0.280314
0.193356
0.233060
0.294215
0.312526
0.245255
0.240885
0.256520
0.229598
0.244281
0.348291
0.253518
0.257000
0.285600
0.324715
0.244797
0.251937
0.226128
0.245682
0.332613
0.282810
0.317511
0.250468
0.303979
0.343524
0.387803
0.264389
0.239894
0.305907
0.315455
0.305533
0.319492
0.255128
0.296489
0.321139
0.270075
0.250604
0.254956
0.207270
0.214248
0.327331
0.250233
0.302483
0.342122
0.351657
0.404877
0.391037
0.350220
0.366786
0.224625
0.247002
0.294682
0.344373
0.296818
0.229623
0.268612
0.240510
0.214341
0.228322
0.203916
0.236406
0.280220
0.218376
0.210568
0.231510
0.231657
0.247371
0.282970
0.272543
0.255232
0.266398
0.247173
0.301183
0.252022
0.293603
0.318127
0.237289
0.217217
0.253026
0.352361
0.238091
0.278130
0.310632
0.359243
0.313838
0.354174
0.244476
0.306019
0.269827
0.275741
0.282986
0.337020
0.291513
0.283207
0.357097
0.255980
0.269880
0.395582
0.289719
0.297159
0.241910
0.272401
0.294158
0.348827
0.317573
0.222013
0.266678
0.233094
0.320257
0.266672
0.302043
0.278695
0.266553
0.253261
0.241908
0.317538
0.261310
0.417270
0.371875
0.423527
0.476474
0.409527
0.508439
0.473053
0.288495
0.285127
0.435867
0.295525
0.395882
0.291827
0.276567
0.359646
0.317199
0.301605
0.353615
0.379131
0.376008
0.353903
0.307142
0.287508
0.409324
0.256717
0.318874
0.316561
0.292903
0.335457
0.292485
0.287348
0.402947
0.343445
0.310330
0.269180
0.351549
0.283622
0.378911
0.202312
0.269340
0.324207
0.309919
0.406236
0.336003
0.330559
0.378605
0.266938
0.341499
0.231256
0.295946
0.251230
0.199543
0.288727
0.235545
0.273844
0.324546
0.277707
0.286549
0.341672
0.257938
0.235698
0.310180
0.269999
0.282481
0.263644
0.202514
0.209823
0.347953
0.274637
0.291498
0.288486
0.367409
0.319327
0.303336
0.309873
0.340644
0.234349
0.314365
0.292120
0.271011
0.288192
0.245566
0.278001
0.285757
0.230546
0.286344
0.340916
0.243542
0.318259
0.383392
0.313850
0.400328
0.256786
0.281218
0.374200
0.308124
0.235682
0.248292
0.246805
0.291965
0.340374
0.274769
0.240126
0.267911
0.308743
0.299860
0.291131
0.268975
0.242959
0.364013
0.233132
0.261378
0.252666
0.265946
0.244516
0.310886
0.283609
0.285888
0.276962
0.313244
0.317047
0.252065
0.283605
0.304500
0.238657
0.256882
0.284801
0.217430
0.237450
0.263051
0.262489
0.243859
0.246210
0.123097
0.078837
0.119477
0.144712
0.236576
0.265795
0.243901
0.255869
0.112274
0.084509
0.099964
0.101104
0.179508
0.230966
0.213857
0.230835
0.201864
0.318553
0.212756
0.224890
0.270273
0.240768
0.219388
0.288464
0.276087
0.286895
0.257090
0.288001
0.209169
0.296559
0.224285
0.249569
0.214469
0.258812
0.274284
0.283366
0.253852
0.277706
0.253345
0.078740
0.109241
0.142189
0.248698
0.191127
0.263827
0.201913
0.190640
0.172005
0.217611
0.196172
0.182061
0.210899
0.171151
0.173612
0.240640
0.197688
0.256521
0.226986
0.294042
0.245006
0.172781
0.195334
0.231448
0.181394
0.193052
0.124040
0.159774
0.212593
0.247593
0.232889
0.276040
0.307072
0.234493
0.271970
0.249067
0.241617
0.236480
0.263695
0.267019
0.229004
0.196578
0.265180
0.242871
0.261018
0.260757
0.204059
0.232255
0.228423
0.201544
0.260686
0.251508
0.216835
0.169744
0.250183
0.247817
0.255312
0.214288
0.300425
0.222310
0.236132
0.263667
0.291864
0.222034
0.248064
0.227241
0.221245
0.256196
0.266625
0.227819
0.258450
0.265064
0.141271
0.145375
0.183475
0.260043
0.248490
0.193174
0.213424
0.215417
0.184439
0.209270
0.247864
0.234430
0.246606
0.138205
0.207560
0.180956
0.235099
0.246483
0.195349
0.205622
0.216742
0.213073
0.209137
0.262850
0.221000
0.198329
0.185958
0.253778
0.249997
0.198794
0.222128
0.226786
0.245880
0.210736
0.212426
0.264704
0.248920
0.200312
0.165265
0.182204
0.226138
0.230733
0.267644
0.291359
0.237579
0.210518
0.226015
0.254873
0.245390
0.216140
0.179614
0.211815
0.240977
0.135984
0.174126
0.225546
0.198391
0.158690
0.242192
0.161858
0.200326
0.260947
0.241302
0.249263
0.222029
0.222512
0.228138
0.267696
0.282357
0.128841
0.237015
0.237850
0.303788
0.273857
0.232548
0.306178
0.212764
0.422969
0.203156
0.430311
0.268014
0.267898
0.249836
0.500881
0.488001
0.512902
0.608310
0.419641
0.127166
0.163453
0.233311
0.255959
0.149525
0.214513
0.187183
0.209781
0.196902
0.193962
0.227537
0.208998
0.216973
0.248462
0.241688
0.193982
0.217679
0.196005
0.248704
0.192453
0.158034
0.217611
0.287139
0.249802
0.161877
0.180936
0.208677
0.317677
0.261014
0.268377
0.242375
0.312976
0.333708
0.200956
0.209974
0.177706
0.233531
0.214204
0.205346
0.192155
0.238062
0.239958
0.163143
0.226448
0.305262
0.222585
0.223966
0.197984
0.163497
0.202825
0.203996
0.160934
0.202057
0.146973
0.194729
0.194946
0.207985
0.201272
0.268302
0.241170
0.203588
0.228482
0.216552
0.193885
0.302827
0.221584
0.238562
0.235106
0.268039
0.184211
0.182622
0.190590
0.231599
0.111243
0.271583
0.219433
0.254237
0.229329
0.221361
0.203696
0.182106
0.213703
0.260491
0.360423
0.203119
0.208431
0.213417
0.206429
0.187749
0.247811
0.260485
0.225472
0.256373
0.225258
0.200184
0.143121
0.214711
0.271105
0.180773
0.199433
0.216439
0.257428
0.172551
0.206892
0.248290
0.157082
0.132794
0.179868
0.214211
0.145993
0.115871
0.194111
0.181701
0.167054
0.169466
0.136549
0.126570
0.157391
0.161730
0.198858
0.169292
0.227130
0.158700
0.129220
0.166732
0.166364
0.170746
0.167410
0.113710
0.163899
0.219559
0.224533
0.296798
0.241413
0.187841
0.165980
0.238254
0.264345
0.173108
0.185802
0.147301
0.167156
0.186633
0.183745
0.173684
0.041444
0.132966
0.146956
0.170700
0.177505
0.173705
0.262860
0.267174
0.260036
0.297799
0.225313
0.222560
0.160044
0.193585
0.216554
0.226490
0.189476
0.148769
0.174779
0.182616
0.194418
0.125243
0.140398
0.167897
0.133043
0.185306
0.199322
0.173611
0.285119
0.134728
0.173989
0.218208
0.248260
0.242466
0.218073
0.165834
0.180424
0.136161
0.191485
0.163410
0.163329
0.199754
0.184991
0.186050
0.170900
0.154216
0.214156
0.223701
0.179490
0.141277
0.136316
0.190198
0.171855
0.152389
0.186493
0.158533
0.167182
0.226674
0.184739
0.201184
0.173378
0.210891
0.146563
0.111782
0.195356
0.162962
0.170675
0.172933
0.157503
0.169401
0.240046
0.259244
0.224018
0.264469
0.262278
0.256204
0.218378
0.154811
0.151719
0.190629
0.267694
0.213778
0.209716
0.223229
0.214444
0.278527
0.202153
0.201060
0.192733
0.181456
0.212606
0.196333
0.153339
0.179458
0.204812
0.152044
0.209414
0.315313
0.207312
0.243579
0.296431
0.232527
0.234233
0.172992
0.288014
0.272424
0.219331
0.278090
0.233894
0.186894
0.160389
0.109203
0.174551
0.145974
0.191485
0.159513
0.127216
0.124837
0.181430
0.151092
0.133158
0.163104
0.144712
0.148901
0.193006
0.201472
0.155975
0.166100
0.129410
0.201866
0.165542
0.178184
0.147397
0.188657
0.134591
0.158621
0.185195
0.100620
0.169919
0.131134
0.165876
0.202502
0.139909
0.145456
0.165361
0.160180
0.140453
0.172507
0.164581
0.170167
0.164363
0.180315
0.152855
0.136575
0.233628
0.239471
0.154355
0.149565
0.202569
0.145081
0.165046
0.178146
0.121659
0.132126
0.159855
0.177814
0.179520
0.206413
0.189254
0.235153
0.138326
0.199441
0.179374
0.241889
0.143064
0.248444
0.194029
0.289735
0.247291
0.244139
0.208578
0.242798
0.187874
0.206367
0.188949
0.241755
0.265005
0.229726
0.211979
0.232085
0.213786
0.232569
0.203914
0.259642
0.236933
0.238137
0.212632
0.267259
0.262281
0.227487
0.203730
0.162609
0.234507
0.206579
0.168757
0.325433
0.273024
0.211855
0.203148
0.197148
0.248895
0.266899
0.137342
0.193859
0.185648
0.255049
0.333767
0.384811
0.243273
0.225287
0.284760
0.221787
0.269149
0.478426
0.500557
0.405354
0.483173
0.348108
0.380297
0.641103
0.661699
0.658182
0.499514
0.457594
0.416322
0.477131
0.526608
0.426725
0.565252
0.517216
0.455566
0.278648
0.391177
0.380713
0.353134
0.488375
0.501734
0.311930
0.531441
0.385169
0.318881
0.415316
0.437176
0.298894
0.330765
0.386999
0.377066
0.404354
0.321592
0.572653
0.473050
0.525980
0.413977
0.448202
0.388060
0.865346
0.541429
0.464455
0.471579
0.423553
0.315115
0.361071
0.352592
0.356868
0.502970
0.526237
0.471604
0.306764
0.358703
0.292765
0.147713
0.158423
0.174383
0.264333
0.112035
0.274068
0.285927
0.387957
0.398330
0.209087
0.237203
0.227098
0.290820
0.315300
0.355361
0.264929
0.126768
0.261724
0.199295
0.265639
0.258940
0.317955
0.303370
0.292188
0.215707
0.276635
0.242992
0.210316
0.276792
0.202368
0.255075
0.207400
0.238735
0.170601
0.222168
0.261793
0.248803
0.214727
0.216719
0.254561
0.217056
0.258886
0.312207
0.232896
0.273976
0.151043
0.232615
0.218057
0.261043
0.199566
0.237763
0.172772
0.249717
0.206831
0.161416
0.193421
0.197715
0.258210
0.257981
0.270482
0.206095
0.285165
0.263386
0.281141
0.281195
0.262385
0.301573
0.259341
0.190191
0.242860
0.183857
0.199237
0.205283
0.264612
0.182897
0.185791
0.253411
0.214452
0.229441
0.247721
0.221334
0.244349
0.230874
0.251959
0.189782
0.235211
0.222798
0.236373
0.221265
0.180257
0.159681
0.270276
0.313693
0.145205
0.316491
0.229640
0.169956
0.167799
0.205600
0.237817
0.265006
0.134639
0.240979
0.236197
0.240615
0.242364
0.322968
0.190167
0.286145
0.200917
0.167802
0.212315
0.214717
0.262232
0.196177
0.287789
0.218915
0.213957
0.265364
0.252188
0.184531
0.291699
0.276327
0.278918
0.330429
0.216394
0.447558
0.359904
0.318860
0.444861
0.432113
0.646399
0.472445
0.523453
0.628720
0.398060
0.486967
0.531726
0.382081
0.244707
0.423429
0.289709
0.253524
0.300694
0.286646
0.314314
0.302010
0.270899
0.244595
0.192973
0.326791
0.423571
0.393647
0.330127
0.312135
0.376156
0.274816
0.314882
0.272978
0.424489
0.399147
0.466317
0.221823
0.339334
0.341066
0.460548
0.396913
0.405664
0.382929
0.325300
0.284056
0.522207
0.271372
0.295213
0.437361
0.437589
0.509066
0.400830
0.432557
0.302668
0.423100
0.392806
0.381442
0.477311
0.300434
0.232534
0.287717
0.271960
0.298076
0.230574
0.152832
0.308416
0.213428
0.256815
0.348576
0.347996
0.404288
0.390638
0.452569
0.408246
0.350824
0.413019
0.351096
0.507743
0.447329
0.449481
0.392348
0.396774
0.451301
0.302303
0.483794
0.523612
0.422105
0.365328
0.245503
0.140530
0.293133
0.437191
0.285629
0.370770
0.457201
0.354911
0.396076
0.377339
0.188496
0.303433
0.458739
0.362893
0.399107
0.381278
0.434414
0.427460
0.373050
0.448438
0.258260
0.397933
0.297291
0.319179
0.333057
0.310685
0.223995
0.347415
0.395696
0.442463
0.433875
0.385964
0.343135
0.349285
0.255949
0.240641
0.423134
0.294319
0.269543
0.228132
0.420982
0.368524
0.393436
0.195169
0.329598
0.266636
0.249419
0.168221
0.315729
0.481459
0.429309
0.326517
0.397928
0.256121
0.292296
0.339049
0.241900
0.352047
0.276938
0.298050
0.334399
0.495400
0.341456
0.206945
0.337635
0.296299
0.461484
0.403271
0.333443
0.346634
0.245531
0.329431
0.246819
0.201507
0.281237
0.172448
0.315124
0.247595
0.349870
0.285445
0.248767
0.232452
0.298156
0.255851
0.192211
0.284784
0.196326
0.224148
0.311362
0.397866
0.318137
0.316709
0.208029
0.236863
0.333059
0.191447
0.191241
0.207526
0.342048
0.407218
0.188956
0.282090
0.295556
0.299787
0.289448
0.214224
0.225850
0.285739
0.295561
0.243298
0.298745
0.298598
0.253502
0.227418
0.241350
0.311285
0.337330
0.238077
0.210512
0.313344
0.470737
0.322033
0.271643
0.316226
0.278619
0.263178
0.391630
0.276605
0.336810
0.307556
0.289845
0.262718
0.241778
0.240173
0.242333
0.327556
0.247620
0.163893
0.142887
0.167978
0.303359
0.316184
0.234623
0.231054
0.224445
0.220279
0.280592
0.201790
0.279444
0.238504
0.333366
0.296691
0.277216
0.300681
0.133585
0.483207
0.343422
0.228411
0.234593
0.220251
0.225137
0.106811
0.218997
0.169847
0.286131
0.273853
0.326788
0.294084
0.176417
0.343321
0.315317
0.327516
0.294705
0.324708
0.388354
0.271642
0.226427
0.212517
0.233310
0.238292
0.256258
0.253872
0.143252
0.210450
0.193053
0.204752
0.263219
0.214845
0.308913
0.250444
0.399922
0.289770
0.139867
0.337350
0.344148
0.201627
0.191782
0.282962
0.193483
0.264900
0.250674
0.187774
0.259251
0.218008
0.208853
0.193595
0.224503
0.152593
0.156323
0.219962
0.268137
0.160258
0.155306
0.252005
0.170708
0.257122
0.133652
0.157892
0.267365
0.220089
0.330969
0.182009
0.223883
0.259959
0.275522
0.223467
0.189626
0.221482
0.256740
0.167988
0.205909
0.182384
0.286679
0.152359
0.234414
0.128475
0.263594
0.228481
0.314818
0.212913
0.270840
0.266675
0.326297
0.296185
0.312020
0.231146
0.364663
0.241267
0.302029
0.229824
0.250816
0.327876
0.307469
0.180590
0.295233
0.325856
0.293119
0.286978
0.332291
0.306848
0.208954
0.143955
0.144048
0.247121
0.101071
0.213605
0.230448
0.224869
0.147799
0.319783
0.394393
0.311523
0.296391
0.217238
0.281023
0.464195
0.235133
0.193064
0.207132
0.260647
0.221300
0.178835
0.260101
0.402724
0.447774
0.312043
0.301964
0.264467
0.258075
0.305867
0.305985
0.319386
0.265463
0.192449
0.248880
0.215907
0.318363
0.205514
0.315578
0.232005
0.299651
0.214138
0.290974
0.115239
0.212897
0.217050
0.245392
0.235616
0.116848
0.266210
0.190673
0.221979
0.168997
0.209942
0.213287
0.347106
0.316428
0.277196
0.151991
0.298875
0.244812
0.223157
0.250297
0.356809
0.211677
0.393095
0.201908
0.338909
0.234569
0.289871
0.264253
0.300222
0.300774
0.224573
0.257894
0.264582
0.184636
0.274092
0.309945
0.221500
0.246028
0.310964
0.311666
0.162427
0.143855
0.226563
0.302402
0.159808
0.167770
0.177295
0.225723
0.179667
0.350652
0.202224
0.195753
0.235258
0.295721
0.270556
0.184386
0.246445
0.325831
0.457473
0.368526
0.307650
0.324818
0.281507
0.356052
0.175663
0.276165
0.354162
0.389070
0.159351
0.216564
0.169907
0.305899
0.212718
0.249121
0.301954
0.315028
0.181150
0.230357
0.198207
0.247050
0.245601
0.195877
0.250798
0.278422
0.280252
0.252408
0.309728
0.309295
0.343511
0.382324
0.424284
0.318137
0.177986
0.323134
0.217394
0.267381
0.215212
0.292543
0.197071
0.225484
0.266878
0.284610
0.212254
0.354725
0.262995
0.252075
0.259162
0.196366
0.256402
0.196114
0.323412
0.259630
0.210106
0.170688
0.326748
0.106658
0.223432
0.298022
0.330760
0.208438
0.230127
0.285735
0.452470
0.227741
0.286547
0.458375
0.282469
0.358894
0.263484
0.295666
0.246625
0.283493
0.133781
0.224386
0.287575
0.233405
0.175558
0.321930
0.239197
0.311204
0.316585
0.306040
0.272598
0.280056
0.261559
0.208652
0.305278
0.165805
0.254479
0.273538
0.318866
0.295638
0.320120
0.293233
0.270406
0.311726
0.215385
0.381371
0.360444
0.380231
0.198594
0.277619
0.162935
0.310445
0.241663
0.307978
0.400751
0.372084
0.393028
0.352798
0.198253
0.242696
0.305737
0.153617
0.295640
0.233611
0.286738
0.204978
0.210237
0.251591
0.347488
0.228184
0.284776
0.355128
0.381258
0.302488
0.451892
0.218279
0.201199
0.294798
0.124745
0.236591
0.238063
0.209437
0.301372
0.282870
0.459608
0.539770
0.439554
0.289035
0.303252
0.266633
0.256772
0.234057
0.213279
0.260195
0.168420
0.276216
0.229960
0.319393
0.239455
0.314461
0.313765
0.218220
0.368912
0.284790
0.268492
0.171966
0.313597
0.256475
0.283053
0.340716
0.279501
0.193901
0.227143
0.240758
0.239571
0.262866
0.200665
0.265069
0.225029
0.259464
0.209922
0.259773
0.281122
0.270869
0.362037
0.223203
0.513994
0.383967
0.161778
0.337814
0.407166
0.195099
0.332836
0.227828
0.251164
0.239828
0.186588
0.323535
0.180445
0.255287
0.170739
0.255029
0.342061
0.230442
0.305350
0.258197
0.217966
0.153643
0.201625
0.363105
0.186950
0.289019
0.240652
0.331988
0.272065
0.206382
0.397947
0.514665
0.316510
0.427497
0.278616
0.317332
0.177400
0.124911
0.137427
0.246406
0.286958
0.279406
0.166297
0.187941
0.154744
0.193257
0.241719
0.260388
0.213413
0.249261
0.239940
0.277063
0.220209
0.247908
0.267859
0.326076
0.310230
0.256788
0.323353
0.143376
0.311747
0.422865
0.342207
0.310366
0.258413
0.264492
0.226044
0.239664
0.307820
0.182117
0.262171
0.279843
0.206367
0.198690
0.189284
0.347852
0.299120
0.163826
0.329491
0.444329
0.256631
0.317765
0.229904
0.296850
0.264111
0.240801
0.329422
0.142148
0.177644
0.161946
0.451903
0.310661
0.181101
0.413112
0.337628
0.279078
0.231663
0.323817
0.349224
0.289536
0.272292
0.341075
0.277726
0.286021
0.230948
0.271538
0.259953
0.283340
0.320035
0.235876
0.318953
0.117492
0.488104
0.316460
0.263677
0.249423
0.219511
0.251891
0.425699
0.533756
0.497344
0.268774
0.296425
0.390017
0.281568
0.381890
0.235174
0.148699
0.433215
0.355386
0.437383
0.419023
0.338141
0.283126
0.188977
0.292086
0.161896
0.221730
0.152952
0.149028
0.382984
0.187479
0.162650
0.277225
0.317047
0.310798
0.134408
0.227358
0.188627
0.186701
0.369553
0.242625
0.266381
0.391761
0.237511
0.243863
0.331614
0.273533
0.152810
0.183834
0.361991
0.451844
0.238908
0.229642
0.158789
0.394685
0.356557
0.378855
0.212400
0.213862
0.285274
0.381813
0.352068
0.283527
0.300992
0.419914
0.225930
0.285372
0.136128
0.310699
0.279044
0.238323
0.229744
0.307855
0.290518
0.172068
0.230286
0.335627
0.273571
0.375900
0.347437
0.177787
0.290121
0.084822
0.188749
0.228616
0.206629
0.130905
0.164225
0.238261
0.205436
0.187109
0.260412
0.271715
0.289464
0.258732
0.200563
0.487591
0.327643
0.243931
0.240687
0.242109
0.277243
0.267868
0.185544
0.256952
0.217196
0.256915
0.247769
0.304583
0.281661
0.277021
0.301521
0.245254
0.423467
0.192783
0.300451
0.284897
0.199002
0.324272
0.332093
0.343719
0.417483
0.237817
0.302582
0.141640
0.179187
0.143140
0.212837
0.164109
0.208462
0.225545
0.182329
0.372034
0.262615
0.206390
0.266298
0.267456
0.308341
0.289315
0.205841
0.302309
0.351877
0.450493
0.283089
0.178773
0.231224
0.299783
0.265998
0.207080
0.256196
0.259081
0.300385
0.232458
0.356411
0.303635
0.455663
0.156408
0.288789
0.319561
0.237241
0.242970
0.224018
0.265889
0.246280
0.232035
0.310432
0.238916
0.263684
0.383831
0.369597
0.188349
0.298212
0.332707
0.287723
0.313629
0.241602
0.332566
0.356804
0.225447
0.263298
0.180673
0.336422
0.226586
0.312147
0.349335
0.371233
0.284759
0.255705
0.244463
0.432756
0.337880
0.184166
0.270077
0.350516
0.419681
0.303112
0.160381
0.321275
0.309850
0.302469
0.367678
0.355826
0.265462
0.255114
0.345712
0.299963
0.236671
0.217657
0.190320
0.187981
0.264053
0.207546
0.190331
0.291986
0.268664
0.246933
0.227105
0.253597
0.276104
0.262889
0.325044
0.179947
0.363431
0.252325
0.369949
0.294019
0.315881
0.298315
0.250725
0.142599
0.356880
0.313822
0.269013
0.244057
0.257230
0.248448
0.269009
0.438689
0.149139
0.343067
0.338752
0.292067
0.350368
0.384677
0.282344
0.255079
0.274336
0.351397
0.334187
0.242148
0.334150
0.343019
0.251877
0.147812
0.341202
0.214441
0.245088
0.204458
0.203000
0.364481
0.229451
0.234362
0.250100
0.344085
0.165431
0.233446
0.193091
0.344891
0.199979
0.230637
0.296160
0.210218
0.380070
0.229148
0.293386
0.245043
0.268316
0.184156
0.204791
0.351391
0.213461
0.272300
0.307650
0.386787
0.420238
0.447413
0.271041
0.267239
0.238773
0.242700
0.187024
0.335013
0.190896
0.312927
0.293073
0.202613
0.329810
0.347628
0.356850
0.340556
0.302485
0.220852
0.146524
0.217177
0.220868
0.211579
0.230020
0.189703
0.184164
0.313758
0.237854
0.449543
0.196364
0.334831
0.451092
0.414531
0.489597
0.361210
0.357654
0.339215
0.303234
0.116438
0.261184
0.256085
0.208514
0.260455
0.207013
0.224618
0.391640
0.183850
0.289624
0.351875
0.369219
0.200777
0.191171
0.262400
0.238699
0.179306
0.205072
0.180114
0.222306
0.229193
0.248221
0.273300
0.231816
0.169309
0.278789
0.195658
0.237303
0.379404
0.333089
0.164896
0.261794
0.274843
0.395451
0.331211
0.324235
0.164903
0.272047
0.178636
0.301924
0.286823
0.214667
0.230932
0.168528
0.135054
0.158580
0.160321
0.271967
0.188003
0.335090
0.235852
0.217975
0.335953
0.261595
0.348142
0.415237
0.376708
0.220803
0.186529
0.192377
0.282506
0.329259
0.297885
0.192704
0.198130
0.303946
0.304968
0.194461
0.320363
0.126416
0.372505
0.204572
0.240038
0.319467
0.316440
0.406584
0.293694
0.221927
0.229306
0.269419
0.183220
0.313593
0.294580
0.285355
0.290863
0.322721
0.279426
0.342372
0.284098
0.368982
0.379937
0.346333
0.313802
0.420157
0.298510
0.306336
0.299428
0.278522
0.259969
0.312225
0.324594
0.230906
0.130627
0.261746
0.208077
0.119817
0.302207
0.409179
0.372776
0.387929
0.209311
0.288735
0.350959
0.150086
0.544516
0.346664
0.328016
0.260926
0.269446
0.240389
0.240001
0.229310
0.252983
0.175092
0.310498
0.303033
0.247831
0.168845
0.238069
0.238808
0.321726
0.201237
0.355538
0.166523
0.218279
0.315745
0.348910
0.256578
0.255958
0.296832
0.170183
0.295256
0.235973
0.324770
0.233429
0.158870
0.210489
0.217838
0.285994
0.281781
0.226712
0.447739
0.279872
0.259301
0.282862
0.301655
0.264008
0.268322
0.270224
0.282317
0.227908
0.355563
0.159199
0.306763
0.306031
0.228816
0.256001
0.373458
0.404606
0.212624
0.273778
0.095715
0.235455
0.251677
0.275076
0.318170
0.310137
0.257492
0.249854
0.241719
0.292154
0.362864
0.294150
0.263246
0.146785
0.257682
0.335584
0.258211
0.224254
0.368181
0.320305
0.210229
0.247554
0.224101
0.202593
0.386733
0.271856
0.281417
0.320660
0.484184
0.341593
0.234945
0.264880
0.269484
0.327997
0.209776
0.288573
0.145273
0.256761
0.245758
0.299142
0.237005
0.428963
0.288977
0.332394
0.274803
0.211719
0.304996
0.331170
0.279910
0.295091
0.312355
0.198697
0.332467
0.277092
0.409775
0.431030
0.144295
0.234419
0.310324
0.290676
0.236438
0.248061
0.301863
0.248430
0.226492
0.205270
0.268101
0.318599
0.229600
0.380215
0.351953
0.332135
0.444746
0.337503
0.297544
0.332265
0.268358
0.262115
0.344216
0.295823
0.284982
0.271689
0.163969
0.296442
0.235753
0.290368
0.314887
0.264498
0.170352
0.396688
0.263316
0.293885
0.254788
0.146850
0.200337
0.193609
0.296881
0.344541
0.230203
0.257914
0.166992
0.189532
0.273916
0.396625
0.254109
0.194290
0.247123
0.211408
0.224231
0.157855
0.264104
0.352377
0.261676
0.216555
0.352720
0.272039
0.167214
0.254841
0.253181
0.320945
0.281041
0.269939
0.209669
0.256494
0.327096
0.314277
0.335634
0.207005
0.325535
0.346855
0.340277
0.341136
0.365683
0.214881
0.321469
0.124823
0.370029
0.266591
0.189415
0.192605
0.335687
0.285234
0.258598
0.325571
0.209642
0.344480
0.260083
0.252592
0.238064
0.456797
0.329328
0.407457
0.253637
0.373837
0.236332
0.431898
0.211176
0.234695
0.102353
0.323299
0.324992
0.141148
0.247545
0.205198
0.158851
0.199996
0.193082
0.406728
0.348330
0.342425
0.308994
0.290908
0.201079
0.286556
0.289292
0.218941
0.352428
0.371945
0.225832
0.241926
0.253469
0.249785
0.235629
0.163314
0.293789
0.369905
0.354228
0.172989
0.349480
0.277963
0.282876
0.366040
0.324958
0.327142
0.346028
0.352291
0.361363
0.323661
0.156324
0.362302
0.267558
0.284249
0.300663
0.369243
0.309233
0.371156
0.352490
0.210912
0.218830
0.344478
0.260807
0.148893
0.214297
0.186998
0.278791
0.277261
0.248932
0.335990
0.107821
0.223149
0.195781
0.298780
0.196226
0.207607
0.210747
0.147827
0.214841
0.266295
0.220697
0.169020
0.144609
0.182744
0.107288
0.161780
0.227641
0.223479
0.214379
0.291758
0.233456
0.137890
0.282085
0.273784
0.199693
0.260013
0.141006
0.250706
0.184381
0.224300
0.370773
0.267380
0.248499
0.217470
0.255867
0.315279
0.346242
0.227386
0.177734
0.385401
0.314492
0.276933
0.251285
0.323060
0.234792
0.372727
0.269707
0.260312
0.243310
0.271348
0.249667
0.295354
0.280813
0.267843
0.326777
0.383836
0.289361
0.309436
0.183935
0.281492
0.261089
0.375434
0.319736
0.318046
0.182633
0.338746
0.296742
0.173139
0.246850
0.261080
0.257945
0.289283
0.273253
0.131614
0.135305
0.260706
0.261809
0.262937
0.362159
0.308316
0.271163
0.306058
0.311393
0.204772
0.365677
0.333351
0.218415
0.189405
0.217301
0.317932
0.202149
0.376014
0.326932
0.248571
0.282785
0.292945
0.223253
0.296390
0.284720
0.358924
0.309926
0.271138
0.316755
0.300290
0.242033
0.289358
0.339283
0.360867
0.414686
0.356316
0.379177
0.216012
0.230518
0.284563
0.353072
0.196617
0.224908
0.179829
0.161323
0.261106
0.187989
0.311814
0.221160
0.268320
0.256290
0.325504
0.305344
0.305937
0.295112
0.123268
0.258074
0.172470
0.332633
0.214185
0.265215
0.369908
0.430590
0.425307
0.156808
0.288292
0.339772
0.370482
0.347597
0.222257
0.223291
0.230245
0.240073
0.288968
0.247352
0.175146
0.285935
0.213668
0.303896
0.214162
0.331027
0.290938
0.293156
0.363938
0.305823
0.178358
0.265870
0.325463
0.320517
0.478854
0.311944
0.270230
0.247976
0.219170
0.205451
0.211865
0.342521
0.273570
0.373133
0.269379
0.235927
0.263941
0.192871
0.207178
0.177694
0.227976
0.325955
0.289812
0.214350
0.319302
0.246278
0.151272
0.261528
0.308470
0.262629
0.161628
0.282278
0.219040
0.233050
0.281381
0.282048
0.375368
0.229584
0.257461
0.286635
0.312504
0.181856
0.284449
0.256150
0.227203
0.205886
0.323530
0.254975
0.146908
0.218431
0.215454
0.278199
0.151520
0.134471
0.252060
0.321512
0.404418
0.233379
0.398879
0.271104
0.273824
0.166771
0.188323
0.297748
0.255863
0.270838
0.228320
0.331234
0.270684
0.222783
0.333003
0.349421
0.418044
0.165925
0.268625
0.138510
0.207760
0.450654
0.269572
0.234043
0.280304
0.352478
0.489502
0.235413
0.451741
0.258055
0.237249
0.261410
0.206207
0.208148
0.244818
0.162694
0.253272
0.483754
0.286539
0.177103
0.146897
0.260810
0.232806
0.264895
0.217671
0.244346
0.230443
0.323510
0.278865
0.164587
0.278072
0.180125
0.190060
0.324033
0.239563
0.240248
0.316210
0.179515
0.373633
0.292373
0.262700
0.207780
0.292136
0.223521
0.298156
0.329391
0.307645
0.248841
0.312556
0.309580
0.330006
0.252274
0.218869
0.201504
0.414035
0.330773
0.246390
0.275387
0.318067
0.287190
0.208405
0.204493
0.243256
0.278620
0.225501
0.455257
0.385745
0.167642
0.185621
0.251308
0.231445
0.334295
0.443310
0.304619
0.219790
0.206615
0.215183
0.171454
0.366671
0.227109
0.195570
0.186074
0.245284
0.320770
0.186838
0.261463
0.315727
0.372510
0.213042
0.234345
0.308911
0.303142
0.307380
0.423558
0.368023
0.493802
0.356035
0.319638
0.410670
0.169136
0.276060
0.307580
0.215663
0.171920
0.347670
0.322496
0.241387
0.197206
0.286516
0.393500
0.259727
0.196698
0.302151
0.319254
0.353927
0.339971
0.294180
0.275149
0.286378
0.261928
0.270193
0.356698
0.280318
0.398620
0.370983
0.241401
0.176165
0.227805
0.294095
0.201941
0.218816
0.240608
0.180936
0.167970
0.182299
0.255775
0.236097
0.201689
0.187740
0.215882
0.226765
0.180153
0.199581
0.221376
0.241417
0.243502
0.300601
0.367870
0.332545
0.238454
0.333173
0.225976
0.290317
0.386192
0.328145
0.186298
0.259457
0.237529
0.296684
0.311035
0.177883
0.252150
0.354419
0.345198
0.355152
0.305352
0.192354
0.239194
0.145797
0.309264
0.284024
0.300026
0.307803
0.306528
0.238734
0.281499
0.253504
0.288634
0.484943
0.310534
0.147562
0.182959
0.282383
0.348339
0.368866
0.338322
0.367890
0.333229
0.314302
0.213496
0.201043
0.187192
0.184086
0.229750
0.261199
0.223447
0.124129
0.250357
0.219156
0.197910
0.181734
0.264258
0.250908
0.171782
0.202881
0.247761
0.236636
0.229954
0.247804
0.095897
0.128694
0.303631
0.206800
0.130982
0.230072
0.292081
0.336438
0.167907
0.156037
0.292148
0.204097
0.220931
0.313422
0.401536
0.335376
0.418430
0.203296
0.216967
0.218308
0.256577
0.278631
0.307774
0.424618
0.285931
0.261963
0.199980
0.282574
0.293551
0.144661
0.327955
0.220288
0.229757
0.314706
0.314256
0.296080
0.388331
0.299297
0.191162
0.356309
0.312900
0.335376
0.289329
0.323092
0.494687
0.264340
0.255658
0.242211
0.279480
0.275976
0.261975
0.166998
0.288105
0.224490
0.241235
0.337591
0.234538
0.296861
0.331660
0.181746
0.210461
0.254437
0.326001
0.243141
0.530911
0.246835
0.277904
0.248457
0.272626
0.289978
0.276471
0.242307
0.160363
0.222991
0.246261
0.236537
0.234285
0.381863
0.225640
0.207481
0.340158
0.297130
0.350160
0.256577
0.192374
0.244816
0.388186
0.328459
0.279252
0.257611
0.152020
0.281807
0.208497
0.158268
0.263355
0.296056
0.256862
0.236295
0.285981
0.289841
0.213610
0.327715
0.281563
0.385106
0.280382
0.269433
0.316396
0.240957
0.191041
0.270592
0.274676
0.306273
0.341303
0.237751
0.309209
0.191677
0.398098
0.383793
0.115177
0.205105
0.251300
0.255430
0.254684
0.309233
0.305251
0.188128
0.252805
0.274869
0.236474
0.330260
0.240795
0.242179
0.339581
0.237349
0.270015
0.327758
0.227567
0.099733
0.246438
0.345848
0.238834
0.270039
0.265563
0.172949
0.325183
0.284763
0.293304
0.166712
0.398026
0.437275
0.385744
0.269531
0.209190
0.331347
0.241666
0.289285
0.301188
0.402657
0.367421
0.370214
0.350413
0.237442
0.347481
0.286233
0.165828
0.245887
0.222610
0.193227
0.179533
0.227324
0.259330
0.259974
0.246052
0.226638
0.210309
0.198198
0.155410
0.217367
0.249203
0.133873
0.246041
0.410885
0.237294
0.437213
0.385185
0.273890
0.211870
0.316344
0.275533
0.335380
0.240489
0.317212
0.247467
0.363968
0.215014
0.272138
0.226002
0.267424
0.355396
0.192842
0.248339
0.266688
0.262352
0.176940
0.373807
0.279302
0.374305
0.298907
0.273421
0.162941
0.339956
0.288954
0.375970
0.196798
0.369842
0.260609
0.380533
0.174721
0.294841
0.243195
0.300351
0.234577
0.281353
0.310110
0.287665
0.242172
0.335365
0.273055
0.186007
0.191981
0.269018
0.452939
0.330216
0.280247
0.384208
0.199468
0.230951
0.305387
0.206378
0.270924
0.190248
0.207066
0.247220
0.235980
0.186107
0.191708
0.236822
0.256076
0.387463
0.245819
0.205831
0.193009
0.147580
0.265898
0.330199
0.237606
0.241599
0.237554
0.310120
0.299751
0.446432
0.355577
0.161255
0.263317
0.286724
0.282331
0.357731
0.265456
0.333839
0.324772
0.247965
0.338498
0.304198
0.328006
0.307161
0.280811
0.362821
0.367531
0.331510
0.304876
0.253470
0.280234
0.317706
0.412624
0.306180
0.405728
0.246059
0.251742
0.509353
0.404372
0.469466
0.367373
0.389909
0.303922
0.274372
0.193151
0.309283
0.263465
0.283975
0.294601
0.313704
0.261168
0.350814
0.238517
0.230253
0.293509
0.353428
0.236462
0.203328
0.222279
0.148355
0.279983
0.251153
0.273337
0.219046
0.283299
0.214542
0.301240
0.420645
0.374793
0.353631
0.230112
0.265126
0.264002
0.486906
0.398345
0.363018
0.430186
0.342442
0.306017
0.275262
0.169936
0.416712
0.342945
0.398296
0.379608
0.332711
0.273003
0.327379
0.278326
0.243702
0.314727
0.216910
0.352176
0.331655
0.371897
0.281063
0.308044
0.267826
0.245872
0.207091
0.181411
0.247499
0.327018
0.359511
0.369119
0.398543
0.302258
0.295734
0.329417
0.232055
0.205342
0.277683
0.210928
0.352703
0.511350
0.270865
0.321614
0.217206
0.259080
0.237602
0.281423
0.330842
0.194886
0.213985
0.313676
0.368138
0.306035
0.194366
0.162720
0.254419
0.302630
0.252985
0.188058
0.274916
0.304061
0.320114
0.341097
0.433990
0.473632
0.402028
0.190019
0.288661
0.263847
0.214021
0.315594
0.272578
0.241772
0.302925
0.133774
0.348216
0.146780
0.189338
0.184736
0.302723
0.225921
0.164133
0.278261
0.219604
0.360086
0.257512
0.278927
0.342543
0.216752
0.168677
0.275164
0.325889
0.348566
0.304829
0.314033
0.233448
0.284430
0.208420
0.142083
0.228110
0.421649
0.231069
0.220128
0.361156
0.448486
0.334929
0.490013
0.392398
0.254560
0.331165
0.191759
0.316075
0.262258
0.321648
0.391463
0.433956
0.362940
0.272360
0.420282
0.289131
0.274997
0.311119
0.336164
0.317453
0.350873
0.224816
0.234219
0.291881
0.206841
0.300149
0.477217
0.267117
0.248539
0.245185
0.273163
0.251158
0.289229
0.270601
0.370880
0.397892
0.372436
0.331392
0.313586
0.160851
0.366319
0.254621
0.280249
0.184755
0.206215
0.354474
0.273626
0.231778
0.247460
0.191034
0.537469
0.211099
0.340947
0.372185
0.224606
0.313334
0.303421
0.178646
0.279979
0.245854
0.242665
0.217813
0.239843
0.473890
0.341888
0.405404
0.238555
0.209039
0.354041
0.320982
0.215125
0.286027
0.258616
0.381402
0.321753
0.417220
0.366781
0.341231
0.349537
0.395566
0.407022
0.233022
0.193211
0.254869
0.306136
0.294707
0.264710
0.378972
0.251195
0.285926
0.332640
0.254156
0.263409
0.315239
0.338005
0.258084
0.230951
0.223176
0.177703
0.136503
0.172387
0.250723
0.495697
0.574403
0.422559
0.445889
0.388403
0.531984
0.287935
0.270165
0.285250
0.209432
0.268217
0.356871
0.324572
0.433609
0.313784
0.370884
0.219122
0.248404
0.296090
0.311593
0.260433
0.199970
0.287145
0.261503
0.301344
0.227442
0.381803
0.255497
0.265655
0.269733
0.202370
0.223340
0.229217
0.353036
0.314551
0.258760
0.315972
0.259558
0.243253
0.196608
0.335329
0.276305
0.241969
0.294448
0.182785
0.216988
0.312235
0.224072
0.143192
0.292741
0.177535
0.278476
0.215100
0.360141
0.315705
0.216579
0.261784
0.359240
0.307483
0.245362
0.313479
0.303282
0.229460
0.289360
0.204305
0.379650
0.342823
0.323117
0.192974
0.240160
0.280873
0.271973
0.319007
0.346026
0.251258
0.239725
0.229793
0.252339
0.204588
0.241170
0.419038
0.240398
0.153934
0.360125
0.240379
0.338083
0.318048
0.309654
0.358461
0.254853
0.305282
0.307446
0.387508
0.303290
0.409870
0.287705
0.436875
0.401202
0.258656
0.226706
0.332045
0.244574
0.348145
0.279150
0.397829
0.477444
0.288479
0.208581
0.386317
0.213003
0.354336
0.442087
0.294600
0.360107
0.383617
0.259361
0.573276
0.514123
0.503634
0.394786
0.281052
0.459481
0.361505
0.288397
0.504550
0.358121
0.295998
0.211415
0.260035
0.235017
0.292353
0.122056
0.256600
0.146734
0.319991
0.267862
0.298542
0.312707
0.309949
0.218517
0.474594
0.366727
0.439854
0.352275
0.334381
0.337067
0.266929
0.237959
0.301126
0.258341
0.246665
0.096143
0.370825
0.234566
0.390105
0.267738
0.267222
0.339350
0.407811
0.335699
0.319071
0.445028
0.309955
0.324691
0.331877
0.467586
0.672213
0.323354
0.402716
0.372854
0.291443
0.314787
0.258694
0.275668
0.435951
0.366115
0.296372
0.259199
0.345614
0.265437
0.231965
0.405924
0.257542
0.223997
0.336195
0.335234
0.425110
0.400433
0.356301
0.413232
0.327124
0.282480
0.329192
0.159477
0.256329
0.212940
0.336801
0.443619
0.393763
0.289184
0.261753
0.277953
0.251343
0.342009
0.215269
0.278606
0.296034
0.242011
0.264760
0.367847
0.357561
0.225868
0.239254
0.185772
0.074316
0.491066
0.371695
0.204412
0.251744
0.339302
0.277045
0.214686
0.399718
0.155118
0.359794
0.375007
0.446689
0.374366
0.431545
0.255460
0.190352
0.320472
0.215435
0.273710
0.215783
0.214725
0.126531
0.111187
0.153911
0.116716
0.149535
0.153688
0.226787
0.156448
0.114843
0.101655
0.152357
0.177758
0.133490
0.186285
0.182537
0.172723
0.185240
0.262441
0.383840
0.239406
0.279390
0.285921
0.260456
0.211084
0.226891
0.251918
0.201615
0.313536
0.348398
0.307739
0.415519
0.455153
0.334809
0.254305
0.375758
0.367292
0.437599
0.331425
0.493198
0.420586
0.333752
0.387771
0.453367
0.377473
0.449365
0.451663
0.546063
0.383390
0.448023
0.306514
0.416038
0.478850
0.406462
0.377533
0.299809
0.372225
0.300701
0.514812
0.385650
0.485979
0.555094
0.579677
0.361727
0.393589
0.336217
0.735183
0.588402
0.439029
0.373634
0.406098
0.484955
0.390630
0.501162
0.652534
1.178581
0.655413
0.385945
0.577504
0.700381
0.663692
0.888562
0.541202
0.518947
0.663843
0.567836
0.713471
0.720577
0.430872
0.371611
0.558077
0.535617
0.491410
0.505945
0.488096
0.733947
0.690650
0.553674
0.483386
0.489515
0.477030
0.542193
0.567374
0.513363
0.681332
1.038373
0.751922
0.570054
0.684668
0.550075
1.108195
0.614483
0.538937
0.914123
0.637192
0.465178
0.489663
0.335891
0.548970
0.512355
0.578260
0.552799
0.435328
0.319883
0.496664
0.369255
0.620238
0.990926
0.545844
0.597563
0.657528
0.528718
0.751515
0.644151
0.505885
0.602955
0.571307
0.588498
0.628011
0.676044
0.628228
0.680379
0.497851
0.431370
0.459737
0.473435
0.462921
0.519121
0.440844
0.517264
0.579355
0.558533
0.478132
1.189182
0.387971
0.657932
0.361211
0.308249
0.600055
1.034403
0.764326
0.837862
0.529743
0.359986
0.527909
0.565803
0.331073
0.776407
0.331531
0.506896
0.583313
0.586464
0.365079
0.326749
0.452864
0.554472
0.519178
0.640518
0.616942
0.381644
0.372607
0.466176
0.514423
0.618006
0.695451
0.437940
0.898172
0.959268
0.903803
0.681300
0.508286
0.715124
0.556284
0.753144
0.813133
0.714654
0.963643
0.766950
1.122569
0.792591
0.943799
0.969625
1.004562
0.664221
0.630090
0.529415
0.653740
0.681448
0.681996
0.506869
0.928400
0.676048
0.565782
0.757801
0.743331
0.623745
1.014262
0.909081
0.534980
0.964110
0.746685
0.998578
0.868989
0.513034
1.004034
0.708903
0.754854
0.662251
0.935151
0.527684
0.629258
0.652701
0.636436
0.732639
0.792906
0.903761
0.919855
0.703710
0.760975
0.878178
1.032517
1.023871
1.134135
0.837020
0.773335
0.643297
1.115502
0.836193
0.598436
0.490490
0.580705
0.710413
0.682606
0.878785
0.472646
0.529550
0.458490
0.729195
0.406521
0.431016
0.655099
0.647303
0.451525
0.467264
0.473300
0.474366
0.413077
0.376601
0.377470
0.266909
