604	278	17	19
602	278	17	19
603	278	17	19
603	278	17	18
602	280	17	18
602	278	17	18
601	278	16	18
602	279	16	18
602	278	17	17
604	279	16	18
604	279	16	18
605	280	16	17
605	280	16	17
604	279	16	17
605	279	16	17
605	278	16	17
605	278	16	18
604	279	16	17
604	279	16	17
605	278	16	18
605	280	16	18
605	280	16	17
606	281	16	18
606	281	16	18
605	281	16	17
606	282	16	18
605	282	16	17
604	282	16	17
604	281	16	17
605	283	15	17
605	282	16	18
607	281	16	18
606	281	16	18
606	281	16	17
605	281	16	17
605	281	16	17
605	281	16	17
605	281	16	17
604	279	16	17
605	280	16	16
604	281	16	17
605	280	15	17
605	280	15	17
605	280	15	16
605	279	15	17
606	278	15	17
605	277	15	16
605	278	15	17
606	276	16	16
610	273	15	16
610	272	15	16
610	272	16	16
609	272	16	16
609	270	16	16
609	270	16	16
609	269	16	16
608	266	16	16
609	265	15	16
609	265	15	16
610	264	15	15
611	266	14	14
611	265	15	15
612	263	15	14
612	263	15	14
613	263	15	14
612	264	15	14
613	264	14	14
614	263	14	13
613	263	15	13
614	260	14	13
613	261	14	13
612	259	14	13
613	258	13	13
612	256	13	13
613	257	13	12
612	257	14	13
612	258	14	13
613	256	13	13
613	255	13	13
613	254	12	12
613	253	13	12
612	253	13	11
612	252	13	13
612	250	13	13
611	250	13	14
611	251	12	13
610	251	13	13
610	250	12	13
609	251	12	12
607	251	13	13
608	250	12	12
608	251	12	12
608	250	13	13
607	249	13	13
607	249	13	13
607	249	13	13
607	248	13	13
607	248	13	14
606	249	12	13
607	249	13	13
608	249	13	14
608	251	12	13
607	250	13	13
607	248	13	13
607	249	13	14
607	250	12	13
607	249	12	13
608	249	12	14
607	248	13	13
607	248	13	14
606	247	13	13
606	246	13	13
606	246	13	14
606	246	13	13
605	245	13	13
605	243	13	14
604	243	14	14
606	242	13	14
605	241	13	14
606	239	13	14
607	241	12	13
607	240	12	13
607	239	12	14
606	239	13	13
607	238	13	14
607	238	13	13
608	239	13	13
608	240	13	14
609	239	13	14
607	238	13	14
609	238	13	14
610	238	13	13
611	238	13	13
610	238	13	13
611	237	13	13
610	237	12	13
611	236	13	13
611	235	13	13
611	236	13	14
611	234	13	14
612	232	13	14
612	231	13	15
611	230	13	14
611	232	12	14
612	230	13	14
612	231	12	14
611	232	13	14
611	231	13	14
612	230	13	14
612	231	12	14
612	231	13	14
611	231	13	14
610	230	13	14
610	231	13	14
609	230	13	14
609	231	13	13
608	230	13	13
609	230	13	13
608	231	13	13
608	230	13	13
609	231	13	13
609	230	13	13
608	229	13	13
609	229	13	13
609	228	13	13
609	228	13	14
609	229	13	13
608	230	13	13
609	227	13	14
608	227	13	14
608	228	13	14
608	228	13	14
608	228	13	14
608	228	13	14
608	229	12	13
607	228	12	13
608	228	12	13
609	227	13	14
609	229	13	13
610	228	13	14
609	229	13	14
608	230	13	14
607	228	13	13
608	230	13	13
607	230	13	14
607	230	13	14
608	230	12	14
606	232	13	13
605	231	13	14
605	231	13	14
604	230	13	14
604	231	13	13
603	232	13	13
604	230	13	13
603	230	13	14
602	230	13	14
601	231	13	13
600	230	13	14
601	230	13	14
600	229	13	14
600	229	13	15
599	228	13	14
598	229	13	14
598	229	14	14
598	229	13	14
596	230	14	14
596	228	14	15
595	227	14	15
594	229	14	14
593	229	14	15
592	228	13	14
592	228	13	15
591	228	14	15
590	227	14	14
590	228	14	15
590	228	14	15
590	228	13	15
589	227	14	15
590	227	13	15
590	228	14	15
590	228	14	15
590	228	13	14
590	228	13	15
590	227	13	14
591	227	13	14
590	227	13	14
591	227	13	14
591	227	13	14
591	227	13	14
590	226	13	14
590	226	13	14
591	227	13	13
590	227	13	13
590	226	12	14
591	224	13	14
591	225	12	14
590	225	13	14
590	225	12	14
590	225	13	14
590	225	13	14
590	226	13	14
591	226	13	14
590	226	13	14
589	227	13	14
589	228	13	14
589	227	13	14
589	229	13	14
589	230	13	14
589	230	14	14
590	230	14	15
590	230	14	15
591	231	13	15
591	229	13	14
592	229	13	15
593	229	14	14
593	229	14	15
592	230	13	14
593	230	13	14
594	230	13	14
593	230	13	14
594	230	13	14
594	230	13	14
593	230	13	14
594	230	13	15
594	232	13	15
595	236	13	14
594	233	14	16
595	234	14	15
595	232	13	15
595	232	13	15
595	232	13	14
595	232	13	15
595	233	13	15
594	233	13	15
593	233	13	15
593	233	13	14
593	233	13	15
591	233	13	14
590	233	12	13
589	232	13	14
588	231	13	15
588	232	13	14
586	232	13	15
586	231	13	14
586	232	13	14
586	231	13	15
585	231	13	14
585	232	12	14
584	230	13	15
585	232	14	14
584	230	13	15
584	230	13	14
584	230	14	14
584	229	13	13
583	229	14	14
584	228	14	15
585	229	14	16
585	230	14	15
586	229	13	15
586	227	14	15
588	227	14	15
589	227	13	15
590	225	13	15
590	226	13	14
591	226	13	14
593	224	13	15
594	224	14	16
595	223	13	14
596	222	13	14
598	221	13	14
598	222	13	13
600	221	13	14
601	218	13	16
602	218	13	15
603	217	13	14
603	218	13	14
606	219	12	13
607	218	13	12
607	218	13	13
608	218	13	15
609	218	13	14
611	217	13	14
611	217	13	13
611	218	13	13
609	216	14	14
610	216	13	13
609	215	13	13
609	214	14	14
609	214	13	14
605	215	13	14
609	214	14	14
609	214	14	14
609	214	13	12
608	213	13	13
609	214	13	13
609	213	13	13
609	212	13	13
608	211	13	13
609	210	14	14
607	210	14	14
608	211	14	14
608	211	13	14
607	212	13	14
607	211	14	14
607	211	13	13
607	211	14	13
607	210	13	14
607	209	13	13
607	210	13	14
607	209	13	13
607	209	13	13
607	210	13	13
606	207	14	15
606	208	14	14
607	208	14	15
606	209	14	14
607	208	13	14
606	208	13	15
606	210	13	14
605	210	14	15
605	208	13	14
605	208	14	15
605	208	14	15
606	210	14	15
607	209	14	14
607	211	13	14
607	210	14	16
607	210	14	15
607	210	14	15
607	210	15	16
607	211	14	15
608	215	13	13
608	213	14	14
608	214	14	14
609	214	14	14
607	215	14	14
608	214	14	14
607	215	14	14
607	214	14	15
607	215	14	14
606	215	14	14
605	215	14	15
606	216	14	15
603	215	15	16
602	217	15	13
602	217	15	14
601	216	15	15
599	218	15	14
599	217	14	14
598	217	14	15
595	216	15	15
594	216	14	15
590	217	15	15
589	218	14	14
587	219	14	14
586	219	14	14
585	217	14	15
582	217	15	15
580	217	15	15
579	216	15	15
576	215	15	15
576	214	14	15
574	215	14	15
572	214	15	14
571	215	14	14
569	215	14	14
568	215	14	14
567	215	14	14
565	215	14	14
564	215	15	14
564	216	14	13
562	216	14	14
561	215	14	14
559	215	15	15
559	216	14	14
559	216	14	14
558	216	14	14
556	215	15	15
556	215	15	15
555	215	15	15
553	217	15	14
553	217	14	14
552	216	15	14
553	216	14	14
552	216	15	14
551	215	14	14
552	215	14	13
552	215	14	14
552	215	14	14
551	216	14	14
551	215	14	14
552	213	15	14
553	213	14	14
552	212	14	14
554	211	13	14
554	210	14	14
554	210	14	14
554	208	15	15
554	208	16	16
555	210	14	14
554	210	14	13
554	209	15	15
555	210	15	14
555	210	14	14
554	211	14	14
554	211	14	13
555	211	14	14
554	212	14	13
555	211	14	13
555	213	14	13
555	213	14	12
555	213	14	12
555	213	14	13
554	216	14	13
554	215	14	13
555	216	13	13
554	216	14	13
554	216	14	13
554	216	14	13
555	216	14	13
554	218	14	13
554	217	14	13
555	217	13	12
555	217	14	12
555	217	14	12
554	216	15	13
555	218	14	12
554	216	14	12
554	217	14	12
554	217	14	12
555	217	14	13
554	217	14	13
554	216	15	14
554	217	14	14
554	216	14	14
554	215	14	14
554	216	14	14
554	217	14	14
553	217	14	14
554	217	15	14
553	217	15	15
552	217	15	14
553	218	14	13
553	217	14	13
554	217	14	14
553	216	15	14
553	216	14	14
553	216	14	14
553	216	15	14
553	217	14	14
553	218	14	14
553	218	14	14
553	219	14	14
552	218	14	14
552	221	14	14
551	220	14	13
550	219	15	14
549	218	15	14
549	217	14	14
548	218	14	15
547	218	14	14
546	219	15	15
545	219	15	14
545	220	15	14
543	221	15	14
543	221	15	14
542	220	14	14
542	220	15	14
541	221	14	15
541	220	14	14
540	220	14	14
540	220	14	14
540	219	14	14
540	218	14	14
541	218	14	14
541	217	14	14
541	217	15	14
541	217	14	15
542	218	14	14
542	217	14	14
543	217	14	14
543	216	14	14
543	216	14	14
544	215	14	14
546	215	14	14
546	214	14	14
549	214	13	13
550	214	14	14
551	213	14	14
552	213	14	13
553	211	14	14
554	211	14	14
555	211	13	14
556	211	13	14
557	211	14	14
558	211	13	13
559	210	14	13
560	208	13	13
562	208	14	14
563	209	13	13
563	210	14	13
564	208	14	13
565	208	14	13
565	204	14	15
566	208	13	13
566	207	13	13
568	206	13	14
567	206	13	13
568	206	13	13
568	204	13	12
569	202	14	13
570	201	13	14
570	200	13	14
569	199	13	13
570	198	13	14
569	198	13	13
570	199	13	13
570	200	14	13
570	199	14	14
570	198	13	13
570	199	13	13
569	198	14	13
569	199	13	12
569	199	14	13
569	199	13	13
570	199	13	13
570	199	13	13
569	199	14	13
568	200	13	13
568	201	13	14
568	201	14	14
568	202	13	13
567	203	14	13
567	204	13	13
566	205	13	12
565	206	14	12
563	206	14	12
563	207	14	13
563	206	14	13
563	205	14	13
560	209	13	12
562	207	14	14
562	206	14	14
562	207	14	14
562	207	14	13
562	207	14	13
561	208	15	14
561	210	15	14
561	209	14	13
560	210	15	14
560	210	15	14
560	210	14	13
561	211	15	13
561	211	14	14
562	210	14	14
561	211	15	14
562	210	14	14
561	210	14	14
561	209	15	14
561	209	14	15
560	209	15	15
560	208	15	15
560	207	15	15
560	207	14	15
560	207	14	15
560	209	14	14
560	207	14	15
560	208	14	14
560	208	15	15
559	210	15	14
560	211	14	13
560	210	14	13
560	209	14	14
559	210	14	14
559	210	14	14
559	210	14	13
559	210	14	14
560	211	14	14
560	211	14	13
561	211	14	13
561	212	14	14
562	213	14	13
562	213	13	13
563	212	14	12
563	214	13	13
565	214	13	13
565	214	13	13
565	215	13	13
565	216	13	12
564	215	13	12
564	215	14	12
564	213	14	13
564	213	14	13
564	213	14	13
564	213	13	13
563	212	14	14
563	213	14	13
563	212	14	14
563	213	14	14
563	213	14	14
563	213	14	13
562	212	13	14
562	212	14	13
562	212	14	13
562	212	14	13
560	214	14	14
561	214	14	14
560	214	14	14
560	216	14	13
560	216	14	13
559	216	14	13
559	216	14	12
560	216	14	12
559	217	14	12
559	218	14	12
559	218	14	12
558	218	14	13
559	219	14	13
559	219	14	13
558	218	14	13
559	219	14	13
558	219	14	13
559	219	14	14
559	219	13	14
558	219	14	14
557	217	15	15
558	218	14	14
558	218	14	14
558	217	14	14
558	218	14	14
558	218	14	15
559	220	14	14
559	222	13	13
559	220	14	13
559	221	14	14
560	222	13	13
560	223	14	14
560	223	14	14
561	223	14	13
560	223	14	14
560	224	14	14
560	223	14	14
561	224	14	14
561	224	14	14
560	225	14	14
560	225	14	13
559	225	14	14
559	224	14	14
559	223	14	14
560	224	14	13
560	224	14	14
559	224	14	14
560	224	14	13
559	223	15	15
560	226	14	14
559	225	14	14
559	225	15	15
559	225	15	14
559	226	14	14
558	225	15	14
558	226	14	14
558	227	14	13
558	228	14	13
559	228	13	13
558	228	14	14
558	227	14	14
558	229	14	14
559	231	14	14
558	231	14	14
558	229	14	15
558	229	14	14
558	229	14	14
558	228	14	14
557	229	14	14
556	229	15	15
556	230	14	14
556	229	14	14
555	230	15	15
554	229	15	15
554	230	14	15
554	230	14	15
553	231	14	15
553	231	14	14
553	232	14	14
552	231	14	14
553	231	14	14
552	231	14	14
552	231	14	14
552	230	14	14
552	230	15	14
553	230	14	14
553	230	14	14
554	230	14	13
554	230	14	13
556	230	14	13
556	230	14	13
558	230	15	13
559	231	14	13
558	231	14	13
559	231	14	13
560	232	14	13
561	231	14	13
562	232	14	13
562	232	14	13
563	233	14	14
564	235	14	13
565	236	14	13
566	236	14	13
566	236	13	13
567	237	13	13
566	237	14	13
567	238	14	13
567	238	14	14
567	239	14	13
567	240	14	14
568	239	14	13
567	238	14	15
567	239	14	14
567	238	14	15
567	238	14	14
566	239	14	14
566	240	14	14
566	240	15	13
565	238	15	14
565	240	15	13
564	239	15	14
564	240	14	14
565	241	14	14
564	239	14	14
563	240	14	14
563	240	14	14
562	239	15	14
562	240	14	14
562	239	14	14
561	239	14	15
561	240	14	14
560	240	15	14
560	239	14	15
560	239	14	14
559	239	14	15
559	239	14	15
558	239	14	14
557	239	14	15
558	239	14	14
557	240	14	14
556	239	14	15
555	239	14	14
555	237	14	14
554	238	14	14
555	236	14	14
555	237	14	14
555	237	14	14
555	237	14	14
554	236	14	14
555	236	14	14
554	236	14	14
554	235	15	14
554	235	15	15
554	234	15	14
554	233	15	15
554	234	14	14
554	233	15	14
553	232	14	14
553	232	14	14
553	231	14	15
552	231	14	15
553	230	14	14
553	230	14	15
553	230	14	14
553	230	14	14
553	230	14	14
553	230	14	14
554	230	14	14
554	232	14	14
554	232	14	14
555	232	14	14
555	232	15	14
556	232	15	14
556	232	14	14
556	232	14	14
557	231	14	14
558	231	14	15
558	231	14	14
557	231	14	15
557	231	14	15
557	230	14	15
558	231	14	15
558	232	14	15
559	232	14	15
559	231	14	14
559	231	14	15
558	232	15	14
558	233	14	13
558	233	14	14
558	234	14	14
558	234	14	14
558	233	15	14
558	231	15	14
559	231	14	13
559	231	14	13
558	231	14	14
558	232	14	13
559	231	14	13
559	231	13	14
559	230	14	14
560	230	14	14
559	232	14	13
560	232	14	13
559	232	14	13
559	232	14	13
560	232	14	13
560	232	14	13
560	233	13	13
558	232	14	14
558	232	14	13
558	232	14	14
557	232	14	14
557	232	14	14
556	233	14	14
556	232	14	14
556	232	14	14
556	232	14	14
555	233	14	14
555	232	14	14
555	232	14	14
555	232	14	14
554	231	14	15
554	230	14	15
554	230	14	14
553	230	14	14
553	229	14	14
553	229	14	14
552	230	14	14
552	229	14	14
551	229	14	15
551	229	14	14
551	230	14	14
550	230	14	14
550	229	14	15
550	229	14	15
549	230	14	15
549	229	14	14
548	229	15	14
550	229	15	14
549	229	15	14
550	229	15	14
549	228	15	14
550	228	15	14
549	229	14	14
549	229	15	15
549	229	15	15
550	229	15	14
550	229	14	14
549	229	15	14
550	230	15	15
550	231	15	14
549	231	16	15
551	231	16	14
544	236	15	15
542	236	15	15
542	237	16	14
543	237	15	15
543	238	16	15
543	238	16	14
544	238	16	14
543	239	16	15
544	239	15	14
545	239	15	14
547	238	15	14
547	239	15	13
547	239	15	14
547	239	15	14
547	239	16	14
547	239	15	14
548	239	15	14
549	239	15	14
549	239	15	13
549	239	15	14
549	239	15	13
549	239	15	13
549	238	15	13
549	238	14	14
548	239	15	14
548	239	14	13
548	239	15	13
548	239	14	14
547	238	15	14
545	238	15	14
546	237	14	13
545	235	14	14
545	235	15	14
544	233	14	14
543	233	14	14
542	233	15	14
541	234	15	14
542	233	15	14
542	233	15	15
543	233	14	14
544	233	14	14
544	233	15	15
545	233	15	15
547	234	15	14
548	234	15	15
550	232	15	14
551	231	14	14
553	230	14	14
554	230	14	15
555	230	14	14
557	228	14	14
558	228	14	14
560	228	14	14
562	228	14	14
563	227	14	14
566	226	14	14
567	226	14	14
567	226	15	14
569	224	15	14
571	223	15	14
571	224	14	14
572	222	15	15
573	222	14	14
575	222	14	14
575	221	14	14
576	221	14	14
577	221	14	13
578	220	14	14
578	219	14	14
578	220	15	14
579	219	14	14
579	218	14	14
580	219	14	14
579	218	14	14
580	217	14	14
580	217	14	14
579	218	14	14
581	218	14	14
580	219	14	14
581	219	14	14
580	220	14	14
581	219	14	14
581	219	14	14
580	220	15	14
580	220	14	14
581	218	14	14
580	218	14	14
580	218	14	14
580	219	15	14
577	217	15	14
576	217	15	14
576	216	15	14
576	217	14	14
576	217	14	14
576	217	14	14
576	218	14	15
575	219	14	15
576	219	15	16
576	220	15	15
576	220	15	15
576	221	15	15
576	221	15	15
576	222	15	15
576	223	15	15
576	223	15	14
575	224	15	14
576	223	15	14
575	223	15	15
576	223	15	14
576	223	15	15
576	223	14	14
575	223	15	14
575	224	14	14
576	223	14	14
575	224	14	14
575	224	14	14
576	225	14	14
576	226	14	14
576	226	14	14
576	226	15	14
575	226	14	14
574	227	14	14
574	229	14	14
572	228	15	14
571	228	14	14
570	228	15	14
568	229	15	14
567	228	15	15
567	227	15	15
566	227	14	14
565	228	15	15
565	228	14	14
563	227	15	14
561	226	15	14
559	226	15	15
558	225	15	14
556	225	15	14
555	225	14	14
554	225	14	14
553	225	15	15
551	224	14	15
550	225	15	14
549	225	14	14
548	225	14	15
546	227	15	15
546	227	14	15
546	228	15	15
545	228	14	14
545	226	14	14
544	226	14	14
544	227	14	14
543	227	14	14
543	226	14	14
542	227	14	14
542	227	14	14
543	226	14	14
544	226	14	14
544	226	14	14
544	226	14	14
544	226	14	14
545	227	14	14
545	226	14	14
545	227	14	14
545	226	14	14
545	226	14	14
545	227	15	15
545	227	15	14
545	228	15	15
546	228	14	14
546	228	15	15
546	228	15	14
546	229	14	14
547	228	15	15
548	228	14	15
549	228	14	14
549	228	14	13
549	227	15	14
551	227	15	14
551	227	14	14
551	226	15	15
553	228	15	14
553	228	14	14
554	228	14	14
555	227	14	14
555	226	14	14
555	226	15	14
555	226	15	15
556	225	14	14
557	225	14	13
556	224	15	15
556	224	15	14
557	225	14	14
557	225	14	14
558	226	14	14
558	224	15	15
559	225	14	14
559	225	15	14
559	226	15	14
560	227	14	13
561	225	14	13
560	226	15	13
560	227	14	13
561	227	15	13
562	228	14	12
562	225	15	14
562	226	15	14
562	227	15	14
562	227	15	14
563	228	14	13
563	228	14	13
564	228	14	13
564	228	14	13
565	228	13	13
565	226	13	13
564	226	14	13
564	226	14	14
564	226	14	14
564	227	14	13
564	227	13	14
565	227	13	12
569	219	23	23
565	223	15	15
565	226	14	13
564	226	14	12
564	225	14	13
565	226	14	13
566	227	13	13
565	226	14	13
565	226	14	13
566	227	13	12
564	227	14	12
564	226	14	13
565	227	13	12
565	227	13	12
565	226	13	13
566	225	13	13
566	225	13	13
567	225	13	13
566	226	14	12
566	226	14	13
567	225	14	12
567	226	14	13
566	225	14	13
567	224	14	13
566	224	14	13
567	224	14	13
567	224	14	14
567	222	14	14
567	222	14	14
568	222	14	14
569	222	14	14
570	222	14	14
570	223	14	14
570	223	14	14
570	223	14	14
570	223	14	14
571	224	14	13
571	225	14	14
571	225	14	14
572	223	14	14
572	223	14	14
572	223	14	13
572	223	14	14
571	223	14	14
572	224	14	13
571	223	14	14
573	224	13	13
572	224	14	13
573	224	14	14
573	224	14	14
573	224	14	14
572	224	14	15
572	224	14	14
571	223	14	15
571	223	15	15
570	224	14	14
570	224	14	14
570	224	14	15
570	224	14	14
569	226	14	14
568	226	14	14
567	226	14	14
568	226	14	14
568	225	14	14
567	225	14	14
568	225	14	15
568	224	14	15
568	225	14	15
568	225	15	15
568	225	15	15
568	225	15	15
568	225	15	14
567	225	14	14
567	224	15	14
566	225	14	14
565	226	14	14
566	226	14	14
565	225	14	13
565	225	14	14
565	225	13	13
565	223	13	13
565	223	13	14
564	222	14	14
564	223	14	14
564	223	15	14
565	220	14	15
565	214	14	15
567	218	14	15
567	214	14	15
568	217	15	15
568	218	15	15
568	216	14	15
569	216	15	15
570	216	15	15
569	216	15	15
569	217	15	15
570	216	15	15
572	216	15	15
573	216	14	14
574	216	14	15
575	216	14	14
575	217	14	14
575	217	13	13
576	217	14	14
576	219	13	13
576	218	14	14
577	217	14	14
577	218	14	13
577	218	14	13
578	219	14	14
578	218	14	14
579	219	14	13
579	218	14	13
579	219	14	13
578	219	13	13
580	220	13	12
580	221	13	12
580	221	13	12
581	221	12	12
582	221	13	13
580	220	14	13
580	220	14	14
579	220	14	13
579	221	14	13
578	221	14	14
578	222	14	13
578	222	14	13
578	223	14	14
578	222	14	14
577	223	14	14
577	222	13	14
577	221	14	14
576	223	14	14
576	222	13	13
575	221	13	13
575	222	13	13
575	223	14	14
575	221	14	14
574	221	14	14
575	223	14	13
575	223	14	13
575	223	14	13
574	222	14	13
575	223	13	13
575	223	14	13
574	221	14	14
575	222	14	13
574	221	14	14
575	220	14	14
574	221	14	14
575	221	14	14
574	221	14	13
574	220	13	13
573	221	14	13
573	219	14	13
573	219	13	13
572	218	14	13
572	217	14	14
572	217	14	14
571	218	14	14
572	218	14	14
571	219	14	14
571	219	14	13
570	219	14	13
570	219	14	13
570	219	14	13
571	220	14	14
572	221	14	14
573	222	13	13
572	223	14	14
573	223	13	14
573	223	14	14
571	223	14	14
572	223	14	14
571	224	14	13
571	225	14	13
571	225	14	13
572	225	14	13
571	226	14	13
571	226	14	13
571	226	14	13
572	227	14	13
573	227	13	13
573	227	13	13
573	228	14	13
573	230	14	12
573	230	14	12
574	231	13	13
574	231	14	13
574	231	14	13
574	231	14	13
574	229	14	13
575	230	13	13
576	230	14	14
576	231	13	14
575	232	13	14
575	231	13	14
575	230	13	15
573	229	14	14
573	231	13	14
573	229	14	14
573	231	13	14
573	231	14	13
573	232	14	13
573	231	14	13
573	230	14	14
572	230	14	13
572	230	14	14
572	232	14	13
574	230	14	14
574	230	14	14
574	229	14	14
574	229	14	14
574	228	14	14
575	229	14	14
576	227	14	14
578	229	13	13
578	227	14	14
578	228	14	14
578	226	13	14
578	226	13	13
579	225	14	13
579	224	14	13
579	224	14	14
579	224	14	14
580	225	14	13
580	225	13	13
582	223	14	14
582	223	13	13
581	223	14	14
581	224	14	13
582	223	14	13
582	222	14	13
582	223	14	14
582	221	14	14
581	221	15	14
582	221	14	14
581	222	14	14
582	222	14	14
582	222	14	13
582	222	13	13
581	221	14	13
582	222	13	14
580	220	14	14
580	221	14	13
581	222	14	13
580	222	14	13
580	220	14	14
579	221	14	13
580	221	14	14
579	221	14	13
580	222	14	13
579	223	14	13
579	221	14	13
580	221	14	14
580	219	14	14
580	220	14	13
581	220	14	13
581	220	14	13
580	217	14	13
582	213	13	14
583	214	13	13
582	216	14	13
581	213	14	13
581	211	14	13
580	214	14	13
580	215	14	13
580	213	14	13
579	212	14	14
579	214	14	13
580	213	14	14
581	216	13	14
580	213	14	13
581	215	14	13
581	219	13	13
581	219	13	13
581	218	14	13
581	219	14	13
580	219	14	13
580	218	14	13
580	218	14	13
579	218	14	13
579	219	14	14
579	218	13	13
579	218	14	13
578	217	13	13
579	217	14	13
578	216	14	13
577	215	14	13
576	215	13	14
576	216	14	14
575	217	14	14
574	216	14	13
574	215	14	13
573	216	14	14
572	217	14	14
572	217	14	14
572	217	14	14
572	216	13	15
570	219	13	15
568	217	13	15
565	213	14	16
564	220	14	15
564	218	14	15
564	219	13	14
563	219	13	14
563	220	14	15
564	222	14	14
564	221	14	14
565	222	14	14
564	226	14	14
565	227	14	14
567	225	14	14
568	230	14	15
571	232	13	14
572	232	14	13
573	233	14	13
577	233	13	13
579	234	14	13
581	235	15	14
584	236	14	13
587	235	15	13
590	235	15	14
592	235	14	14
594	234	15	14
598	234	15	14
600	235	15	15
602	234	15	14
605	234	15	15
607	233	14	14
609	234	13	14
610	234	15	14
612	234	14	14
613	234	14	14
614	233	15	15
616	231	14	15
617	232	15	14
618	233	15	14
620	233	15	15
620	233	14	14
622	234	14	14
623	233	14	14
623	232	14	14
624	231	14	14
624	232	14	14
625	231	14	14
625	229	14	14
624	230	15	15
624	229	14	14
623	229	14	14
624	229	14	14
623	227	14	14
624	227	14	14
623	227	14	14
624	227	14	13
624	228	14	13
624	227	14	14
624	228	14	14
624	227	14	13
624	228	14	14
624	229	14	14
623	228	13	14
623	229	14	14
621	229	14	14
621	228	13	14
620	228	14	14
617	228	14	13
615	228	14	13
614	226	13	13
611	227	14	13
608	226	14	14
606	226	14	14
604	227	14	14
602	226	14	14
601	226	15	14
600	227	15	14
598	227	15	14
596	228	15	14
594	227	15	14
592	226	15	14
591	225	15	14
590	227	14	14
588	226	15	14
587	227	14	14
586	227	15	14
584	228	15	15
584	228	15	14
582	227	15	14
581	226	15	14
580	226	14	15
579	225	14	14
578	227	14	15
576	225	14	16
576	227	14	14
574	226	14	15
575	225	14	15
574	224	15	15
575	226	14	14
575	228	13	14
575	228	13	13
575	227	14	14
575	227	14	14
576	227	14	14
575	228	14	14
575	229	14	13
575	229	14	13
576	229	14	13
576	229	13	13
576	227	13	13
576	229	14	13
577	227	13	13
577	228	14	13
576	227	14	13
576	227	14	14
576	228	14	14
575	227	14	14
575	227	14	14
574	227	14	14
574	227	13	13
574	227	13	14
574	227	13	14
573	227	14	14
572	228	14	15
572	229	14	15
572	230	14	14
571	229	14	15
570	228	14	15
570	227	14	14
571	228	14	14
569	227	14	14
569	227	15	15
570	225	14	15
570	225	15	15
571	226	14	14
571	226	14	14
570	224	14	15
571	225	14	14
571	224	14	15
571	224	14	14
572	225	14	14
573	224	14	15
574	225	14	15
574	224	13	14
574	225	13	14
575	225	13	14
575	226	14	14
575	226	14	14
575	226	13	14
575	225	13	13
575	226	14	14
575	225	13	14
573	225	14	14
573	224	14	15
572	223	14	15
570	224	14	14
570	224	14	14
570	225	14	14
569	226	14	14
569	226	14	14
567	226	14	15
568	225	14	15
568	226	14	15
568	226	14	15
567	226	15	15
566	225	14	14
566	223	14	15
566	224	14	14
566	224	14	14
567	222	14	14
566	222	14	14
566	222	14	14
567	220	14	14
566	221	14	14
564	219	22	21
567	222	14	14
567	222	14	14
568	222	14	14
568	220	14	14
569	220	14	14
569	219	14	14
570	218	14	15
570	220	14	14
571	220	14	14
572	219	14	14
574	219	14	13
575	218	14	13
576	219	14	13
578	219	14	13
580	218	14	13
581	218	14	14
584	218	14	13
586	217	13	13
588	217	13	12
588	217	14	14
590	216	14	13
591	216	14	14
590	215	13	13
591	213	14	13
592	213	13	13
594	212	14	13
595	211	14	13
597	211	14	13
598	210	14	13
600	209	15	13
602	209	14	14
604	209	14	14
605	210	14	13
607	211	14	13
607	210	14	14
609	210	14	14
611	208	14	13
612	208	14	14
614	209	14	13
614	209	14	14
616	209	14	13
618	208	14	13
618	208	14	13
618	208	14	14
619	208	14	14
620	208	13	14
621	210	14	14
621	209	13	14
623	208	13	14
623	209	13	13
623	210	14	13
623	210	13	13
621	210	13	14
621	209	14	14
620	209	14	14
619	207	15	15
619	207	15	15
620	207	15	14
618	209	15	14
619	209	14	14
618	208	14	14
618	207	14	15
617	206	14	14
617	207	14	14
616	206	14	14
615	206	14	14
612	206	14	14
614	208	14	14
613	207	13	14
613	206	14	14
612	208	14	14
610	206	14	14
610	206	14	15
608	208	14	14
607	209	14	13
606	209	14	14
602	211	14	13
600	209	14	14
599	209	14	14
597	208	13	14
597	210	13	13
596	211	14	13
596	211	13	14
595	211	14	14
592	212	14	13
591	211	14	14
588	211	13	13
587	209	13	14
581	211	14	14
578	206	14	14
578	208	13	13
579	208	13	13
578	206	13	13
578	207	13	13
576	208	13	12
576	210	13	14
576	211	13	13
576	211	13	14
576	212	13	14
575	212	12	13
573	215	13	13
574	214	13	14
575	218	13	13
575	219	13	13
575	220	13	13
576	221	13	13
577	221	13	13
580	223	13	14
585	226	13	13
589	224	13	14
592	227	14	14
593	225	14	14
593	223	14	14
593	226	14	13
593	227	13	13
594	226	13	13
595	226	13	15
594	226	13	14
594	227	13	13
596	226	13	13
594	227	13	13
596	226	13	13
595	224	13	14
594	223	13	14
592	222	13	13
591	222	13	13
590	222	13	13
588	218	13	14
584	224	13	14
587	218	13	15
587	222	14	14
591	209	13	13
591	209	13	13
591	209	13	13
588	205	14	13
587	206	14	13
586	205	14	13
586	204	14	13
586	201	14	14
583	207	14	14
584	194	14	14
585	199	13	13
586	195	13	14
586	196	13	14
585	194	14	14
583	194	13	14
582	193	12	13
580	192	13	14
579	194	13	14
580	194	14	15
578	195	13	14
579	195	14	15
578	194	13	14
576	194	13	14
575	197	13	14
573	204	14	14
568	212	13	13
567	214	13	13
562	215	13	12
561	217	13	14
559	219	13	14
559	224	14	14
558	231	14	15
555	231	14	15
552	233	15	14
552	235	15	14
551	237	14	14
551	240	13	14
550	242	14	14
550	245	13	13
548	248	14	14
548	247	14	14
547	249	14	14
547	252	14	14
545	253	13	14
543	255	13	14
541	256	13	14
540	256	14	14
537	259	14	14
535	262	14	15
536	260	14	14
538	267	13	14
538	270	14	14
538	272	14	14
538	271	14	14
535	273	14	14
535	273	13	13
533	273	14	14
536	273	12	13
534	276	13	12
534	278	12	12
533	277	13	12
534	279	13	12
533	279	13	12
534	278	13	12
533	279	13	12
533	280	13	12
534	280	13	12
536	281	13	13
537	286	13	11
538	286	14	12
538	285	13	12
538	283	13	13
537	286	13	12
537	290	13	13
536	290	14	12
534	288	14	13
535	289	13	13
534	290	13	12
532	290	13	12
532	288	13	13
531	287	13	13
531	286	13	13
530	287	13	13
532	289	13	12
528	287	14	14
526	288	14	14
524	288	13	13
524	287	13	13
524	288	13	13
523	288	12	12
520	287	13	13
518	286	13	14
519	286	13	14
516	288	13	14
516	288	12	13
514	287	13	14
513	286	13	13
507	288	13	13
514	281	13	13
515	281	13	13
513	278	14	13
513	279	13	13
511	274	13	13
509	273	13	13
507	272	14	13
512	275	13	14
515	276	13	13
519	279	12	13
521	281	12	12
523	282	12	12
526	283	11	12
529	286	11	11
531	288	11	11
535	291	11	11
536	292	11	11
539	291	11	11
540	292	11	11
540	291	11	11
541	291	11	10
541	291	10	10
541	290	10	10
543	289	11	11
543	290	10	11
543	289	11	11
543	290	11	11
544	290	10	10
545	289	11	11
546	290	11	11
547	289	11	11
548	289	11	11
547	289	11	10
547	288	11	11
548	289	11	11
549	288	11	11
549	287	11	10
549	286	11	11
549	287	11	11
549	286	11	11
548	285	11	11
549	285	11	11
549	286	11	11
548	285	11	11
548	284	11	11
547	284	11	11
547	284	11	12
546	285	11	12
547	285	11	11
547	286	11	11
546	285	11	11
547	286	11	11
548	285	11	11
549	285	11	11
551	286	11	11
552	286	11	11
554	284	11	11
556	285	11	10
558	283	10	11
559	284	10	10
560	284	11	10
561	281	12	13
564	283	11	11
566	284	11	10
566	284	11	11
568	284	10	10
569	285	11	10
570	282	12	11
570	283	11	11
572	285	10	11
574	286	10	10
575	284	10	11
576	282	11	12
577	281	11	12
578	282	12	12
579	282	12	11
582	283	11	11
582	282	11	11
583	281	11	11
582	281	11	12
583	280	11	11
584	281	11	11
584	280	11	11
586	280	11	10
586	279	11	10
586	280	11	11
587	279	11	11
587	280	10	11
588	279	11	12
589	280	11	12
590	279	11	12
590	280	11	12
590	279	11	13
591	280	11	12
589	280	11	12
589	280	11	12
590	279	11	12
590	279	11	12
587	276	12	13
590	276	12	13
590	277	12	12
594	275	14	13
594	275	14	13
596	274	12	12
598	274	12	13
598	272	11	12
598	270	11	11
598	269	11	11
599	267	12	12
597	267	12	12
596	267	12	12
597	266	12	12
596	265	13	12
594	264	13	12
595	264	13	12
595	265	13	12
593	263	12	11
590	262	13	12
587	263	12	12
586	262	12	11
582	262	11	10
579	263	12	11
575	262	13	11
572	262	12	11
570	262	12	11
566	262	12	12
566	257	12	12
561	257	11	13
559	255	12	13
558	259	11	12
555	259	12	12
554	258	12	12
551	258	12	12
551	258	12	12
550	259	12	12
547	258	12	12
546	258	11	12
544	260	12	11
544	260	11	11
543	260	11	11
543	261	11	12
542	260	12	12
541	262	12	12
540	262	12	11
537	262	12	11
538	262	12	11
536	264	11	11
535	264	12	11
535	265	12	12
534	266	12	12
532	267	12	11
532	266	12	12
525	277	13	11
523	278	12	12
522	279	12	12
521	279	11	11
519	280	12	12
518	280	11	12
517	280	11	12
518	277	11	11
517	277	12	11
516	278	11	11
514	277	12	12
512	277	12	11
510	277	11	11
509	278	11	11
510	277	11	11
508	278	11	11
507	278	11	11
505	278	11	11
504	278	11	11
504	277	11	11
503	276	11	10
503	276	11	10
503	276	11	10
504	276	11	11
502	277	11	11
502	276	11	11
501	277	11	11
501	277	11	11
501	277	11	11
500	277	11	11
501	277	11	11
501	276	11	11
502	276	11	11
502	276	11	10
501	275	11	10
502	275	11	11
502	275	11	11
502	275	11	11
501	276	11	11
501	276	11	12
501	276	11	12
500	276	11	12
501	276	11	12
500	277	11	11
499	277	11	11
499	276	11	11
498	276	12	12
497	275	12	12
496	275	13	13
496	276	11	11
496	277	11	11
495	277	10	11
494	277	11	11
494	277	11	11
494	277	11	11
494	278	11	11
494	278	11	11
494	277	11	11
495	278	11	11
495	277	11	11
496	277	11	11
495	277	11	11
497	277	11	11
497	276	12	11
496	276	11	11
496	276	11	11
495	276	11	11
496	277	11	11
495	278	11	11
495	278	10	11
496	278	11	11
496	278	11	11
495	278	11	11
495	277	12	12
494	276	11	11
493	277	11	11
492	277	11	11
493	278	11	11
494	278	11	11
493	279	11	11
493	279	11	11
493	279	11	11
494	279	11	11
494	279	11	11
494	281	11	11
497	277	12	11
495	278	11	11
494	277	11	11
494	275	11	11
494	275	11	12
494	275	11	11
494	276	11	11
494	276	11	12
495	275	12	12
494	276	11	12
495	275	11	12
496	275	11	12
495	276	11	12
497	276	11	11
497	274	11	12
498	275	11	12
498	275	12	12
500	276	12	12
501	276	11	12
502	275	11	12
503	275	11	11
503	275	11	12
504	275	11	11
506	274	11	11
506	274	11	12
508	274	11	11
510	273	12	13
510	273	11	12
511	274	11	12
511	274	11	12
513	274	11	12
512	273	11	12
514	271	12	13
516	273	11	12
516	272	11	12
516	272	11	11
516	272	11	12
516	271	11	11
518	271	11	11
519	272	11	11
519	272	11	11
521	270	11	11
521	270	11	11
522	270	11	11
522	270	11	11
522	270	11	10
522	270	10	10
522	270	11	10
522	270	11	10
523	269	10	10
523	268	10	10
523	268	11	11
524	265	11	10
525	267	10	10
525	265	11	10
526	264	11	10
526	264	10	10
527	264	10	10
528	263	11	10
527	262	11	10
526	261	11	11
529	261	11	10
530	261	11	10
531	262	10	10
531	260	12	11
532	260	11	11
533	258	12	12
534	257	11	11
534	257	11	11
535	254	11	12
536	254	11	11
537	254	11	11
537	255	10	11
538	254	11	11
538	254	11	11
539	254	11	11
540	254	10	10
541	251	10	11
541	251	10	11
540	251	11	11
542	252	10	10
542	250	11	11
542	253	10	10
543	252	10	10
544	252	11	10
543	252	11	11
543	253	11	11
542	252	10	10
542	251	10	10
541	251	11	10
541	251	10	11
541	252	11	11
542	251	10	11
541	251	11	11
542	251	10	11
540	251	11	11
540	251	11	11
539	249	11	11
539	249	11	11
539	250	11	11
539	250	11	11
539	250	11	11
538	250	11	11
538	249	11	12
538	249	11	12
538	248	11	11
536	249	11	11
535	248	11	12
536	249	11	12
535	249	11	11
535	249	11	11
535	250	11	11
535	249	12	11
536	250	11	11
536	251	11	11
535	251	11	11
535	250	11	11
534	249	11	10
534	250	11	11
534	249	11	11
534	250	11	10
537	244	12	12
535	247	11	10
535	246	11	10
535	246	11	11
535	245	11	10
534	245	11	11
535	245	11	11
534	244	11	11
534	244	11	11
533	243	11	11
533	243	11	11
533	244	10	10
532	243	11	10
533	242	10	10
533	243	11	11
533	242	11	10
534	242	10	10
534	242	11	10
533	240	10	10
534	240	11	11
534	240	11	10
534	240	11	10
534	241	11	10
534	240	11	10
535	238	11	11
534	238	11	11
534	238	11	10
535	237	11	11
535	236	12	12
536	238	11	11
538	238	10	10
537	238	11	11
538	238	10	10
538	238	10	10
539	238	10	10
538	238	10	11
537	238	11	11
537	239	10	10
537	238	11	11
537	237	11	11
538	236	11	11
538	236	10	11
539	235	11	11
538	235	11	11
539	235	10	11
539	235	10	11
540	236	10	10
539	235	10	10
538	235	11	11
540	235	11	10
539	234	11	11
540	233	11	11
540	236	11	11
539	238	11	11
539	236	11	11
539	238	11	11
538	237	10	10
538	238	10	10
537	238	10	10
537	239	10	10
536	239	10	10
538	239	10	10
538	239	10	10
