0.029852
0.205377
0.217083
0.171797
0.223770
0.185359
0.165190
0.145980
0.122280
0.162864
0.168366
0.185910
0.191904
0.173946
0.201641
0.180999
0.194270
0.141153
0.214901
0.221130
0.159880
0.187544
0.159466
0.194697
0.185775
0.194488
0.119944
0.212016
0.175625
0.188273
0.169616
0.201368
0.157611
0.193378
0.150329
0.198681
0.191764
0.213573
0.176167
0.184409
0.175138
0.200308
0.138252
0.240041
0.215403
0.171082
0.198285
0.195786
0.209736
0.157984
0.102038
0.115111
0.171049
0.194485
0.166344
0.159723
0.185783
0.122057
0.135476
0.217912
0.170606
0.198398
0.151717
0.226022
0.203626
0.197261
0.146069
0.213301
0.183724
0.168533
0.148304
0.207673
0.230114
0.184607
0.198337
0.165214
0.165459
0.220731
0.190704
0.197812
0.238279
0.237489
0.208758
0.203733
0.113629
0.193944
0.126216
0.185534
0.248159
0.209870
0.157573
0.116540
0.149752
0.183900
0.270268
0.153130
0.150113
0.133054
0.213838
0.199348
0.182913
0.159133
0.167974
0.160589
0.188844
0.199788
0.184034
0.187445
0.138185
0.162827
0.170321
0.175547
0.178865
0.124331
0.153726
0.198197
0.156423
0.110280
0.133933
0.131804
0.194745
0.150039
0.219377
0.109560
0.159519
0.173048
0.109316
0.104828
0.136043
0.068633
0.184786
0.123375
0.137549
0.127307
0.118921
0.129361
0.169412
0.122775
0.139149
0.152014
0.143893
0.141618
0.150518
0.109149
0.076218
0.103655
0.131609
0.105024
0.114967
0.121940
0.079575
0.102948
0.112699
0.117717
0.124609
0.120258
0.121998
0.105130
0.110323
0.193675
0.238719
0.114269
0.156901
0.196588
0.207233
0.108819
0.198056
0.176605
0.181127
0.193785
0.172727
0.198963
0.225494
0.135258
0.153873
0.143870
0.126267
0.147584
0.166996
0.170464
0.121686
0.179480
0.188087
0.223515
0.184543
0.179943
0.189216
0.195479
0.201853
0.158871
0.177684
0.191213
0.199532
0.176747
0.160750
0.188755
0.214321
0.181741
0.201551
0.163254
0.170751
0.189670
0.173735
0.171512
0.248411
0.208349
0.192976
0.179029
0.204982
0.197184
0.206281
0.154670
0.214469
0.202384
0.212902
0.115433
0.219986
0.179972
0.255336
0.229875
0.250495
0.237564
0.259744
0.221039
0.271358
0.161978
0.226310
0.245786
0.171966
0.276900
0.191351
0.276469
0.170363
0.246325
0.209750
0.231030
0.157599
0.197726
0.157663
0.196416
0.247591
0.226905
0.182016
0.233016
0.145631
0.149484
0.115659
0.104211
0.249183
0.206348
0.156266
0.212218
0.198614
0.229038
0.252979
0.220646
0.235924
0.250765
0.235512
0.270887
0.239966
0.199267
0.216953
0.174312
0.173594
0.205606
0.192112
0.179804
0.242453
0.168079
0.177097
0.204125
0.168716
0.147714
0.157556
0.182487
0.143865
0.103699
0.221527
0.218989
0.212524
0.157729
0.160944
0.178148
0.216534
0.289159
0.208567
0.241637
0.197152
0.138124
0.146094
0.131035
0.204114
0.225736
0.161587
0.129826
0.183589
0.107759
0.136906
0.213367
0.104685
0.114106
0.138158
0.189512
0.211609
0.208965
0.181358
0.216712
0.174849
0.175646
0.148886
0.222163
0.289043
0.187363
0.139642
0.178029
0.220179
0.241392
0.173100
0.156875
0.180104
0.211581
0.255560
0.308314
0.223797
0.187844
0.174755
0.219823
0.106566
0.104659
0.177920
0.150315
0.226419
0.178680
0.154600
0.126288
0.189062
0.175790
0.129620
0.209908
0.194072
0.173693
0.151405
0.191618
0.172314
0.215983
0.172977
0.197681
0.152572
0.156022
0.233031
0.236677
0.137094
0.188114
0.209281
0.189564
0.125214
0.164570
0.165784
0.192153
0.184280
0.191985
0.189248
0.187293
0.237252
0.112506
0.161223
0.181782
0.181773
0.207896
0.171422
0.179078
0.185244
0.186850
0.182532
0.208681
0.214063
0.241519
0.229523
0.197578
0.195542
0.185604
0.218207
0.174265
0.265682
0.182353
0.251857
0.199360
0.167465
0.238006
0.221583
0.146255
0.177148
0.196123
0.244141
0.220886
0.168100
0.273630
0.245379
0.292747
0.249887
0.218202
0.262428
0.247039
0.240154
0.202520
0.214322
0.272780
0.220677
0.200873
0.325587
0.216767
0.280097
0.190386
0.178033
0.229701
0.208010
0.194168
0.192268
0.185991
0.153744
0.270180
0.253899
0.254668
0.168016
0.224781
0.220880
0.224081
0.153328
0.224474
0.219202
0.250577
0.220887
0.191137
0.209089
0.220041
0.198525
0.242903
0.180599
0.311996
0.200724
0.227152
0.190094
0.233949
0.232176
0.204511
0.218723
0.314414
0.197146
0.238781
0.207648
0.293788
0.221905
0.249596
0.094821
0.180115
0.253335
0.279527
0.263687
0.240326
0.326831
0.245251
0.263156
0.197608
0.211498
0.169084
0.295060
0.187901
0.274590
0.255782
0.371882
0.248330
0.254197
0.272842
0.179167
0.274750
0.186140
0.215810
0.199250
0.227662
0.200836
0.236260
0.142195
0.167225
0.203143
0.206616
0.187389
0.178070
0.167123
0.181903
0.154848
0.178836
0.206816
0.194555
0.203380
0.207842
0.168858
0.201160
0.302206
0.224261
0.185842
0.190940
0.172179
0.279270
0.265288
0.157734
0.233814
0.221912
0.190868
0.152222
0.210026
0.206420
0.201512
0.116644
0.165052
0.222116
0.189904
0.156560
0.160044
0.176474
0.192166
0.191870
0.230149
0.151103
0.112568
0.221547
0.160716
0.155890
0.186490
0.215737
0.211434
0.208266
0.160971
0.192448
0.217838
0.192397
0.176168
0.190449
0.205124
0.186834
0.178067
0.226163
0.232910
0.206353
0.186902
0.203662
0.217039
0.192179
0.179582
0.151196
0.160072
0.132607
0.199994
0.177769
0.191905
0.250798
0.147543
0.133428
0.151814
0.176558
0.178102
0.144268
0.137612
0.127781
0.216171
0.174158
0.136263
0.158722
0.143911
0.203612
0.147302
0.181799
0.141875
0.229403
0.174105
0.216281
0.112276
0.104724
0.129804
0.103387
0.154652
0.144147
0.177928
0.124126
0.081987
0.085441
0.122411
0.107886
0.143918
0.151973
0.086636
0.127853
0.113132
0.081810
0.132631
0.130644
0.099142
0.125278
0.142639
0.175018
0.164383
0.144828
0.157237
0.148007
0.092888
0.094064
0.148287
0.156070
0.127915
0.090465
0.114641
0.102411
0.079843
0.061517
0.132840
0.129092
0.112581
0.055286
0.140029
0.116523
0.149264
0.155248
0.104666
0.085835
0.108591
0.118227
0.128233
0.126322
0.122770
0.074303
0.103515
0.092743
0.109017
0.090764
0.133632
0.172875
0.094040
0.116378
0.129590
0.101537
0.136557
0.133973
0.138372
0.128386
0.138134
0.152198
0.199968
0.091856
0.199691
0.164056
0.168469
0.221724
0.189231
0.161073
0.197944
0.141005
0.249959
0.206139
0.131682
0.158821
0.143977
0.203576
0.228856
0.182397
0.145142
0.158157
0.154240
0.248446
0.166369
0.171683
0.133632
0.173922
0.136584
0.184789
0.141426
0.171655
0.301411
0.180089
0.182014
0.172227
0.148040
0.211699
0.156997
0.184200
0.205582
0.263369
0.196363
0.183005
0.159301
0.228671
0.177943
0.130779
0.227245
0.178996
0.202463
0.165661
0.218721
0.209606
0.213428
0.209998
0.152403
0.228632
0.158277
0.174701
0.208148
0.182637
0.132103
0.163176
0.151495
0.167089
0.155784
0.190602
0.168343
0.203345
0.178253
0.160776
0.184710
0.173539
0.186300
0.133823
0.132240
0.188570
0.133428
0.125809
0.232576
0.125768
0.087506
0.189633
0.212749
0.180645
0.090056
0.210225
0.143427
0.199352
0.221962
0.194301
0.202132
0.215643
0.224413
0.191939
0.164024
0.182857
0.196950
0.201475
0.164009
0.205196
0.154771
0.189815
0.144100
0.209344
0.175707
0.142969
0.198306
0.182525
0.187275
0.192014
0.172538
0.126311
0.168997
0.157969
0.212180
0.213486
0.195646
0.163730
0.152008
0.184493
0.134035
0.137356
0.184171
0.138218
0.152714
0.088080
0.149725
0.138848
0.191999
0.166900
0.137642
0.130385
0.180199
0.185712
0.125417
0.163728
0.138243
0.156229
0.176289
0.103239
0.169371
0.204309
0.225421
0.212320
0.185211
0.199476
0.211897
0.166933
0.219517
0.150189
0.182896
0.151675
0.179611
0.241754
0.209840
0.174614
0.200716
0.182676
0.183782
0.223675
0.191621
0.172929
0.195942
0.151339
0.162750
0.169436
0.232417
0.229946
0.209327
0.158899
0.188096
0.175219
0.134014
0.176657
0.251523
0.255399
0.171240
0.152257
0.116745
0.200417
0.146719
0.190878
0.170151
0.148747
0.243734
0.223441
0.135583
0.193494
0.129431
0.175956
0.202137
0.152864
0.202931
0.163516
0.151994
0.154230
0.177474
0.110214
0.191819
0.168277
0.172642
0.148949
0.136608
0.227093
0.246363
0.250325
0.221471
0.249511
0.231541
0.245635
0.304334
0.275828
0.221115
0.238654
0.227720
0.190217
0.219481
0.239772
0.335770
0.175550
0.246693
0.224119
0.239572
0.198471
0.220386
0.313793
0.205922
0.220761
0.237386
0.301741
0.160407
0.181692
0.240845
0.324669
0.210171
0.238638
0.342101
0.223612
0.200392
0.156911
0.211953
0.255878
0.234815
0.242863
0.256114
0.263547
0.244451
0.224179
0.193189
0.177566
0.238935
0.193580
0.138912
0.154757
0.198254
0.191339
0.233648
0.190244
0.228837
0.136821
0.237249
0.176696
0.168786
0.215283
0.239184
0.204846
0.195407
0.243857
0.195757
0.166149
0.200150
0.267580
0.232873
0.175125
0.152368
0.203050
0.170460
0.174133
0.171451
0.255641
0.259476
0.222469
0.151915
0.178821
0.195791
0.209725
0.147988
0.191695
0.237922
0.198509
0.125427
0.151153
0.155201
0.183663
0.170168
0.077448
0.174430
0.205773
0.164505
0.151224
0.210942
0.189441
0.203712
0.202483
0.168942
0.186527
0.147416
0.222123
0.138307
0.192050
0.154316
0.182231
0.225586
0.179785
0.203799
0.252993
0.208870
0.169137
0.237042
0.251281
0.144183
0.175942
0.106860
0.189681
0.203629
0.206338
0.172657
0.179092
0.198161
0.173131
0.175243
0.146863
0.188804
0.164986
0.196758
0.137537
0.144242
0.152672
0.212262
0.212615
0.173508
0.182049
0.252661
0.141246
0.195775
0.106842
0.231142
0.185241
0.179182
0.193756
0.168096
0.163321
0.211975
0.245731
0.166090
0.232842
0.219875
0.247387
0.286775
0.233545
0.228242
0.252425
0.251982
0.289729
0.229598
0.316539
0.190349
0.278794
0.329299
0.259296
0.166175
0.263722
0.315362
0.270532
0.360471
0.337501
0.386515
0.226289
0.204013
0.259359
0.248685
0.249972
0.237214
0.226367
0.280167
0.292899
0.237801
0.278222
0.297381
0.310157
0.229313
0.249294
0.271730
0.225150
0.205197
0.300454
0.259621
0.222365
0.253430
0.231988
0.251892
0.196380
0.165363
0.264008
0.201456
0.231325
0.267864
0.233592
0.262719
0.239575
0.298596
0.255887
0.257001
0.255868
0.238489
0.258603
0.324427
0.259592
0.208503
0.236250
0.194510
0.210497
0.243230
0.187436
0.212226
0.245927
0.228696
0.236230
0.260212
0.227446
0.267586
0.256142
0.217707
0.214388
0.228157
0.197748
0.239108
0.226111
0.261321
0.204246
0.236380
0.204004
0.206425
0.279749
0.267394
0.199873
0.208260
0.227631
0.177847
0.202763
0.233598
0.270969
0.237456
0.172901
0.272208
0.166390
0.272432
0.246031
0.204386
0.264088
0.253500
0.235663
0.205570
0.252512
0.291296
0.195374
0.295633
0.237042
0.241074
0.215393
0.257885
0.223124
0.193517
0.181027
0.162925
0.205794
0.257130
0.231829
0.203790
0.234069
0.184216
0.215122
0.253949
0.251678
0.193278
0.203041
0.224896
0.169011
0.250403
0.177936
0.242064
0.201098
0.210779
0.213109
0.157396
0.167267
0.189723
0.255873
0.202559
0.223003
0.190479
0.215314
0.225865
0.205268
0.198086
0.247701
0.244888
0.246769
0.233507
0.228145
0.225662
0.244876
0.201275
0.143130
0.262850
0.223035
0.223875
0.197049
0.211516
0.183668
0.201121
0.219277
0.223164
0.237010
0.244981
0.266620
0.225414
0.264945
0.307269
0.255693
0.215544
0.243379
0.199946
0.209312
0.212909
0.214103
0.217928
0.269271
0.225438
0.287228
0.308044
0.214574
0.205344
0.233096
0.190115
0.260615
0.245695
0.227466
0.316608
0.269356
0.237703
0.299104
0.193554
0.250394
0.224127
0.243478
0.222652
0.270476
0.209242
0.240507
0.268956
0.228342
0.296016
0.264241
0.262408
0.268117
0.186335
0.179986
0.288933
0.194721
0.229920
0.196428
0.188215
0.256525
0.232214
0.241114
0.251083
0.230858
0.220052
0.143762
0.140489
0.248848
0.197789
0.237913
0.201252
0.294022
0.215318
0.247155
0.205045
0.228532
0.256947
0.273703
0.209800
0.246587
0.341763
0.244216
0.254807
0.311420
0.223326
0.205186
0.233808
0.232859
0.220191
0.145889
0.233741
0.239820
0.118974
0.171803
0.184081
0.211298
0.240588
0.209964
0.251356
0.241647
0.220386
0.253296
0.232118
0.286149
0.237627
0.200321
0.213054
0.172709
0.187173
0.190835
0.277899
0.237776
0.230944
0.198992
0.229506
0.213423
0.211363
0.218160
0.169099
0.196172
0.188383
0.209403
0.240390
0.233135
0.257100
0.207419
0.238656
0.204269
0.194317
0.222604
0.277334
0.247806
0.185224
0.193756
0.205276
0.259346
0.200116
0.220191
0.181911
0.263218
0.218195
0.244844
0.259606
0.218243
0.157535
0.165186
0.185296
0.225558
0.129983
0.138892
0.136305
0.145682
0.152776
0.093076
0.101824
0.076269
0.153945
0.162927
0.251568
0.209848
0.155581
0.174262
0.141737
0.312656
0.209713
0.199317
0.091987
0.204519
0.227455
0.215298
0.194954
0.224306
0.204406
0.183827
0.206311
0.215578
0.256254
0.314227
0.216386
0.127602
0.170474
0.151247
0.186841
0.162397
0.174658
0.184128
0.140090
0.163291
0.172008
0.185937
0.215053
0.143919
0.122179
0.101290
0.164745
0.198497
0.125741
0.080114
0.036825
0.039137
0.096981
0.164525
0.159984
0.144125
0.132746
0.117057
0.145366
0.148441
0.182512
0.115599
0.146614
0.137021
0.186620
0.109780
0.089940
0.135714
0.269228
0.178626
0.216680
0.256155
0.220766
0.254704
0.203362
0.147017
0.150529
0.234565
0.237066
0.155862
0.170243
0.185899
0.172189
0.234494
0.204153
0.209599
0.239777
0.199692
0.149509
0.223206
0.200936
0.188184
0.190428
0.185866
0.177160
0.225958
0.239638
0.241873
0.310127
0.169509
0.185238
0.240245
0.187905
0.185900
0.213659
0.195794
0.259713
0.269977
0.194627
0.205705
0.193254
0.261969
0.242196
0.186964
0.232635
0.211547
0.145623
0.241316
0.174898
0.231062
0.187213
0.210776
0.287076
0.292922
0.203084
0.270825
0.219674
0.208704
0.233102
0.224361
0.228592
0.199571
0.242794
0.151872
0.194197
0.231245
0.230901
0.202466
0.296837
0.300709
0.236538
0.156709
0.204232
0.242480
0.186259
0.207162
0.180267
0.161264
0.206182
0.141103
0.141757
0.204925
0.222430
0.215649
0.138141
0.196572
0.197361
0.237089
0.205598
0.210902
0.208673
0.207981
0.232793
0.194515
0.187545
0.152130
0.099223
0.130553
0.190290
0.208338
0.172194
0.123915
0.188593
0.138800
0.139289
0.223314
0.159065
0.136772
0.245953
0.189305
0.219895
0.227580
0.168988
0.149562
0.225754
0.186084
0.148828
0.187783
0.237472
0.198061
0.209686
0.197890
0.161370
0.225370
0.248822
0.238583
0.240301
0.238652
0.184487
0.232125
0.241622
0.170773
0.253296
0.243734
0.198530
0.173659
0.200053
0.237041
0.174630
0.180209
0.233741
0.145768
0.181246
0.209646
0.172044
0.138712
0.134059
0.209509
0.173578
0.184203
0.137653
0.144999
0.211584
0.164844
0.210578
0.124924
0.177237
0.177462
0.125545
0.139463
0.190888
0.213797
0.167727
0.102236
0.211158
0.178114
0.166361
0.119747
0.163552
0.191009
0.265255
0.199692
0.152446
0.196809
0.183081
0.237031
0.193325
0.195718
0.181285
0.151677
0.213493
0.204262
0.216533
0.262586
0.188710
0.190006
0.186548
0.238851
0.219165
0.152353
0.259203
0.160052
0.179236
0.156841
0.193250
0.184927
0.182634
0.107904
0.178050
0.192781
0.187644
0.206934
0.177560
0.213883
0.214167
0.266634
0.217258
0.171674
0.115049
0.201919
0.241116
0.179280
0.165376
0.174113
0.199317
0.193846
0.141866
0.172579
0.273454
0.155771
0.122202
0.195378
0.208914
0.191833
0.113767
0.154303
0.120504
0.172626
0.154222
0.096843
0.129269
0.107867
0.109771
0.151307
0.105805
0.130934
0.126471
0.128793
0.124701
0.124493
0.128151
0.122064
0.112370
0.085961
0.096305
0.149233
0.133025
0.094124
0.106195
0.095568
0.090601
0.309451
0.299622
0.130069
0.138101
0.137804
0.123688
0.058065
0.076955
0.121066
0.128884
0.130174
0.144670
0.187928
0.108051
0.141851
0.153731
0.093921
0.101669
0.135325
0.112073
0.129618
0.144947
0.216440
0.214308
0.190050
0.170423
0.163585
0.196488
0.136530
0.140508
0.156490
