503	258	312	225
491	252	338	234
490	252	337	233
495	254	331	231
498	252	332	232
501	252	330	232
501	264	331	216
502	264	331	217
502	259	335	221
518	264	320	213
528	271	314	207
524	269	326	209
532	270	316	208
531	265	321	213
548	256	308	218
550	253	302	216
552	247	299	219
551	249	300	218
550	240	298	227
542	245	305	221
540	238	305	227
538	244	303	223
539	240	303	225
536	237	303	230
533	232	303	236
531	238	302	231
526	240	304	227
528	237	303	230
523	251	303	218
519	244	304	222
516	246	298	213
508	250	299	218
513	252	294	217
509	244	291	231
508	241	285	235
503	236	278	242
501	234	285	242
501	235	284	242
499	237	290	241
489	240	305	239
498	238	296	241
501	238	288	238
504	242	288	234
504	249	286	224
508	247	287	226
513	256	285	217
519	263	276	209
520	264	275	209
529	268	262	204
539	262	241	210
550	249	229	221
550	241	222	228
551	239	221	232
548	227	218	243
549	234	214	238
551	235	205	238
550	236	205	238
549	238	205	236
552	237	200	237
554	245	197	230
556	264	196	213
558	275	196	203
559	272	197	205
561	282	198	198
559	278	198	207
557	269	194	223
557	251	192	250
556	251	192	252
560	241	186	267
563	242	183	270
565	250	183	265
564	255	184	262
565	255	184	260
565	259	184	258
564	264	183	252
562	273	183	241
561	283	184	226
562	282	184	228
558	293	186	213
556	300	186	208
555	295	185	217
555	283	181	235
555	284	182	235
558	267	175	254
562	263	169	259
562	262	167	258
562	265	166	253
562	265	166	254
562	267	164	252
563	266	163	252
561	269	163	248
561	269	160	247
561	267	161	250
561	270	160	245
561	271	162	245
559	276	162	240
556	282	159	234
556	282	159	235
556	292	160	227
554	298	163	223
555	302	159	218
557	298	162	218
557	299	162	216
557	285	161	229
557	263	159	250
555	261	182	254
554	259	175	255
554	262	183	254
553	265	174	249
551	271	175	247
548	278	190	239
548	287	163	231
544	300	172	221
546	302	168	217
543	305	170	217
540	294	177	230
539	281	188	243
539	283	192	242
538	281	193	244
536	287	181	239
535	292	176	235
535	288	171	239
536	288	170	239
537	294	170	233
537	300	161	229
537	310	159	220
537	326	163	203
537	330	165	199
538	330	164	199
539	329	162	207
541	324	161	225
538	314	165	238
539	299	160	254
538	299	161	254
537	290	163	265
535	292	164	263
534	294	165	260
535	297	163	255
537	298	161	254
538	300	159	249
541	301	157	244
542	300	157	246
541	301	158	243
541	300	158	244
543	303	155	240
546	304	156	239
547	305	155	239
549	305	155	239
549	307	156	238
550	309	155	235
550	311	156	231
548	313	160	227
548	317	163	224
548	318	162	222
542	314	169	233
530	306	182	248
521	297	192	261
514	290	200	269
512	296	202	263
516	295	198	263
521	301	194	255
520	308	195	244
521	309	194	243
521	308	194	243
523	315	193	234
528	323	192	224
531	329	188	216
541	338	183	205
542	338	180	205
547	343	178	198
554	347	173	193
558	324	171	217
558	301	171	241
558	299	171	245
562	287	166	259
562	284	164	263
563	286	162	260
562	292	161	257
562	291	160	258
561	294	159	256
559	301	160	250
561	303	158	247
561	308	158	246
563	305	157	247
562	311	158	243
562	331	158	222
561	334	159	217
562	317	159	232
561	316	159	236
564	304	157	247
566	289	156	262
568	285	153	263
563	289	156	257
565	289	153	257
565	293	155	254
565	295	155	251
565	295	156	251
564	284	160	260
563	284	161	260
563	274	164	270
562	272	167	270
560	269	166	273
559	260	161	271
560	265	164	265
553	254	162	271
556	252	159	205
549	255	167	208
535	257	178	224
534	253	178	226
525	264	190	223
517	271	197	215
513	274	201	214
510	260	200	232
508	263	203	229
505	256	216	237
503	261	205	229
501	258	206	232
498	259	208	228
498	260	210	228
499	258	206	228
499	260	204	226
497	263	205	225
494	268	207	221
495	267	207	223
493	269	207	220
490	267	207	223
489	269	208	222
488	270	207	222
488	270	206	221
485	272	206	218
483	272	205	217
485	276	199	214
485	275	195	215
485	276	194	214
483	279	196	212
479	288	198	201
480	292	193	199
483	293	189	195
483	294	190	195
484	301	190	189
485	310	195	178
483	306	203	182
484	299	202	186
485	299	200	188
488	300	198	182
487	307	194	175
485	306	196	175
484	296	200	186
485	293	195	188
481	284	199	198
482	283	191	197
480	284	203	196
479	286	201	196
479	286	200	195
477	294	211	187
472	291	215	186
466	295	220	187
458	299	236	177
459	289	234	188
449	286	244	182
445	302	256	163
439	303	265	175
431	299	275	196
431	297	272	194
427	300	284	200
421	300	297	196
417	302	303	194
415	304	307	193
409	316	313	181
412	312	312	184
409	320	316	176
410	322	314	176
411	322	316	175
412	319	319	178
411	321	319	176
411	321	319	176
412	320	319	174
414	321	321	173
416	319	322	174
416	319	321	173
417	318	324	173
421	321	329	169
424	322	330	166
431	326	338	162
433	328	332	161
440	336	338	149
440	346	369	139
467	350	387	139
474	342	402	152
471	344	407	148
513	299	419	204
605	294	342	205
609	309	337	185
616	325	349	163
616	326	341	160
618	321	345	158
618	322	349	166
621	323	349	160
625	329	350	151
627	330	350	151
635	338	360	144
628	321	380	157
628	295	423	182
662	290	383	187
667	289	373	186
701	300	337	175
708	303	327	172
689	310	345	158
672	316	366	172
673	319	358	169
653	305	336	182
638	309	331	170
624	314	320	163
609	316	310	162
611	314	312	163
587	308	308	168
568	295	303	183
551	297	285	176
534	290	296	185
537	289	304	185
519	291	286	181
505	292	272	183
493	283	275	191
482	270	265	205
481	270	269	205
475	272	257	204
468	271	245	204
465	275	246	202
464	275	247	204
463	276	246	206
465	282	241	200
465	282	242	202
470	290	244	194
482	291	245	193
479	292	245	192
491	280	252	208
510	274	256	226
524	268	253	236
526	253	264	235
526	243	261	245
564	236	229	199
623	227	183	151
645	200	164	201
652	193	160	220
654	192	158	218
657	197	157	213
660	214	147	195
658	227	139	179
655	245	138	164
655	245	136	166
649	242	137	175
645	228	134	196
643	237	132	193
637	225	131	204
637	234	129	196
635	241	129	189
635	244	129	184
635	247	127	180
635	245	131	178
636	246	128	179
637	246	130	179
640	245	130	179
640	248	139	179
642	249	142	177
643	249	142	178
646	244	144	182
652	251	147	175
657	244	144	185
663	244	144	184
663	241	145	188
672	244	141	186
675	243	146	188
683	243	146	188
691	241	144	191
690	241	142	191
698	244	138	188
704	241	134	190
709	251	134	180
711	249	136	183
711	248	136	184
713	247	136	185
716	256	136	176
716	259	133	175
714	246	131	189
713	248	132	189
711	254	132	186
706	248	135	195
699	219	152	228
699	207	150	233
697	208	152	230
700	200	143	162
702	190	143	152
702	178	153	189
700	173	155	199
700	174	155	199
700	177	161	197
701	183	164	191
700	193	171	182
699	205	174	171
701	204	173	171
699	211	181	163
702	206	182	171
706	203	181	174
707	205	182	173
706	205	183	174
708	205	181	173
709	205	179	172
710	206	178	172
713	204	176	173
714	202	176	175
715	202	176	175
717	201	175	174
720	200	176	175
721	199	177	176
723	199	178	176
723	198	178	176
724	199	179	176
724	202	182	174
721	204	188	173
721	204	188	173
719	204	191	174
719	205	193	174
716	209	199	171
716	214	202	168
713	217	207	168
716	216	204	169
714	216	209	170
708	216	217	173
710	213	215	177
708	208	220	182
707	209	220	181
704	209	225	180
701	212	228	178
700	217	229	173
695	220	233	170
693	219	236	172
693	223	237	167
694	227	235	162
686	228	246	161
682	234	253	153
685	233	252	154
680	233	258	154
684	224	256	162
676	220	264	167
672	222	269	165
674	222	267	165
670	226	271	162
671	229	271	159
667	234	274	155
659	252	278	137
660	250	276	138
653	251	270	136
630	263	280	123
588	263	328	116
598	250	300	133
586	245	317	139
546	222	317	157
521	235	282	133
510	240	275	132
503	244	273	147
504	244	264	144
501	239	268	153
501	233	275	158
502	228	277	161
511	243	271	148
510	237	271	155
510	249	277	141
517	253	272	139
524	254	275	139
535	258	271	135
534	258	272	136
541	259	274	136
546	257	269	136
554	258	271	136
565	257	264	134
564	257	267	136
575	258	261	135
579	256	262	137
588	256	258	137
585	257	262	136
586	257	262	135
590	257	263	134
591	258	262	133
592	258	263	134
592	258	264	134
592	259	264	134
591	258	264	135
594	259	264	135
596	259	264	135
600	262	262	134
600	262	260	135
602	262	259	136
604	265	258	133
604	264	259	134
607	267	260	131
608	266	257	133
610	267	257	131
610	266	257	133
610	264	258	135
612	265	258	134
613	264	256	135
613	263	256	136
614	260	256	140
615	248	258	153
611	245	262	156
608	245	264	155
607	246	264	156
606	249	264	155
607	247	264	159
607	243	263	163
606	242	265	165
605	242	267	165
604	240	268	168
604	235	268	173
604	230	268	179
606	233	268	175
604	228	271	185
607	236	273	175
605	234	275	176
610	232	270	180
607	234	275	178
609	231	274	181
609	240	274	174
611	232	271	180
611	233	273	183
609	231	274	183
610	237	271	181
613	234	269	181
611	240	272	179
613	241	270	178
612	241	271	179
614	243	269	178
612	244	271	179
612	244	270	181
613	248	270	177
611	244	271	182
611	249	271	178
612	248	270	179
612	250	270	176
611	246	271	181
612	254	269	172
615	248	267	177
616	254	269	171
615	247	272	179
621	252	267	173
617	247	270	179
621	249	269	177
622	248	269	177
622	248	271	177
625	248	269	176
623	246	270	178
626	248	269	176
624	247	270	175
624	247	270	175
626	241	269	182
626	247	269	177
625	243	270	178
627	246	270	174
626	244	271	176
627	243	269	177
627	244	270	177
626	247	271	174
626	245	271	175
628	246	270	176
626	248	272	175
622	247	274	174
625	247	271	174
624	248	270	175
624	245	271	176
625	248	270	174
624	248	270	177
626	246	269	178
623	247	272	179
625	248	271	175
622	249	273	175
624	248	271	177
625	246	271	177
626	249	270	176
625	251	271	174
626	248	270	178
631	251	265	175
628	252	268	175
639	263	255	165
626	267	268	161
645	277	252	150
628	278	264	149
629	274	268	155
634	285	261	142
631	287	264	140
633	285	261	141
631	285	263	142
629	286	264	141
633	286	260	140
634	286	258	139
637	284	258	142
640	283	254	143
640	283	255	144
640	281	256	145
637	265	262	162
634	271	263	149
623	273	277	149
622	272	278	152
622	275	276	161
640	277	248	171
646	278	243	145
643	277	251	144
642	278	251	144
634	275	254	158
629	276	259	164
638	274	250	157
634	275	252	158
632	273	252	159
632	274	248	158
630	270	247	163
626	272	246	162
623	273	247	164
624	274	245	163
606	273	258	169
600	273	262	172
591	273	262	167
595	271	250	177
588	271	258	178
559	272	278	188
544	265	279	199
550	265	269	199
547	261	273	204
549	265	273	199
552	264	269	199
563	276	244	184
567	283	244	170
577	282	248	166
574	283	252	167
583	277	248	173
595	278	241	171
623	272	215	168
621	269	238	174
623	272	226	166
623	270	222	167
632	264	212	177
637	264	209	183
648	263	202	192
648	264	202	190
651	264	200	191
657	260	199	196
656	256	188	198
660	256	185	190
660	256	185	187
661	256	187	188
662	256	185	205
664	259	180	192
663	257	181	192
663	257	181	193
665	258	177	193
667	256	174	210
668	252	170	221
665	250	172	229
661	249	176	230
664	251	171	230
660	250	172	239
656	248	176	245
659	249	172	243
659	249	172	243
667	249	164	240
670	246	160	248
671	245	159	243
674	241	158	237
675	242	156	230
684	241	151	199
686	241	152	198
690	238	150	197
695	234	148	196
694	234	148	194
695	231	148	194
695	228	147	194
694	227	145	192
692	222	149	195
693	222	147	195
691	220	147	197
689	220	148	199
688	219	147	199
686	218	148	199
686	218	147	198
685	219	145	201
682	220	146	200
682	221	144	203
681	222	144	201
681	221	144	202
682	222	141	195
682	220	139	193
682	221	139	192
678	222	141	192
678	221	140	192
677	223	141	204
675	224	141	207
676	228	140	198
674	228	139	195
674	228	140	193
672	230	139	183
672	231	140	179
670	231	139	180
668	231	141	178
668	231	140	179
668	232	139	178
667	231	140	175
666	232	140	177
665	233	142	174
665	231	141	175
664	230	141	176
664	231	142	176
663	230	143	174
661	228	144	175
661	227	144	176
659	227	144	173
658	224	144	176
657	223	144	178
656	222	140	179
655	222	141	178
654	220	138	180
652	220	140	182
651	220	137	183
650	221	136	180
650	223	134	178
651	223	134	178
649	223	134	177
645	223	137	177
643	223	137	176
639	221	141	178
640	220	141	179
644	220	135	178
648	219	135	181
645	219	138	190
642	222	145	193
641	222	145	192
637	224	148	200
633	227	144	206
630	233	144	213
629	239	141	213
630	239	141	214
626	240	142	219
623	249	147	223
614	249	163	257
606	238	180	284
606	240	180	282
601	230	181	300
604	226	176	305
624	224	155	303
631	259	143	274
630	257	146	275
631	282	141	258
634	298	136	261
621	316	146	236
590	316	172	220
589	317	174	219
572	315	184	225
564	311	191	230
546	301	207	256
539	293	210	265
541	295	209	263
534	297	213	256
532	299	215	251
531	294	221	252
529	293	222	249
528	291	224	252
527	288	224	250
525	284	230	253
525	280	230	251
525	277	230	251
524	279	232	248
531	276	231	248
532	276	233	246
537	275	231	245
542	274	227	245
542	274	226	244
544	275	230	243
545	274	230	244
547	274	230	244
549	275	231	244
550	276	228	243
551	277	224	242
551	277	229	242
550	278	224	241
548	274	228	243
548	274	231	242
550	276	228	241
549	273	224	243
548	271	227	244
547	270	226	244
547	270	228	244
546	272	225	243
545	271	231	244
545	272	228	242
545	270	230	243
547	270	226	243
547	268	225	242
547	267	230	241
546	267	224	242
547	267	227	240
547	267	224	241
547	265	226	243
547	266	225	242
547	267	225	241
548	267	225	240
548	268	223	239
549	269	226	241
551	271	226	240
552	271	225	240
552	272	225	240
552	271	226	240
552	270	223	241
553	267	224	243
554	268	223	241
553	268	223	240
553	268	223	241
554	268	225	239
554	268	225	240
555	269	223	238
555	268	226	239
555	267	225	240
556	267	223	239
556	268	224	238
557	269	225	239
557	270	222	240
557	270	224	239
558	270	225	239
558	272	229	241
559	273	222	241
560	275	223	240
560	274	223	240
565	273	223	241
559	274	229	240
550	272	243	240
545	269	248	231
547	269	248	232
543	267	259	240
544	266	266	242
543	265	265	241
535	259	277	248
536	256	273	251
532	249	280	205
527	247	280	164
523	251	284	162
522	252	286	163
523	250	284	163
521	252	286	165
515	253	291	172
512	251	294	196
512	250	294	166
512	251	293	165
506	252	297	166
502	253	302	181
495	256	306	182
487	258	314	181
487	257	314	180
483	258	319	182
480	257	319	184
477	254	319	184
476	254	311	184
477	255	312	183
476	258	309	182
478	259	306	183
476	260	306	185
476	262	300	185
477	266	289	180
477	264	290	182
480	267	272	187
483	259	258	203
486	255	255	208
490	251	253	213
490	250	252	214
494	246	249	216
498	242	244	220
499	237	243	226
495	233	245	230
490	230	251	233
483	227	258	235
483	222	259	240
484	222	258	242
483	221	258	243
486	227	256	237
485	241	257	224
485	242	254	225
486	244	250	224
485	240	250	228
486	234	250	235
486	238	251	230
484	239	254	229
486	237	251	232
486	237	250	231
487	241	249	227
489	239	249	228
492	251	249	218
497	255	247	212
506	259	239	207
503	259	242	208
507	258	241	210
510	258	239	210
511	252	240	216
509	239	241	229
508	239	242	228
505	233	244	236
504	233	248	238
506	234	245	238
508	237	243	235
507	237	243	235
508	241	244	232
506	245	244	229
505	236	243	238
504	241	244	233
502	237	245	237
504	243	244	230
503	244	243	228
504	242	243	230
504	242	243	230
504	244	242	229
507	248	241	225
510	247	242	224
516	245	240	226
520	249	235	223
520	250	236	222
521	257	235	215
534	261	224	211
538	272	223	199
539	276	224	197
540	277	225	198
533	271	229	205
524	267	240	208
516	262	248	213
512	257	254	218
512	258	254	217
515	257	251	219
509	252	253	226
508	254	253	223
508	256	246	222
510	257	246	221
508	249	243	229
508	249	247	229
509	248	247	230
510	256	246	223
510	264	245	216
512	263	243	218
515	268	245	212
517	270	247	210
519	270	245	211
520	268	245	212
524	274	241	209
530	276	238	206
535	274	238	207
538	277	238	205
539	279	236	204
540	275	236	209
540	290	232	195
544	297	230	190
546	304	225	185
546	304	223	186
545	303	226	187
540	288	230	203
531	285	237	205
536	282	231	206
535	282	230	205
539	300	226	187
540	288	224	201
538	288	222	201
538	293	220	198
539	294	221	196
538	283	218	205
537	277	217	210
537	276	216	211
536	272	215	215
537	271	215	216
539	274	211	213
541	282	209	205
542	272	206	216
546	270	203	217
545	269	204	219
548	269	202	219
551	274	200	215
556	285	194	204
558	284	192	207
558	282	193	208
562	283	191	207
565	274	188	217
567	265	184	226
574	252	178	239
573	255	180	235
576	242	179	248
576	243	177	250
576	244	178	249
577	246	177	247
578	246	177	248
577	250	176	243
577	250	178	243
574	253	184	240
578	254	185	242
576	254	186	241
581	259	181	237
579	259	184	239
576	261	189	238
575	266	195	232
577	265	193	233
584	264	187	237
585	266	185	235
583	262	187	238
585	262	187	237
585	261	186	237
586	257	189	240
589	255	184	242
591	265	181	232
590	264	180	235
591	264	181	234
590	272	183	226
591	273	186	227
594	276	181	224
596	272	177	228
596	271	177	228
599	258	170	241
601	252	166	247
602	249	164	250
603	248	164	250
604	256	165	241
604	257	165	240
604	253	165	243
604	255	164	242
606	263	163	236
607	262	166	239
606	263	167	237
609	264	168	238
610	266	172	235
608	275	179	225
603	260	186	238
603	259	184	239
598	251	191	247
595	252	193	245
591	253	197	245
588	249	200	251
588	254	200	245
587	257	201	242
588	262	197	237
588	254	194	244
588	262	194	234
588	253	194	244
587	264	198	230
588	266	202	227
589	278	203	215
589	277	205	215
590	275	204	217
589	279	209	214
581	276	224	217
574	272	234	221
562	274	245	218
563	269	245	223
553	262	251	229
553	261	252	229
550	264	251	227
550	259	249	232
550	259	249	231
547	259	250	231
545	263	251	227
542	260	251	229
540	260	252	229
542	258	252	230
539	260	255	229
539	262	258	227
539	262	260	228
540	265	261	226
539	263	260	227
537	264	263	228
537	262	262	231
534	257	266	237
532	256	269	237
532	256	269	237
530	256	273	238
526	255	277	239
525	273	276	221
519	276	275	218
518	280	275	213
509	275	281	218
503	266	290	228
502	270	289	222
488	262	303	232
493	255	299	239
486	258	302	237
484	265	301	232
477	294	301	203
472	281	300	216
472	288	300	208
474	286	302	210
472	284	309	212
472	282	310	215
474	281	309	217
476	279	307	218
472	287	310	213
476	283	304	218
477	289	303	214
477	286	302	216
476	284	304	217
480	281	302	220
479	281	303	222
482	271	302	232
485	271	302	231
485	269	301	233
485	270	303	231
483	268	307	235
484	272	304	231
482	273	306	230
485	270	302	234
484	278	303	225
483	272	303	232
482	280	304	224
483	275	301	230
481	277	303	228
482	277	301	229
480	279	303	227
480	286	302	221
479	278	302	230
480	278	303	229
481	285	303	221
482	288	302	218
483	284	301	222
483	290	302	215
485	282	300	223
486	289	301	215
486	283	301	223
488	277	301	230
491	283	302	224
490	280	302	226
492	290	303	216
492	286	302	220
491	283	303	223
491	282	303	224
490	284	305	222
491	287	304	219
491	285	304	223
492	274	304	236
497	288	299	222
493	280	303	229
493	289	303	220
492	291	305	220
492	277	304	234
494	289	303	222
490	286	305	227
490	283	306	232
495	293	302	225
497	296	301	224
498	299	303	221
498	297	303	225
499	295	303	226
500	293	304	230
503	294	303	229
504	301	302	225
500	292	307	235
507	306	301	222
507	298	302	234
507	304	303	228
508	299	302	235
508	305	301	229
510	298	301	235
508	307	303	225
510	298	300	232
507	303	301	225
508	297	298	230
506	297	300	230
506	303	300	224
508	290	298	237
506	304	300	224
506	291	300	238
507	305	299	224
507	292	299	238
505	297	302	232
505	300	302	229
508	291	299	238
508	301	302	228
510	292	301	235
510	297	304	231
514	292	300	234
512	297	302	228
513	289	301	238
513	299	302	226
515	297	300	227
517	289	302	236
518	296	302	228
520	285	301	239
520	298	302	226
520	298	301	227
520	280	300	242
520	298	301	224
521	294	299	230
520	294	301	229
520	286	301	237
519	295	304	228
520	287	301	237
518	295	304	229
520	287	302	237
519	293	302	230
520	294	301	230
518	281	303	241
518	288	303	234
517	292	304	229
518	279	303	242
518	287	303	233
515	290	303	230
516	291	301	229
515	292	301	228
514	287	301	234
515	292	301	227
515	292	301	227
515	288	301	230
515	294	301	225
516	285	301	234
515	297	303	222
516	279	302	241
515	293	302	226
514	279	302	239
511	286	307	230
512	276	306	238
516	291	304	224
517	276	302	239
517	291	303	223
516	276	304	239
516	284	303	231
516	289	305	226
516	284	304	231
515	287	306	227
517	290	304	224
519	279	303	238
521	297	302	220
521	282	303	234
519	293	305	223
520	286	303	231
522	295	301	222
520	314	302	204
526	309	296	209
503	323	317	194
499	320	323	196
496	314	324	204
495	309	324	208
493	310	327	208
489	305	331	213
491	314	329	202
488	301	330	215
490	295	328	217
486	297	332	216
489	287	331	224
486	269	333	244
480	272	342	235
483	256	341	250
480	256	343	248
479	246	344	256
473	254	349	248
471	269	349	239
459	272	356	234
461	275	354	231
448	271	359	230
453	263	328	224
447	266	313	199
443	269	306	201
447	269	298	200
447	267	292	214
440	264	293	220
443	255	289	229
447	268	296	216
448	268	294	218
457	258	298	230
482	266	287	223
479	259	304	233
487	261	303	242
487	261	305	242
490	266	307	241
488	269	311	238
489	264	313	241
491	261	315	242
490	263	316	241
494	279	319	228
496	273	321	238
504	276	317	234
508	267	319	241
506	267	322	241
510	268	323	239
514	273	323	234
518	280	328	231
525	274	326	242
525	277	327	239
525	282	328	235
529	275	327	243
532	282	329	237
537	287	330	233
538	282	330	239
542	289	332	231
543	279	336	242
553	289	334	229
565	281	336	238
561	309	338	208
570	290	341	232
577	291	336	232
586	283	335	240
588	291	337	231
584	283	341	240
591	288	335	237
590	301	336	229
590	295	335	238
589	293	337	241
589	295	336	239
594	287	336	246
600	285	332	244
603	288	334	240
602	293	334	235
602	287	334	241
604	292	333	237
605	288	334	241
605	289	337	239
610	289	335	239
609	291	335	237
612	283	335	245
613	295	336	235
614	299	335	237
611	305	335	238
608	311	337	236
609	301	336	244
603	313	339	235
599	319	338	234
597	312	336	242
594	307	337	241
593	310	339	237
593	302	338	241
591	303	338	237
593	293	339	243
592	293	339	240
592	293	340	240
594	295	341	238
593	295	342	239
593	294	343	239
594	292	344	241
594	291	344	241
596	294	346	237
598	295	349	237
598	296	352	236
601	298	353	234
599	297	353	234
602	294	355	236
604	295	354	237
612	296	352	240
613	306	356	238
619	316	348	231
618	318	351	235
617	326	354	233
616	328	355	236
617	331	354	235
616	329	355	237
623	329	352	237
622	327	352	240
621	327	352	238
621	328	349	237
620	330	351	236
616	329	350	234
615	329	351	230
611	322	354	237
609	323	351	233
609	324	353	230
602	327	355	230
602	324	354	230
602	323	352	232
598	319	354	233
603	316	350	236
601	318	349	235
601	319	350	232
598	312	354	241
599	325	352	227
603	322	348	230
606	332	346	221
610	345	339	207
618	349	328	204
617	349	326	201
618	349	327	201
619	347	319	205
617	347	317	209
611	347	320	211
602	348	319	209
602	346	321	210
599	345	316	213
591	342	320	215
589	338	316	218
580	334	318	222
584	333	314	221
578	327	314	222
569	325	315	216
569	318	306	218
569	311	301	209
565	310	305	212
567	310	297	202
545	309	313	202
542	307	312	199
542	306	307	197
541	307	308	197
533	304	313	197
534	302	306	194
517	301	321	191
511	301	325	191
511	300	322	193
504	298	323	191
502	296	320	190
500	292	317	192
494	290	316	191
495	288	318	195
491	290	316	188
490	287	309	189
479	287	313	193
470	289	316	191
466	289	322	193
459	287	324	192
460	288	318	191
455	287	321	192
451	287	319	189
453	286	319	191
449	286	318	187
452	280	316	192
451	278	314	189
454	274	315	193
451	273	314	193
459	271	311	193
455	269	313	190
453	263	313	192
452	258	313	192
452	256	314	194
451	257	310	191
447	256	315	190
446	255	310	187
441	252	314	186
440	252	314	187
440	246	307	186
449	241	301	184
448	239	303	185
441	235	312	185
441	236	314	185
435	225	323	189
433	224	329	182
430	222	336	183
444	219	324	181
447	221	320	181
446	220	325	180
454	222	319	180
469	201	304	205
467	206	305	200
466	198	306	209
460	202	315	205
458	186	322	221
454	201	325	203
444	184	340	223
440	200	340	206
439	187	347	222
439	212	344	197
443	202	342	207
446	209	340	204
444	196	343	219
443	219	342	195
448	210	343	208
451	218	342	203
449	231	346	194
454	230	342	196
452	227	344	199
456	226	344	205
460	234	342	199
465	234	341	200
465	238	340	195
469	231	340	204
477	240	332	194
475	242	336	193
476	243	336	190
478	247	334	186
480	243	330	189
496	250	314	179
505	247	305	188
503	248	306	187
503	248	303	187
503	249	305	188
494	248	310	189
484	240	318	198
478	240	324	196
485	240	311	195
471	242	328	194
482	245	311	193
462	246	331	192
458	242	330	199
455	247	329	194
453	240	332	200
452	243	329	199
451	248	331	194
450	246	331	195
453	251	326	191
459	244	322	196
449	240	326	203
448	252	332	191
452	250	327	194
464	253	313	193
466	252	313	195
467	255	308	193
476	256	301	193
479	254	300	194
480	234	299	213
482	252	298	192
480	249	298	196
498	231	282	214
505	253	278	192
509	241	274	206
509	240	276	208
514	257	272	192
514	254	270	196
517	250	267	201
518	247	262	204
518	243	262	208
516	219	257	232
512	217	258	232
509	207	252	241
506	208	247	242
506	204	247	246
501	215	236	232
498	212	231	233
496	210	213	230
494	208	189	207
494	215	188	215
490	218	169	161
485	217	159	170
477	222	163	174
478	222	156	185
478	224	156	185
482	219	145	195
485	221	144	193
490	226	138	191
494	227	136	192
496	228	135	191
500	221	135	202
502	216	138	213
505	207	136	226
507	203	134	233
507	204	135	233
508	200	135	238
510	212	135	229
512	207	143	233
514	210	142	231
515	211	141	229
516	215	141	224
516	215	146	223
517	214	144	225
517	217	144	222
517	216	144	222
519	217	142	223
521	223	143	217
521	223	143	218
520	224	143	220
520	223	141	219
520	225	143	217
521	231	142	211
523	247	144	192
521	248	148	192
520	244	147	196
522	244	147	199
522	248	152	197
524	237	155	215
528	225	169	226
528	221	166	229
529	222	167	228
531	221	168	229
531	224	166	226
532	223	165	225
532	223	164	225
530	226	165	218
530	227	158	217
528	232	160	215
526	233	156	214
526	233	159	214
523	235	163	217
520	247	156	207
516	249	160	210
511	250	165	212
510	252	164	210
506	253	159	212
504	266	160	203
502	268	156	198
498	269	157	197
498	271	157	194
495	276	159	194
493	285	159	189
493	281	162	197
492	283	162	196
493	284	161	196
491	286	164	193
491	283	170	197
492	284	171	198
491	287	172	196
492	289	172	195
486	290	180	191
486	289	179	190
484	287	177	189
481	286	174	190
482	285	170	191
481	277	171	200
480	282	172	191
478	278	171	195
477	285	169	185
477	279	169	192
476	271	170	200
474	277	170	192
469	280	172	190
469	274	170	198
469	274	172	197
468	276	172	195
466	272	170	200
467	267	168	204
467	268	168	203
466	266	169	204
467	267	167	202
465	264	170	204
464	264	170	204
463	264	171	204
463	264	172	204
462	264	174	204
461	263	176	205
461	263	177	206
461	263	180	207
461	267	182	204
461	266	182	205
461	275	185	197
459	277	193	196
458	277	199	198
457	277	199	198
457	270	204	204
459	251	205	224
459	250	211	225
457	242	214	233
455	245	215	231
456	244	216	232
453	245	222	231
453	244	223	231
452	245	226	228
451	244	224	227
451	240	226	231
452	247	225	223
449	247	223	221
448	252	221	216
445	249	220	218
445	258	219	210
443	272	213	194
441	285	204	176
439	286	202	178
438	276	198	193
439	275	198	195
437	272	195	200
439	254	191	224
436	246	191	233
433	249	193	232
433	246	189	235
431	255	186	228
425	256	186	229
429	257	182	227
427	262	181	222
427	263	181	221
427	266	180	219
425	264	180	223
423	265	180	220
421	266	181	217
421	266	182	217
420	266	181	217
419	266	182	216
418	272	182	209
419	273	180	209
420	274	179	208
420	280	176	205
420	284	178	201
421	288	175	198
422	294	177	194
421	296	180	191
422	294	180	191
420	295	181	186
421	291	177	188
422	291	177	183
422	296	178	178
420	292	185	183
417	297	186	182
417	303	189	183
420	295	182	193
419	294	183	194
421	298	180	191
422	300	180	190
421	300	184	190
422	303	182	188
421	301	181	191
423	302	180	189
424	301	177	189
424	289	173	200
426	288	179	201
426	288	173	201
425	288	176	201
423	288	176	200
423	291	171	199
424	291	171	202
424	291	171	201
424	292	163	202
424	295	169	200
424	307	160	188
425	300	161	198
425	303	155	193
425	298	159	199
426	296	154	202
425	295	156	203
428	296	156	203
427	291	156	209
428	285	155	215
430	281	153	219
431	279	151	221
433	278	152	224
433	278	150	224
434	279	149	222
434	277	145	223
435	279	149	222
436	278	145	223
436	278	146	224
439	273	142	230
444	269	137	234
447	271	134	233
448	271	133	232
449	271	133	232
449	273	132	229
449	275	133	228
451	275	130	227
450	275	134	225
450	275	132	227
452	276	131	226
450	277	133	223
452	277	132	222
453	278	131	221
453	278	131	220
455	277	130	220
456	280	132	217
456	281	131	213
459	283	130	207
459	284	131	207
458	293	135	194
459	294	135	186
459	292	138	184
461	280	137	198
462	281	136	198
466	268	135	214
468	251	132	233
470	246	134	239
471	247	136	236
471	245	135	237
473	253	134	227
474	259	134	221
477	259	133	218
479	263	132	213
478	264	133	212
481	265	130	210
481	271	132	204
481	278	138	199
482	283	136	189
482	280	139	189
483	276	139	193
484	269	139	198
483	251	137	220
485	242	135	228
483	240	135	230
484	237	134	234
485	241	137	231
484	246	138	224
485	247	139	222
485	247	138	222
485	251	141	217
487	256	139	207
489	267	142	194
490	271	139	191
491	262	137	195
492	268	139	191
492	256	137	199
492	235	137	224
494	234	134	221
494	235	133	220
495	237	132	218
495	241	133	214
494	233	151	222
496	206	150	249
496	201	151	253
496	205	152	250
497	209	138	229
494	214	136	175
491	211	136	146
487	204	135	146
490	204	133	146
484	197	138	159
481	195	141	166
478	188	144	178
474	182	145	188
474	184	146	185
473	179	147	193
472	178	135	196
472	176	132	199
475	178	130	198
476	178	130	198
476	178	130	199
476	178	131	199
476	179	129	199
475	178	130	200
477	178	130	200
476	182	131	197
477	188	131	194
479	189	129	195
481	187	128	197
483	188	127	197
483	188	129	197
484	189	129	197
484	189	130	198
483	188	131	199
484	189	130	197
483	191	130	195
483	189	133	197
476	187	136	201
473	189	139	199
473	193	138	196
472	191	138	199
470	190	139	201
468	187	141	204
466	184	141	206
467	183	140	207
466	181	141	208
465	178	142	210
465	178	142	209
465	177	142	210
466	176	141	211
466	176	143	211
465	175	145	212
466	177	143	210
467	176	143	211
467	176	143	211
468	177	143	208
469	176	143	209
470	177	141	208
471	181	143	206
472	181	142	205
471	183	144	203
472	184	143	204
470	182	144	207
473	180	141	208
472	179	142	209
472	180	142	208
472	179	141	207
471	177	139	207
472	175	138	207
472	174	136	205
473	173	136	204
474	171	137	205
474	170	137	205
475	169	140	206
475	168	139	206
474	169	139	206
475	169	135	204
476	169	137	204
475	170	141	204
474	170	141	202
475	169	140	202
474	169	138	202
474	169	135	201
472	170	140	201
473	170	136	200
472	168	140	200
471	167	140	201
471	169	141	198
468	167	144	201
469	169	142	200
467	168	142	201
468	168	141	200
468	167	141	201
466	169	143	199
465	167	142	200
462	172	144	194
458	178	147	187
453	183	149	182
449	188	144	176
450	187	144	178
448	191	148	173
447	190	150	174
445	190	151	173
445	184	153	177
444	185	153	176
444	180	155	180
442	179	157	180
440	178	158	181
441	176	157	184
441	175	158	185
443	175	157	186
448	176	154	185
452	172	154	189
452	169	158	192
451	165	160	196
457	165	156	195
460	162	157	196
468	164	160	193
477	169	158	188
474	164	161	192
482	169	160	189
487	170	159	190
494	168	160	192
502	168	156	191
500	167	158	192
515	168	144	191
529	169	135	189
540	170	120	190
544	171	123	194
544	171	132	194
547	173	131	191
548	178	137	186
549	179	138	186
548	193	141	175
548	185	144	183
547	186	143	184
544	204	150	170
542	211	152	169
538	217	167	168
537	238	182	151
539	236	177	152
537	234	184	154
537	236	195	155
536	233	204	162
536	234	197	160
534	227	206	167
533	233	208	163
528	209	214	188
521	220	223	178
512	217	228	182
513	216	229	184
500	225	238	175
485	217	245	175
474	219	251	160
466	223	257	156
466	222	258	157
462	220	255	167
451	222	261	166
441	222	267	170
437	222	270	175
438	224	267	175
435	220	265	182
434	217	271	189
425	214	278	198
422	212	280	201
422	219	281	195
415	226	289	192
413	221	287	196
412	227	286	197
408	225	288	200
406	228	291	184
400	233	296	193
401	235	295	178
397	234	295	195
401	245	296	170
393	245	304	184
404	248	292	160
401	251	296	179
409	255	294	165
405	261	293	171
406	261	292	170
404	268	297	163
404	274	299	159
406	279	307	155
413	286	311	153
414	284	312	155
426	290	319	145
441	288	320	131
450	275	355	150
461	234	370	200
460	234	373	197
489	226	360	176
545	231	307	165
551	236	299	159
546	244	300	152
546	248	299	148
540	251	299	151
527	253	297	150
516	257	292	151
514	259	285	153
512	258	286	154
511	263	281	156
508	267	279	157
506	272	282	154
507	277	291	156
506	278	303	158
509	268	303	175
501	251	324	208
502	237	380	232
530	232	366	244
526	231	380	244
609	246	309	244
629	274	288	223
633	298	288	192
624	300	293	175
624	300	294	176
615	295	292	185
610	291	292	178
603	288	296	193
592	282	305	210
593	281	305	212
574	277	321	216
551	270	366	240
529	265	387	244
517	252	408	239
514	250	408	237
519	242	413	256
603	247	327	265
593	268	334	245
563	301	352	202
563	304	349	200
544	323	357	172
532	322	356	175
520	315	354	178
509	313	339	174
510	311	339	176
491	304	347	177
463	288	351	193
438	284	347	196
422	254	346	228
421	257	350	226
408	246	346	237
394	237	332	250
392	232	324	254
388	231	307	251
389	236	306	245
389	235	299	252
389	237	294	250
384	234	303	256
384	235	309	260
383	233	309	263
390	237	316	255
401	253	318	248
418	245	314	275
438	232	307	285
440	231	305	286
451	218	305	289
480	206	281	237
561	199	205	164
584	193	186	175
583	195	185	173
603	193	165	200
615	190	155	220
614	191	150	232
613	194	147	234
614	197	145	232
612	202	143	230
608	208	142	224
606	224	140	209
604	232	142	208
603	233	141	208
602	234	138	217
601	238	139	219
600	236	144	224
602	228	140	232
602	229	141	231
603	201	143	260
602	195	145	264
608	195	147	257
619	199	151	217
619	198	153	217
627	198	153	239
628	203	162	240
630	208	168	235
629	215	188	230
629	214	187	231
629	228	204	219
633	242	214	208
631	250	228	203
629	274	236	183
632	288	241	171
633	283	238	175
633	282	247	179
629	288	257	177
618	269	277	201
616	269	285	204
617	267	284	204
622	261	284	209
629	262	282	208
635	263	279	207
640	267	276	203
640	268	275	201
656	271	256	196
659	271	251	194
657	267	254	196
653	260	261	202
651	260	261	203
647	255	269	207
640	244	280	222
641	236	289	231
645	232	297	233
643	235	299	228
664	243	289	223
689	250	273	214
698	253	273	214
708	256	276	210
711	255	274	210
714	252	284	213
740	258	268	209
739	271	280	200
739	278	285	197
737	276	288	199
736	280	278	187
743	270	239	210
705	252	276	230
702	222	227	219
707	222	213	217
661	211	238	223
679	210	214	219
622	218	279	225
576	265	275	218
584	264	270	220
526	316	305	225
510	363	322	180
