668	449	116	139
668	443	121	142
672	440	119	142
675	438	117	140
678	433	116	137
680	420	117	137
684	411	114	134
684	392	113	132
673	376	115	133
660	368	114	133
656	363	112	132
654	353	111	133
646	347	112	133
632	342	112	134
615	339	111	133
597	334	110	133
583	329	111	134
576	326	110	135
576	322	109	134
575	318	109	135
576	316	108	134
575	312	108	133
574	308	108	133
571	305	108	133
571	302	109	133
573	299	108	133
573	297	109	131
577	294	108	131
581	291	107	131
583	289	107	131
586	288	107	131
590	287	107	131
592	286	107	130
595	285	107	130
597	283	106	130
602	283	106	130
605	284	106	129
607	283	106	129
609	283	107	128
611	282	106	129
612	282	106	128
613	282	106	128
614	283	105	128
614	284	105	128
616	284	106	128
620	287	106	127
624	288	106	127
627	288	106	127
630	289	107	128
632	290	107	128
635	292	107	128
638	293	107	127
641	293	107	127
644	293	107	128
645	293	107	128
646	294	109	128
645	294	110	128
644	295	106	127
642	296	100	125
639	295	99	127
638	295	98	127
637	295	98	126
635	294	98	127
634	295	98	127
633	295	98	128
633	295	98	127
632	296	99	127
632	297	98	128
631	298	99	127
631	298	99	127
631	300	102	127
632	300	106	126
632	300	107	126
632	300	107	127
633	301	106	127
634	299	107	127
635	300	106	128
637	300	105	127
638	299	102	128
639	300	101	129
639	300	100	129
639	300	100	129
639	301	100	129
639	301	100	130
640	302	99	129
640	302	99	129
639	303	99	129
637	304	99	129
636	304	99	129
633	304	99	128
628	305	99	129
623	306	100	129
617	306	99	129
613	307	98	129
608	307	99	128
604	308	98	128
601	307	97	129
596	308	98	129
592	308	97	130
587	308	97	131
583	309	96	131
578	309	97	130
575	309	97	131
571	309	96	131
566	310	96	130
563	311	98	129
561	311	99	129
557	313	101	129
554	313	105	129
550	313	109	130
547	312	114	132
546	313	119	132
543	314	125	132
542	314	131	133
541	314	136	135
541	313	140	134
541	313	142	133
541	315	144	131
543	315	144	129
544	313	144	129
546	314	143	124
549	314	140	125
551	315	138	124
553	311	135	127
556	313	135	126
557	318	133	124
558	320	133	124
559	322	132	126
561	326	132	126
561	330	133	126
562	334	133	125
562	338	133	125
563	342	133	124
563	342	132	127
564	351	132	122
565	354	131	121
566	360	132	117
568	359	131	120
570	357	131	124
572	357	131	125
577	361	133	123
584	362	133	123
589	362	133	124
592	361	134	125
593	363	135	126
594	363	135	127
596	366	135	126
599	365	134	128
601	367	135	126
602	368	135	126
604	366	134	130
604	369	134	128
604	373	133	127
605	369	133	132
605	373	134	129
604	373	134	130
603	372	134	130
601	376	135	127
600	372	135	130
599	371	135	131
598	371	135	130
602	374	135	129
610	377	136	128
622	380	136	128
634	381	138	129
641	383	140	130
649	385	143	132
657	383	145	138
671	387	148	137
689	388	150	140
700	388	155	143
711	387	158	146
723	385	160	149
743	379	163	154
759	372	168	158
763	360	169	160
764	353	170	160
772	353	171	156
779	349	174	157
784	349	175	156
788	344	175	159
795	347	177	155
798	342	176	159
799	347	177	153
795	341	176	157
792	338	175	159
787	343	175	153
783	336	174	159
781	342	174	152
782	336	176	158
783	344	174	150
777	345	173	151
773	349	174	152
782	351	173	152
786	347	173	157
785	351	171	152
778	353	171	150
774	354	169	148
774	357	170	147
770	356	169	149
765	358	168	149
762	360	168	150
762	363	166	148
761	367	166	146
759	362	166	154
764	362	167	153
769	364	168	153
772	364	168	153
771	364	166	153
766	365	166	154
768	365	165	151
772	367	164	147
775	366	164	148
775	362	162	149
773	360	160	149
768	357	158	150
764	357	157	147
764	353	156	148
763	350	155	148
760	346	154	149
757	345	153	148
756	344	152	148
758	341	152	149
759	340	152	148
760	339	152	149
759	337	152	149
759	335	152	149
762	336	151	147
767	335	152	148
766	333	150	149
765	333	148	148
764	331	147	149
763	333	148	147
762	332	146	148
760	333	145	147
761	336	144	145
761	338	144	144
761	339	144	145
760	343	144	146
760	348	144	145
758	352	143	145
757	355	143	145
756	360	144	145
754	364	143	145
754	368	143	146
752	374	143	145
750	378	143	146
748	383	144	147
747	387	143	147
745	392	143	147
745	396	141	147
743	400	140	148
741	405	139	147
740	410	139	149
740	414	138	149
738	419	136	149
737	424	136	150
736	429	136	150
734	433	137	151
733	438	138	153
733	443	137	153
737	448	137	154
737	452	137	155
735	456	136	155
730	458	135	156
727	460	135	156
723	462	134	156
718	462	133	156
715	462	132	157
710	463	131	158
707	462	129	159
702	462	128	159
697	461	129	160
693	461	129	159
689	461	127	160
684	459	128	162
679	458	129	162
675	457	128	162
671	457	128	161
666	456	128	161
660	455	129	162
656	454	130	162
650	453	129	162
645	452	130	162
638	450	129	162
632	450	131	161
625	448	130	160
618	446	131	162
612	444	134	163
605	443	134	162
599	442	134	163
593	440	135	164
586	440	138	165
582	440	138	165
576	438	141	167
572	438	141	167
566	437	143	167
564	435	143	170
559	435	143	169
555	434	144	170
550	433	145	170
548	432	145	171
543	431	147	170
540	431	146	171
537	430	146	171
533	429	147	171
531	430	146	170
527	428	147	171
525	427	147	171
525	427	147	170
522	426	148	171
520	425	148	172
519	424	150	173
518	423	152	174
518	422	154	177
518	420	156	179
519	419	155	180
520	419	157	181
521	419	157	182
520	418	158	183
522	417	158	184
523	416	159	185
525	414	160	187
527	413	160	187
530	413	160	187
532	412	160	187
535	413	161	186
539	415	160	186
543	416	160	188
544	417	160	187
548	419	161	188
551	419	161	187
554	420	160	187
556	421	160	186
556	421	160	186
556	420	161	185
553	419	163	184
550	417	164	184
549	414	163	186
545	415	165	183
540	413	166	183
538	410	165	184
535	409	165	185
529	407	167	183
527	406	164	183
520	405	166	182
517	404	165	180
513	403	164	180
509	401	163	179
503	400	165	179
500	400	165	178
494	400	167	179
490	398	167	180
486	396	168	181
482	395	168	182
479	393	168	183
477	393	168	183
475	392	168	182
473	390	169	184
473	390	169	185
473	390	171	185
474	393	171	182
477	392	169	183
477	393	170	184
479	394	170	184
480	394	171	184
482	394	170	184
484	395	169	184
484	397	170	185
484	397	170	185
485	397	170	185
487	398	170	185
488	398	169	185
488	398	169	186
489	399	170	185
490	399	169	186
493	398	167	186
493	400	168	184
493	404	167	181
494	409	167	176
494	414	167	171
495	419	167	166
496	421	165	163
497	421	165	163
497	422	165	163
497	421	166	164
499	421	165	163
499	424	165	160
499	421	165	164
500	423	165	162
502	422	164	163
505	423	164	163
507	426	164	163
509	427	165	166
512	431	164	164
516	435	164	163
521	439	164	163
524	443	165	162
528	446	165	162
532	449	166	164
537	453	166	164
540	456	167	165
545	460	167	165
549	464	167	166
554	468	167	167
557	471	168	167
560	474	169	169
564	477	169	169
566	479	170	171
567	481	173	171
568	483	174	172
570	485	176	175
570	486	177	176
570	487	178	175
568	488	181	175
569	487	180	172
570	487	179	171
570	486	176	170
573	485	171	168
576	484	165	168
578	487	159	159
576	485	154	157
571	481	158	163
567	486	166	163
566	475	171	179
564	474	175	182
563	473	177	182
565	469	178	185
567	461	178	189
569	459	177	187
570	455	178	186
574	448	177	188
576	443	176	188
580	439	175	186
583	433	175	187
586	427	174	186
589	423	174	184
592	421	173	182
595	413	173	185
599	412	172	180
601	407	172	183
604	404	171	180
608	398	170	181
611	395	170	181
614	390	168	180
618	388	168	178
622	382	167	179
624	378	166	176
627	374	166	175
630	370	165	173
631	365	165	174
634	360	164	172
637	355	164	171
639	351	164	170
642	347	162	170
643	342	163	172
646	343	161	166
647	335	162	171
649	336	161	166
650	332	161	166
652	329	160	164
654	326	160	164
656	323	159	162
657	318	158	162
659	315	158	160
660	313	158	158
662	308	157	159
666	305	156	158
667	299	156	160
668	295	156	162
671	292	156	160
671	288	156	162
674	285	155	160
676	282	155	160
679	280	153	158
680	277	153	159
682	274	153	158
684	271	153	159
686	269	152	158
688	268	152	157
690	266	152	156
693	264	151	155
696	262	150	155
696	259	151	155
700	258	149	153
702	257	150	153
705	253	148	154
706	252	149	152
710	250	148	152
712	247	148	152
715	246	147	151
717	244	147	150
719	242	146	150
721	240	146	150
722	238	146	150
723	238	146	148
724	238	146	149
724	237	145	148
724	237	143	148
724	238	143	147
724	236	142	148
720	238	143	147
716	237	142	145
715	234	142	150
712	237	142	147
707	236	141	145
704	235	141	146
700	236	140	144
696	234	140	145
695	233	140	145
694	233	140	144
692	231	140	142
692	229	139	142
691	227	139	142
690	225	138	142
689	223	138	143
687	221	138	141
686	220	137	141
685	219	136	140
683	217	136	141
681	217	135	140
679	217	136	140
678	218	136	138
678	220	135	137
677	219	135	137
675	220	134	137
673	221	134	138
671	225	134	137
667	235	132	134
660	239	133	135
652	250	132	133
642	262	131	135
630	278	131	133
616	292	129	133
602	303	131	133
594	312	131	132
588	323	130	132
582	332	130	133
572	340	130	133
565	349	131	134
562	358	131	133
562	363	130	132
561	366	131	133
558	369	131	135
555	374	131	134
553	378	131	133
551	381	132	134
549	387	132	134
548	389	132	135
546	394	133	135
544	398	133	134
543	399	134	136
543	402	133	135
542	404	133	135
542	405	133	135
540	406	133	136
538	407	134	136
538	407	134	137
537	407	135	137
537	408	135	137
536	407	135	138
536	406	136	139
536	405	136	138
536	402	136	139
536	401	137	139
537	399	137	139
537	396	137	140
538	395	137	139
540	391	137	140
542	388	137	140
540	385	138	139
538	383	138	139
535	379	138	139
528	376	140	139
525	373	140	141
523	373	140	140
520	371	140	142
517	373	139	140
518	374	139	140
519	373	141	142
513	378	140	138
499	375	143	143
501	378	142	140
503	376	141	142
506	379	142	141
509	376	142	143
510	376	142	143
511	378	141	142
512	376	142	145
512	378	143	143
513	377	142	144
511	378	143	144
509	377	143	145
507	377	144	146
506	378	145	147
504	377	145	149
503	381	146	148
499	385	148	149
498	389	149	150
496	396	149	149
494	398	149	153
491	403	150	152
488	408	151	153
485	413	151	154
484	417	151	155
481	422	152	156
481	426	152	157
479	431	153	156
478	433	154	157
477	435	154	158
476	438	154	158
476	438	155	158
475	438	154	158
473	438	154	158
470	438	155	158
468	436	155	157
467	435	154	155
457	432	156	155
452	429	156	155
453	426	155	156
454	422	154	154
454	417	153	154
455	413	152	154
455	408	153	155
455	406	152	155
455	404	151	153
456	401	151	154
457	399	150	152
459	396	149	151
459	392	149	150
461	388	148	151
461	385	148	151
462	382	148	150
463	379	148	151
464	378	147	149
465	376	146	148
465	375	146	147
466	372	145	146
467	370	145	146
469	366	144	146
470	364	143	145
471	362	143	144
473	360	142	144
474	359	142	143
475	357	141	143
474	356	141	143
473	355	141	143
471	357	141	141
467	361	141	138
464	366	141	135
460	370	142	133
458	369	142	135
454	371	142	134
451	372	143	134
450	372	142	135
448	374	143	134
448	374	142	134
446	374	143	135
445	376	143	134
446	376	142	134
446	377	142	134
446	375	143	137
447	373	142	140
448	370	142	143
449	368	142	145
450	370	142	144
450	369	142	146
451	368	142	147
452	369	142	146
452	368	142	148
453	368	142	148
454	369	142	148
454	368	141	149
455	369	142	149
455	369	141	149
456	369	142	148
457	369	141	148
457	369	141	149
454	369	142	150
453	371	142	149
451	375	143	149
448	374	143	151
445	376	144	151
441	379	145	152
437	381	146	152
435	382	146	153
430	388	147	152
427	389	148	153
423	393	149	153
419	396	149	153
415	399	150	153
412	401	151	154
409	404	151	155
405	407	152	155
401	409	153	156
399	411	153	158
397	412	152	160
395	414	152	161
394	416	149	161
394	421	148	158
394	424	145	158
396	426	141	155
398	425	136	158
400	427	132	156
402	429	126	154
405	430	119	151
407	431	114	149
410	434	107	144
412	434	105	141
409	437	112	136
405	439	120	136
402	439	129	137
401	438	133	139
402	439	136	139
405	438	139	141
407	439	140	141
412	438	139	142
417	440	139	143
421	441	140	142
425	442	140	144
430	444	140	143
435	445	140	143
440	447	140	143
445	448	140	144
449	448	140	144
455	451	140	144
459	450	141	146
465	452	141	146
470	453	141	148
475	454	141	148
480	456	141	150
485	457	141	149
490	459	142	150
494	460	142	151
499	463	143	151
503	463	143	153
508	464	144	154
512	466	144	153
516	466	144	156
519	469	144	155
523	471	145	156
527	472	145	156
531	474	145	155
535	475	145	157
538	476	145	157
540	479	145	155
540	479	146	157
537	480	146	155
530	479	146	155
520	478	146	154
511	477	146	152
502	473	146	153
491	472	146	152
486	468	145	152
478	465	145	150
468	461	145	151
459	457	145	151
457	456	143	150
459	453	141	149
449	450	142	148
442	447	142	149
441	445	142	147
435	442	142	148
431	440	142	147
429	439	141	147
428	440	140	146
423	438	141	147
420	437	140	147
417	440	140	145
410	439	141	145
405	437	142	146
403	438	141	146
398	436	142	146
395	438	141	145
392	437	142	146
390	437	142	146
386	437	142	146
383	435	142	147
379	434	144	148
376	433	144	148
373	431	145	148
369	430	147	148
367	428	148	149
364	429	150	149
361	427	150	150
360	428	151	149
359	426	151	151
357	424	151	151
358	427	151	149
358	424	152	152
360	426	151	150
360	423	152	151
363	423	151	150
365	421	151	152
368	419	151	151
371	417	151	151
374	414	151	150
378	410	152	152
381	406	153	154
385	402	153	155
389	400	154	153
393	396	155	154
398	392	155	155
404	386	156	156
409	379	157	156
412	371	160	158
415	359	161	162
420	348	162	163
425	335	164	165
428	317	166	169
430	300	170	170
431	280	174	180
429	273	177	181
430	258	178	185
430	245	182	189
424	237	188	194
421	242	192	192
421	235	194	201
420	235	199	211
421	246	203	209
419	247	209	212
419	246	212	226
420	256	216	227
423	261	218	229
423	260	222	236
425	265	224	240
424	272	228	242
427	272	230	245
429	279	231	243
433	283	232	239
436	268	235	251
441	274	236	240
446	265	239	247
451	260	240	250
458	257	240	252
463	250	241	255
469	248	243	254
474	233	245	269
479	229	246	272
484	230	248	269
490	238	251	257
494	228	252	264
499	233	253	257
503	224	254	266
506	228	256	261
507	218	256	271
508	222	256	268
509	224	256	266
510	227	257	262
514	227	257	262
513	224	260	265
513	224	260	265
516	218	261	271
516	221	262	268
511	225	263	265
513	224	260	267
515	215	260	277
519	215	259	279
523	216	258	278
529	220	258	274
535	212	258	280
540	204	259	280
544	205	257	275
548	206	255	274
555	211	254	270
560	219	252	262
568	217	249	265
574	223	247	259
580	228	245	253
579	226	247	258
575	226	247	258
566	226	246	259
566	231	241	257
568	231	236	257
562	230	238	254
545	229	237	249
534	229	236	248
529	224	234	250
521	224	234	247
516	226	227	243
508	225	225	240
502	224	223	238
501	217	222	240
497	207	223	244
490	203	223	244
490	201	220	241
491	203	220	237
492	196	219	241
496	201	219	236
496	202	216	234
498	210	216	228
501	214	216	225
504	212	215	229
518	206	204	239
533	208	209	241
543	219	207	231
547	215	210	238
554	215	213	241
564	217	216	237
568	216	218	238
571	210	219	242
576	203	220	244
579	199	220	244
578	203	220	237
578	200	219	239
578	199	217	237
578	197	218	238
579	198	215	234
569	197	213	234
561	202	208	227
552	200	210	226
540	193	210	228
516	193	203	224
494	186	197	227
483	188	197	222
475	185	200	224
468	188	199	221
462	186	200	223
452	193	200	217
446	197	198	214
443	189	197	223
441	197	196	215
440	193	194	220
440	193	193	219
442	191	195	214
444	173	195	225
442	180	196	217
441	180	195	217
446	180	196	220
455	184	197	217
459	180	195	223
460	181	196	225
466	182	193	228
475	185	187	228
482	185	186	228
483	184	189	229
487	185	187	228
494	187	184	226
497	186	184	227
498	185	186	228
499	185	187	228
502	185	185	228
507	187	182	227
508	188	183	225
506	187	184	225
504	187	184	224
497	186	184	222
490	185	183	223
483	185	183	222
474	184	184	221
467	184	183	220
457	182	183	221
447	182	184	221
439	181	183	222
431	181	182	222
422	182	183	220
414	182	183	221
405	181	184	221
396	179	185	222
388	178	187	223
383	177	189	223
378	176	194	224
374	176	200	225
369	178	207	223
365	178	214	223
364	180	221	221
363	179	229	220
364	179	234	220
364	174	240	224
367	175	240	222
369	176	242	218
373	177	241	214
378	177	238	212
382	174	235	211
389	175	228	207
396	173	221	203
398	171	216	199
395	195	216	171
394	169	215	197
392	176	219	190
391	179	222	190
390	182	225	189
388	184	227	191
388	188	228	192
385	193	232	192
384	196	233	192
382	199	235	194
381	201	237	196
380	205	240	197
379	207	242	200
377	211	245	201
376	216	247	203
374	219	250	204
373	223	253	205
371	226	256	208
370	228	258	211
369	232	261	212
369	236	264	213
367	239	267	216
365	242	269	219
366	245	271	221
366	247	274	225
362	251	277	228
359	257	281	229
355	263	283	230
351	267	286	234
347	273	289	236
341	279	292	240
337	284	296	241
331	294	299	241
327	297	303	246
321	302	307	250
314	307	312	254
308	312	314	258
301	318	319	261
295	324	323	266
289	330	327	270
282	337	331	273
276	342	335	278
270	348	340	282
266	355	343	284
263	362	347	286
260	361	350	294
256	371	353	298
252	378	357	302
250	379	361	306
250	389	364	307
246	387	367	316
248	398	370	313
246	389	375	323
246	392	380	321
247	378	383	334
258	374	382	338
279	360	381	346
317	342	381	356
356	332	379	357
399	313	372	361
462	292	366	355
531	271	360	353
586	250	370	353
638	229	374	361
685	210	387	368
718	207	396	359
754	195	400	363
785	196	404	362
812	191	408	364
823	188	414	364
833	191	417	357
842	183	419	364
847	188	420	362
852	185	420	374
852	191	422	374
852	186	423	387
853	195	423	386
849	206	423	376
846	211	421	377
839	208	422	388
833	207	423	392
827	204	422	399
824	195	426	412
820	203	431	408
823	202	434	415
830	217	437	404
841	207	436	416
852	211	427	420
862	226	416	411
872	222	407	422
877	222	399	429
890	227	386	429
896	217	383	446
900	217	378	452
901	213	378	467
911	216	368	469
910	216	369	476
910	220	369	477
909	227	370	474
911	222	368	478
905	224	374	483
904	229	375	481
896	231	383	479
885	236	393	474
880	237	398	475
871	259	406	447
857	269	421	438
849	251	429	458
837	264	439	447
831	265	437	446
830	268	436	444
830	262	435	451
832	268	434	445
832	263	438	451
839	252	437	464
847	254	432	458
854	245	425	471
861	232	416	483
868	252	411	459
870	250	407	465
876	250	402	465
877	246	402	469
885	235	391	480
881	237	398	477
888	223	391	492
884	240	395	475
884	239	395	476
880	253	399	462
879	251	400	464
878	264	401	450
875	248	402	465
874	249	405	464
873	246	406	466
876	246	403	464
874	245	405	465
872	247	407	460
871	254	407	453
873	246	404	463
871	258	407	449
872	242	406	467
870	256	409	453
872	259	404	451
878	258	401	453
885	249	392	464
889	243	386	470
894	236	382	479
891	238	388	478
890	239	386	476
892	233	386	481
886	228	393	488
882	228	397	488
881	276	398	441
880	273	396	445
881	259	398	459
885	227	394	486
883	282	393	421
888	212	387	475
900	262	374	417
907	219	368	428
918	203	357	441
915	214	361	414
902	215	373	407
890	202	385	424
882	202	395	441
874	227	404	420
871	234	408	424
869	243	410	425
865	250	412	433
863	253	415	446
865	247	411	462
868	255	411	456
868	262	407	454
872	270	406	446
873	287	405	429
876	304	401	412
877	344	399	369
881	359	394	356
880	374	397	339
879	375	400	337
875	399	404	314
867	395	408	321
856	386	422	330
844	429	433	285
822	450	454	264
794	469	483	244
755	485	517	228
702	481	505	237
658	517	492	197
620	537	460	177
600	577	398	142
571	606	315	112
518	646	277	71
465	665	255	53
421	678	236	40
434	685	157	32
374	677	150	42
293	667	178	52
157	625	294	93
130	621	324	94
59	582	410	134
61	528	429	186
70	481	429	234
99	433	416	281
114	379	411	331
124	333	412	335
143	307	401	319
174	279	398	319
211	256	383	315
229	233	379	318
251	222	372	309
281	218	359	297
296	190	352	309
308	210	344	278
325	201	333	278
349	209	327	264
374	198	321	265
379	166	319	285
381	154	320	296
387	188	315	255
392	172	312	262
400	181	312	250
409	187	309	248
413	162	308	281
415	192	308	259
418	206	306	254
422	223	304	248
425	239	300	245
429	245	296	250
433	256	293	250
438	275	290	245
442	290	288	237
445	304	285	234
448	322	284	228
451	338	282	222
455	346	279	224
457	354	278	223
460	360	277	223
462	365	277	222
465	368	276	226
468	370	276	222
469	372	276	222
470	373	276	223
471	372	277	224
474	373	276	225
475	375	276	223
477	372	276	225
479	374	275	223
480	375	276	223
482	377	276	224
482	376	276	223
483	377	275	222
483	377	274	222
483	376	275	220
484	376	273	220
483	375	273	222
483	373	273	219
484	371	273	218
484	371	271	217
484	371	271	216
484	369	270	216
484	369	271	216
482	368	270	215
482	367	270	218
481	368	270	216
481	369	269	215
480	369	269	215
479	368	269	214
476	366	270	217
476	362	271	217
474	357	274	221
471	346	277	229
469	341	281	236
465	334	288	245
462	324	293	256
460	313	298	266
460	304	301	277
461	296	298	284
463	288	296	291
466	282	291	295
469	278	285	296
475	276	274	293
480	275	268	288
487	275	259	283
494	276	250	276
500	277	235	267
509	284	193	252
506	292	206	253
496	278	217	271
484	274	235	279
476	273	241	283
473	274	251	287
472	275	253	288
475	277	251	287
481	278	251	287
485	278	251	285
492	280	253	284
497	280	254	284
504	280	252	285
509	281	251	283
514	281	252	282
516	281	254	282
516	280	252	283
513	280	252	282
512	281	251	279
509	280	251	279
502	282	253	280
496	284	255	280
492	285	258	280
487	288	258	279
480	292	257	276
471	296	260	274
465	300	262	274
460	303	264	269
461	306	266	269
465	309	266	263
470	311	264	261
476	312	263	257
481	312	261	254
486	313	261	250
492	311	258	249
491	311	258	246
487	313	257	242
485	313	255	240
484	314	254	238
485	318	251	234
479	319	252	233
470	320	253	232
461	320	253	232
454	323	252	228
451	326	250	226
449	325	249	226
446	327	248	221
445	330	246	216
442	329	245	215
442	322	244	220
440	324	243	215
440	317	242	217
439	307	241	225
438	305	241	222
438	299	240	224
436	303	241	219
436	298	239	221
435	301	240	219
434	296	240	224
432	300	241	222
431	301	240	223
427	306	241	220
425	310	241	219
422	311	241	222
420	318	241	219
417	325	242	217
414	329	243	217
412	331	242	219
412	336	241	219
411	338	241	219
412	344	240	215
415	344	238	217
417	347	239	216
421	349	237	217
425	350	236	217
428	353	237	216
432	358	237	214
435	363	238	213
438	364	238	217
442	368	239	217
443	376	239	214
445	379	238	216
447	382	236	218
451	388	236	218
453	396	236	215
457	401	236	214
459	406	234	215
461	411	233	214
463	409	233	218
461	409	233	222
460	411	234	224
457	412	236	226
453	413	238	228
449	413	239	229
445	413	241	230
441	414	242	232
437	415	244	233
431	417	245	230
427	421	247	226
416	426	249	221
403	416	251	233
396	414	253	235
391	414	253	234
389	412	251	235
386	416	251	231
390	415	249	233
389	416	249	233
391	419	249	234
394	418	248	237
397	425	248	232
402	423	248	235
407	426	247	231
413	424	246	232
417	423	247	235
422	429	246	230
427	424	246	234
434	424	247	235
439	424	246	234
446	425	247	235
453	425	246	238
458	427	246	237
462	432	246	235
467	435	247	234
472	434	247	236
476	434	247	236
483	440	244	230
489	435	243	234
494	441	242	226
501	438	240	225
505	433	239	227
509	432	240	225
512	428	238	225
513	423	239	226
513	416	239	229
512	406	241	231
510	399	242	231
507	390	244	232
505	381	245	233
502	375	245	232
500	373	245	231
498	371	245	231
496	368	245	231
496	368	246	231
494	367	246	232
492	365	247	234
488	365	247	233
486	366	247	233
482	364	248	234
479	362	249	236
477	368	247	231
475	366	248	234
471	364	250	236
470	364	249	237
468	363	249	239
468	369	248	235
469	369	249	237
473	379	246	229
477	377	244	231
480	373	243	234
484	371	241	231
487	369	240	230
490	367	239	230
495	363	238	228
500	359	235	227
504	356	233	225
509	351	230	223
512	344	230	223
512	337	228	222
512	333	226	219
509	331	224	216
503	327	221	215
499	326	218	211
494	330	217	203
492	340	216	190
495	342	211	183
496	347	209	172
498	350	207	160
498	348	205	156
497	340	204	157
497	335	204	154
495	321	203	160
490	309	203	167
486	316	202	152
483	310	201	153
480	298	200	158
477	296	200	154
473	294	200	150
470	291	199	148
467	286	197	148
464	283	196	148
464	282	193	143
465	280	190	141
465	277	190	140
465	272	190	140
466	267	190	141
467	260	190	142
469	258	191	143
471	255	191	144
472	247	192	149
474	226	193	172
476	251	193	147
477	251	193	147
478	247	194	152
480	230	194	170
482	226	194	174
484	245	194	155
485	228	194	174
487	240	193	160
487	228	194	173
490	246	193	156
490	230	193	174
491	252	193	151
492	230	193	175
493	247	193	156
493	246	193	160
495	258	193	147
494	255	194	150
495	240	192	167
496	242	194	164
497	252	193	154
497	257	193	149
498	256	193	151
499	249	193	158
499	219	192	189
500	247	194	159
500	220	193	188
500	246	193	162
501	226	192	184
501	250	192	159
501	221	192	190
500	240	193	173
500	238	193	178
499	229	193	189
498	255	193	168
496	279	192	149
494	277	192	156
493	284	193	156
491	286	193	160
490	280	193	173
489	275	194	185
487	278	195	190
484	281	195	193
482	285	197	197
480	290	197	198
478	295	198	199
476	301	198	199
473	309	199	198
470	315	202	198
468	322	204	197
466	322	206	203
465	323	207	205
462	325	210	206
461	328	212	208
461	326	212	211
461	325	213	214
464	325	212	214
467	323	210	215
473	319	204	215
478	317	200	214
486	316	190	211
493	316	182	208
502	318	171	199
513	320	157	192
521	321	146	186
526	322	139	178
527	319	148	178
529	312	156	183
533	306	160	187
538	304	158	187
547	301	160	187
549	298	158	187
549	296	158	185
550	290	155	186
555	294	151	178
565	287	150	180
574	283	148	178
581	279	147	176
589	279	146	170
586	271	145	172
575	272	145	166
569	265	146	168
566	262	145	167
562	259	145	168
553	256	144	167
539	252	146	166
528	249	145	167
518	244	145	168
509	242	145	169
501	237	145	169
495	234	144	168
488	230	143	168
482	227	144	167
479	224	144	166
476	220	142	165
471	216	142	164
465	210	142	164
460	207	142	163
452	202	141	163
445	198	139	162
439	196	139	161
436	194	138	161
435	192	137	160
434	189	137	160
434	189	136	159
432	189	137	159
430	188	138	160
430	189	137	160
432	190	137	160
435	190	136	160
438	191	135	161
441	192	136	160
446	191	137	159
450	190	138	159
454	189	138	160
448	188	140	161
446	189	140	162
445	191	140	161
447	192	139	163
448	196	138	161
449	198	138	161
449	200	139	162
451	206	138	159
451	208	137	159
451	209	138	159
454	211	136	159
454	211	138	159
456	212	137	158
459	213	137	158
459	213	138	159
466	213	136	159
467	213	138	159
470	212	139	160
471	210	141	160
476	210	140	160
477	209	142	160
481	208	141	160
483	207	141	160
487	204	140	160
491	204	139	158
494	204	138	158
496	203	138	157
501	204	137	155
503	204	137	154
507	203	137	154
511	203	136	154
516	201	136	155
520	199	135	157
523	199	133	159
525	193	135	166
528	197	136	162
528	201	137	159
528	203	137	159
528	205	138	158
527	207	139	158
527	208	139	158
527	208	139	160
526	209	139	160
525	211	139	161
524	212	139	161
523	214	140	161
520	215	142	160
520	217	141	159
520	219	141	158
517	220	143	157
519	220	139	158
516	221	140	157
509	223	140	155
503	220	141	158
493	219	149	159
500	219	140	161
501	218	141	160
500	218	142	160
502	216	142	160
504	214	143	160
507	211	143	162
509	211	143	160
514	209	142	160
518	206	143	160
521	205	142	159
525	205	141	158
529	204	141	157
533	201	140	157
535	199	140	158
538	197	141	159
541	194	143	158
546	191	142	158
551	190	142	158
554	187	143	158
556	183	143	161
557	180	144	163
557	179	145	162
560	178	145	161
562	176	146	163
564	174	147	164
565	173	147	164
567	173	146	164
568	170	147	165
569	171	148	164
572	171	148	164
573	171	147	163
575	171	146	162
576	170	147	162
578	170	146	160
579	167	147	162
580	165	147	163
581	165	147	162
582	166	147	161
583	166	147	159
583	164	148	161
584	164	147	161
582	164	149	162
583	163	148	162
582	164	149	162
584	163	148	162
586	162	148	163
588	162	148	163
589	162	149	163
589	160	150	163
588	161	150	163
586	162	149	162
585	165	149	158
582	166	148	157
578	166	146	157
574	167	145	156
569	167	146	156
565	167	146	156
561	166	146	156
557	166	146	156
554	165	146	156
551	164	146	157
548	163	147	157
546	163	147	157
544	162	147	157
543	161	148	157
544	160	148	157
544	159	149	158
544	158	149	158
545	157	149	159
545	155	150	161
547	152	149	163
548	150	147	166
548	150	147	166
550	150	146	166
551	146	146	170
552	147	145	169
551	146	146	170
553	147	144	169
551	147	146	170
553	149	145	168
552	147	146	170
552	148	145	169
549	151	146	167
546	149	146	170
541	152	147	168
538	152	147	168
531	156	148	166
525	157	149	167
518	156	150	169
513	155	150	171
505	159	151	170
500	162	151	170
494	163	151	170
488	164	151	169
482	167	152	168
475	169	153	168
469	169	154	169
465	171	154	171
460	171	153	172
457	171	151	173
455	170	149	175
455	171	144	175
455	173	141	172
455	175	136	169
456	178	128	165
457	179	123	162
457	182	118	157
453	185	123	153
448	185	131	154
443	185	139	155
439	183	148	158
434	182	156	161
430	180	163	164
427	179	170	164
425	180	175	163
424	179	179	165
425	180	181	164
425	183	184	160
427	185	185	159
429	188	185	159
433	188	184	163
438	193	184	162
442	193	184	167
446	199	184	165
450	195	186	174
454	200	186	174
458	205	185	174
463	209	185	174
467	214	186	173
471	218	186	173
474	222	187	174
478	228	188	173
481	232	188	173
483	236	189	173
485	239	190	173
487	244	190	173
489	248	192	173
491	251	192	173
492	256	192	174
494	262	193	173
494	267	195	174
495	272	195	174
495	277	197	175
496	280	198	177
496	283	198	178
489	283	200	178
480	283	201	179
470	283	204	182
464	283	205	184
459	283	207	187
454	281	208	190
448	281	210	194
442	284	212	198
433	287	213	201
424	288	215	203
427	283	214	204
438	278	211	208
437	279	211	209
418	281	214	210
396	281	215	213
377	284	214	215
366	289	212	219
352	296	211	220
346	305	207	221
350	314	201	219
359	323	194	217
370	331	190	215
381	339	185	213
391	344	183	211
401	349	182	210
415	353	176	208
431	354	172	206
452	355	166	204
466	353	166	203
474	350	168	203
459	349	176	203
441	348	175	202
431	351	171	201
421	354	172	199
415	357	167	198
412	361	163	199
410	364	164	203
405	366	164	208
407	369	163	210
411	372	169	212
423	374	170	214
433	372	169	214
428	369	172	217
418	367	174	217
406	366	178	218
394	364	181	219
383	363	182	219
372	362	185	221
365	362	187	220
365	362	188	218
366	361	189	218
365	360	191	216
364	358	191	215
363	357	192	216
363	354	194	217
364	354	193	217
366	354	194	216
369	352	194	215
372	352	195	214
375	350	196	215
367	350	196	217
357	353	198	218
352	358	200	218
352	361	203	218
353	365	204	219
349	368	206	219
349	370	206	218
350	372	208	219
357	375	208	219
367	378	208	218
378	382	207	215
391	382	207	214
403	381	207	212
412	381	209	212
418	378	209	210
423	376	210	209
432	374	208	208
436	372	210	208
431	369	209	207
424	366	211	206
418	363	214	207
419	361	214	208
423	360	213	206
426	358	213	204
428	353	214	206
428	348	213	209
424	344	214	211
425	344	214	209
426	343	213	208
431	346	210	203
434	346	210	204
438	345	210	205
442	348	210	203
446	350	209	202
450	353	209	202
456	354	208	204
460	357	208	203
466	358	209	205
472	364	208	202
476	367	209	202
483	368	209	205
484	367	210	208
483	366	211	210
486	372	210	205
489	377	210	201
493	373	210	204
497	376	209	201
504	375	209	201
513	373	207	201
523	373	205	199
533	369	205	199
545	367	203	196
554	370	202	190
562	363	202	190
559	364	201	184
551	358	200	185
545	358	199	179
546	344	197	186
548	343	195	180
548	352	194	164
547	328	192	183
540	342	192	164
535	319	192	181
534	328	191	165
532	305	190	182
532	323	190	158
531	292	189	181
530	295	189	172
530	283	188	177
528	278	189	177
526	265	189	185
526	290	189	154
526	276	187	162
528	256	187	177
528	275	186	152
529	261	185	159
531	250	184	166
534	236	183	172
535	223	185	180
537	240	192	157
536	214	189	180
534	208	189	185
532	206	189	184
532	212	191	178
531	219	189	172
531	225	189	166
531	224	192	168
531	225	190	169
530	225	192	169
530	225	190	169
530	228	191	168
529	231	191	167
529	228	193	169
529	231	190	167
529	230	192	169
528	233	190	167
527	234	193	167
527	235	191	167
527	243	193	159
526	230	192	174
526	229	191	173
526	237	191	166
526	248	191	155
526	253	189	150
526	230	190	174
525	242	193	160
526	231	191	171
525	225	192	178
527	212	191	189
526	213	190	187
527	217	191	183
527	212	191	189
528	216	190	185
527	216	190	186
527	219	189	182
527	216	189	187
528	222	186	179
529	224	188	177
532	235	184	163
535	223	177	175
537	233	170	161
541	238	164	152
542	232	162	158
537	234	170	162
533	235	178	167
530	238	183	169
526	237	186	177
524	239	190	181
524	245	190	178
524	249	191	178
524	254	190	176
526	255	186	176
530	256	181	180
533	258	177	179
535	258	174	179
535	259	172	177
535	256	170	179
533	254	170	181
529	250	170	182
524	249	169	181
518	246	169	181
512	243	169	181
505	242	169	180
499	238	169	180
492	234	169	182
485	231	169	182
479	226	170	184
473	222	170	185
466	219	171	186
460	215	171	186
454	212	171	185
448	209	171	186
444	206	172	187
439	201	173	188
434	199	173	187
429	195	174	188
423	192	175	188
418	189	175	188
414	186	176	187
409	185	177	187
406	183	177	186
402	182	177	186
401	179	177	187
401	178	177	186
399	176	178	186
396	173	177	188
393	172	179	189
390	170	181	190
395	171	178	190
399	169	179	192
400	169	181	191
405	166	180	193
409	165	181	194
412	163	182	196
415	160	182	198
419	160	182	197
424	160	182	196
429	160	184	195
431	158	183	199
434	162	183	195
435	162	184	196
434	162	182	196
432	165	183	196
430	166	182	195
435	172	181	189
443	174	180	189
452	174	180	190
456	175	179	191
456	176	180	191
456	176	179	190
453	177	180	190
452	177	180	190
452	175	180	191
453	174	180	191
455	172	180	191
455	169	180	191
457	167	181	192
458	164	180	191
458	162	181	191
457	159	181	192
457	157	182	193
456	157	181	194
455	157	182	193
455	157	182	194
455	157	183	194
456	159	183	195
456	160	182	195
458	162	182	196
461	165	181	196
465	169	181	192
468	171	181	194
470	175	180	193
471	178	180	194
471	184	180	193
474	191	179	192
476	197	178	192
477	209	178	187
480	212	177	189
480	216	178	187
481	220	177	187
482	223	177	188
482	227	177	188
482	232	177	188
483	236	177	191
483	241	177	188
484	245	177	190
484	249	177	192
486	254	177	191
491	258	176	191
496	261	177	191
496	265	177	191
496	268	175	191
496	271	175	190
495	274	175	190
495	277	176	189
495	279	175	189
496	282	175	189
496	284	175	188
497	286	174	187
497	287	172	188
495	287	173	188
495	287	172	190
494	289	172	190
494	292	173	188
493	296	172	184
493	297	172	186
493	304	173	179
494	303	172	181
496	304	172	181
498	305	171	178
500	305	170	179
502	305	170	178
504	306	171	178
505	304	170	180
507	305	171	180
508	308	171	178
504	311	172	176
499	312	172	178
499	314	172	177
498	318	172	176
497	321	172	176
497	323	172	179
497	325	171	179
497	328	171	179
499	332	171	178
498	332	170	176
498	331	170	177
497	330	169	174
495	327	169	175
493	326	167	174
492	323	166	173
492	322	165	171
494	324	164	167
494	330	162	159
494	343	161	144
494	337	159	152
491	349	160	142
491	326	158	166
489	329	158	164
487	340	159	153
485	340	158	154
484	345	158	149
483	337	156	159
482	356	157	140
482	335	157	163
481	354	158	143
480	334	157	162
481	373	157	123
481	367	156	126
484	351	156	140
485	332	156	154
486	353	155	130
487	334	154	146
489	333	154	140
491	331	154	140
492	340	154	125
494	333	154	129
495	318	153	141
496	331	153	124
496	321	153	130
497	290	151	157
497	321	153	124
497	296	152	145
497	301	153	140
495	279	154	161
495	290	154	151
495	305	154	136
496	297	153	146
496	295	153	149
496	298	152	149
495	304	153	145
496	302	153	149
496	304	153	147
496	305	153	148
497	307	153	146
497	305	153	149
497	307	153	147
497	307	153	148
498	309	152	146
499	307	153	149
499	309	153	146
501	308	152	146
501	308	153	147
502	305	152	150
502	300	152	155
503	336	152	120
504	332	153	122
505	328	152	126
505	313	152	140
507	324	152	130
508	303	152	151
508	311	152	143
509	317	152	136
510	312	152	141
511	306	151	149
512	303	151	151
512	303	151	152
514	300	150	156
515	305	149	153
515	314	149	147
522	309	149	138
540	286	150	151
543	290	149	150
543	289	149	156
542	292	148	158
543	306	150	148
543	305	149	155
543	312	150	153
542	313	150	157
542	319	151	156
542	324	152	157
542	330	152	157
540	338	153	158
538	348	156	161
535	352	157	163
531	355	160	166
528	357	164	170
525	361	169	172
520	370	175	169
518	374	177	169
516	380	180	169
513	368	182	184
512	368	184	188
512	366	184	191
512	368	183	191
515	369	179	192
515	372	176	188
519	376	170	182
524	375	162	182
529	377	154	178
535	379	145	173
540	382	140	168
545	382	138	167
550	382	136	165
557	382	135	163
564	381	133	161
569	381	133	159
575	379	134	158
581	377	135	158
587	374	135	158
594	372	137	157
601	370	137	157
608	368	136	156
615	366	136	155
620	363	136	154
627	360	136	155
634	357	136	155
630	353	134	157
622	351	136	158
617	347	137	159
613	344	137	159
608	341	137	160
597	340	136	159
581	337	138	160
573	333	142	161
576	331	142	159
580	330	143	159
583	326	143	159
577	323	142	160
571	322	144	161
568	321	145	160
568	321	146	160
572	319	145	160
573	319	145	161
571	320	144	160
569	319	145	160
568	319	145	161
568	319	145	161
568	320	147	161
570	319	146	161
571	318	147	160
572	318	146	161
569	317	148	160
565	316	149	161
564	316	148	160
563	316	147	161
564	315	147	161
563	316	148	160
562	315	147	160
559	314	148	160
555	314	147	159
553	315	147	158
553	315	146	159
551	315	146	159
551	314	145	159
551	314	145	159
551	314	146	160
553	315	146	161
553	315	146	160
555	318	144	159
557	319	144	159
557	321	144	159
558	324	144	160
559	327	145	159
561	329	145	159
563	330	144	159
566	332	144	158
570	334	143	158
574	335	142	158
577	336	142	157
580	337	142	157
581	338	142	156
582	339	140	156
582	340	140	155
580	341	140	156
578	342	140	156
575	344	140	156
573	344	139	156
572	343	141	156
572	344	141	156
572	344	140	155
571	343	140	155
570	343	141	155
570	341	142	156
572	340	142	157
572	340	142	156
572	339	141	156
574	338	142	156
574	336	142	157
575	336	142	157
575	335	142	157
576	333	142	158
576	331	143	159
576	330	142	160
577	328	140	161
577	327	141	162
578	325	140	163
578	324	140	163
579	323	140	162
580	322	139	163
580	322	139	163
581	320	139	163
581	319	139	162
579	319	141	164
577	318	143	165
574	317	144	166
572	318	144	166
567	319	144	166
562	320	145	166
556	320	144	167
551	322	145	168
545	324	146	168
539	325	146	169
532	326	146	169
526	327	146	169
520	328	147	170
513	329	147	170
507	330	147	171
500	331	148	171
495	334	148	171
491	334	146	171
487	335	144	170
484	335	142	169
483	337	139	167
474	337	142	165
462	337	151	163
461	339	146	159
472	341	133	152
478	341	127	152
476	340	130	154
470	336	141	160
467	335	149	161
463	332	157	164
461	331	164	165
458	329	170	167
458	325	175	170
458	321	180	172
459	325	183	166
458	320	184	170
462	321	183	168
463	322	184	168
466	325	183	166
468	328	182	165
470	332	181	165
472	337	183	166
474	340	183	168
477	344	183	171
479	348	184	173
481	355	184	171
483	360	184	173
486	364	185	173
488	369	185	173
490	379	185	167
493	388	185	164
496	393	186	164
499	399	186	163
502	404	186	163
503	410	187	164
504	414	188	167
505	424	189	164
506	431	189	164
508	436	190	167
509	441	190	169
512	449	190	169
512	454	191	172
