0.062718
4.124871
0.141774
0.572806
0.192346
0.221393
0.213289
0.283755
0.138197
0.181765
0.170309
0.158900
0.166288
0.122263
0.141326
0.093618
0.205954
0.192162
0.215143
0.131855
0.184813
0.114631
0.123849
0.105330
0.077872
0.110518
0.164984
0.154967
0.190669
0.229421
0.196331
0.200173
0.226842
0.202498
0.229870
0.131064
0.175140
0.143141
0.156492
0.157415
0.174899
0.210323
0.174890
0.155413
0.160693
0.278475
0.236705
0.161286
0.198059
0.109616
0.147656
0.213039
0.178556
0.157046
0.118377
0.146101
0.163676
0.177585
0.158475
0.110913
0.130527
0.174512
0.182047
0.118569
0.155208
0.126641
0.162968
0.152817
0.168671
0.157064
0.151482
0.110175
0.123897
0.086842
0.117688
0.143826
0.202052
0.131762
0.274455
0.130637
0.137281
0.217777
0.126407
0.230894
0.215480
0.170077
0.137979
0.168708
0.139052
0.127917
0.174717
0.142976
0.128603
0.297016
0.162931
0.130612
0.160476
0.145470
0.120704
0.096497
0.113922
0.128455
0.111663
0.185961
0.149461
0.168373
0.164679
0.113683
0.200041
0.133993
0.271541
0.161525
0.179380
0.153125
0.140601
0.202159
0.200281
0.113222
0.164501
0.144223
0.151136
0.133226
0.150643
0.218654
0.206133
0.122991
0.122602
0.210438
0.140417
0.171900
0.216880
0.209277
0.193549
0.177561
0.174320
0.230374
0.134247
0.191626
0.234918
0.202106
0.208771
0.154662
0.169780
0.144172
0.172804
0.146772
0.133355
0.166022
0.155673
0.161284
0.118198
0.135314
0.175273
0.109373
0.095291
0.128707
0.168464
0.151201
0.129975
0.152152
0.175643
0.181354
0.167449
0.106374
0.179307
0.184238
0.136883
0.156881
0.098397
0.118762
0.096977
0.108870
0.174505
0.244771
0.098058
0.111901
0.127092
0.099393
0.083247
0.122679
0.154839
0.141732
0.144754
0.172945
0.174223
0.152403
0.140865
0.125706
0.156637
0.191194
0.183280
0.246354
0.175310
0.131500
0.139140
0.141227
0.147178
0.160809
0.156166
0.127337
0.221925
0.108770
0.140904
0.115210
0.129770
0.127298
0.106951
0.111713
0.199456
0.205475
0.165164
0.198579
0.108721
0.065584
0.098621
0.174253
0.170460
0.118441
0.088050
0.099488
0.107076
0.115252
0.118630
0.109559
0.123716
0.118271
0.130147
0.080508
0.153245
0.110433
0.047244
0.105557
0.104630
0.103384
0.118300
0.142184
0.125767
0.138253
0.075911
0.103343
0.174907
0.230640
0.162070
0.220118
0.171316
0.078929
0.140615
0.241941
0.129854
0.162829
0.186630
0.100595
0.115857
0.181202
0.192701
0.119409
0.158291
0.129556
0.167283
0.185941
0.148354
0.168251
0.121348
0.167326
0.210875
0.156560
0.148854
0.168272
0.172856
0.143787
0.128728
0.146857
0.143727
0.105979
0.128566
0.189059
0.202065
0.111914
0.161026
0.127170
0.132756
0.174378
0.152597
0.131127
0.108206
0.112602
0.122288
0.177565
0.240740
0.207964
0.095313
0.128698
0.153685
0.167372
0.150257
0.215040
0.174103
0.145224
0.147671
0.236203
0.171776
0.120713
0.173399
0.245343
0.149454
0.139500
0.104281
0.144936
0.121225
0.178316
0.155994
0.152178
0.109066
0.181175
0.127343
0.104859
0.213258
0.207020
0.125859
0.113957
0.104223
0.187737
0.106248
0.179453
0.142606
0.122926
0.117333
0.091252
0.083080
0.122738
0.126170
0.082323
0.115898
0.114997
0.111066
0.154351
0.114866
0.113874
0.136145
0.132749
0.106825
0.130406
0.111848
0.219505
0.112590
0.160532
0.115017
0.142454
0.100383
0.138063
0.111195
0.108625
0.137280
0.126644
0.105199
0.092621
0.127015
0.090808
0.142030
0.123872
0.154429
0.198516
0.102890
0.219080
0.134468
0.063385
0.144820
0.082459
0.198899
0.220150
0.068579
0.193587
0.118559
0.181890
0.174152
0.220709
0.135388
0.129699
0.098948
0.133880
0.206012
0.128903
0.125333
0.130041
0.156353
0.198917
0.139770
0.126782
0.114824
0.104306
0.072225
0.283216
0.207603
0.120362
0.165452
0.163474
0.185868
0.155581
0.138119
0.108548
0.147960
0.111962
0.151594
0.149177
0.108327
0.108829
0.199252
0.132682
0.164559
0.190811
0.159269
0.134710
0.129703
0.117262
0.147651
0.184952
0.212747
0.108720
0.204668
0.150187
0.206019
0.182555
0.157915
0.091181
0.173219
0.124901
0.132432
0.161918
0.118894
0.090097
0.180317
0.182841
0.198647
0.151933
0.159270
0.174843
0.137587
0.128052
0.182247
0.199141
0.152254
0.168019
0.202628
0.206447
0.153587
0.188432
0.149775
0.176711
0.137855
0.145054
0.145999
0.172662
0.154552
0.158423
0.152807
0.180148
0.209220
0.162877
0.173744
0.177879
0.222089
0.241960
0.189114
0.187592
0.179668
0.114532
0.109453
0.104188
0.167927
0.118376
0.168681
0.162261
0.114294
0.175532
0.115819
0.129524
0.086961
0.088276
0.134473
0.134500
0.104494
0.070361
0.107292
0.119080
0.143748
0.094289
0.129493
0.126478
0.150920
0.143386
0.172370
0.132096
0.233874
0.221665
0.246417
0.253733
0.125387
0.125749
0.121172
0.247330
0.182106
0.268482
0.210742
0.251443
0.235432
0.269264
0.210155
0.132238
0.155101
0.154174
0.156394
0.292829
0.152615
0.133931
0.124061
0.133478
0.081941
0.149469
0.120966
0.145122
0.144866
0.097668
0.136652
0.229095
0.125542
0.193400
0.134745
0.241887
0.199643
0.156747
0.184215
0.172788
0.215940
0.146476
0.211140
0.193975
0.230266
0.187621
0.127093
0.135863
0.166953
0.180331
0.206319
0.144606
0.188016
0.198397
0.260341
0.151776
0.250689
0.238905
0.243803
0.214066
0.236953
0.165616
0.113467
0.190619
0.110368
0.077116
0.144301
0.125109
0.169417
0.140095
0.127730
0.138195
0.236358
0.219820
0.125063
0.181497
0.166709
0.251333
0.127393
0.151392
0.186492
0.183000
0.224662
0.168559
0.266657
0.131182
0.151131
0.126953
0.067861
0.130925
0.171806
0.148039
0.138836
0.119628
0.137830
0.151749
0.134843
0.139075
0.148764
0.171117
0.144007
0.201566
0.212033
0.162922
0.186132
0.112201
0.128663
0.118946
0.178699
0.167982
0.121172
0.179520
0.158620
0.141400
0.118119
0.105514
0.150152
0.140169
0.129500
0.152015
0.148967
0.157763
0.139969
0.132859
0.126890
0.110964
0.097268
0.153206
0.149065
0.130058
0.094039
0.149301
0.082948
0.105631
0.141878
0.138057
0.223234
0.150577
0.129049
0.126600
0.142950
0.144403
0.102055
0.165681
0.109675
0.188309
0.259490
0.172823
0.094305
0.173661
0.182067
0.139151
0.143728
0.122551
0.133901
0.135381
0.153757
0.092537
0.091382
0.140698
0.111501
0.189595
0.146166
0.118725
0.157804
0.115543
0.141376
0.123419
0.142784
0.147047
0.155295
0.091787
0.118002
0.189798
0.195795
0.162601
0.212192
0.117757
0.109978
0.145459
0.101076
0.139674
0.097497
0.147045
0.127969
0.088274
0.157907
0.149806
0.171018
0.117249
0.136074
0.178441
0.234384
0.190353
0.196302
0.190005
0.133376
0.192909
0.152928
0.185748
0.116209
0.164423
0.124011
0.218679
0.195309
0.129183
0.183931
0.177681
0.240774
0.198052
0.134858
0.130082
0.170923
0.165749
0.176587
0.129599
0.139556
0.115224
0.161682
0.138577
0.214874
0.134938
0.192704
0.255926
0.199465
0.293271
0.128011
0.112550
0.137561
0.149162
0.128665
0.152205
0.105556
0.158777
0.167496
0.165536
0.217012
0.173808
0.188145
0.195717
0.140765
0.154867
0.135813
0.090807
0.125926
0.118369
0.182365
0.206104
0.142970
0.166507
0.113132
0.127212
0.164768
0.174354
0.106825
0.139086
0.124564
0.112309
0.142237
0.120120
0.153403
0.145525
0.106067
0.153131
0.233683
0.141849
0.184208
0.186093
0.059973
0.153142
0.093912
0.131848
0.143841
0.164136
0.170554
0.179704
0.184695
0.179493
0.095112
0.172906
0.216213
0.158291
0.235222
0.162758
0.238545
0.217258
0.142594
0.145215
0.173190
0.154411
0.170952
0.122463
0.191412
0.185991
0.143017
0.198025
0.192915
0.218261
0.206614
0.158777
0.154058
0.118437
0.196393
0.169869
0.120238
0.146518
0.156165
0.146796
0.232676
0.165943
0.163425
0.153748
0.101671
0.326115
0.180256
0.199246
0.283891
0.229874
0.297205
0.155383
0.201599
0.132002
0.178945
0.183211
0.195889
0.184689
0.148201
0.218629
0.226254
0.151941
0.163249
0.111775
0.156727
0.155395
0.152141
0.198176
0.290273
0.132421
0.119159
0.108461
0.146873
0.134711
0.112842
0.142239
0.116832
0.125695
0.127254
0.148591
0.147877
0.122411
0.226351
0.123163
0.130613
0.137171
0.193431
0.184137
0.117362
0.149117
0.191983
0.322060
0.094198
0.211659
0.115442
0.152560
0.169487
0.218128
0.176850
0.132363
0.208898
0.162122
0.157332
0.194049
0.141203
0.147053
0.096947
0.117323
0.122989
0.147121
0.099833
0.132799
0.099507
0.110396
0.126392
0.162080
0.136108
0.131358
0.144175
0.140515
0.185483
0.115588
0.185004
0.189085
0.111538
0.174274
0.200924
0.185591
0.180539
0.171172
0.121987
0.141855
0.127725
0.127046
0.155648
0.237688
0.260252
0.147022
0.151321
0.190019
0.199640
0.130937
0.177866
0.192515
0.212702
0.099439
0.126847
0.110818
0.132453
0.091874
0.122764
0.147346
0.132656
0.133117
0.163812
0.165637
0.089007
0.149671
0.193306
0.062662
0.174284
0.145545
0.093805
0.211013
0.172238
0.123319
0.199052
0.175052
0.186630
0.229401
0.234519
0.169366
0.260415
0.204207
0.160680
0.127874
0.176143
0.192201
0.173720
0.172977
0.146453
0.168809
0.246910
0.081328
0.252833
0.143600
0.187524
0.219240
0.139513
0.152504
0.145385
0.149189
0.189087
0.174298
0.133066
0.091104
0.111192
0.140098
0.225680
0.136296
0.085682
0.183260
0.152156
0.087614
0.187822
0.132080
0.181277
0.108141
0.214308
0.289657
0.197371
0.360405
0.265730
0.267304
0.270636
0.251545
0.162311
0.159356
0.149554
0.102165
0.134914
0.196577
0.285376
0.148932
0.182789
0.199271
0.160255
0.202493
0.183243
0.182283
0.122762
0.202029
0.178953
0.166715
0.162973
0.204670
0.119744
0.177665
0.153740
0.232189
0.090272
0.218898
0.174917
0.084035
0.104655
0.185351
0.128974
0.109665
0.102808
0.175196
0.142240
0.185974
0.163825
0.097814
0.199506
0.221058
0.195211
0.209743
0.200346
0.147352
0.224667
0.146501
0.124820
0.076093
0.139719
0.105957
0.117921
0.143066
0.133571
0.122045
0.130728
0.109107
0.164278
0.166050
0.122552
0.101771
0.138399
0.176434
0.124030
0.162122
0.141915
0.132638
0.177802
0.261942
0.218469
0.165533
0.137485
0.111893
0.136781
0.149835
0.112848
0.175334
0.130012
0.179319
0.144366
0.140399
0.173279
0.121990
0.141693
0.128937
0.092418
0.226685
0.161695
0.132029
0.134376
0.251226
0.231598
0.218746
0.132725
0.189563
0.204973
0.202328
0.143037
0.105856
0.130341
0.184759
0.241851
0.113106
0.137097
0.224716
0.186405
0.247983
0.204841
0.157453
0.162213
0.127579
0.184236
0.194005
0.206299
0.182611
0.146536
0.153144
0.099082
0.135144
0.159606
0.128386
0.110365
0.190730
0.119057
0.146305
0.138145
0.139845
0.167192
0.175575
0.204371
0.116752
0.151878
0.164240
0.304502
0.234574
0.249704
0.225940
0.080431
0.138106
0.143148
0.166453
0.146914
0.206415
0.124443
0.138687
0.196516
0.149065
0.372652
0.155502
0.156744
0.173385
0.151857
0.225586
0.189718
0.175597
0.182496
0.169837
0.194710
0.182611
0.126380
0.159224
0.158211
0.182580
0.187413
0.178333
0.171164
0.153743
0.123798
0.090893
0.096525
0.170210
0.178308
0.120213
0.156042
0.126119
0.043709
0.118752
0.077318
0.077543
0.066375
0.067026
0.080287
0.091052
0.043513
0.064450
0.108049
0.216260
0.092594
0.130464
0.149024
0.114193
0.153977
0.110858
0.146562
0.144255
0.116984
0.138892
0.113788
0.094736
0.129138
0.106422
0.092134
0.167169
0.119546
0.101034
0.101173
0.108479
0.092695
0.137905
0.149984
0.136203
0.127091
0.118920
0.189009
0.065175
0.159027
0.122020
0.158216
0.269054
0.153079
0.185312
0.119725
0.130307
0.156165
0.102937
0.106027
0.115212
0.107826
0.151390
0.173613
0.220054
0.180889
0.132781
0.179713
0.169923
0.164608
0.220001
0.180047
0.101940
0.152970
0.140478
0.162625
0.160680
0.207601
0.108982
0.183479
0.210914
0.233974
0.158231
0.213603
0.181256
0.180012
0.195962
0.118769
0.293658
0.127537
0.072814
0.125741
0.160793
0.193838
0.168450
0.107301
0.127907
0.147656
0.107241
0.094097
0.159748
0.135109
0.163782
0.143659
0.109457
0.106664
0.144381
0.177682
0.174721
0.186175
0.184875
0.098245
0.183664
0.201739
0.167978
0.179554
0.110223
0.170239
0.120011
0.175653
0.156733
0.161433
0.143806
0.182374
0.111130
0.181666
0.162264
0.179251
0.144885
0.160484
0.120182
0.198159
0.152822
0.086103
0.156869
0.168067
0.149669
0.151792
0.136700
0.191718
0.177875
0.143434
0.120278
0.171186
0.180569
0.174204
0.125279
0.169960
0.119316
0.120633
0.122562
0.140549
0.111442
0.144494
0.096326
0.140260
0.173803
0.094429
0.146851
0.148552
0.154015
0.169203
0.117435
0.152196
0.105964
0.120696
0.143845
0.176142
0.161154
0.145331
0.137449
0.213600
0.195711
0.124587
0.161151
0.123848
0.119383
0.181163
0.206535
0.109098
0.184577
0.150249
0.234036
0.170731
0.144312
0.120411
0.174282
0.160977
0.168272
0.134669
0.188123
0.265985
0.237964
0.195417
0.191218
0.162955
0.132867
0.184110
0.155610
0.129913
0.153873
0.183919
0.138814
0.139224
0.113958
0.195389
0.172420
0.140475
0.173478
0.211767
0.157613
0.142580
0.129483
0.130415
0.102529
0.115052
0.097805
0.173868
0.109238
0.160325
0.087878
0.071895
0.077259
0.084997
0.128793
0.061136
0.192837
0.144013
0.121138
0.113732
0.145935
0.117934
0.140422
0.131373
0.079074
0.165631
0.129150
0.170598
0.088760
0.137139
0.127373
0.154548
0.143680
0.147039
0.213531
0.175590
0.133552
0.214992
0.184547
0.180682
0.120691
0.234081
0.178166
0.159445
0.099197
0.127934
0.148607
0.069579
0.185406
0.167799
0.212714
0.184282
0.151985
0.183195
0.172576
0.150416
0.098554
0.092038
0.127951
0.159113
0.151905
0.129977
0.147985
0.158485
0.210127
0.113838
0.131250
0.140128
0.151977
0.103514
0.125669
0.122530
0.132370
0.139618
0.161561
0.139747
0.101194
0.114510
0.123379
0.085444
0.133896
0.110130
0.172378
0.195953
0.133440
0.138982
0.190162
0.162388
0.136264
0.140782
0.105541
0.097015
0.146852
0.137007
0.113322
0.135161
0.185576
0.103173
0.106285
0.114181
0.093792
0.157953
0.100024
0.127459
0.140327
0.101788
0.110667
0.227253
0.147244
0.157962
0.117350
0.117859
0.115604
0.144909
0.127072
0.250286
0.342013
0.133495
0.086980
0.123857
0.151047
0.127234
0.208629
0.224985
0.109433
0.183776
0.238792
0.155270
0.143882
0.120191
0.141111
0.168942
0.207007
0.179994
0.171862
0.305818
0.155635
0.228244
0.180153
0.137440
0.177818
0.188086
0.221818
0.181835
0.149528
0.184151
0.187141
0.174250
0.299271
0.142765
0.148819
0.179054
0.171521
0.151798
0.185196
0.095046
0.144299
0.197005
0.200943
0.190031
0.089911
0.214013
0.139685
0.098631
0.105432
0.092935
0.107936
0.082594
0.079874
0.164272
0.181405
0.148065
0.191625
0.129010
0.140501
0.142025
0.136435
0.111884
0.090069
0.133317
0.166108
0.167513
0.176449
0.158294
0.100258
0.109616
0.171845
0.240172
0.121112
0.180380
0.181044
0.207343
0.171789
0.268456
0.106008
0.270398
0.101188
0.211262
0.203483
0.322988
0.150808
0.222262
0.165065
0.242449
0.326639
0.167968
0.283842
0.182243
0.126131
0.070263
0.116957
0.076761
0.087940
0.103201
0.141180
0.102492
0.109040
0.102807
0.087733
0.087239
0.119465
0.095317
0.109643
0.086247
0.124518
0.128473
0.075691
0.074607
0.036137
0.105656
0.082978
0.092206
0.071968
0.064369
0.073219
0.095537
0.080445
0.104349
0.092309
0.090877
0.054922
0.057460
0.059602
0.062477
0.079078
0.080918
0.123082
0.127499
0.183439
0.142222
0.130969
0.138597
0.146265
0.135393
0.137618
0.119060
0.151315
0.121043
0.182494
0.167656
0.143093
0.156686
0.116652
0.193876
0.132400
0.139375
0.229280
0.179455
0.192278
0.117882
0.100022
0.161038
0.169385
0.236512
0.126444
0.169195
0.147259
0.167709
0.218891
0.168476
0.191585
0.304603
0.188547
0.160743
0.117471
0.131049
0.125984
0.132274
0.175159
0.214576
0.140212
0.175970
0.137130
0.150473
0.083100
0.169304
0.143514
0.149887
0.165489
0.175651
0.181911
0.149192
0.170835
0.119737
0.168676
0.157988
0.151123
0.143667
0.144881
0.225233
0.143995
0.141854
0.299302
0.294777
0.139886
0.131940
0.131714
0.139755
0.127471
0.098962
0.166089
0.175165
0.118955
0.117739
0.175225
0.148743
0.159352
0.126673
0.160270
0.225492
0.103843
0.165011
0.182724
0.188781
0.269547
0.208561
0.223570
0.246094
0.172892
0.161147
0.192618
0.099811
0.148811
0.096404
0.138961
0.082910
0.148389
0.167707
0.142939
0.118910
0.075532
0.158256
0.191267
0.355671
0.204442
0.095397
0.223910
0.229060
0.100360
0.302397
0.113222
0.264095
0.153591
0.202551
0.154235
0.196717
0.221509
0.118586
0.125747
0.144206
0.196858
0.182351
0.185844
0.188525
0.204281
0.159342
0.224713
0.214910
0.256662
0.139617
0.159829
0.190784
0.119598
0.186536
0.138132
0.129642
0.146452
0.139687
0.174014
0.155376
0.088109
0.137514
0.147358
0.153608
0.120351
0.164955
0.193218
0.125134
0.141107
0.221176
0.182477
0.225104
0.130810
0.057558
0.149543
0.148790
0.130794
0.209124
0.164566
0.106063
0.148250
0.167993
0.110502
0.072973
0.132202
0.125774
0.177514
0.137150
0.166932
0.143621
0.127252
0.177329
0.127098
0.165669
0.180289
0.100463
0.107895
0.157835
0.142609
0.184665
0.133721
0.151168
0.144676
0.206163
0.186624
0.173949
0.256750
0.170935
0.171270
0.216603
0.171732
0.144636
0.189566
0.178982
0.245571
0.251642
0.161453
0.176297
0.175864
0.201217
0.156756
0.120920
0.156068
0.174310
0.167875
0.138679
0.117929
0.108603
0.138894
0.210705
0.140231
0.167164
0.169571
0.154545
0.174558
0.200568
0.170033
0.236836
0.224665
0.250939
0.156987
0.189501
0.171827
0.236558
0.150762
0.313615
0.182407
0.119348
0.153220
0.275911
0.135379
0.111087
0.217807
0.169206
0.150200
0.147354
0.117648
0.152889
0.189253
0.119306
0.191831
0.143899
0.110827
0.174454
0.143801
0.166959
0.183229
0.190051
0.184227
0.188578
0.191849
0.181633
0.251911
0.138033
0.134760
0.213583
0.103669
0.150603
0.135714
0.108129
0.248778
0.197587
0.286259
0.220664
0.118852
0.132421
0.154834
0.220688
0.110590
0.121197
0.173345
0.341342
0.216036
0.128674
0.128970
0.199680
0.229065
0.153747
0.175190
0.113243
0.111478
0.088560
0.143583
0.168157
0.137267
0.082290
0.169424
0.192923
0.157214
0.192112
0.149781
0.130014
0.137619
0.163432
0.197276
0.202575
0.164983
0.171654
0.215909
0.338373
0.246030
0.179892
0.199867
0.191270
0.152919
0.152008
0.148660
0.170925
0.181269
