0.100160
3.725415
0.148701
0.447979
0.105658
0.113607
0.102002
0.132476
0.197581
0.218467
0.130585
0.202957
0.202280
0.167951
0.235454
0.189634
0.272008
0.354594
0.220898
0.179188
0.176543
0.211403
0.178342
0.222299
0.390165
0.131586
0.214029
0.167860
0.167895
0.144245
0.140227
0.132445
0.143950
0.130442
0.122242
0.155789
0.138716
0.117103
0.167942
0.148693
0.117077
0.158575
0.164988
0.116035
0.145350
0.112942
0.128320
0.153418
0.180738
0.128014
0.225862
0.217813
0.246103
0.165455
0.132771
0.160357
0.113307
0.232982
0.210144
0.221720
0.203424
0.241892
0.152550
0.211109
0.134155
0.127053
0.119351
0.123985
0.166002
0.118209
0.110312
0.142858
0.105336
0.169694
0.120658
0.139432
0.127990
0.113166
0.137495
0.116179
0.154287
0.152466
0.171466
0.139534
0.132104
0.094606
0.104831
0.106184
0.169338
0.243921
0.211448
0.104364
0.116907
0.119811
0.135344
0.179712
0.100902
0.195966
0.136910
0.124148
0.089001
0.148898
0.068420
0.152289
0.223999
0.150572
0.163915
0.125428
0.177658
0.179798
0.066526
0.157617
0.204132
0.196255
0.120080
0.166729
0.182380
0.229710
0.159979
0.107071
0.220856
0.203179
0.218314
0.179862
0.210401
0.178198
0.212892
0.171282
0.302476
0.325335
0.224024
0.147340
0.242522
0.161092
0.143995
0.163268
0.123978
0.150555
0.122343
0.213778
0.134841
0.105386
0.143069
0.196455
0.224955
0.222153
0.127277
0.220549
0.205015
0.318263
0.152710
0.176641
0.258602
0.328455
0.189135
0.195749
0.237607
0.123889
0.119767
0.126786
0.136786
0.123484
0.164738
0.123201
0.176382
0.136518
0.164757
0.195821
0.112670
0.115630
0.096090
0.125021
0.254195
0.172834
0.197408
0.148077
0.230027
0.261298
0.227270
0.165472
0.232976
0.203255
0.162513
0.207882
0.208822
0.283392
0.273650
0.246355
0.219767
0.147498
0.178299
0.135323
0.167384
0.112449
0.128542
0.097410
0.106855
0.160222
0.166891
0.123764
0.121104
0.119277
0.142748
0.142907
0.165798
0.157778
0.094352
0.174555
0.255409
0.192100
0.210434
0.183404
0.153255
0.147504
0.178891
0.189588
0.181037
0.291184
0.143650
0.128539
0.131209
0.194394
0.145897
0.168619
0.171964
0.149630
0.160017
0.180835
0.167452
0.132849
0.226510
0.089337
0.123123
0.182951
0.100657
0.223177
0.216167
0.188869
0.167902
0.169646
0.134466
0.142159
0.123275
0.129697
0.146670
0.136377
0.138331
0.104987
0.234487
0.195841
0.127778
0.126197
0.179602
0.162841
0.155416
0.210555
0.165785
0.115725
0.146291
0.120151
0.174028
0.127416
0.106447
0.194698
0.183388
0.227915
0.131831
0.230063
0.190764
0.166937
0.151264
0.170175
0.203317
0.144983
0.153998
0.171802
0.199014
0.180427
0.168683
0.168239
0.225292
0.162200
0.157869
0.217170
0.227547
0.159861
0.207162
0.135666
0.148526
0.100063
0.127550
0.144867
0.099565
0.159082
0.179010
0.138401
0.174032
0.152408
0.213568
0.148057
0.146266
0.158389
0.148462
0.193395
0.162542
0.185062
0.133936
0.138237
0.131898
0.127434
0.147778
0.157068
0.231578
0.155231
0.149289
0.141114
0.135903
0.157829
0.179479
0.148658
0.153973
0.148814
0.133707
0.150634
0.143914
0.131794
0.134986
0.187372
0.175349
0.186231
0.162877
0.173265
0.152867
0.175205
0.162678
0.224211
0.162196
0.233637
0.189698
0.255640
0.196308
0.198914
0.207015
0.198586
0.167383
0.220781
0.149551
0.146789
0.163372
0.150963
0.268452
0.159534
0.144179
0.249078
0.202153
0.202518
0.184576
0.164891
0.091713
0.199892
0.162129
0.111173
0.141639
0.139418
0.195465
0.177668
0.166988
0.191726
0.140579
0.129647
0.145186
0.247613
0.180051
0.178884
0.139335
0.194866
0.191421
0.134973
0.145097
0.231690
0.103647
0.214968
0.188842
0.148628
0.128997
0.208996
0.207827
0.190720
0.220516
0.123103
0.153170
0.135396
0.135969
0.232524
0.113209
0.174329
0.171204
0.193642
0.227824
0.112509
0.173329
0.157246
0.155313
0.132729
0.152967
0.124256
0.159141
0.112766
0.129942
0.104033
0.111249
0.107200
0.081286
0.090240
0.075709
0.095743
0.113630
0.075280
0.065012
0.090702
0.110539
0.079067
0.114889
0.092689
0.136533
0.093880
0.157027
0.077972
0.098755
0.067552
0.099682
0.112526
0.097398
0.130113
0.084703
0.092346
0.131685
0.143966
0.154498
0.203816
0.140411
0.154657
0.133620
0.159329
0.140990
0.149912
0.241379
0.174582
0.209017
0.173264
0.172297
0.187482
0.242401
0.144916
0.148052
0.171124
0.166451
0.243834
0.130399
0.217177
0.194009
0.195876
0.123065
0.147731
0.138454
0.153270
0.159499
0.178530
0.155678
0.214368
0.207827
0.244289
0.198845
0.096380
0.115014
0.191291
0.092729
0.133899
0.174731
0.191202
0.221321
0.111955
0.117326
0.160661
0.183853
0.116272
0.215863
0.139658
0.131305
0.236852
0.233849
0.198393
0.186541
0.181687
0.132710
0.115073
0.142136
0.193750
0.159590
0.106052
0.224845
0.229733
0.103643
0.201010
0.141444
0.226568
0.238972
0.108197
0.157127
0.161198
0.096742
0.180368
0.202954
0.207255
0.159652
0.151044
0.203812
0.209615
0.136131
0.282249
0.135244
0.178229
0.196345
0.132560
0.203257
0.293197
0.222412
0.149385
0.214187
0.158162
0.120929
0.160327
0.198667
0.202168
0.144464
0.179480
0.105393
0.144716
0.109110
0.182446
0.175600
0.087969
0.152118
0.114206
0.190404
0.180965
0.188251
0.110092
0.136955
0.140700
0.169756
0.177776
0.212391
0.152228
0.169404
0.208498
0.205441
0.136541
0.151635
0.174431
0.193608
0.264934
0.170606
0.141873
0.155994
0.153337
0.129228
0.155296
0.135751
0.149039
0.105868
0.194673
0.185224
0.154355
0.165257
0.187561
0.167727
0.167041
0.110693
0.170544
0.129401
0.188495
0.128064
0.149268
0.208920
0.198569
0.202295
0.200336
0.211821
0.179651
0.152873
0.150011
0.183132
0.229291
0.223702
0.133050
0.138252
0.261106
0.218442
0.135934
0.212499
0.108595
0.148318
0.195062
0.069646
0.069927
0.130426
0.094277
0.128162
0.144703
0.179286
0.185644
0.190755
0.177767
0.192726
0.212027
0.288640
0.220327
0.202017
0.204844
0.186201
0.201541
0.199035
0.167992
0.127581
0.154995
0.161250
0.214948
0.158604
0.246307
0.125667
0.239894
0.189647
0.152144
0.171926
0.199230
0.203788
0.181287
0.214931
0.192808
0.178943
0.193647
0.173548
0.215736
0.147646
0.179946
0.165919
0.164803
0.211916
0.147741
0.240709
0.216761
0.260123
0.175304
0.154233
0.147976
0.143831
0.163913
0.236687
0.220892
0.200197
0.233840
0.054492
0.188872
0.192055
0.058239
0.183600
0.150230
0.120648
0.191802
0.169631
0.178034
0.208484
0.114824
0.113173
0.156704
0.168326
0.241368
0.243856
0.124033
0.177525
0.269253
0.218780
0.184145
0.226244
0.189261
0.133497
0.175527
0.253264
0.177131
0.185266
0.313545
0.233920
0.113932
0.098113
0.107968
0.057658
0.166287
0.215096
0.248860
0.304387
0.219889
0.163524
0.174608
0.223339
0.166981
0.153442
0.150783
0.146288
0.142480
0.138092
0.101557
0.133259
0.133988
0.080490
0.121275
0.147661
0.160077
0.146744
0.194849
0.275962
0.212473
0.256448
0.109227
0.167803
0.133177
0.138160
0.109724
0.150456
0.181261
0.130352
0.141736
0.143202
0.140912
0.135334
0.134132
0.155074
0.153536
0.099106
0.089011
0.151096
0.123517
0.132314
0.135121
0.143087
0.095881
0.171143
0.115658
0.154094
0.142770
0.171607
0.110638
0.135061
0.141878
0.160818
0.109751
0.151827
0.123497
0.133301
0.154301
0.130966
0.158797
0.154280
0.152572
0.081100
0.089113
0.106802
0.129614
0.175499
0.160137
0.155962
0.121645
0.160243
0.108116
0.153720
0.188828
0.103327
0.163506
0.109062
0.166239
0.129794
0.133182
0.090529
0.126893
0.116920
0.135305
0.127924
0.122713
0.129451
0.120495
0.110737
0.119571
0.114765
0.141445
0.156124
0.129057
0.136053
0.144198
0.151923
0.159521
0.127532
0.115359
0.245104
0.100308
0.211489
0.193530
0.111807
0.139145
0.233611
0.157986
0.177274
0.181530
0.125679
0.162265
0.125131
0.229696
0.214995
0.169592
0.139155
0.160671
0.134241
0.203169
0.141722
0.193717
0.157883
0.159144
0.173271
0.145836
0.206090
0.161072
0.111772
0.122369
0.145425
0.162324
0.139478
0.190048
0.160748
0.161033
0.225475
0.224497
0.249061
0.115162
0.228530
0.146165
0.155013
0.234917
0.195247
0.179243
0.164441
0.201017
0.151601
0.139991
0.152833
0.198115
0.219156
0.235904
0.147437
0.120761
0.169314
0.170548
0.191438
0.097195
0.121052
0.151347
0.132098
0.149179
0.163206
0.154896
0.114015
0.103597
0.145488
0.153935
0.115263
0.145991
0.138272
0.108017
0.132793
0.150225
0.147830
0.147132
0.131001
0.130244
0.170476
0.176178
0.162655
0.140714
0.184114
0.132712
0.142680
0.148556
0.090382
0.105840
0.176993
0.134462
0.150057
0.174420
0.083892
0.215565
0.160690
0.157494
0.131215
0.139489
0.129860
0.263616
0.358639
0.301975
0.153329
0.140089
0.301250
0.162416
0.138732
0.170083
0.092228
0.133116
0.136457
0.137761
0.200921
0.125402
0.187984
0.160696
0.218031
0.157942
0.102097
0.117479
0.169722
0.131371
0.181497
0.334129
0.193211
0.303722
0.281446
0.193207
0.176008
0.180871
0.134002
0.132387
0.172622
0.129353
0.125831
0.148045
0.288341
0.160249
0.127107
0.153265
0.169057
0.142316
0.159143
0.217199
0.200938
0.167796
0.153954
0.213202
0.146447
0.156320
0.174329
0.200077
0.186123
0.108664
0.152086
0.170506
0.306851
0.180521
0.219768
0.147816
0.226637
0.214518
0.234349
0.134214
0.123765
0.245185
0.168644
0.173342
0.156553
0.147207
0.121877
0.107366
0.146805
0.134940
0.132830
0.138206
0.130803
0.144056
0.109612
0.177526
0.157286
0.167334
0.242337
0.147475
0.219972
0.212837
0.182012
0.179807
0.210181
0.188818
0.103134
0.141079
0.135660
0.154313
0.156182
0.130725
0.195542
0.161082
0.159328
0.163282
0.197054
0.173860
0.277136
0.224073
0.208534
0.213184
0.205466
0.140087
0.142558
0.150566
0.188630
0.190666
0.218370
0.212111
0.119849
0.160896
0.109286
0.243680
0.225014
0.172211
0.116277
0.161490
0.138427
0.158278
0.117523
0.115014
0.146550
0.122670
0.151782
0.219598
0.190254
0.133581
0.168822
0.186669
0.135359
0.126887
0.129543
0.150708
0.183535
0.171895
0.137972
0.148762
0.181715
0.121362
0.128353
0.089941
0.142473
0.090540
0.215022
0.129704
0.151361
0.141380
0.204178
0.265532
0.217961
0.171920
0.186625
0.166522
0.081509
0.103935
0.170562
0.174175
0.190885
0.104600
0.151149
0.156991
0.169566
0.149254
0.127290
0.143106
0.163668
0.083142
0.228865
0.180795
0.097582
0.071868
0.105683
0.167582
0.186518
0.158198
0.199519
0.153929
0.210476
0.177860
0.244886
0.280899
0.106042
0.128320
0.134644
0.108877
0.129853
0.103163
0.141369
0.140165
0.132406
0.150198
0.156173
0.129087
0.189836
0.143423
0.160588
0.139928
0.156799
0.136957
0.193075
0.127232
0.106090
0.100375
0.119006
0.124989
0.125239
0.123188
0.139506
0.102154
0.163106
0.061869
0.087720
0.091775
0.079940
0.082573
0.076606
0.099755
0.115739
0.102851
0.103161
0.168481
0.148506
0.155923
0.138391
0.149966
0.174044
0.145380
0.238195
0.217069
0.238007
0.147730
0.230696
0.192023
0.128124
0.141421
0.113474
0.085259
0.108337
0.118264
0.096583
0.087119
0.085454
0.097925
0.111008
0.236558
0.170777
0.111829
0.083645
0.200452
0.167479
0.133605
0.168094
0.167045
0.073952
0.132017
0.233214
0.100685
0.142910
0.201828
0.144391
0.185542
0.151329
0.177931
0.182275
0.110268
0.179873
0.119299
0.114939
0.112234
0.168415
0.151371
0.137026
0.095839
0.198956
0.163233
0.214618
0.207044
0.140741
0.148552
0.155139
0.218491
0.204515
0.175424
0.174231
0.194129
0.239178
0.231232
0.189175
0.256937
0.085625
0.117327
0.165236
0.202198
0.253624
0.171277
0.209059
0.113994
0.220890
0.213063
0.174381
0.189678
0.159008
0.189382
0.233448
0.186650
0.187308
0.171072
0.217160
0.192249
0.150697
0.190140
0.134619
0.263504
0.219239
0.217756
0.196747
0.212345
0.262931
0.229738
0.236982
0.317868
0.227067
0.179161
0.153536
0.403198
0.283749
0.307507
0.167615
0.266002
0.300419
0.303998
0.387800
0.203057
0.309510
0.302256
0.271534
0.354877
0.196411
0.192579
0.157356
0.206369
0.121079
0.220337
0.214500
0.174469
0.280089
0.197248
0.262765
0.253565
0.224517
0.217989
0.248663
0.354431
0.146943
0.215832
0.170409
0.263341
0.219560
0.219311
0.215761
0.230741
0.277416
0.204579
0.188024
0.262519
0.245784
0.148701
0.121288
0.180864
0.247733
0.234848
0.268844
0.286049
0.293447
0.421544
0.218050
0.204379
0.412847
0.282836
0.338130
0.294835
0.181572
0.289466
0.250132
0.298560
0.323535
0.264219
0.231505
0.236334
0.271329
0.285303
0.355435
0.197643
0.130880
0.133977
0.144634
0.165419
0.242054
0.249597
0.297064
0.268830
0.235187
0.295963
0.292038
0.192884
0.293289
0.224683
0.254071
0.162735
0.256985
0.230458
0.314900
0.390474
0.526404
0.257329
0.257040
0.253845
0.364231
0.273956
0.232481
0.280761
0.291265
0.328244
0.151802
0.288758
0.315597
0.341041
0.269463
0.353244
0.276327
0.341221
0.250927
0.223321
0.190772
0.261365
0.174833
0.351160
0.275386
0.272689
0.285980
0.302109
0.264561
0.257539
0.253172
0.326847
0.246652
0.263320
0.308218
0.192440
0.297657
0.216999
0.227553
0.200977
0.211566
0.190884
0.210718
0.251420
0.386359
0.395538
0.296438
0.193848
0.300518
0.277094
0.300954
0.249432
0.242854
0.252438
0.187462
0.262850
0.309750
0.324808
0.254911
0.248027
0.350708
0.171999
0.288089
0.267096
0.242082
0.340424
0.400188
0.343458
0.276956
0.196421
0.246169
0.252217
0.228720
0.256319
0.264977
0.346496
0.301951
0.205245
0.178177
0.265658
0.322383
0.290678
0.283416
0.326322
0.199872
0.278718
0.374950
0.321150
0.122816
0.176609
0.155719
0.147811
0.140326
0.214305
0.116775
0.155871
0.137691
0.260087
0.164081
0.152712
0.079666
0.064732
0.055485
0.144772
0.120999
0.222330
0.103660
0.132559
0.219139
0.156369
0.159238
0.152460
0.108674
0.174817
0.122709
0.162507
0.164170
0.130842
0.140633
0.136035
0.106467
0.121191
0.200124
0.226348
0.094687
0.161966
0.154458
0.093429
0.338685
0.258631
0.283998
0.249159
0.237906
0.215399
0.312261
0.215828
0.225346
0.313670
0.206281
0.291153
0.283110
0.289776
0.370188
0.227689
0.204099
0.228481
0.244614
0.197479
0.288398
0.270720
0.242207
0.327796
0.259006
0.265960
0.216423
0.297451
0.230677
0.184709
0.274492
0.188442
0.173365
0.201130
0.216462
0.152068
0.117981
0.184794
0.211144
0.196809
0.268524
0.334291
0.284246
0.223805
0.317207
0.212342
0.106765
0.110143
0.098161
0.143547
0.232084
0.220316
0.122632
0.173669
0.162518
0.177901
0.135208
0.154076
0.172312
0.175586
0.208925
0.240670
0.188262
0.308588
0.333159
0.342969
0.273291
0.274548
0.197093
0.266314
0.270565
0.256008
0.255071
0.201585
0.296878
0.250496
0.205780
0.231841
0.206553
0.222071
0.188738
0.203360
0.234189
0.165837
0.249686
0.192174
0.175137
0.260115
0.252373
0.295700
0.260221
0.286091
0.204345
0.345032
0.342516
0.235317
0.294299
0.341398
0.300365
0.268430
0.281181
0.386556
0.290642
0.325118
0.245834
0.300844
0.237150
0.432142
0.315513
0.343965
0.297236
0.264179
0.206061
0.234263
0.199707
0.179892
0.275198
0.282975
0.265966
0.255003
0.216671
0.288049
0.214754
0.151797
0.277584
0.205369
0.286713
0.270415
0.214597
0.198366
0.289132
0.162427
0.338570
0.299404
0.252086
0.346051
0.301559
0.294655
0.202598
0.262146
0.277931
0.243665
0.208946
0.224809
0.285284
0.305169
0.221333
0.292179
0.229471
0.170353
0.148746
0.259862
0.238893
0.239044
0.222224
0.236993
0.253161
0.246925
0.274695
0.233846
0.440849
0.316179
0.299825
0.287943
0.197314
0.265575
0.314444
0.257088
0.268438
0.209276
0.243043
0.276812
0.209148
0.144139
0.183379
0.284231
0.226425
0.212237
0.326425
0.304535
0.237115
0.271319
0.231462
0.188931
0.204433
0.220210
0.296468
0.287519
0.226316
0.244936
0.272242
0.224895
0.231222
0.256898
0.260067
0.194363
0.251760
0.182630
0.198738
0.140727
0.218613
0.255398
0.222430
0.163547
0.052130
0.162439
0.275141
0.275909
0.266593
0.285060
0.221079
0.184177
0.152151
0.202147
0.201536
0.222601
0.276620
0.284787
0.323694
0.234205
0.149333
0.152122
0.106521
0.143009
0.137184
0.092863
0.091515
0.147457
0.152248
0.076838
0.133698
0.157593
0.254908
0.245306
0.322175
0.288281
0.272517
0.334448
0.344450
0.232477
0.175098
0.159702
0.255903
0.207719
0.187479
0.232320
0.270362
0.155775
0.134658
0.193358
0.167999
0.135677
0.156956
0.183161
0.188490
0.193982
0.189642
0.168058
0.176295
0.202710
0.233517
0.148667
0.217107
0.207594
0.196311
0.225119
0.148208
0.266788
0.223500
0.197009
0.210870
0.212337
0.151936
0.134526
0.147861
0.159093
0.131008
0.133827
0.120290
0.149175
0.112676
0.209771
0.138880
0.090212
0.183245
0.132573
0.135290
0.125680
0.164362
0.154704
0.121921
0.095460
0.192487
0.113653
0.146308
0.138423
0.223780
0.111207
0.125450
0.138981
0.171082
0.152798
0.157235
0.132901
0.131303
0.141022
0.079762
0.150423
0.174829
0.168613
0.159313
0.112975
0.129118
0.103631
0.107244
0.112021
0.139386
0.170081
0.157014
0.092419
0.140028
0.131529
0.101016
0.205599
0.197450
0.140337
0.142379
0.222855
0.241548
0.122128
0.131993
0.148595
0.162186
0.161592
0.162607
0.109381
0.131423
0.110132
0.176201
0.178587
0.126570
0.130877
0.140280
0.120635
0.198779
0.161868
0.118458
0.115199
0.141135
0.170618
0.118132
0.277312
0.184296
0.109419
0.166507
0.093326
0.211348
0.198480
0.122103
0.144532
0.140079
0.128029
0.169544
0.192642
0.075781
0.150073
0.180161
0.098593
0.199785
0.216508
0.139731
0.207171
0.348354
0.307288
0.178268
0.243572
0.248139
0.229321
0.156819
0.160430
0.139605
0.237942
0.197151
0.232352
0.161685
0.213478
0.373936
0.307704
0.222010
0.220242
0.293558
0.211221
0.181232
0.205800
0.277120
0.252268
0.138418
0.227430
0.158545
0.258944
0.193448
0.284953
0.255291
0.291139
0.197168
0.293552
0.245030
0.256797
0.204663
0.156997
0.222710
0.228652
0.264851
0.308815
0.225857
0.258013
0.177575
0.171352
0.125968
0.275929
0.244684
0.292430
0.182898
0.167445
0.162724
0.140658
0.173346
0.244861
0.189724
0.168497
0.174098
0.318040
0.361359
0.183650
0.181182
0.261096
0.237680
0.289440
0.169069
0.295907
0.291261
0.285721
0.101359
0.370837
0.369879
0.212842
0.265977
0.245551
0.261760
0.266253
0.248106
0.202661
0.216360
0.210738
0.275223
0.269066
0.222267
0.226838
0.230738
0.242389
0.189739
0.211675
0.225617
0.204358
0.192757
0.207979
0.173487
0.223788
0.156160
0.152968
0.116101
0.242508
0.199234
0.136705
0.190148
0.149694
0.194714
0.162474
0.127991
0.277624
0.225372
0.205548
0.185947
0.202755
0.273585
0.156866
0.163810
0.189327
0.192742
0.290783
0.179904
0.157256
0.160625
0.270913
0.278861
0.249207
0.269120
0.312688
0.277159
0.280569
0.226653
0.289494
0.285666
0.208793
0.324892
0.244880
0.215218
0.268657
0.217742
0.207887
0.264134
0.331688
0.289644
0.344846
0.297483
0.187361
0.150102
0.192436
0.222598
0.179705
0.264785
0.188646
0.153240
0.186847
0.225827
0.189767
0.216800
0.164265
0.222493
0.181632
0.209877
0.209169
0.212944
0.199684
0.186798
0.202111
0.223295
0.216793
0.191912
0.177548
0.188097
0.132846
0.152882
0.190248
0.212130
0.245456
0.208636
0.252893
0.244030
0.219517
0.276548
0.212725
0.156895
0.192920
0.266437
0.162438
0.178104
0.204303
0.341034
0.245311
0.152410
0.273213
0.271324
0.174443
0.230588
0.205944
0.399473
0.230174
0.280786
0.205447
0.174143
0.216955
0.248371
0.371498
0.321845
0.241309
0.169119
0.278291
0.287690
0.261236
0.218915
0.314482
0.192214
0.304970
0.215670
0.336139
0.301618
0.300944
0.207390
0.297233
0.365686
0.218776
0.278779
0.274885
0.239793
0.286956
0.218053
0.209560
0.304328
0.212894
0.274476
0.344727
0.257510
0.206618
0.366946
0.383106
0.458119
0.306118
0.257668
0.277212
0.214627
0.227141
0.180071
0.248531
0.243857
0.231076
0.289782
0.135439
0.181836
0.172235
0.203461
0.222584
0.273272
0.148420
0.168025
0.187914
0.153846
0.170510
0.253103
0.225009
0.273383
0.285025
0.176764
0.269591
0.289549
0.286599
0.199965
0.273329
0.254359
0.264869
0.121223
0.239056
0.198673
0.210686
0.124404
0.311617
0.261542
0.181515
0.188989
0.260165
0.284092
0.242481
0.219686
0.254270
0.296351
0.276847
0.158170
0.200498
0.237234
0.261724
0.331991
0.196789
0.228376
0.215125
0.380086
0.284618
0.230378
0.293999
0.351773
0.271939
0.368217
0.313205
0.249435
0.235669
0.129701
0.246883
0.191359
0.317535
0.316515
0.182858
0.334828
0.253474
0.291991
0.268267
0.158361
0.320414
0.329659
0.303004
0.203460
0.339653
0.263205
0.215993
0.280408
0.294138
0.313479
0.241983
0.328546
0.209598
0.186249
0.284645
0.243819
0.195046
0.150265
0.244835
0.243913
0.178037
0.223075
0.230632
0.220560
0.208525
0.169589
0.271886
0.238813
0.294265
0.236037
0.218646
0.234432
0.212265
0.149864
0.256925
0.296758
0.398785
0.217143
0.264716
0.225629
0.144894
0.174950
0.267265
0.246770
0.155136
0.304639
0.377398
0.444210
0.313033
0.280230
0.266702
0.196920
0.244598
0.384678
0.249480
0.235762
0.210252
0.133960
0.212249
0.135609
0.094327
0.161777
0.133951
0.194382
0.217858
0.200084
0.230994
0.283236
0.102980
0.270094
0.296448
0.170687
0.379698
0.188946
0.299665
0.260159
0.168596
0.175426
0.252161
0.177198
0.178731
0.129365
0.178326
0.226345
0.110464
0.222620
0.204521
0.319401
0.207499
0.196982
0.285397
0.205134
0.154314
0.222133
0.155672
0.200488
0.179428
0.195331
0.149559
0.175139
0.199641
0.187806
0.157070
0.297555
0.286253
0.462453
0.353445
0.242254
0.252665
0.253252
0.306432
0.211207
0.334141
0.245345
0.354701
0.308131
0.382028
0.397170
0.307796
0.429029
0.139783
0.152653
0.226171
0.189150
0.272800
0.246266
0.173579
0.180267
0.237426
0.115937
0.133469
0.212035
0.242202
0.201048
0.147229
0.148291
0.181561
0.108266
0.198642
0.250792
0.175266
0.218419
0.244365
0.221444
0.201617
0.242554
0.105155
0.287156
0.342012
0.278667
0.242841
0.355286
0.241210
0.196515
0.222106
0.228486
0.116019
0.149660
0.145029
0.149740
0.264238
0.162674
0.191111
0.213047
0.146180
0.108647
0.121442
0.073866
0.140737
0.113353
0.149953
0.141601
0.136202
0.149814
0.074502
0.112550
0.097170
0.111388
0.141119
0.154834
0.100725
0.140742
0.112499
0.108777
0.148960
0.166865
0.103052
0.138844
0.126556
0.204902
0.176883
0.277810
0.108892
0.186802
0.155307
0.135195
0.126596
0.154825
0.128176
0.159373
0.085560
0.247407
0.211009
0.248760
0.268607
0.194197
0.152245
0.160612
0.183765
0.183451
0.091987
0.084774
0.088518
0.109159
0.137896
0.135230
0.208368
0.072127
0.150543
0.112741
0.118768
0.194127
0.122277
0.227697
0.213425
0.182159
0.165729
0.143823
0.128187
0.170913
0.157770
0.112668
0.161520
0.172863
0.092389
0.147032
0.111636
0.126215
0.191391
0.185286
0.102910
0.169126
0.113406
0.211483
0.169920
0.154450
0.162271
0.128285
0.108902
0.116850
0.164965
0.164567
0.108709
0.192624
0.147664
0.134943
0.165971
0.085891
0.139860
0.118140
0.140843
0.141812
0.147653
0.188968
0.185970
0.249132
0.303720
0.146571
0.183291
0.140731
0.152399
0.119713
0.105146
0.143731
0.226600
0.117673
0.077258
0.186990
0.169036
0.238492
0.142618
0.201969
0.257706
0.215363
0.267978
0.114755
0.106618
0.182714
0.164101
0.117454
0.115062
0.090484
0.135695
0.155456
0.141675
0.141132
0.118254
0.157839
0.129736
0.130155
0.156931
0.242936
0.205651
0.225298
0.128673
0.111099
0.212702
0.131251
0.247426
0.232070
0.052578
0.162591
0.163845
0.147943
0.124334
0.141200
0.143735
0.122095
0.175264
0.143812
0.072046
0.166477
0.147515
0.147275
0.128266
0.187343
0.224716
0.194193
0.132658
0.179639
0.261127
0.143284
0.170410
0.263560
0.248777
0.204853
0.268201
0.150427
0.247025
0.322434
0.334144
0.252736
0.187799
0.206599
0.175459
0.271743
0.174133
0.203135
0.188188
0.183698
0.212104
0.133965
0.162572
0.159232
0.100983
0.151011
0.182505
0.130224
0.186385
0.289989
0.188693
0.201434
0.264743
0.299408
0.373254
0.215918
0.271059
0.225342
0.297517
0.201505
0.262833
0.198978
0.310488
0.245548
0.172444
0.135618
0.290712
0.249881
0.180594
0.168303
0.173539
0.125364
0.288493
0.116035
0.135390
0.160185
0.105731
0.169988
0.285015
0.212453
0.178323
0.181046
0.237236
0.294580
0.164857
0.245764
0.197367
0.175352
0.141745
0.161788
0.240985
0.202126
0.186925
0.147418
0.246544
0.158621
0.157603
0.200258
0.183659
0.155920
0.109251
0.141283
0.163043
0.076035
0.146353
0.146090
0.150855
0.119510
0.100735
0.130362
0.167907
0.141770
0.198917
0.181573
0.171082
0.203110
0.140842
0.156804
0.221830
0.169780
0.118541
0.146279
0.165133
0.136606
0.160333
0.123935
0.080078
0.152022
0.132406
0.152463
0.224973
0.131977
0.125823
0.124391
0.163462
0.198131
0.106230
0.179324
0.110497
0.128753
0.125796
0.106447
0.101361
0.120060
0.111793
0.074762
0.137215
0.170054
0.149132
0.156353
0.201243
0.175948
0.090027
0.183369
0.150842
0.129476
0.130311
0.113769
0.133085
0.280830
0.138142
0.085793
0.232473
0.176883
0.174464
0.364657
0.143302
0.127532
0.215066
0.328848
0.310800
0.154414
0.164306
0.214715
0.201540
0.189821
0.113782
0.123876
0.194314
0.142506
0.261756
0.186435
0.124511
0.233318
0.183568
0.144891
0.227464
0.155684
0.155055
0.097168
0.237317
0.243237
0.138502
0.147427
0.209664
0.211167
0.179250
0.146000
0.179776
0.192853
0.211124
0.114234
0.137381
0.122444
0.116733
0.155828
0.241863
0.169647
0.181343
0.109373
0.166089
0.081165
0.105275
0.155370
0.190572
0.123626
0.156426
0.130049
0.135863
0.161028
0.180546
0.084905
0.110486
0.170718
0.121118
0.169375
0.123045
0.185567
0.092666
0.104957
0.179672
0.151246
0.132758
0.167776
0.165648
0.172315
0.176782
0.170542
0.102702
0.130876
0.128243
0.063278
0.133346
0.117705
0.100293
0.138511
0.181907
0.091750
0.134900
0.129841
0.149109
0.138183
0.154623
0.133675
0.091580
0.118816
0.152417
0.174104
0.160950
0.143274
0.057551
0.179023
0.180772
0.094834
0.159917
0.232834
0.114173
0.174794
0.130609
0.118507
0.137039
0.142087
0.182048
0.176355
0.119450
0.180800
0.077976
0.112719
0.137874
0.142442
0.124226
0.170508
0.113250
0.086692
0.161223
0.145289
0.160628
0.114846
0.165526
0.107334
0.169569
0.182642
0.156017
0.194166
0.250887
0.205129
0.163821
0.173924
0.144486
0.186912
0.241207
0.153322
0.167523
0.113219
0.172409
0.210485
0.227760
0.206550
0.143872
0.174241
0.195294
0.277215
0.152550
0.255359
0.241237
0.224855
0.247910
0.261497
0.413510
0.277883
0.270576
0.285128
0.313422
0.360199
0.165051
0.253782
0.280701
0.207754
0.167164
0.102453
0.155852
0.188707
0.190360
0.318563
0.158964
0.224517
0.351724
0.286120
0.219772
0.330879
0.191149
0.144133
0.208899
0.172692
0.245282
0.280576
0.358730
0.401096
0.231295
0.261961
0.203256
0.198141
0.170821
0.217630
0.125825
0.279607
0.233732
0.281819
0.367826
0.211023
0.237803
0.216572
0.140970
0.179785
0.121234
0.104154
0.129295
0.216725
0.315255
0.204574
0.269009
0.191434
0.195421
0.171323
0.173272
0.139941
0.165487
0.199835
0.271860
0.169283
0.181450
0.180026
0.145506
0.218965
0.361490
0.141058
0.150619
0.158655
0.224176
0.235250
0.120373
0.143106
0.095433
0.123102
0.130426
0.291208
0.215068
0.249427
0.188648
0.262912
0.209369
0.076741
0.086643
0.086848
0.115326
0.162720
0.166865
0.126047
0.146917
0.147523
0.128392
0.204940
0.214042
0.128506
0.241785
0.185491
0.178630
0.137046
0.160347
0.115937
0.183917
0.284539
0.176095
0.223238
0.210422
0.138402
0.321776
0.221479
0.119976
0.097465
0.301921
0.099666
0.142197
0.175706
0.164536
0.143847
0.146353
0.174713
0.119698
0.125130
0.113136
0.189480
0.168104
0.122672
0.255472
0.215127
0.270601
0.297807
0.175767
0.236932
0.226623
0.230844
0.303261
0.300859
0.201880
0.266187
0.212029
0.199265
0.235938
0.270561
0.274159
0.215946
0.167288
0.122676
0.124712
0.273191
0.233721
0.230336
0.146242
0.194996
0.169406
0.176608
0.201397
0.216875
0.221087
0.269655
0.228524
0.308381
0.286103
0.295427
0.194902
0.282493
0.295437
0.215457
0.206885
0.306839
0.253778
0.223847
0.262421
0.289480
0.174253
0.243958
0.168694
0.185946
0.152444
0.251984
0.192886
0.290599
0.267064
0.330259
0.293196
0.290036
0.231001
0.256484
0.309971
0.288709
0.343016
0.250940
0.213673
0.239833
0.219242
0.184007
0.189776
0.252974
0.191971
0.204950
0.175554
0.125918
0.158096
0.179106
0.264989
0.151126
0.143879
0.141249
0.160124
0.146324
0.138581
0.140528
0.371984
0.164573
0.154239
0.276573
0.222058
0.344759
0.270567
0.300644
0.156454
0.215818
0.231673
0.273070
0.420707
0.399129
0.407368
0.247228
0.176430
0.242946
0.182436
0.190081
0.090069
0.092828
0.174761
0.192318
0.129080
0.271178
0.103346
0.088700
0.134966
0.151447
0.206794
0.267535
0.175518
0.185493
0.185644
0.189964
0.286768
0.150413
0.158511
0.196297
0.228049
0.186269
0.266659
0.225221
0.185984
0.249124
0.282269
0.510328
0.262496
0.169327
0.197601
0.269357
0.255065
0.251687
0.196544
0.186200
0.176850
0.203328
0.155769
0.165836
0.284623
0.182609
0.175050
0.180679
0.216403
0.279072
0.202192
0.154472
0.245045
0.276071
0.260154
0.210148
0.266654
0.311883
0.198065
0.349149
0.325182
0.173165
0.164284
0.148207
0.258188
0.237020
0.171238
0.243588
0.249177
0.259948
0.260450
0.257059
0.421955
0.347291
0.241925
0.323223
0.266528
0.243957
0.208693
0.270268
0.262734
0.319406
0.232039
0.250685
0.211159
0.251967
0.237517
0.206618
0.169316
0.234389
0.335682
0.224366
0.234303
0.225752
0.243539
0.306847
0.266692
0.224567
0.246577
0.198094
0.238826
0.314068
0.218733
0.109534
0.130462
0.219548
0.213070
0.206790
0.220044
0.307094
0.255864
0.199403
0.283732
0.261984
0.224492
0.192002
0.224777
0.223422
0.121763
0.175023
0.194650
0.169435
0.186883
0.154388
0.234173
0.115640
0.195280
0.210491
0.251947
0.159677
0.196692
0.259968
0.285483
0.256782
0.234558
0.145203
0.208842
0.170024
0.181299
0.159013
0.112236
0.156525
0.187580
0.143361
0.162861
0.121393
0.155247
0.147910
0.149239
0.135278
0.111918
0.121707
0.141161
0.151017
0.199523
0.162119
0.136663
0.110789
0.164040
0.179604
0.186051
0.230416
0.108093
0.137544
0.219115
0.136740
0.111145
0.180912
0.284827
0.198343
0.087069
0.102091
0.304947
0.262728
0.130353
0.121839
0.102655
0.129873
0.094562
0.144305
0.164340
0.155155
0.180418
0.242397
0.224690
0.230951
0.125694
0.105127
0.152213
0.120316
0.084524
0.096084
0.187834
0.105813
0.110369
0.121016
0.126586
0.096000
0.127487
0.139464
0.163615
0.149549
0.110708
0.159243
0.089321
0.185580
0.149418
0.192202
0.072620
0.193824
0.156355
0.139814
0.203014
0.126485
0.159809
0.140996
0.320527
0.116808
0.223151
0.211542
0.213958
0.257441
0.314306
0.223849
0.191684
0.193400
0.144565
0.172089
0.125854
0.191940
0.132250
0.136171
0.108491
0.200786
0.141576
0.121375
0.110219
0.102429
0.123442
0.179139
0.149345
0.206882
0.162528
0.136294
0.094400
0.221893
0.125846
0.131918
0.270076
0.202321
0.163517
0.127907
0.171348
0.119710
0.096867
0.158312
0.150178
0.162522
0.162363
0.137372
0.151273
0.127446
0.195128
0.182762
0.194774
0.121108
0.156232
0.149498
0.091795
0.116373
0.098747
0.099175
0.203711
0.151705
0.137794
0.133692
0.104894
0.116055
0.081135
0.124006
0.133078
0.122505
0.052003
0.116459
0.152807
0.105426
0.147372
0.141304
0.190361
0.157883
0.204322
0.187456
0.156572
0.120476
0.130360
0.208056
0.180193
0.137278
0.150677
0.219013
0.236580
0.201943
0.216615
0.199059
0.265008
0.186523
0.160168
0.181389
0.141914
0.111339
0.110569
0.106454
0.100078
0.129628
0.152290
0.139140
0.115751
0.093549
0.130145
0.125391
0.107751
0.149287
0.134038
0.190305
0.114019
0.169727
0.167429
0.243400
0.176909
0.227839
0.203685
0.170913
0.119891
0.145646
0.151907
0.163340
0.232640
0.150093
0.117918
0.128677
0.233449
0.274026
0.140558
0.177313
0.194906
0.141081
0.112011
0.159555
0.174111
0.090314
0.146839
0.086624
0.123051
0.190114
0.222526
0.124995
0.195254
0.210466
0.241219
0.128579
0.110496
0.175606
0.110758
0.158041
0.284662
0.138302
0.153195
0.117551
0.116259
0.190659
0.131013
0.117797
0.100483
0.121913
0.132912
0.206598
0.188491
0.158292
0.178355
0.140225
0.215605
0.147857
0.216106
0.177229
0.208599
0.257080
0.166499
0.224222
0.202868
0.192375
0.120614
0.145051
0.149706
0.191853
0.130421
0.095683
0.156770
0.127329
0.114420
0.127524
0.166123
0.237139
0.219421
0.088874
0.105305
0.167789
0.124033
0.202667
0.133882
0.118434
0.113361
0.123404
0.141513
0.152719
0.140539
0.100796
0.172954
0.137101
0.140586
0.160419
0.126883
0.111394
0.131293
0.154867
0.222799
0.192236
0.121878
0.182299
0.236658
0.146932
0.151155
0.200340
0.198536
0.180209
0.173283
0.199248
0.060718
0.156808
0.141616
0.179359
0.163151
0.106169
0.122532
0.131830
0.228143
0.140404
0.151359
0.191827
0.188154
0.175246
0.278576
0.212648
0.124831
0.133954
0.098144
0.186260
0.180410
0.086680
0.107985
0.109275
0.039293
0.084934
0.071509
0.132010
0.123244
0.096110
0.079755
0.077926
0.082213
0.111404
0.128140
0.131536
0.145111
0.166457
0.124291
0.054412
0.086780
0.100529
0.094372
0.085444
0.103860
0.268952
0.141546
0.094434
0.105653
0.162336
0.096529
0.189450
0.121669
0.192739
0.103837
0.212410
0.133630
0.112210
0.165988
0.123674
0.185319
0.124438
0.196983
0.189632
0.140072
0.166060
0.162402
0.161930
0.099610
0.156858
0.195773
0.169511
0.146197
0.138016
0.177886
0.119434
0.156475
0.138758
0.090925
0.114683
0.110703
0.146653
0.165156
0.133005
0.201116
0.201958
0.182978
0.199479
0.152010
0.164387
0.190165
0.123528
0.134104
0.130447
0.167530
0.145709
0.148511
0.131944
0.172323
0.121119
0.177557
0.190630
0.200678
0.283255
0.184150
0.253698
0.103462
0.114815
0.104624
0.141700
0.170856
0.127550
0.133071
0.145721
0.140295
0.145179
0.135988
0.142623
0.107956
0.159798
0.131215
0.119831
0.091734
0.116548
0.128493
0.148844
0.237949
0.220369
0.343431
0.224422
0.214043
0.164917
0.283220
0.240446
0.195153
0.276620
0.324049
0.312722
0.244491
0.133249
0.223295
0.233657
0.180317
0.163707
0.227060
0.171786
0.164366
0.119778
0.131019
0.140732
0.143786
0.161415
0.147861
0.117656
0.096700
0.147216
0.164210
0.099085
0.178886
0.143775
0.159613
0.152611
0.170900
0.181586
0.142908
0.163219
0.214048
0.163354
0.201112
0.189511
0.134090
0.146343
0.198988
0.145477
0.110141
0.252899
0.265450
0.280266
0.366443
0.333346
0.319708
0.191597
0.110554
0.120370
0.140467
0.143426
0.130690
0.124162
0.113835
0.099627
0.146506
0.113468
0.140937
0.157473
0.135885
0.136099
0.212466
0.201877
0.287427
0.235006
0.079281
0.120674
0.146025
0.109659
0.135015
0.197581
0.285533
0.251211
0.129907
0.202163
0.209817
0.084808
0.218251
0.160931
0.132480
0.149583
0.144598
0.116705
0.093834
0.119887
0.200624
0.171060
0.136026
0.201241
0.184320
0.094633
0.170758
0.123295
0.147203
0.150605
0.121656
0.136009
0.153981
0.124775
0.153436
0.153049
0.210461
0.123725
0.136932
0.147862
0.190384
0.110768
0.125255
0.115647
0.174469
0.129825
0.128354
0.201764
0.086614
0.104232
0.079373
0.096087
0.123679
0.112903
0.132517
0.095207
0.124741
0.108202
0.119043
0.133926
0.127844
0.091003
0.093900
0.116848
0.112596
0.137010
0.155602
0.102317
0.205724
0.167381
0.105976
0.176410
0.076343
0.167287
0.237013
0.168705
0.208613
0.151104
0.163821
0.132331
0.169820
0.195635
0.159977
0.099876
0.099542
0.142652
0.196756
0.184788
0.112031
0.166644
0.177511
0.180451
0.117976
0.153096
0.139403
0.184045
0.162125
0.132170
0.117756
0.118229
0.111207
0.172166
0.203360
0.154704
0.082911
0.104544
0.180033
0.132370
0.264432
0.182781
0.140594
0.192164
0.136240
0.125140
0.269374
0.285108
0.202786
0.166833
0.209595
0.219325
0.202021
0.207914
0.158985
0.118209
0.092088
0.088756
0.109181
0.087386
0.136464
0.162699
0.132604
0.117763
0.117530
0.121419
0.133187
0.136378
0.206761
0.159586
0.255605
0.208492
0.243254
0.254288
0.191220
0.227789
0.173905
0.203069
0.204218
0.270251
0.216888
0.176786
0.247215
0.127362
0.126639
0.114477
0.130083
0.132991
0.159271
0.150165
0.133436
0.092965
0.155376
0.126000
0.079398
0.177671
0.194320
0.134756
0.223078
0.133388
0.135231
0.151147
0.133528
0.209819
0.155095
0.165825
0.115466
0.074069
0.112672
0.114483
0.214759
0.168367
0.151599
0.140419
0.196960
0.132718
0.159191
0.138717
0.183054
0.156886
0.165495
0.125874
0.194729
0.187856
0.196245
0.138165
0.208041
0.181413
0.212558
0.156540
0.183437
0.155550
0.209620
0.196279
0.193879
0.219506
0.236067
0.164245
0.195585
0.305505
0.233575
0.229283
0.247533
0.342033
0.309696
0.251687
0.303475
0.192495
0.183975
0.226440
0.210459
0.152446
0.193260
0.223297
0.212471
0.183282
0.172133
0.254155
0.158454
0.277287
0.304311
0.207772
0.226563
0.250964
0.301946
0.138387
0.277185
0.144305
0.307411
0.170752
0.220563
0.112576
0.192193
0.144433
0.132863
0.205666
0.098511
0.163788
0.109811
0.133804
0.114207
0.209116
0.172732
0.151223
0.157999
0.187288
0.152822
0.164598
0.252684
0.199122
0.240244
0.239443
0.213915
0.187709
0.192658
0.261976
0.217512
0.229609
0.238457
0.164975
0.136388
0.182691
0.214308
0.281538
0.201016
0.216998
0.210007
0.271555
0.290195
0.260577
0.273806
0.178955
0.239416
0.190158
0.187558
0.178612
0.284905
0.301972
0.233037
0.144054
0.126344
0.142693
0.205085
0.164009
0.161342
0.116446
0.181776
0.195126
0.148087
0.185960
0.236502
0.185377
0.286160
0.379193
0.315306
0.235941
0.209985
0.190028
0.151741
0.175540
0.169034
0.214407
0.235600
0.240090
0.219532
0.195490
0.177426
0.212307
0.224990
0.177153
0.180509
0.182269
0.201703
0.260993
0.206639
0.237213
0.135354
0.136415
0.271089
0.188129
0.206111
0.251341
0.186827
0.169632
0.142053
0.182394
0.263767
0.236257
0.267243
0.212651
0.161749
0.158390
0.124838
0.126010
0.110284
0.168154
0.176622
0.160839
0.153809
0.107861
0.125193
0.129150
0.110352
0.149070
0.214808
0.207391
0.157573
0.177489
0.265301
0.201047
0.129332
0.181713
0.174029
0.314167
0.248424
0.206634
0.400111
0.278597
0.258139
0.213141
0.163099
0.115675
0.167132
0.218423
0.173012
0.171951
0.245247
0.151032
0.221323
0.215312
0.178493
0.117217
0.177342
0.206615
0.104955
0.140376
0.146901
0.154538
0.189310
0.126668
0.171791
0.159512
0.167248
0.136292
0.163555
0.110918
0.258425
0.180183
0.191249
0.206414
0.179676
0.196051
0.180776
0.117329
0.121649
0.142259
0.137002
0.210341
0.211433
0.192133
0.161534
0.210905
0.235815
0.213677
0.156080
0.222127
0.257032
0.236277
0.253314
0.224458
0.194457
0.197228
0.171627
0.136622
0.215454
0.149719
0.185641
0.231080
0.234990
0.229030
0.231987
0.305818
0.142169
0.161196
0.079837
0.205149
0.158813
0.279184
0.178569
0.199866
0.127186
0.208358
0.341383
0.303424
0.349068
0.252015
0.214071
0.219019
0.239824
0.188111
0.189580
0.213921
0.228416
0.177855
0.153944
0.205428
0.261988
0.183301
0.135384
0.249810
0.185540
0.149387
0.179001
0.084619
0.183985
0.251715
0.203337
0.161216
0.133447
0.218873
0.188685
0.199328
0.161132
0.203776
0.252618
0.168599
0.229960
0.357720
0.216539
0.310691
0.319394
0.280949
0.193851
0.244316
0.239830
0.243960
0.320175
0.178094
0.268287
0.406186
0.431628
0.138548
0.141934
0.143663
0.181521
0.155880
0.175529
0.184772
0.232386
0.169148
0.142830
0.212960
0.182827
0.217977
0.196178
0.188389
0.164683
0.235425
0.179320
0.157378
0.236144
0.114550
0.161930
0.256158
0.258240
0.199175
0.302315
0.205816
0.205295
0.209233
0.223867
0.167645
0.211899
0.317771
0.266004
0.181590
0.204529
0.272745
0.215348
0.165078
0.181426
0.247543
0.221884
0.256289
0.201959
0.167497
0.205238
0.207949
0.181938
0.218417
0.256803
0.218471
0.152066
0.121539
0.193038
0.180416
0.176605
0.205580
0.167253
0.213606
0.184093
0.264140
0.315379
0.200098
0.226255
0.204495
0.276583
0.284815
0.253739
0.287453
0.252805
0.273536
0.229461
0.234973
0.202767
0.218207
0.195740
0.228465
0.252610
0.224533
0.193973
0.227170
0.166988
0.155610
0.207327
0.128040
0.165053
0.151636
0.201622
0.177942
0.328168
0.170722
0.330956
0.394726
0.209135
0.266908
0.336856
0.236650
0.227389
0.231983
0.216156
0.181027
0.226516
0.294119
0.188727
0.175400
0.222157
0.249622
0.208155
0.116303
0.318142
0.206856
0.199207
0.146165
0.155426
0.208537
0.170592
0.189327
0.239828
0.176960
0.173867
0.213633
0.221808
0.304288
0.252367
0.303903
0.245132
0.281453
0.336071
0.257220
0.201914
0.155177
0.264321
0.154577
0.135162
0.232629
0.092889
0.251377
0.288828
0.303355
0.189041
0.177270
0.160293
0.233719
0.168971
0.192054
0.226344
0.205452
0.298555
0.325520
0.261592
0.165875
0.157647
0.263274
0.254678
0.210408
0.186732
0.210210
0.206378
0.304346
0.280286
0.180033
0.101833
0.191478
0.268053
0.306761
0.213866
0.350566
0.255555
0.185543
0.156355
0.226330
0.163187
0.211002
0.189604
0.176748
0.270126
0.270053
0.318444
0.307241
0.151644
0.158422
0.168885
0.161358
0.176227
0.236064
0.176764
0.226320
0.224498
0.274693
0.223180
0.343163
0.259175
0.243669
0.237026
0.225695
0.099195
0.260046
0.168706
0.130928
0.233201
0.248966
0.184906
0.167426
0.187369
0.145316
0.192826
0.172449
0.294973
0.244209
0.173306
0.207783
0.238840
0.128067
0.165888
0.070126
0.131294
0.070177
0.221418
0.305953
0.164091
0.144446
0.125345
0.220552
0.239285
0.245591
0.173180
0.089275
0.187950
0.258433
0.174598
0.269348
0.186808
0.264898
0.234525
0.147688
0.238905
0.209770
0.167782
0.148791
0.173501
0.094727
0.121224
0.116516
0.179288
0.147715
0.146079
0.177643
0.192038
0.124178
0.106064
0.197597
0.127587
0.132416
0.081843
0.100324
0.098196
0.095073
0.074281
0.107224
0.068153
0.152621
0.108484
0.132325
0.113731
0.154435
0.162528
0.174360
0.101260
0.171773
