306	365	204	121
297	358	216	129
298	359	213	127
299	362	211	126
300	363	213	128
300	364	212	127
303	363	215	128
305	361	213	129
309	358	210	134
312	357	206	135
313	358	205	135
316	359	203	133
320	363	208	128
329	362	216	129
337	359	221	134
337	356	220	137
340	365	205	129
345	359	205	134
347	350	213	141
349	361	204	131
348	360	202	132
351	365	192	125
359	357	191	132
360	350	199	140
360	346	216	137
360	347	216	134
360	342	223	141
362	346	198	141
361	347	199	135
357	335	202	145
358	333	201	149
355	312	201	172
353	360	201	125
349	366	199	123
348	347	194	140
349	346	192	141
348	361	188	126
350	368	195	117
353	364	215	121
355	372	221	114
353	373	223	114
360	370	216	118
364	372	207	111
367	376	211	112
368	380	211	110
369	381	209	108
367	383	207	107
367	383	198	111
368	386	195	112
370	384	193	111
371	385	194	110
377	382	199	117
382	379	209	117
385	378	220	120
390	379	221	124
390	379	223	124
394	383	227	119
401	385	227	127
399	381	221	124
395	379	213	122
395	377	215	124
391	374	205	122
393	370	200	119
393	366	197	118
392	363	196	123
392	363	197	125
390	360	199	124
388	360	206	126
385	359	207	127
382	360	212	127
381	360	213	128
377	364	216	128
372	368	219	123
368	367	218	123
365	364	208	125
366	366	206	124
361	368	203	117
359	367	199	118
356	366	196	119
352	367	197	113
352	368	198	112
348	365	203	112
345	366	208	117
344	359	213	121
341	363	210	117
342	362	211	118
342	359	212	122
338	362	212	116
338	366	219	112
337	365	217	107
337	365	216	106
339	361	207	114
339	359	203	118
340	358	198	117
338	358	200	114
339	358	200	115
340	363	199	107
339	365	202	105
336	366	207	116
335	363	206	111
334	362	207	112
334	360	202	116
334	358	201	117
334	356	198	113
333	358	203	118
333	358	202	117
334	360	206	113
333	360	209	115
334	358	209	116
335	357	210	118
333	357	210	117
335	356	209	115
334	358	211	115
332	358	210	114
331	358	213	114
331	358	212	113
330	353	212	122
330	347	199	121
329	349	196	113
328	349	199	113
328	349	198	114
326	352	199	111
327	353	200	109
326	354	203	111
324	353	208	108
324	353	208	109
321	352	207	113
319	351	213	110
320	351	206	107
318	352	210	103
318	352	210	104
317	353	214	97
315	354	199	96
313	350	194	101
313	349	193	100
314	349	193	104
311	350	194	104
311	351	195	105
311	354	195	100
310	355	194	98
311	356	194	98
310	354	193	99
311	352	194	98
313	352	191	98
313	351	192	99
313	351	192	100
311	351	198	98
319	347	206	98
321	346	197	101
322	346	199	99
323	345	198	101
324	346	198	100
326	348	199	92
332	351	198	86
337	351	191	79
336	350	194	82
343	347	190	82
350	342	194	86
355	339	192	86
363	339	190	86
363	339	190	87
367	344	190	85
374	348	189	76
382	349	187	83
387	347	183	82
386	347	186	82
394	344	184	89
398	342	187	87
406	344	186	83
413	344	185	85
412	345	185	85
418	345	182	83
423	345	183	84
430	341	178	85
433	339	183	87
434	340	182	84
437	339	182	86
451	346	178	80
454	350	180	72
461	350	174	66
461	350	173	67
464	349	175	68
469	349	175	70
475	347	171	72
482	347	173	71
482	347	172	70
492	349	162	69
501	352	157	75
509	349	156	71
517	351	157	70
518	352	156	67
526	353	155	69
536	354	152	68
545	354	150	69
557	357	145	65
559	357	146	63
570	359	140	68
575	359	144	55
592	358	140	57
605	358	138	65
604	357	135	61
617	356	133	69
629	358	124	64
637	359	120	58
642	361	114	63
643	360	114	63
646	362	112	58
656	356	101	62
666	358	90	60
669	359	88	62
671	359	87	62
674	359	81	62
678	359	80	60
682	363	70	52
685	366	69	52
693	368	62	51
696	370	65	45
701	370	69	41
711	370	72	44
727	369	62	50
734	371	55	48
736	368	62	56
749	368	66	61
760	363	59	69
763	363	62	66
729	363	98	68
727	363	99	72
727	366	109	72
728	368	112	71
734	376	113	61
736	375	112	63
727	377	128	67
732	377	122	62
734	377	120	59
743	374	91	60
730	377	101	61
727	381	123	56
705	384	128	54
693	379	121	57
684	376	122	57
685	374	117	61
675	371	115	60
666	374	114	56
659	368	117	70
658	369	111	68
657	371	110	66
667	368	97	64
659	366	106	68
670	367	94	67
679	365	83	67
674	366	87	67
682	366	75	67
678	367	75	66
681	365	68	65
676	367	71	68
677	367	70	69
673	369	69	69
667	374	68	66
665	380	62	64
658	383	61	63
657	384	62	62
639	388	63	58
623	394	64	51
611	389	66	52
589	384	75	51
592	390	63	47
570	380	68	57
533	373	77	63
511	374	76	61
484	366	93	71
486	371	95	65
472	369	92	69
478	384	79	56
470	386	87	59
453	384	90	61
454	383	91	61
437	377	78	60
423	376	88	58
406	373	95	61
390	372	64	56
393	375	59	53
373	374	65	52
345	370	80	58
341	375	70	54
361	374	69	54
328	374	102	57
315	370	106	60
305	373	99	56
293	372	105	58
284	371	101	62
283	371	101	62
270	371	101	58
262	374	96	52
259	375	57	46
262	382	110	52
260	381	114	55
243	367	135	61
234	337	100	76
314	382	92	57
273	350	73	57
274	351	67	56
281	361	83	44
285	362	69	42
286	353	82	62
287	372	66	45
286	372	56	43
285	377	62	39
283	378	55	40
279	380	61	39
270	380	61	39
270	380	59	38
258	374	61	46
239	372	64	51
233	369	60	46
221	372	65	44
221	372	63	43
205	373	77	42
178	306	167	115
348	319	162	127
448	332	109	80
440	334	121	78
431	335	174	78
402	335	112	71
334	318	69	95
327	320	65	94
327	319	62	94
327	324	69	93
265	363	154	70
309	306	242	135
294	337	276	112
318	331	244	135
305	327	193	108
307	321	145	97
288	336	157	86
76	382	129	76
12	391	193	57
20	384	185	61
4	376	193	65
9	373	198	62
19	373	184	60
19	374	186	64
39	373	183	63
65	376	175	54
81	379	141	48
96	383	138	53
98	384	134	54
107	387	129	51
127	386	176	59
134	381	216	65
159	377	211	65
157	378	212	65
173	374	207	68
180	371	180	74
180	370	180	76
177	371	179	75
176	371	183	76
171	374	179	77
159	377	198	89
155	374	199	88
152	365	199	93
152	366	199	94
152	359	186	104
152	352	185	109
151	350	185	113
147	351	187	122
148	351	187	125
146	352	194	125
147	357	200	122
154	359	204	122
164	367	204	114
164	365	205	117
178	372	205	110
197	373	202	114
222	374	195	111
250	369	199	118
249	371	201	117
280	366	194	122
310	368	181	118
335	368	200	119
355	370	195	115
355	368	194	117
371	376	187	110
383	382	190	111
392	387	185	107
402	386	171	114
403	386	170	114
412	383	184	117
429	379	183	125
436	376	165	126
441	378	161	125
441	378	163	125
444	381	167	122
448	381	166	128
453	385	160	125
456	387	163	126
456	387	163	127
463	391	154	122
467	393	147	117
475	392	148	120
482	387	143	124
482	386	143	124
492	384	138	124
499	386	137	122
504	387	140	122
507	388	147	124
507	388	148	124
509	391	152	126
510	395	150	121
512	401	147	113
515	403	140	116
515	403	138	116
520	405	134	117
526	406	123	112
529	407	114	109
531	406	113	114
531	406	117	114
531	410	115	107
529	419	131	117
528	421	122	119
526	425	116	109
526	425	112	110
533	426	110	108
540	424	103	112
545	424	99	106
548	421	93	101
548	421	92	103
552	426	85	97
559	424	80	101
565	435	97	88
573	441	85	87
573	442	82	88
568	443	84	86
562	446	90	82
560	427	96	97
559	437	102	86
585	461	72	61
578	454	79	57
580	448	84	63
560	404	118	114
561	398	167	119
544	394	165	123
536	393	156	126
529	397	176	122
607	439	83	86
620	443	64	76
620	448	64	71
627	438	54	82
639	434	58	85
651	429	55	91
662	426	57	90
661	428	58	89
673	426	68	89
682	428	62	86
692	429	58	84
701	444	49	65
701	444	48	64
714	417	51	90
728	445	74	66
730	402	99	113
742	398	92	110
687	406	151	112
746	394	101	114
778	418	83	83
795	419	80	82
801	429	89	68
803	426	88	72
800	416	103	86
807	415	105	84
815	413	113	85
819	418	118	84
818	413	120	89
839	417	112	83
856	419	106	79
867	420	110	72
882	422	108	74
883	421	107	75
895	418	110	82
896	415	141	92
926	412	124	92
928	408	139	97
929	407	137	98
930	408	154	99
944	408	156	92
966	409	150	89
982	410	148	93
979	410	150	92
1007	407	132	95
1019	406	127	89
1031	402	122	92
1038	398	119	93
1038	398	119	95
1039	398	118	93
1037	398	120	85
1034	402	123	82
1023	402	128	82
1022	401	128	79
1010	404	133	91
977	408	153	77
961	406	159	74
950	398	156	75
949	399	156	75
932	406	156	75
925	403	119	75
925	388	120	96
840	370	184	135
573	367	252	114
559	376	255	107
543	380	253	107
538	376	221	112
542	365	238	123
543	374	211	110
506	342	288	168
522	364	255	109
462	366	235	131
847	394	89	83
850	402	72	73
852	405	100	76
820	361	185	147
816	353	170	118
857	381	123	121
868	382	114	122
769	387	210	111
856	388	121	104
819	395	153	102
813	394	157	103
813	394	156	104
813	392	151	108
813	394	141	106
801	390	142	109
794	387	140	106
796	389	138	105
786	385	139	109
777	385	139	108
765	386	143	109
755	392	143	92
756	391	142	91
745	397	150	95
747	405	145	88
746	405	145	93
750	407	140	94
750	407	139	95
748	404	140	99
736	401	148	102
733	398	149	108
733	396	147	107
734	396	146	107
737	397	142	100
736	398	143	102
745	400	132	92
761	404	111	92
763	402	110	94
766	405	104	94
760	412	106	91
758	414	105	79
755	415	103	70
755	415	102	72
749	412	103	76
745	408	101	73
738	404	100	82
734	402	97	101
733	403	98	98
730	405	92	97
725	405	94	102
721	408	95	97
712	407	96	94
712	406	97	96
706	409	98	95
705	420	88	84
702	419	83	92
698	415	79	91
697	414	80	97
693	412	79	100
691	402	76	108
691	401	75	115
690	401	76	114
691	401	76	114
696	407	65	112
701	410	60	106
711	411	58	106
714	414	55	101
714	413	56	101
719	417	57	97
727	418	54	97
730	418	55	98
733	421	55	103
734	420	55	101
737	421	55	98
745	419	50	110
748	413	48	111
751	413	48	115
751	414	48	115
751	411	48	117
753	411	47	117
754	411	47	117
752	414	48	102
752	415	48	103
751	415	49	113
740	416	56	113
734	414	53	114
729	412	52	116
729	412	51	117
720	405	52	122
713	405	51	124
700	403	56	128
696	401	53	128
696	401	53	130
686	401	58	131
680	402	58	128
679	404	58	128
676	413	60	117
675	412	61	118
673	412	63	117
673	412	66	117
672	409	68	119
673	408	65	117
673	408	65	117
671	402	66	124
672	397	64	131
670	398	64	131
669	397	64	131
669	396	64	132
667	396	65	132
668	398	64	122
668	396	63	124
659	401	70	120
660	405	69	117
658	409	71	117
653	409	63	117
649	406	65	110
646	404	61	118
649	404	59	119
643	396	60	133
640	396	59	122
641	397	57	116
630	401	67	122
630	400	67	121
606	393	88	129
617	401	76	124
620	410	73	115
616	411	75	113
616	411	74	112
609	413	80	111
611	400	71	117
599	381	62	114
601	382	83	135
611	396	76	121
606	383	74	126
609	373	67	136
607	371	89	143
616	368	82	148
621	385	75	128
629	391	69	123
631	395	74	120
635	400	75	114
638	401	75	106
639	401	73	100
642	400	64	96
644	380	89	122
644	352	93	138
649	351	91	142
649	351	89	143
654	351	86	137
650	348	94	140
648	364	76	122
652	375	68	109
649	376	68	108
652	378	63	105
650	381	62	101
650	385	58	97
649	386	56	88
648	386	61	88
647	384	55	94
646	381	56	102
645	374	63	106
644	368	59	117
652	373	50	111
646	361	53	122
643	337	60	141
639	329	93	146
636	325	95	153
636	325	94	152
634	320	93	156
632	320	93	167
630	315	93	165
634	337	86	143
643	367	49	112
639	366	54	117
634	347	79	134
639	347	70	131
620	322	83	143
631	333	79	138
638	334	70	137
636	324	71	143
611	321	61	139
641	322	66	146
629	315	72	150
643	330	64	130
635	303	73	157
635	345	57	114
608	304	60	101
609	301	76	64
605	301	78	59
622	311	79	145
615	303	88	150
606	302	88	154
607	304	74	153
608	311	70	146
605	312	52	147
606	309	91	154
602	304	95	159
602	306	94	158
609	334	86	131
617	344	77	122
616	359	78	109
616	357	74	110
616	357	74	110
615	356	72	114
609	346	84	124
606	348	86	120
605	349	79	119
605	356	79	114
604	358	72	108
603	350	70	115
604	355	67	112
600	350	79	121
601	350	78	120
599	352	80	119
598	356	78	116
596	362	77	108
604	363	69	109
603	364	69	109
606	366	61	105
605	353	66	114
605	355	66	111
601	349	72	121
602	353	70	115
603	349	66	120
603	346	63	115
604	341	63	126
602	333	67	130
605	335	64	130
607	335	62	127
606	335	63	129
608	341	63	127
612	344	60	128
610	340	62	129
614	346	61	127
619	354	62	120
621	354	66	117
618	355	71	111
620	356	69	108
624	352	67	111
625	350	71	120
617	350	81	119
626	348	70	123
627	348	70	121
628	349	72	123
630	353	76	123
633	358	74	122
627	361	90	114
630	362	81	110
627	362	86	108
629	361	84	113
630	358	76	118
631	356	75	114
629	356	77	109
629	355	77	121
623	358	85	118
618	363	87	115
621	363	86	114
622	362	86	114
623	360	84	116
626	357	80	122
631	351	77	124
634	353	74	123
633	354	75	126
636	356	74	127
640	369	72	105
644	366	71	109
647	363	70	120
649	363	68	119
655	360	95	123
650	360	73	116
654	363	76	111
652	362	85	112
652	361	83	112
652	357	89	117
650	355	99	127
648	346	108	137
650	346	111	139
648	349	112	135
656	346	109	139
641	346	129	140
659	346	114	140
662	345	114	137
650	343	127	139
664	342	114	140
667	343	113	138
668	342	115	143
666	345	117	138
665	342	120	141
668	345	115	140
674	345	113	135
671	343	119	140
670	341	120	140
670	342	119	138
670	341	122	140
670	335	124	143
669	335	126	146
667	334	128	146
667	334	129	147
667	333	128	148
664	332	133	151
658	329	136	153
655	327	139	155
656	327	138	155
652	325	141	153
648	325	146	157
644	327	150	153
642	327	151	155
641	327	152	154
640	328	152	153
639	327	151	150
634	327	154	150
634	328	153	150
633	325	154	153
630	327	157	155
627	326	161	155
621	324	167	156
620	325	166	153
621	325	165	154
621	322	165	154
631	322	155	155
629	322	156	152
628	324	156	150
627	324	156	150
628	326	156	154
626	328	159	156
627	330	160	155
625	331	160	155
625	332	160	154
623	333	162	150
626	336	159	149
606	336	177	147
624	335	157	153
622	336	158	150
625	334	155	150
625	334	152	151
621	333	153	151
617	335	152	151
617	335	152	153
614	337	152	150
614	339	147	150
612	338	149	147
619	336	145	143
618	335	145	144
621	338	144	140
627	340	138	138
628	342	133	142
632	341	122	141
631	341	122	140
635	342	116	139
636	337	116	144
637	335	115	149
639	333	109	152
639	333	110	152
637	330	104	151
639	330	101	154
638	328	98	152
637	329	97	153
636	330	98	152
639	330	95	155
640	328	95	157
643	327	93	158
643	326	91	160
643	325	91	159
647	326	88	159
651	329	84	154
653	332	82	150
651	333	82	147
651	334	82	148
651	337	81	145
653	339	78	146
660	339	70	142
658	343	73	145
658	342	72	141
666	344	68	143
663	345	71	145
663	344	69	147
662	341	71	145
661	341	70	146
660	340	73	146
657	340	75	146
656	341	76	151
654	342	79	150
655	342	78	149
655	342	82	152
658	343	82	156
658	343	84	152
660	342	86	156
660	343	87	154
661	342	89	155
662	342	91	156
662	340	95	154
662	340	99	152
662	341	99	152
662	340	102	151
667	337	100	157
668	336	103	157
673	334	104	161
671	335	106	160
676	333	105	160
682	334	104	160
688	333	104	157
694	334	106	149
693	333	108	149
703	330	104	149
710	329	105	145
718	327	104	151
725	327	107	153
729	328	106	156
734	327	110	154
743	327	107	155
751	329	103	155
760	333	101	153
763	327	99	156
768	337	98	147
776	329	93	151
778	334	94	142
784	334	90	143
784	330	91	148
786	333	96	147
787	333	100	148
789	332	101	148
792	332	98	148
793	332	97	149
793	332	95	152
794	332	94	150
797	331	91	151
799	331	90	151
799	328	90	156
798	328	90	156
797	328	92	157
797	328	93	156
795	329	94	158
798	328	91	157
797	327	92	158
796	326	93	160
796	327	94	158
795	326	95	159
795	326	95	159
793	327	95	160
794	324	93	163
794	326	93	164
793	325	94	165
793	326	94	164
793	324	95	165
793	324	98	163
793	325	97	161
794	326	95	160
793	325	96	161
793	326	94	159
793	325	95	160
795	327	93	158
794	327	94	160
795	326	93	160
795	328	94	161
795	328	94	160
794	328	93	162
795	327	92	162
796	328	91	163
795	329	92	161
796	330	92	160
796	331	91	160
797	331	91	161
797	330	90	160
797	331	89	161
796	330	90	163
795	332	90	161
795	331	89	163
795	331	89	162
794	331	90	163
793	331	92	164
793	333	92	160
793	331	91	163
792	332	92	160
792	334	92	160
791	334	91	160
791	334	91	160
792	334	91	159
792	332	91	161
792	332	91	161
792	331	91	163
791	330	91	164
791	332	91	163
791	332	91	164
790	331	91	165
791	333	91	163
791	332	90	165
791	336	90	161
792	334	88	163
793	337	87	163
792	337	85	166
789	336	89	168
783	336	95	160
782	337	96	159
786	338	91	161
783	342	93	162
784	343	93	158
785	343	93	156
784	342	93	158
784	340	92	158
787	336	91	162
787	337	113	161
788	336	116	162
788	337	120	162
791	338	115	159
790	341	96	159
791	341	96	161
788	339	101	163
786	338	103	164
787	341	103	163
789	339	89	161
791	342	84	159
793	341	80	161
793	342	80	160
794	342	79	160
791	342	80	159
795	344	78	156
793	345	80	155
793	344	79	154
792	344	80	156
795	346	79	154
792	343	81	156
794	344	82	156
794	344	83	157
794	342	89	161
794	343	90	157
795	345	90	156
798	342	84	160
799	342	84	159
799	341	80	161
801	344	77	157
801	345	77	156
800	348	76	155
799	344	77	158
800	346	77	154
798	347	78	147
800	353	78	146
800	343	76	156
799	350	77	149
799	350	75	148
799	353	73	147
799	356	72	142
799	356	72	141
799	357	72	142
796	353	73	143
796	359	73	141
796	357	73	141
795	359	82	145
794	360	81	144
791	358	78	148
794	359	73	141
791	357	75	144
789	356	76	140
780	356	85	142
784	358	81	137
787	366	78	134
791	377	74	117
800	366	77	133
800	364	77	138
800	373	72	127
807	381	67	114
809	385	60	112
806	383	64	113
805	384	65	113
803	375	69	120
803	379	74	117
803	383	75	114
802	382	77	112
803	382	77	112
799	380	81	113
795	376	84	117
792	371	87	119
792	370	89	121
791	369	88	121
790	367	92	124
789	367	94	125
787	366	95	126
785	366	96	128
786	366	97	128
786	366	96	128
785	365	98	126
784	364	100	128
784	362	99	129
784	362	99	131
783	362	99	132
780	360	102	137
782	361	99	134
778	361	101	136
779	361	101	136
778	360	100	136
771	361	105	135
778	360	100	135
772	361	101	137
777	360	100	137
773	361	100	135
774	359	100	140
772	358	98	139
774	359	96	139
774	358	97	138
774	359	96	137
769	358	98	138
770	360	97	140
776	357	91	138
775	358	93	138
775	360	88	137
775	358	91	138
775	357	92	139
776	357	92	140
775	357	92	141
777	359	90	138
775	358	90	139
777	358	92	137
776	359	89	137
777	358	92	140
777	357	90	140
779	358	90	140
778	358	88	141
779	361	84	139
779	360	84	140
778	365	81	136
778	367	79	135
777	364	77	137
777	366	72	132
777	368	73	133
775	367	69	130
773	368	68	134
770	368	70	132
759	367	80	131
764	369	76	131
754	368	86	130
754	368	84	128
752	369	84	126
749	368	85	127
748	370	86	128
746	368	86	125
745	371	84	128
742	369	87	125
740	370	89	127
741	371	88	126
736	371	91	129
731	372	94	126
728	373	97	132
724	372	98	132
725	373	99	129
719	371	102	133
718	373	104	130
708	370	112	136
705	369	115	143
706	371	114	142
701	367	118	146
690	368	152	147
683	370	150	145
678	375	154	143
675	375	157	144
672	380	161	139
664	387	153	132
660	388	158	126
654	389	162	127
654	388	161	127
648	388	166	130
642	387	170	133
638	386	174	129
633	387	179	134
633	387	179	134
629	387	191	133
626	387	212	134
623	387	224	136
621	387	203	134
620	387	202	134
615	387	202	134
614	388	204	134
611	388	206	134
607	386	216	133
607	386	216	135
606	384	226	137
604	384	210	136
601	383	200	138
598	382	197	143
599	381	197	143
596	380	197	141
593	380	199	141
591	379	200	145
587	380	202	145
586	378	202	144
583	377	205	147
578	376	223	143
574	378	230	141
571	376	226	146
573	376	223	142
571	376	218	144
571	376	206	141
568	376	205	142
567	377	208	144
567	378	207	142
565	378	206	142
564	379	207	140
564	379	211	141
561	379	209	138
562	378	213	140
561	380	215	139
558	379	216	142
559	379	215	143
557	377	217	146
557	376	216	144
556	375	219	146
556	373	223	149
555	372	225	149
555	371	223	152
554	370	224	152
555	369	214	154
554	366	211	155
554	365	207	160
555	364	205	160
555	363	206	161
553	363	206	157
554	362	205	162
556	362	204	160
549	361	216	160
547	360	217	159
554	358	212	164
555	360	217	162
557	359	219	159
556	359	220	164
556	359	217	161
555	359	219	163
556	361	217	160
557	361	211	163
559	363	207	160
558	362	206	159
559	361	204	158
559	361	203	155
559	361	204	157
558	361	203	157
560	361	203	157
560	361	206	158
560	362	210	157
559	361	212	157
560	362	211	158
560	362	212	155
560	362	210	158
558	363	211	159
557	363	207	157
555	364	206	155
556	365	206	153
555	366	204	152
543	369	210	152
550	366	204	154
549	369	199	152
549	368	201	154
545	369	204	154
547	368	202	156
546	369	203	156
546	370	203	157
546	368	203	159
545	370	203	154
548	373	202	152
550	372	200	151
548	372	201	154
547	373	202	152
549	380	200	145
548	380	200	147
548	384	203	143
548	386	199	141
548	386	198	141
549	387	195	141
550	385	195	143
549	385	195	144
552	385	192	144
550	387	193	142
555	387	190	142
